-28.98363 -50.0686 17896 2026-09-21_00:10 -999.9 -999.9 -999.9 -999.9 -999.9 -999.9 -999.9 -999.9 -999.9 -999.9 -999.9 -999.9 -999.9 -999.9 -999.9 -999.9 -999.9 0.0 32.6 32.8 32.8 33.0 -999.9 -999.9 -999.9 -999.9 -999.9 CEMADEN_-_Cambará_do_Sul_-_G2-430360802A_(1045_m) -999.9 -999.9 -999.9 -999.9 -999.9 -999.9 -999.9 -999.9 Rio_Grande_do_Sul CEMADEN -999.9 0.0 -999.9
-28.98363 -50.0686 17896 2026-09-21_01:10 -999.9 -999.9 -999.9 -999.9 -999.9 -999.9 -999.9 -999.9 -999.9 -999.9 -999.9 -999.9 -999.9 -999.9 -999.9 -999.9 -999.9 0.0 32.6 32.8 32.8 33.0 -999.9 -999.9 -999.9 -999.9 -999.9 CEMADEN_-_Cambará_do_Sul_-_G2-430360802A_(1045_m) -999.9 -999.9 -999.9 -999.9 -999.9 -999.9 -999.9 -999.9 Rio_Grande_do_Sul CEMADEN -999.9 0.0 -999.9
-28.98363 -50.0686 17896 2026-09-21_02:10 -999.9 -999.9 -999.9 -999.9 -999.9 -999.9 -999.9 -999.9 -999.9 -999.9 -999.9 -999.9 -999.9 -999.9 -999.9 -999.9 -999.9 0.0 32.6 32.8 32.8 33.0 -999.9 -999.9 -999.9 -999.9 -999.9 CEMADEN_-_Cambará_do_Sul_-_G2-430360802A_(1045_m) -999.9 -999.9 -999.9 -999.9 -999.9 -999.9 -999.9 -999.9 Rio_Grande_do_Sul CEMADEN -999.9 0.0 -999.9
-28.98363 -50.0686 17896 2026-09-21_03:10 -999.9 -999.9 -999.9 -999.9 -999.9 -999.9 -999.9 -999.9 -999.9 -999.9 -999.9 -999.9 -999.9 -999.9 -999.9 -999.9 -999.9 0.0 32.6 32.8 32.8 33.0 -999.9 -999.9 -999.9 -999.9 -999.9 CEMADEN_-_Cambará_do_Sul_-_G2-430360802A_(1045_m) -999.9 -999.9 -999.9 -999.9 -999.9 -999.9 -999.9 -999.9 Rio_Grande_do_Sul CEMADEN -999.9 0.0 -999.9
-28.98363 -50.0686 17896 2026-09-21_04:10 -999.9 -999.9 -999.9 -999.9 -999.9 -999.9 -999.9 -999.9 -999.9 -999.9 -999.9 -999.9 -999.9 -999.9 -999.9 -999.9 -999.9 0.0 32.6 32.8 32.8 33.0 -999.9 -999.9 -999.9 -999.9 -999.9 CEMADEN_-_Cambará_do_Sul_-_G2-430360802A_(1045_m) -999.9 -999.9 -999.9 -999.9 -999.9 -999.9 -999.9 -999.9 Rio_Grande_do_Sul CEMADEN -999.9 0.0 -999.9
-28.98363 -50.0686 17896 2026-09-21_05:10 -999.9 -999.9 -999.9 -999.9 -999.9 -999.9 -999.9 -999.9 -999.9 -999.9 -999.9 -999.9 -999.9 -999.9 -999.9 -999.9 -999.9 0.0 32.6 32.6 32.8 33.0 -999.9 -999.9 -999.9 -999.9 -999.9 CEMADEN_-_Cambará_do_Sul_-_G2-430360802A_(1045_m) -999.9 -999.9 -999.9 -999.9 -999.9 -999.9 -999.9 -999.9 Rio_Grande_do_Sul CEMADEN -999.9 0.0 -999.9
-28.98363 -50.0686 17896 2026-09-21_06:00 -999.9 -999.9 -999.9 -999.9 -999.9 -999.9 -999.9 -999.9 -999.9 -999.9 -999.9 -999.9 -999.9 -999.9 -999.9 -999.9 0.2 0.2 32.8 32.8 33.0 33.2 -999.9 -999.9 -999.9 -999.9 -999.9 CEMADEN_-_Cambará_do_Sul_-_G2-430360802A_(1045_m) -999.9 -999.9 -999.9 -999.9 -999.9 -999.9 -999.9 -999.9 Rio_Grande_do_Sul CEMADEN -999.9 0.2 -999.9
-28.98363 -50.0686 17896 2026-09-21_06:10 -999.9 -999.9 -999.9 -999.9 -999.9 -999.9 -999.9 -999.9 -999.9 -999.9 -999.9 -999.9 -999.9 -999.9 -999.9 -999.9 2.2 2.2 34.8 34.8 35.0 35.2 -999.9 -999.9 -999.9 -999.9 -999.9 CEMADEN_-_Cambará_do_Sul_-_G2-430360802A_(1045_m) -999.9 -999.9 -999.9 -999.9 -999.9 -999.9 -999.9 -999.9 Rio_Grande_do_Sul CEMADEN -999.9 2.0 -999.9
-28.98363 -50.0686 17896 2026-09-21_06:20 -999.9 -999.9 -999.9 -999.9 -999.9 -999.9 -999.9 -999.9 -999.9 -999.9 -999.9 -999.9 -999.9 -999.9 -999.9 -999.9 3.6 3.6 36.2 36.2 36.4 36.6 -999.9 -999.9 -999.9 -999.9 -999.9 CEMADEN_-_Cambará_do_Sul_-_G2-430360802A_(1045_m) -999.9 -999.9 -999.9 -999.9 -999.9 -999.9 -999.9 -999.9 Rio_Grande_do_Sul CEMADEN -999.9 1.4 -999.9
-28.98363 -50.0686 17896 2026-09-21_06:30 -999.9 -999.9 -999.9 -999.9 -999.9 -999.9 -999.9 -999.9 -999.9 -999.9 -999.9 -999.9 -999.9 -999.9 -999.9 -999.9 7.0 7.0 39.6 39.6 39.8 40.0 -999.9 -999.9 -999.9 -999.9 -999.9 CEMADEN_-_Cambará_do_Sul_-_G2-430360802A_(1045_m) -999.9 -999.9 -999.9 -999.9 -999.9 -999.9 -999.9 -999.9 Rio_Grande_do_Sul CEMADEN -999.9 3.4 -999.9
-28.98363 -50.0686 17896 2026-09-21_06:40 -999.9 -999.9 -999.9 -999.9 -999.9 -999.9 -999.9 -999.9 -999.9 -999.9 -999.9 -999.9 -999.9 -999.9 -999.9 -999.9 10.8 10.8 43.4 43.4 43.6 43.8 -999.9 -999.9 -999.9 -999.9 -999.9 CEMADEN_-_Cambará_do_Sul_-_G2-430360802A_(1045_m) -999.9 -999.9 -999.9 -999.9 -999.9 -999.9 -999.9 -999.9 Rio_Grande_do_Sul CEMADEN -999.9 3.8 -999.9
-28.98363 -50.0686 17896 2026-09-21_06:50 -999.9 -999.9 -999.9 -999.9 -999.9 -999.9 -999.9 -999.9 -999.9 -999.9 -999.9 -999.9 -999.9 -999.9 -999.9 -999.9 13.2 13.2 45.8 45.8 46.0 46.2 -999.9 -999.9 -999.9 -999.9 -999.9 CEMADEN_-_Cambará_do_Sul_-_G2-430360802A_(1045_m) -999.9 -999.9 -999.9 -999.9 -999.9 -999.9 -999.9 -999.9 Rio_Grande_do_Sul CEMADEN -999.9 2.4 -999.9
-28.98363 -50.0686 17896 2026-09-21_07:00 -999.9 -999.9 -999.9 -999.9 -999.9 -999.9 -999.9 -999.9 -999.9 -999.9 -999.9 -999.9 -999.9 -999.9 -999.9 -999.9 18.0 18.0 50.6 50.6 50.8 51.0 -999.9 -999.9 -999.9 -999.9 -999.9 CEMADEN_-_Cambará_do_Sul_-_G2-430360802A_(1045_m) -999.9 -999.9 -999.9 -999.9 -999.9 -999.9 -999.9 -999.9 Rio_Grande_do_Sul CEMADEN -999.9 4.8 -999.9
-28.98363 -50.0686 17896 2026-09-21_07:10 -999.9 -999.9 -999.9 -999.9 -999.9 -999.9 -999.9 -999.9 -999.9 -999.9 -999.9 -999.9 -999.9 -999.9 -999.9 -999.9 21.0 22.8 55.4 55.4 55.6 55.8 -999.9 -999.9 -999.9 -999.9 -999.9 CEMADEN_-_Cambará_do_Sul_-_G2-430360802A_(1045_m) -999.9 -999.9 -999.9 -999.9 -999.9 -999.9 -999.9 -999.9 Rio_Grande_do_Sul CEMADEN -999.9 4.8 -999.9
-28.98363 -50.0686 17896 2026-09-21_07:20 -999.9 -999.9 -999.9 -999.9 -999.9 -999.9 -999.9 -999.9 -999.9 -999.9 -999.9 -999.9 -999.9 -999.9 -999.9 -999.9 22.8 26.0 58.6 58.6 58.8 59.0 -999.9 -999.9 -999.9 -999.9 -999.9 CEMADEN_-_Cambará_do_Sul_-_G2-430360802A_(1045_m) -999.9 -999.9 -999.9 -999.9 -999.9 -999.9 -999.9 -999.9 Rio_Grande_do_Sul CEMADEN -999.9 3.2 -999.9
-28.98363 -50.0686 17896 2026-09-21_07:30 -999.9 -999.9 -999.9 -999.9 -999.9 -999.9 -999.9 -999.9 -999.9 -999.9 -999.9 -999.9 -999.9 -999.9 -999.9 -999.9 21.4 32.0 64.6 64.6 64.8 65.0 -999.9 -999.9 -999.9 -999.9 -999.9 CEMADEN_-_Cambará_do_Sul_-_G2-430360802A_(1045_m) -999.9 -999.9 -999.9 -999.9 -999.9 -999.9 -999.9 -999.9 Rio_Grande_do_Sul CEMADEN -999.9 6.0 -999.9
-28.98363 -50.0686 17896 2026-09-21_07:50 -999.9 -999.9 -999.9 -999.9 -999.9 -999.9 -999.9 -999.9 -999.9 -999.9 -999.9 -999.9 -999.9 -999.9 -999.9 -999.9 21.2 34.2 66.8 66.8 67.0 67.2 -999.9 -999.9 -999.9 -999.9 -999.9 CEMADEN_-_Cambará_do_Sul_-_G2-430360802A_(1045_m) -999.9 -999.9 -999.9 -999.9 -999.9 -999.9 -999.9 -999.9 Rio_Grande_do_Sul CEMADEN -999.9 2.2 -999.9
-28.98363 -50.0686 17896 2026-09-21_08:00 -999.9 -999.9 -999.9 -999.9 -999.9 -999.9 -999.9 -999.9 -999.9 -999.9 -999.9 -999.9 -999.9 -999.9 -999.9 -999.9 15.4 37.4 70.0 70.0 70.2 70.4 -999.9 -999.9 -999.9 -999.9 -999.9 CEMADEN_-_Cambará_do_Sul_-_G2-430360802A_(1045_m) -999.9 -999.9 -999.9 -999.9 -999.9 -999.9 -999.9 -999.9 Rio_Grande_do_Sul CEMADEN -999.9 3.2 -999.9
-28.98363 -50.0686 17896 2026-09-21_08:20 -999.9 -999.9 -999.9 -999.9 -999.9 -999.9 -999.9 -999.9 -999.9 -999.9 -999.9 -999.9 -999.9 -999.9 -999.9 -999.9 13.6 39.4 72.0 72.0 72.2 72.4 -999.9 -999.9 -999.9 -999.9 -999.9 CEMADEN_-_Cambará_do_Sul_-_G2-430360802A_(1045_m) -999.9 -999.9 -999.9 -999.9 -999.9 -999.9 -999.9 -999.9 Rio_Grande_do_Sul CEMADEN -999.9 2.0 -999.9
-28.98363 -50.0686 17896 2026-09-21_08:30 -999.9 -999.9 -999.9 -999.9 -999.9 -999.9 -999.9 -999.9 -999.9 -999.9 -999.9 -999.9 -999.9 -999.9 -999.9 -999.9 11.0 43.0 75.6 75.6 75.8 76.0 -999.9 -999.9 -999.9 -999.9 -999.9 CEMADEN_-_Cambará_do_Sul_-_G2-430360802A_(1045_m) -999.9 -999.9 -999.9 -999.9 -999.9 -999.9 -999.9 -999.9 Rio_Grande_do_Sul CEMADEN -999.9 3.6 -999.9
-28.98363 -50.0686 17896 2026-09-21_08:50 -999.9 -999.9 -999.9 -999.9 -999.9 -999.9 -999.9 -999.9 -999.9 -999.9 -999.9 -999.9 -999.9 -999.9 -999.9 -999.9 10.0 45.8 78.4 78.4 78.6 78.8 -999.9 -999.9 -999.9 -999.9 -999.9 CEMADEN_-_Cambará_do_Sul_-_G2-430360802A_(1045_m) -999.9 -999.9 -999.9 -999.9 -999.9 -999.9 -999.9 -999.9 Rio_Grande_do_Sul CEMADEN -999.9 2.8 -999.9
-28.98363 -50.0686 17896 2026-09-21_09:10 -999.9 -999.9 -999.9 -999.9 -999.9 -999.9 -999.9 -999.9 -999.9 -999.9 -999.9 -999.9 -999.9 -999.9 -999.9 -999.9 9.4 46.8 79.4 79.4 79.6 79.8 -999.9 -999.9 -999.9 -999.9 -999.9 CEMADEN_-_Cambará_do_Sul_-_G2-430360802A_(1045_m) -999.9 -999.9 -999.9 -999.9 -999.9 -999.9 -999.9 -999.9 Rio_Grande_do_Sul CEMADEN -999.9 1.0 -999.9
-28.98363 -50.0686 17896 2026-09-21_09:20 -999.9 -999.9 -999.9 -999.9 -999.9 -999.9 -999.9 -999.9 -999.9 -999.9 -999.9 -999.9 -999.9 -999.9 -999.9 -999.9 10.0 50.8 83.2 83.4 83.6 83.8 -999.9 -999.9 -999.9 -999.9 -999.9 CEMADEN_-_Cambará_do_Sul_-_G2-430360802A_(1045_m) -999.9 -999.9 -999.9 -999.9 -999.9 -999.9 -999.9 -999.9 Rio_Grande_do_Sul CEMADEN -999.9 4.0 -999.9
-28.98363 -50.0686 17896 2026-09-21_09:30 -999.9 -999.9 -999.9 -999.9 -999.9 -999.9 -999.9 -999.9 -999.9 -999.9 -999.9 -999.9 -999.9 -999.9 -999.9 -999.9 9.0 52.0 84.2 84.6 84.8 85.0 -999.9 -999.9 -999.9 -999.9 -999.9 CEMADEN_-_Cambará_do_Sul_-_G2-430360802A_(1045_m) -999.9 -999.9 -999.9 -999.9 -999.9 -999.9 -999.9 -999.9 Rio_Grande_do_Sul CEMADEN -999.9 1.2 -999.9
-28.98363 -50.0686 17896 2026-09-21_09:40 -999.9 -999.9 -999.9 -999.9 -999.9 -999.9 -999.9 -999.9 -999.9 -999.9 -999.9 -999.9 -999.9 -999.9 -999.9 -999.9 9.0 53.6 85.6 86.2 86.4 86.6 -999.9 -999.9 -999.9 -999.9 -999.9 CEMADEN_-_Cambará_do_Sul_-_G2-430360802A_(1045_m) -999.9 -999.9 -999.9 -999.9 -999.9 -999.9 -999.9 -999.9 Rio_Grande_do_Sul CEMADEN -999.9 1.6 -999.9
-28.98363 -50.0686 17896 2026-09-21_09:50 -999.9 -999.9 -999.9 -999.9 -999.9 -999.9 -999.9 -999.9 -999.9 -999.9 -999.9 -999.9 -999.9 -999.9 -999.9 -999.9 9.4 55.2 87.2 87.8 88.0 88.2 -999.9 -999.9 -999.9 -999.9 -999.9 CEMADEN_-_Cambará_do_Sul_-_G2-430360802A_(1045_m) -999.9 -999.9 -999.9 -999.9 -999.9 -999.9 -999.9 -999.9 Rio_Grande_do_Sul CEMADEN -999.9 1.6 -999.9
-28.98363 -50.0686 17896 2026-09-21_10:00 -999.9 -999.9 -999.9 -999.9 -999.9 -999.9 -999.9 -999.9 -999.9 -999.9 -999.9 -999.9 -999.9 -999.9 -999.9 -999.9 10.2 56.8 88.8 89.4 89.6 89.8 -999.9 -999.9 -999.9 -999.9 -999.9 CEMADEN_-_Cambará_do_Sul_-_G2-430360802A_(1045_m) -999.9 -999.9 -999.9 -999.9 -999.9 -999.9 -999.9 -999.9 Rio_Grande_do_Sul CEMADEN -999.9 1.6 -999.9
-28.98363 -50.0686 17896 2026-09-21_10:10 -999.9 -999.9 -999.9 -999.9 -999.9 -999.9 -999.9 -999.9 -999.9 -999.9 -999.9 -999.9 -999.9 -999.9 -999.9 -999.9 8.4 57.2 89.2 89.8 90.0 90.2 -999.9 -999.9 -999.9 -999.9 -999.9 CEMADEN_-_Cambará_do_Sul_-_G2-430360802A_(1045_m) -999.9 -999.9 -999.9 -999.9 -999.9 -999.9 -999.9 -999.9 Rio_Grande_do_Sul CEMADEN -999.9 0.4 -999.9
-28.98363 -50.0686 17896 2026-09-21_10:30 -999.9 -999.9 -999.9 -999.9 -999.9 -999.9 -999.9 -999.9 -999.9 -999.9 -999.9 -999.9 -999.9 -999.9 -999.9 -999.9 7.0 57.8 89.8 90.4 90.6 90.8 -999.9 -999.9 -999.9 -999.9 -999.9 CEMADEN_-_Cambará_do_Sul_-_G2-430360802A_(1045_m) -999.9 -999.9 -999.9 -999.9 -999.9 -999.9 -999.9 -999.9 Rio_Grande_do_Sul CEMADEN -999.9 0.6 -999.9
-28.98363 -50.0686 17896 2026-09-21_10:40 -999.9 -999.9 -999.9 -999.9 -999.9 -999.9 -999.9 -999.9 -999.9 -999.9 -999.9 -999.9 -999.9 -999.9 -999.9 -999.9 7.2 59.2 91.2 91.8 92.0 92.2 -999.9 -999.9 -999.9 -999.9 -999.9 CEMADEN_-_Cambará_do_Sul_-_G2-430360802A_(1045_m) -999.9 -999.9 -999.9 -999.9 -999.9 -999.9 -999.9 -999.9 Rio_Grande_do_Sul CEMADEN -999.9 1.4 -999.9
-28.98363 -50.0686 17896 2026-09-21_10:50 -999.9 -999.9 -999.9 -999.9 -999.9 -999.9 -999.9 -999.9 -999.9 -999.9 -999.9 -999.9 -999.9 -999.9 -999.9 -999.9 8.8 64.0 95.6 96.6 96.8 97.0 -999.9 -999.9 -999.9 -999.9 -999.9 CEMADEN_-_Cambará_do_Sul_-_G2-430360802A_(1045_m) -999.9 -999.9 -999.9 -999.9 -999.9 -999.9 -999.9 -999.9 Rio_Grande_do_Sul CEMADEN -999.9 4.8 -999.9
-28.98363 -50.0686 17896 2026-09-21_11:10 -999.9 -999.9 -999.9 -999.9 -999.9 -999.9 -999.9 -999.9 -999.9 -999.9 -999.9 -999.9 -999.9 -999.9 -999.9 -999.9 8.4 65.2 96.4 97.8 98.0 98.2 -999.9 -999.9 -999.9 -999.9 -999.9 CEMADEN_-_Cambará_do_Sul_-_G2-430360802A_(1045_m) -999.9 -999.9 -999.9 -999.9 -999.9 -999.9 -999.9 -999.9 Rio_Grande_do_Sul CEMADEN -999.9 1.2 -999.9
-28.98363 -50.0686 17896 2026-09-21_11:20 -999.9 -999.9 -999.9 -999.9 -999.9 -999.9 -999.9 -999.9 -999.9 -999.9 -999.9 -999.9 -999.9 -999.9 -999.9 -999.9 10.0 67.2 98.0 99.8 100.0 100.2 -999.9 -999.9 -999.9 -999.9 -999.9 CEMADEN_-_Cambará_do_Sul_-_G2-430360802A_(1045_m) -999.9 -999.9 -999.9 -999.9 -999.9 -999.9 -999.9 -999.9 Rio_Grande_do_Sul CEMADEN -999.9 2.0 -999.9
-28.98363 -50.0686 17896 2026-09-21_11:30 -999.9 -999.9 -999.9 -999.9 -999.9 -999.9 -999.9 -999.9 -999.9 -999.9 -999.9 -999.9 -999.9 -999.9 -999.9 -999.9 12.8 70.4 100.6 103.0 103.2 103.4 -999.9 -999.9 -999.9 -999.9 -999.9 CEMADEN_-_Cambará_do_Sul_-_G2-430360802A_(1045_m) -999.9 -999.9 -999.9 -999.9 -999.9 -999.9 -999.9 -999.9 Rio_Grande_do_Sul CEMADEN -999.9 3.2 -999.9
-28.98363 -50.0686 17896 2026-09-21_11:40 -999.9 -999.9 -999.9 -999.9 -999.9 -999.9 -999.9 -999.9 -999.9 -999.9 -999.9 -999.9 -999.9 -999.9 -999.9 -999.9 17.0 76.0 105.6 108.6 108.8 109.0 -999.9 -999.9 -999.9 -999.9 -999.9 CEMADEN_-_Cambará_do_Sul_-_G2-430360802A_(1045_m) -999.9 -999.9 -999.9 -999.9 -999.9 -999.9 -999.9 -999.9 Rio_Grande_do_Sul CEMADEN -999.9 5.6 -999.9
-28.98363 -50.0686 17896 2026-09-21_11:50 -999.9 -999.9 -999.9 -999.9 -999.9 -999.9 -999.9 -999.9 -999.9 -999.9 -999.9 -999.9 -999.9 -999.9 -999.9 -999.9 19.2 83.2 112.0 115.8 116.0 116.2 -999.9 -999.9 -999.9 -999.9 -999.9 CEMADEN_-_Cambará_do_Sul_-_G2-430360802A_(1045_m) -999.9 -999.9 -999.9 -999.9 -999.9 -999.9 -999.9 -999.9 Rio_Grande_do_Sul CEMADEN -999.9 7.2 -999.9
-28.98363 -50.0686 17896 2026-09-21_12:10 -999.9 -999.9 -999.9 -999.9 -999.9 -999.9 -999.9 -999.9 -999.9 -999.9 -999.9 -999.9 -999.9 -999.9 -999.9 -999.9 20.0 85.0 113.4 117.6 117.8 118.0 -999.9 -999.9 -999.9 -999.9 -999.9 CEMADEN_-_Cambará_do_Sul_-_G2-430360802A_(1045_m) -999.9 -999.9 -999.9 -999.9 -999.9 -999.9 -999.9 -999.9 Rio_Grande_do_Sul CEMADEN -999.9 1.8 -999.9
-28.98363 -50.0686 17896 2026-09-21_12:20 -999.9 -999.9 -999.9 -999.9 -999.9 -999.9 -999.9 -999.9 -999.9 -999.9 -999.9 -999.9 -999.9 -999.9 -999.9 -999.9 23.6 93.4 121.2 126.0 126.2 126.4 -999.9 -999.9 -999.9 -999.9 -999.9 CEMADEN_-_Cambará_do_Sul_-_G2-430360802A_(1045_m) -999.9 -999.9 -999.9 -999.9 -999.9 -999.9 -999.9 -999.9 Rio_Grande_do_Sul CEMADEN -999.9 8.4 -999.9
-28.98363 -50.0686 17896 2026-09-21_12:40 -999.9 -999.9 -999.9 -999.9 -999.9 -999.9 -999.9 -999.9 -999.9 -999.9 -999.9 -999.9 -999.9 -999.9 -999.9 -999.9 19.2 96.6 123.4 129.2 129.4 129.6 -999.9 -999.9 -999.9 -999.9 -999.9 CEMADEN_-_Cambará_do_Sul_-_G2-430360802A_(1045_m) -999.9 -999.9 -999.9 -999.9 -999.9 -999.9 -999.9 -999.9 Rio_Grande_do_Sul CEMADEN -999.9 3.2 -999.9
-28.98363 -50.0686 17896 2026-09-21_13:00 -999.9 -999.9 -999.9 -999.9 -999.9 -999.9 -999.9 -999.9 -999.9 -999.9 -999.9 -999.9 -999.9 -999.9 -999.9 -999.9 14.0 97.2 123.4 129.8 130.0 130.2 -999.9 -999.9 -999.9 -999.9 -999.9 CEMADEN_-_Cambará_do_Sul_-_G2-430360802A_(1045_m) -999.9 -999.9 -999.9 -999.9 -999.9 -999.9 -999.9 -999.9 Rio_Grande_do_Sul CEMADEN -999.9 0.6 -999.9
-28.98363 -50.0686 17896 2026-09-21_13:10 -999.9 -999.9 -999.9 -999.9 -999.9 -999.9 -999.9 -999.9 -999.9 -999.9 -999.9 -999.9 -999.9 -999.9 -999.9 -999.9 4.4 97.8 122.2 130.4 130.6 130.8 -999.9 -999.9 -999.9 -999.9 -999.9 CEMADEN_-_Cambará_do_Sul_-_G2-430360802A_(1045_m) -999.9 -999.9 -999.9 -999.9 -999.9 -999.9 -999.9 -999.9 Rio_Grande_do_Sul CEMADEN -999.9 0.6 -999.9
-28.98363 -50.0686 17896 2026-09-21_13:30 -999.9 -999.9 -999.9 -999.9 -999.9 -999.9 -999.9 -999.9 -999.9 -999.9 -999.9 -999.9 -999.9 -999.9 -999.9 -999.9 2.6 98.2 121.8 130.8 131.0 131.2 -999.9 -999.9 -999.9 -999.9 -999.9 CEMADEN_-_Cambará_do_Sul_-_G2-430360802A_(1045_m) -999.9 -999.9 -999.9 -999.9 -999.9 -999.9 -999.9 -999.9 Rio_Grande_do_Sul CEMADEN -999.9 0.4 -999.9
-28.98363 -50.0686 17896 2026-09-21_13:40 -999.9 -999.9 -999.9 -999.9 -999.9 -999.9 -999.9 -999.9 -999.9 -999.9 -999.9 -999.9 -999.9 -999.9 -999.9 -999.9 2.4 99.0 122.2 131.6 131.8 132.0 -999.9 -999.9 -999.9 -999.9 -999.9 CEMADEN_-_Cambará_do_Sul_-_G2-430360802A_(1045_m) -999.9 -999.9 -999.9 -999.9 -999.9 -999.9 -999.9 -999.9 Rio_Grande_do_Sul CEMADEN -999.9 0.8 -999.9
-28.98363 -50.0686 17896 2026-09-21_14:00 -999.9 -999.9 -999.9 -999.9 -999.9 -999.9 -999.9 -999.9 -999.9 -999.9 -999.9 -999.9 -999.9 -999.9 -999.9 -999.9 3.0 100.0 122.8 132.6 132.8 133.0 -999.9 -999.9 -999.9 -999.9 -999.9 CEMADEN_-_Cambará_do_Sul_-_G2-430360802A_(1045_m) -999.9 -999.9 -999.9 -999.9 -999.9 -999.9 -999.9 -999.9 Rio_Grande_do_Sul CEMADEN -999.9 1.0 -999.9
-28.98363 -50.0686 17896 2026-09-21_14:10 -999.9 -999.9 -999.9 -999.9 -999.9 -999.9 -999.9 -999.9 -999.9 -999.9 -999.9 -999.9 -999.9 -999.9 -999.9 -999.9 5.6 102.8 125.2 135.4 135.6 135.8 -999.9 -999.9 -999.9 -999.9 -999.9 CEMADEN_-_Cambará_do_Sul_-_G2-430360802A_(1045_m) -999.9 -999.9 -999.9 -999.9 -999.9 -999.9 -999.9 -999.9 Rio_Grande_do_Sul CEMADEN -999.9 2.8 -999.9
-28.98363 -50.0686 17896 2026-09-21_14:20 -999.9 -999.9 -999.9 -999.9 -999.9 -999.9 -999.9 -999.9 -999.9 -999.9 -999.9 -999.9 -999.9 -999.9 -999.9 -999.9 6.0 103.8 125.8 136.4 136.6 136.8 -999.9 -999.9 -999.9 -999.9 -999.9 CEMADEN_-_Cambará_do_Sul_-_G2-430360802A_(1045_m) -999.9 -999.9 -999.9 -999.9 -999.9 -999.9 -999.9 -999.9 Rio_Grande_do_Sul CEMADEN -999.9 1.0 -999.9
-28.98363 -50.0686 17896 2026-09-21_14:30 -999.9 -999.9 -999.9 -999.9 -999.9 -999.9 -999.9 -999.9 -999.9 -999.9 -999.9 -999.9 -999.9 -999.9 -999.9 -999.9 5.8 104.0 126.0 136.6 136.8 137.0 -999.9 -999.9 -999.9 -999.9 -999.9 CEMADEN_-_Cambará_do_Sul_-_G2-430360802A_(1045_m) -999.9 -999.9 -999.9 -999.9 -999.9 -999.9 -999.9 -999.9 Rio_Grande_do_Sul CEMADEN -999.9 0.2 -999.9
-28.98363 -50.0686 17896 2026-09-21_14:40 -999.9 -999.9 -999.9 -999.9 -999.9 -999.9 -999.9 -999.9 -999.9 -999.9 -999.9 -999.9 -999.9 -999.9 -999.9 -999.9 5.4 104.4 126.4 137.0 137.2 137.4 -999.9 -999.9 -999.9 -999.9 -999.9 CEMADEN_-_Cambará_do_Sul_-_G2-430360802A_(1045_m) -999.9 -999.9 -999.9 -999.9 -999.9 -999.9 -999.9 -999.9 Rio_Grande_do_Sul CEMADEN -999.9 0.4 -999.9
-28.98363 -50.0686 17896 2026-09-21_15:00 -999.9 -999.9 -999.9 -999.9 -999.9 -999.9 -999.9 -999.9 -999.9 -999.9 -999.9 -999.9 -999.9 -999.9 -999.9 -999.9 3.4 106.0 127.8 138.6 138.8 139.0 -999.9 -999.9 -999.9 -999.9 -999.9 CEMADEN_-_Cambará_do_Sul_-_G2-430360802A_(1045_m) -999.9 -999.9 -999.9 -999.9 -999.9 -999.9 -999.9 -999.9 Rio_Grande_do_Sul CEMADEN -999.9 1.6 -999.9
-28.98363 -50.0686 17896 2026-09-21_15:10 -999.9 -999.9 -999.9 -999.9 -999.9 -999.9 -999.9 -999.9 -999.9 -999.9 -999.9 -999.9 -999.9 -999.9 -999.9 -999.9 4.0 107.0 128.8 139.6 139.8 140.0 -999.9 -999.9 -999.9 -999.9 -999.9 CEMADEN_-_Cambará_do_Sul_-_G2-430360802A_(1045_m) -999.9 -999.9 -999.9 -999.9 -999.9 -999.9 -999.9 -999.9 Rio_Grande_do_Sul CEMADEN -999.9 1.0 -999.9
-28.98363 -50.0686 17896 2026-09-21_15:20 -999.9 -999.9 -999.9 -999.9 -999.9 -999.9 -999.9 -999.9 -999.9 -999.9 -999.9 -999.9 -999.9 -999.9 -999.9 -999.9 3.8 107.6 129.4 140.2 140.4 140.6 -999.9 -999.9 -999.9 -999.9 -999.9 CEMADEN_-_Cambará_do_Sul_-_G2-430360802A_(1045_m) -999.9 -999.9 -999.9 -999.9 -999.9 -999.9 -999.9 -999.9 Rio_Grande_do_Sul CEMADEN -999.9 0.6 -999.9
-28.98363 -50.0686 17896 2026-09-21_15:30 -999.9 -999.9 -999.9 -999.9 -999.9 -999.9 -999.9 -999.9 -999.9 -999.9 -999.9 -999.9 -999.9 -999.9 -999.9 -999.9 4.2 108.2 129.8 140.8 141.0 141.2 -999.9 -999.9 -999.9 -999.9 -999.9 CEMADEN_-_Cambará_do_Sul_-_G2-430360802A_(1045_m) -999.9 -999.9 -999.9 -999.9 -999.9 -999.9 -999.9 -999.9 Rio_Grande_do_Sul CEMADEN -999.9 0.6 -999.9
-28.98363 -50.0686 17896 2026-09-21_15:40 -999.9 -999.9 -999.9 -999.9 -999.9 -999.9 -999.9 -999.9 -999.9 -999.9 -999.9 -999.9 -999.9 -999.9 -999.9 -999.9 4.2 108.6 130.0 141.2 141.4 141.6 -999.9 -999.9 -999.9 -999.9 -999.9 CEMADEN_-_Cambará_do_Sul_-_G2-430360802A_(1045_m) -999.9 -999.9 -999.9 -999.9 -999.9 -999.9 -999.9 -999.9 Rio_Grande_do_Sul CEMADEN -999.9 0.4 -999.9
-28.98363 -50.0686 17896 2026-09-21_15:50 -999.9 -999.9 -999.9 -999.9 -999.9 -999.9 -999.9 -999.9 -999.9 -999.9 -999.9 -999.9 -999.9 -999.9 -999.9 -999.9 3.6 108.8 130.0 141.4 141.6 141.8 -999.9 -999.9 -999.9 -999.9 -999.9 CEMADEN_-_Cambará_do_Sul_-_G2-430360802A_(1045_m) -999.9 -999.9 -999.9 -999.9 -999.9 -999.9 -999.9 -999.9 Rio_Grande_do_Sul CEMADEN -999.9 0.2 -999.9
-28.98363 -50.0686 17896 2026-09-21_16:00 -999.9 -999.9 -999.9 -999.9 -999.9 -999.9 -999.9 -999.9 -999.9 -999.9 -999.9 -999.9 -999.9 -999.9 -999.9 -999.9 3.0 109.0 130.0 141.6 141.8 142.0 -999.9 -999.9 -999.9 -999.9 -999.9 CEMADEN_-_Cambará_do_Sul_-_G2-430360802A_(1045_m) -999.9 -999.9 -999.9 -999.9 -999.9 -999.9 -999.9 -999.9 Rio_Grande_do_Sul CEMADEN -999.9 0.2 -999.9
-28.98363 -50.0686 17896 2026-09-21_16:10 -999.9 -999.9 -999.9 -999.9 -999.9 -999.9 -999.9 -999.9 -999.9 -999.9 -999.9 -999.9 -999.9 -999.9 -999.9 -999.9 1.6 109.2 129.6 141.8 142.0 142.2 -999.9 -999.9 -999.9 -999.9 -999.9 CEMADEN_-_Cambará_do_Sul_-_G2-430360802A_(1045_m) -999.9 -999.9 -999.9 -999.9 -999.9 -999.9 -999.9 -999.9 Rio_Grande_do_Sul CEMADEN -999.9 0.2 -999.9
-28.98363 -50.0686 17896 2026-09-21_16:20 -999.9 -999.9 -999.9 -999.9 -999.9 -999.9 -999.9 -999.9 -999.9 -999.9 -999.9 -999.9 -999.9 -999.9 -999.9 -999.9 1.4 109.6 129.8 142.2 142.4 142.6 -999.9 -999.9 -999.9 -999.9 -999.9 CEMADEN_-_Cambará_do_Sul_-_G2-430360802A_(1045_m) -999.9 -999.9 -999.9 -999.9 -999.9 -999.9 -999.9 -999.9 Rio_Grande_do_Sul CEMADEN -999.9 0.4 -999.9
-28.98363 -50.0686 17896 2026-09-21_16:40 -999.9 -999.9 -999.9 -999.9 -999.9 -999.9 -999.9 -999.9 -999.9 -999.9 -999.9 -999.9 -999.9 -999.9 -999.9 -999.9 1.0 109.8 129.8 142.4 142.6 142.8 -999.9 -999.9 -999.9 -999.9 -999.9 CEMADEN_-_Cambará_do_Sul_-_G2-430360802A_(1045_m) -999.9 -999.9 -999.9 -999.9 -999.9 -999.9 -999.9 -999.9 Rio_Grande_do_Sul CEMADEN -999.9 0.2 -999.9
-28.98363 -50.0686 17896 2026-09-21_17:10 -999.9 -999.9 -999.9 -999.9 -999.9 -999.9 -999.9 -999.9 -999.9 -999.9 -999.9 -999.9 -999.9 -999.9 -999.9 -999.9 -999.9 109.8 129.0 142.4 142.6 142.8 -999.9 -999.9 -999.9 -999.9 -999.9 CEMADEN_-_Cambará_do_Sul_-_G2-430360802A_(1045_m) -999.9 -999.9 -999.9 -999.9 -999.9 -999.9 -999.9 -999.9 Rio_Grande_do_Sul CEMADEN -999.9 0.0 -999.9
-28.98363 -50.0686 17896 2026-09-21_18:10 -999.9 -999.9 -999.9 -999.9 -999.9 -999.9 -999.9 -999.9 -999.9 -999.9 -999.9 -999.9 -999.9 -999.9 -999.9 -999.9 -999.9 109.8 128.8 142.4 142.6 142.8 -999.9 -999.9 -999.9 -999.9 -999.9 CEMADEN_-_Cambará_do_Sul_-_G2-430360802A_(1045_m) -999.9 -999.9 -999.9 -999.9 -999.9 -999.9 -999.9 -999.9 Rio_Grande_do_Sul CEMADEN -999.9 0.0 -999.9
-28.98363 -50.0686 17896 2026-09-21_18:20 -999.9 -999.9 -999.9 -999.9 -999.9 -999.9 -999.9 -999.9 -999.9 -999.9 -999.9 -999.9 -999.9 -999.9 -999.9 -999.9 0.4 110.2 129.0 142.8 143.0 143.2 -999.9 -999.9 -999.9 -999.9 -999.9 CEMADEN_-_Cambará_do_Sul_-_G2-430360802A_(1045_m) -999.9 -999.9 -999.9 -999.9 -999.9 -999.9 -999.9 -999.9 Rio_Grande_do_Sul CEMADEN -999.9 0.4 -999.9
