-29.223900 -51.503601 IRIOGRAN15 2026-09-22_00:04 12.3 -999.9 -999.9 99.0 -999.9 -999.9 12.1 -999.9 -999.9 1016.5 -999.9 -999.9 0.0 73 0.0 -999.9 0.0 0.0 34.8 36.4 64.1 64.1 12.4 11.6 99.0 99.0 -999.9 Garibaldi_(680_m) -999.9 -999.9 1017.0 1016.29 1016.5 12.2 11.4 -999.9 Rio_Grande_do_Sul WU UTC_2026-09-22_03:04 0.0 -999.9
-29.223900 -51.503601 IRIOGRAN15 2026-09-22_00:09 12.3 -999.9 -999.9 99.0 -999.9 -999.9 12.1 -999.9 -999.9 1016.5 -999.9 -999.9 0.0 73 0.0 -999.9 0.0 0.0 34.8 36.4 64.1 64.1 12.4 11.6 99.0 99.0 -999.9 Garibaldi_(680_m) -999.9 -999.9 1017.0 1016.29 1016.5 12.2 11.4 -999.9 Rio_Grande_do_Sul WU UTC_2026-09-22_03:09 0.0 -999.9
-29.223900 -51.503601 IRIOGRAN15 2026-09-22_00:14 12.3 -999.9 -999.9 99.0 -999.9 -999.9 12.1 -999.9 -999.9 1016.6 -999.9 -999.9 0.0 86 0.0 -999.9 0.0 0.0 34.8 36.4 64.1 64.1 12.4 11.6 99.0 99.0 -999.9 Garibaldi_(680_m) -999.9 -999.9 1017.0 1016.29 1016.6 12.2 11.4 -999.9 Rio_Grande_do_Sul WU UTC_2026-09-22_03:14 0.0 -999.9
-29.223900 -51.503601 IRIOGRAN15 2026-09-22_00:19 12.3 -999.9 -999.9 99.0 -999.9 -999.9 12.2 -999.9 -999.9 1016.7 -999.9 -999.9 0.0 108 0.0 -999.9 0.0 0.0 34.8 36.4 64.1 64.1 12.4 11.6 99.0 99.0 -999.9 Garibaldi_(680_m) -999.9 -999.9 1017.0 1016.29 1016.7 12.2 11.4 -999.9 Rio_Grande_do_Sul WU UTC_2026-09-22_03:19 0.0 -999.9
-29.223900 -51.503601 IRIOGRAN15 2026-09-22_00:24 12.3 -999.9 -999.9 99.0 -999.9 -999.9 12.1 -999.9 -999.9 1016.8 -999.9 -999.9 0.0 86 0.0 -999.9 0.0 0.0 34.8 36.4 64.1 64.1 12.4 11.6 99.0 99.0 -999.9 Garibaldi_(680_m) -999.9 -999.9 1017.0 1016.29 1016.8 12.2 11.4 -999.9 Rio_Grande_do_Sul WU UTC_2026-09-22_03:24 0.0 -999.9
-29.223900 -51.503601 IRIOGRAN15 2026-09-22_00:29 12.2 -999.9 -999.9 99.0 -999.9 -999.9 12.0 -999.9 -999.9 1016.9 -999.9 -999.9 0.0 18 0.0 -999.9 0.0 0.0 34.8 36.4 64.1 64.1 12.4 11.6 99.0 99.0 -999.9 Garibaldi_(680_m) -999.9 -999.9 1017.0 1016.29 1016.9 12.2 11.4 -999.9 Rio_Grande_do_Sul WU UTC_2026-09-22_03:29 0.0 -999.9
-29.223900 -51.503601 IRIOGRAN15 2026-09-22_00:34 12.1 -999.9 -999.9 99.0 -999.9 -999.9 11.9 -999.9 -999.9 1016.7 -999.9 -999.9 0.0 84 0.0 -999.9 0.0 0.0 34.8 36.4 64.1 64.1 12.4 11.6 99.0 99.0 -999.9 Garibaldi_(680_m) -999.9 -999.9 1017.0 1016.29 1016.7 12.2 11.4 -999.9 Rio_Grande_do_Sul WU UTC_2026-09-22_03:34 0.0 -999.9
-29.223900 -51.503601 IRIOGRAN15 2026-09-22_00:39 12.2 -999.9 -999.9 99.0 -999.9 -999.9 12.0 -999.9 -999.9 1016.7 -999.9 -999.9 0.0 78 0.0 -999.9 0.0 0.0 34.8 36.4 64.1 64.1 12.4 11.6 99.0 99.0 -999.9 Garibaldi_(680_m) -999.9 -999.9 1017.0 1016.29 1016.7 12.2 11.4 -999.9 Rio_Grande_do_Sul WU UTC_2026-09-22_03:39 0.0 -999.9
-29.223900 -51.503601 IRIOGRAN15 2026-09-22_00:44 12.1 -999.9 -999.9 99.0 -999.9 -999.9 11.9 -999.9 -999.9 1016.9 -999.9 -999.9 0.0 81 0.0 -999.9 0.0 0.0 34.8 36.4 64.1 64.1 12.4 11.6 99.0 99.0 -999.9 Garibaldi_(680_m) -999.9 -999.9 1017.0 1016.29 1016.9 12.2 11.4 -999.9 Rio_Grande_do_Sul WU UTC_2026-09-22_03:44 0.0 -999.9
-29.223900 -51.503601 IRIOGRAN15 2026-09-22_00:49 12.2 -999.9 -999.9 99.0 -999.9 -999.9 12.0 -999.9 -999.9 1016.7 -999.9 -999.9 0.0 75 0.0 -999.9 0.0 0.0 34.8 36.4 64.1 64.1 12.4 11.6 99.0 99.0 -999.9 Garibaldi_(680_m) -999.9 -999.9 1017.0 1016.29 1016.7 12.2 11.4 -999.9 Rio_Grande_do_Sul WU UTC_2026-09-22_03:49 0.0 -999.9
-29.223900 -51.503601 IRIOGRAN15 2026-09-22_00:54 12.3 -999.9 -999.9 99.0 -999.9 -999.9 12.1 -999.9 -999.9 1016.9 -999.9 -999.9 0.0 81 0.0 -999.9 0.0 0.0 34.8 36.4 64.1 64.1 12.4 11.6 99.0 99.0 -999.9 Garibaldi_(680_m) -999.9 -999.9 1017.0 1016.29 1016.9 12.2 11.4 -999.9 Rio_Grande_do_Sul WU UTC_2026-09-22_03:54 0.0 -999.9
-29.223900 -51.503601 IRIOGRAN15 2026-09-22_00:59 12.3 -999.9 -999.9 99.0 -999.9 -999.9 12.1 -999.9 -999.9 1016.8 -999.9 -999.9 0.0 78 0.0 -999.9 0.0 0.0 34.8 36.4 64.1 64.1 12.4 11.6 99.0 99.0 -999.9 Garibaldi_(680_m) -999.9 -999.9 1017.0 1016.29 1016.8 12.2 11.4 -999.9 Rio_Grande_do_Sul WU UTC_2026-09-22_03:59 0.0 -999.9
-29.223900 -51.503601 IRIOGRAN15 2026-09-22_01:04 12.3 -999.9 -999.9 99.0 -999.9 -999.9 12.1 -999.9 -999.9 1016.7 -999.9 -999.9 0.0 85 0.0 -999.9 0.0 0.0 34.8 36.4 64.1 64.1 12.4 11.6 99.0 99.0 -999.9 Garibaldi_(680_m) -999.9 -999.9 1017.0 1016.29 1016.7 12.2 11.4 -999.9 Rio_Grande_do_Sul WU UTC_2026-09-22_04:04 0.0 -999.9
-29.223900 -51.503601 IRIOGRAN15 2026-09-22_01:09 12.2 -999.9 -999.9 99.0 -999.9 -999.9 12.0 -999.9 -999.9 1016.5 -999.9 -999.9 0.0 90 0.0 -999.9 0.0 0.0 34.8 36.4 64.1 64.1 12.4 11.6 99.0 99.0 -999.9 Garibaldi_(680_m) -999.9 -999.9 1017.0 1016.29 1016.5 12.2 11.4 -999.9 Rio_Grande_do_Sul WU UTC_2026-09-22_04:09 0.0 -999.9
-29.223900 -51.503601 IRIOGRAN15 2026-09-22_01:14 12.0 -999.9 -999.9 99.0 -999.9 -999.9 11.8 -999.9 -999.9 1016.5 -999.9 -999.9 0.0 87 0.0 -999.9 0.0 0.0 34.8 36.4 64.1 64.1 12.4 11.6 99.0 99.0 -999.9 Garibaldi_(680_m) -999.9 -999.9 1017.0 1016.29 1016.5 12.2 11.4 -999.9 Rio_Grande_do_Sul WU UTC_2026-09-22_04:14 0.0 -999.9
-29.223900 -51.503601 IRIOGRAN15 2026-09-22_01:19 12.0 -999.9 -999.9 99.0 -999.9 -999.9 11.8 -999.9 -999.9 1016.4 -999.9 -999.9 0.0 89 0.0 -999.9 0.0 0.0 34.8 36.4 64.1 64.1 12.4 11.6 99.0 99.0 -999.9 Garibaldi_(680_m) -999.9 -999.9 1017.0 1016.29 1016.4 12.2 11.4 -999.9 Rio_Grande_do_Sul WU UTC_2026-09-22_04:19 0.0 -999.9
-29.223900 -51.503601 IRIOGRAN15 2026-09-22_01:24 11.9 -999.9 -999.9 99.0 -999.9 -999.9 11.7 -999.9 -999.9 1016.5 -999.9 -999.9 0.0 89 0.0 -999.9 0.0 0.0 34.8 36.4 64.1 64.1 12.4 11.6 99.0 99.0 -999.9 Garibaldi_(680_m) -999.9 -999.9 1017.0 1016.29 1016.5 12.2 11.4 -999.9 Rio_Grande_do_Sul WU UTC_2026-09-22_04:24 0.0 -999.9
-29.223900 -51.503601 IRIOGRAN15 2026-09-22_01:29 11.9 -999.9 -999.9 99.0 -999.9 -999.9 11.7 -999.9 -999.9 1016.4 -999.9 -999.9 0.0 89 0.0 -999.9 0.0 0.0 34.8 36.4 64.1 64.1 12.4 11.6 99.0 99.0 -999.9 Garibaldi_(680_m) -999.9 -999.9 1017.0 1016.29 1016.4 12.2 11.4 -999.9 Rio_Grande_do_Sul WU UTC_2026-09-22_04:29 0.0 -999.9
-29.223900 -51.503601 IRIOGRAN15 2026-09-22_01:34 11.8 -999.9 -999.9 99.0 -999.9 -999.9 11.6 -999.9 -999.9 1016.4 -999.9 -999.9 0.0 96 0.0 -999.9 0.0 0.0 34.8 36.4 64.1 64.1 12.4 11.6 99.0 99.0 -999.9 Garibaldi_(680_m) -999.9 -999.9 1017.0 1016.29 1016.4 12.2 11.4 -999.9 Rio_Grande_do_Sul WU UTC_2026-09-22_04:34 0.0 -999.9
-29.223900 -51.503601 IRIOGRAN15 2026-09-22_01:39 11.8 -999.9 -999.9 99.0 -999.9 -999.9 11.6 -999.9 -999.9 1016.5 -999.9 -999.9 0.0 82 0.0 -999.9 0.0 0.0 34.8 36.4 64.1 64.1 12.4 11.6 99.0 99.0 -999.9 Garibaldi_(680_m) -999.9 -999.9 1017.0 1016.29 1016.5 12.2 11.4 -999.9 Rio_Grande_do_Sul WU UTC_2026-09-22_04:39 0.0 -999.9
-29.223900 -51.503601 IRIOGRAN15 2026-09-22_01:44 11.7 -999.9 -999.9 99.0 -999.9 -999.9 11.5 -999.9 -999.9 1016.5 -999.9 -999.9 0.0 80 0.0 -999.9 0.0 0.0 34.8 36.4 64.1 64.1 12.4 11.6 99.0 99.0 -999.9 Garibaldi_(680_m) -999.9 -999.9 1017.0 1016.29 1016.5 12.2 11.4 -999.9 Rio_Grande_do_Sul WU UTC_2026-09-22_04:44 0.0 -999.9
-29.223900 -51.503601 IRIOGRAN15 2026-09-22_01:49 11.7 -999.9 -999.9 99.0 -999.9 -999.9 11.5 -999.9 -999.9 1016.5 -999.9 -999.9 0.0 87 0.0 -999.9 0.0 0.0 34.8 36.4 64.1 64.1 12.4 11.6 99.0 99.0 -999.9 Garibaldi_(680_m) -999.9 -999.9 1017.0 1016.29 1016.5 12.2 11.4 -999.9 Rio_Grande_do_Sul WU UTC_2026-09-22_04:49 0.0 -999.9
-29.223900 -51.503601 IRIOGRAN15 2026-09-22_01:54 11.7 -999.9 -999.9 99.0 -999.9 -999.9 11.4 -999.9 -999.9 1016.7 -999.9 -999.9 0.0 76 0.0 -999.9 0.0 0.0 34.8 36.4 64.1 64.1 12.4 11.6 99.0 99.0 -999.9 Garibaldi_(680_m) -999.9 -999.9 1017.0 1016.29 1016.7 12.2 11.4 -999.9 Rio_Grande_do_Sul WU UTC_2026-09-22_04:54 0.0 -999.9
-29.223900 -51.503601 IRIOGRAN15 2026-09-22_01:57 11.7 -999.9 -999.9 99.0 -999.9 -999.9 11.5 -999.9 -999.9 1016.6 -999.9 -999.9 0.0 38 0.0 -999.9 0.0 0.0 34.8 36.4 64.1 64.1 12.4 11.6 99.0 99.0 -999.9 Garibaldi_(680_m) -999.9 -999.9 1017.0 1016.29 1016.6 12.2 11.4 -999.9 Rio_Grande_do_Sul WU UTC_2026-09-22_04:57 0.0 -999.9
