-28.748611 -50.057778 A829 2026-09-21_00:00 18.5 18.5 17.7 89 92 89 16.6 -999.9 -999.9 -999.9 -999.9 -999.9 59.0 327 74.2 -999.9 0.0 0.0 117.2 123.0 123.0 123.4 19.2 12.3 100.0 70.0 77.8 INMET_-_SAO_JOSE_DOS_AUSENTES_(1229_m) -999.9 -999.9 -999.9 -999.9 -999.9 -999.9 -999.9 -999.9 Rio_Grande_do_Sul INMET -999.9 -999.9 -999.9
-28.748611 -50.057778 A829 2026-09-21_01:00 18.1 18.7 18.1 92 92 88 16.8 -999.9 -999.9 -999.9 -999.9 -999.9 53.3 320 77.8 -999.9 0.0 0.0 117.2 123.0 123.0 123.4 19.2 12.3 100.0 70.0 77.8 INMET_-_SAO_JOSE_DOS_AUSENTES_(1229_m) -999.9 -999.9 -999.9 -999.9 -999.9 -999.9 -999.9 -999.9 Rio_Grande_do_Sul INMET -999.9 -999.9 -999.9
-28.748611 -50.057778 A829 2026-09-21_03:00 18.3 18.4 18.1 88 91 87 16.3 -999.9 -999.9 -999.9 -999.9 -999.9 50.0 318 63.0 -999.9 0.0 0.0 117.2 123.0 123.0 123.4 19.2 12.3 100.0 70.0 77.8 INMET_-_SAO_JOSE_DOS_AUSENTES_(1229_m) -999.9 -999.9 -999.9 -999.9 -999.9 -999.9 -999.9 -999.9 Rio_Grande_do_Sul INMET -999.9 -999.9 -999.9
-28.748611 -50.057778 A829 2026-09-21_04:00 18.7 18.7 18.3 85 88 85 16.1 -999.9 -999.9 -999.9 -999.9 -999.9 54.0 313 70.9 -999.9 0.0 0.0 117.2 123.0 123.0 123.4 19.2 12.3 100.0 70.0 77.8 INMET_-_SAO_JOSE_DOS_AUSENTES_(1229_m) -999.9 -999.9 -999.9 -999.9 -999.9 -999.9 -999.9 -999.9 Rio_Grande_do_Sul INMET -999.9 -999.9 -999.9
-28.748611 -50.057778 A829 2026-09-21_06:00 16.9 18.8 16.9 80 88 75 13.4 -999.9 -999.9 -999.9 -999.9 -999.9 24.1 304 61.6 -999.9 0.0 0.0 117.2 123.0 123.0 123.4 19.2 12.3 100.0 70.0 77.8 INMET_-_SAO_JOSE_DOS_AUSENTES_(1229_m) -999.9 -999.9 -999.9 -999.9 -999.9 -999.9 -999.9 -999.9 Rio_Grande_do_Sul INMET -999.9 -999.9 -999.9
-28.748611 -50.057778 A829 2026-09-21_07:00 13.8 19.2 13.8 88 92 70 11.8 -999.9 -999.9 -999.9 -999.9 -999.9 15.8 232 56.5 -999.9 1.0 1.0 117.2 123.0 123.0 123.4 19.2 12.3 100.0 70.0 77.8 INMET_-_SAO_JOSE_DOS_AUSENTES_(1229_m) -999.9 -999.9 -999.9 -999.9 -999.9 -999.9 -999.9 -999.9 Rio_Grande_do_Sul INMET -999.9 -999.9 -999.9
-28.748611 -50.057778 A829 2026-09-21_09:00 -999.9 -999.9 -999.9 -999.9 -999.9 96 -999.9 -999.9 -999.9 -999.9 -999.9 -999.9 22.7 226 53.6 -999.9 26.0 27.0 117.2 123.0 123.0 123.4 19.2 12.3 100.0 70.0 77.8 INMET_-_SAO_JOSE_DOS_AUSENTES_(1229_m) -999.9 -999.9 -999.9 -999.9 -999.9 -999.9 -999.9 -999.9 Rio_Grande_do_Sul INMET -999.9 -999.9 -999.9
-28.748611 -50.057778 A829 2026-09-21_10:00 12.8 12.8 12.6 100 100 99 12.8 -999.9 -999.9 -999.9 -999.9 -999.9 17.6 125 39.2 -999.9 35.2 62.2 117.2 123.0 123.0 123.4 19.2 12.3 100.0 70.0 77.8 INMET_-_SAO_JOSE_DOS_AUSENTES_(1229_m) -999.9 -999.9 -999.9 -999.9 -999.9 -999.9 -999.9 -999.9 Rio_Grande_do_Sul INMET -999.9 -999.9 -999.9
-28.748611 -50.057778 A829 2026-09-21_13:00 12.3 12.6 12.3 100 100 100 12.3 -999.9 -999.9 -999.9 -999.9 -999.9 19.4 63 41.4 -999.9 31.6 93.8 117.2 123.0 123.0 123.4 19.2 12.3 100.0 70.0 77.8 INMET_-_SAO_JOSE_DOS_AUSENTES_(1229_m) -999.9 -999.9 -999.9 -999.9 -999.9 -999.9 -999.9 -999.9 Rio_Grande_do_Sul INMET -999.9 -999.9 -999.9
-28.748611 -50.057778 A829 2026-09-21_14:00 12.6 12.6 12.3 100 100 100 12.6 -999.9 -999.9 -999.9 -999.9 -999.9 15.8 12 48.2 -999.9 10.6 104.4 117.2 123.0 123.0 123.4 19.2 12.3 100.0 70.0 77.8 INMET_-_SAO_JOSE_DOS_AUSENTES_(1229_m) -999.9 -999.9 -999.9 -999.9 -999.9 -999.9 -999.9 -999.9 Rio_Grande_do_Sul INMET -999.9 -999.9 -999.9
-28.748611 -50.057778 A829 2026-09-21_15:00 12.9 12.9 12.5 100 100 100 12.9 -999.9 -999.9 -999.9 -999.9 -999.9 10.8 272 49.3 -999.9 6.2 110.6 117.2 123.0 123.0 123.4 19.2 12.3 100.0 70.0 77.8 INMET_-_SAO_JOSE_DOS_AUSENTES_(1229_m) -999.9 -999.9 -999.9 -999.9 -999.9 -999.9 -999.9 -999.9 Rio_Grande_do_Sul INMET -999.9 -999.9 -999.9
-28.748611 -50.057778 A829 2026-09-21_16:00 13.8 13.8 12.9 96 100 95 13.2 -999.9 -999.9 -999.9 -999.9 -999.9 24.5 290 33.5 -999.9 1.4 112.0 117.2 123.0 123.0 123.4 19.2 12.3 100.0 70.0 77.8 INMET_-_SAO_JOSE_DOS_AUSENTES_(1229_m) -999.9 -999.9 -999.9 -999.9 -999.9 -999.9 -999.9 -999.9 Rio_Grande_do_Sul INMET -999.9 -999.9 -999.9
