-29.170300 -51.516102 IBENTOGO2 2026-09-22_00:04 13.1 -999.9 -999.9 82.0 -999.9 -999.9 10.1 -999.9 -999.9 1008.2 -999.9 -999.9 0.0 75 1.6 -999.9 0.0 0.0 134.0 135.5 168.5 168.5 13.2 7.4 89.0 67.0 29.0 Bento_Gonçalves_-_Cidade_Alta_(701_m) -999.9 -999.9 1016.53 1008.2 1008.2 10.2 5.2 -999.9 Rio_Grande_do_Sul WU UTC_2026-09-22_03:04 0.0 -999.9
-29.170300 -51.516102 IBENTOGO2 2026-09-22_00:09 13.1 -999.9 -999.9 82.0 -999.9 -999.9 10.1 -999.9 -999.9 1008.4 -999.9 -999.9 0.4 120 3.2 -999.9 0.0 0.0 134.0 135.5 168.5 168.5 13.2 7.4 89.0 67.0 29.0 Bento_Gonçalves_-_Cidade_Alta_(701_m) -999.9 -999.9 1016.53 1008.2 1008.4 10.2 5.2 -999.9 Rio_Grande_do_Sul WU UTC_2026-09-22_03:09 0.0 -999.9
-29.170300 -51.516102 IBENTOGO2 2026-09-22_00:14 13.1 -999.9 -999.9 82.0 -999.9 -999.9 10.1 -999.9 -999.9 1008.5 -999.9 -999.9 0.0 229 3.2 -999.9 0.0 0.0 134.0 135.5 168.5 168.5 13.2 7.4 89.0 67.0 29.0 Bento_Gonçalves_-_Cidade_Alta_(701_m) -999.9 -999.9 1016.53 1008.2 1008.5 10.2 5.2 -999.9 Rio_Grande_do_Sul WU UTC_2026-09-22_03:14 0.0 -999.9
-29.170300 -51.516102 IBENTOGO2 2026-09-22_00:19 13.1 -999.9 -999.9 82.0 -999.9 -999.9 10.1 -999.9 -999.9 1008.6 -999.9 -999.9 0.5 228 1.6 -999.9 0.0 0.0 134.0 135.5 168.5 168.5 13.2 7.4 89.0 67.0 29.0 Bento_Gonçalves_-_Cidade_Alta_(701_m) -999.9 -999.9 1016.53 1008.2 1008.6 10.2 5.2 -999.9 Rio_Grande_do_Sul WU UTC_2026-09-22_03:19 0.0 -999.9
-29.170300 -51.516102 IBENTOGO2 2026-09-22_00:24 13.2 -999.9 -999.9 82.0 -999.9 -999.9 10.2 -999.9 -999.9 1008.7 -999.9 -999.9 0.2 253 1.6 -999.9 0.0 0.0 134.0 135.5 168.5 168.5 13.2 7.4 89.0 67.0 29.0 Bento_Gonçalves_-_Cidade_Alta_(701_m) -999.9 -999.9 1016.53 1008.2 1008.7 10.2 5.2 -999.9 Rio_Grande_do_Sul WU UTC_2026-09-22_03:24 0.0 -999.9
-29.170300 -51.516102 IBENTOGO2 2026-09-22_00:29 13.2 -999.9 -999.9 82.0 -999.9 -999.9 10.2 -999.9 -999.9 1008.6 -999.9 -999.9 0.2 239 3.2 -999.9 0.0 0.0 134.0 135.5 168.5 168.5 13.2 7.4 89.0 67.0 29.0 Bento_Gonçalves_-_Cidade_Alta_(701_m) -999.9 -999.9 1016.53 1008.2 1008.6 10.2 5.2 -999.9 Rio_Grande_do_Sul WU UTC_2026-09-22_03:29 0.0 -999.9
-29.170300 -51.516102 IBENTOGO2 2026-09-22_00:34 13.0 -999.9 -999.9 82.0 -999.9 -999.9 10.0 -999.9 -999.9 1008.6 -999.9 -999.9 2.8 271 6.4 -999.9 0.0 0.0 134.0 135.5 168.5 168.5 13.2 7.4 89.0 67.0 29.0 Bento_Gonçalves_-_Cidade_Alta_(701_m) -999.9 -999.9 1016.53 1008.2 1008.6 10.2 5.2 -999.9 Rio_Grande_do_Sul WU UTC_2026-09-22_03:34 0.0 -999.9
-29.170300 -51.516102 IBENTOGO2 2026-09-22_00:39 13.0 -999.9 -999.9 82.0 -999.9 -999.9 10.0 -999.9 -999.9 1008.6 -999.9 -999.9 3.9 277 9.7 -999.9 0.0 0.0 134.0 135.5 168.5 168.5 13.2 7.4 89.0 67.0 29.0 Bento_Gonçalves_-_Cidade_Alta_(701_m) -999.9 -999.9 1016.53 1008.2 1008.6 10.2 5.2 -999.9 Rio_Grande_do_Sul WU UTC_2026-09-22_03:39 0.0 -999.9
-29.170300 -51.516102 IBENTOGO2 2026-09-22_00:44 12.9 -999.9 -999.9 82.0 -999.9 -999.9 9.9 -999.9 -999.9 1008.5 -999.9 -999.9 6.4 289 11.3 -999.9 0.0 0.0 134.0 135.5 168.5 168.5 13.2 7.4 89.0 67.0 29.0 Bento_Gonçalves_-_Cidade_Alta_(701_m) -999.9 -999.9 1016.53 1008.2 1008.5 10.2 5.2 -999.9 Rio_Grande_do_Sul WU UTC_2026-09-22_03:44 0.0 -999.9
-29.170300 -51.516102 IBENTOGO2 2026-09-22_00:49 12.9 -999.9 -999.9 82.0 -999.9 -999.9 9.9 -999.9 -999.9 1008.5 -999.9 -999.9 3.5 286 11.3 -999.9 0.0 0.0 134.0 135.5 168.5 168.5 13.2 7.4 89.0 67.0 29.0 Bento_Gonçalves_-_Cidade_Alta_(701_m) -999.9 -999.9 1016.53 1008.2 1008.5 10.2 5.2 -999.9 Rio_Grande_do_Sul WU UTC_2026-09-22_03:49 0.0 -999.9
-29.170300 -51.516102 IBENTOGO2 2026-09-22_00:54 12.9 -999.9 -999.9 82.0 -999.9 -999.9 9.9 -999.9 -999.9 1008.6 -999.9 -999.9 4.4 287 9.7 -999.9 0.0 0.0 134.0 135.5 168.5 168.5 13.2 7.4 89.0 67.0 29.0 Bento_Gonçalves_-_Cidade_Alta_(701_m) -999.9 -999.9 1016.53 1008.2 1008.6 10.2 5.2 -999.9 Rio_Grande_do_Sul WU UTC_2026-09-22_03:54 0.0 -999.9
-29.170300 -51.516102 IBENTOGO2 2026-09-22_00:59 12.9 -999.9 -999.9 82.0 -999.9 -999.9 9.9 -999.9 -999.9 1008.6 -999.9 -999.9 1.9 285 8.0 -999.9 0.0 0.0 134.0 135.5 168.5 168.5 13.2 7.4 89.0 67.0 29.0 Bento_Gonçalves_-_Cidade_Alta_(701_m) -999.9 -999.9 1016.53 1008.2 1008.6 10.2 5.2 -999.9 Rio_Grande_do_Sul WU UTC_2026-09-22_03:59 0.0 -999.9
-29.170300 -51.516102 IBENTOGO2 2026-09-22_01:04 12.9 -999.9 -999.9 82.0 -999.9 -999.9 9.9 -999.9 -999.9 1008.5 -999.9 -999.9 0.2 276 6.4 -999.9 0.0 0.0 134.0 135.5 168.5 168.5 13.2 7.4 89.0 67.0 29.0 Bento_Gonçalves_-_Cidade_Alta_(701_m) -999.9 -999.9 1016.53 1008.2 1008.5 10.2 5.2 -999.9 Rio_Grande_do_Sul WU UTC_2026-09-22_04:04 0.0 -999.9
-29.170300 -51.516102 IBENTOGO2 2026-09-22_01:09 12.8 -999.9 -999.9 82.0 -999.9 -999.9 9.8 -999.9 -999.9 1008.4 -999.9 -999.9 0.0 275 3.2 -999.9 0.0 0.0 134.0 135.5 168.5 168.5 13.2 7.4 89.0 67.0 29.0 Bento_Gonçalves_-_Cidade_Alta_(701_m) -999.9 -999.9 1016.53 1008.2 1008.4 10.2 5.2 -999.9 Rio_Grande_do_Sul WU UTC_2026-09-22_04:09 0.0 -999.9
-29.170300 -51.516102 IBENTOGO2 2026-09-22_01:14 12.7 -999.9 -999.9 82.0 -999.9 -999.9 9.7 -999.9 -999.9 1008.3 -999.9 -999.9 0.0 -999.9 1.6 -999.9 0.0 0.0 134.0 135.5 168.5 168.5 13.2 7.4 89.0 67.0 29.0 Bento_Gonçalves_-_Cidade_Alta_(701_m) -999.9 -999.9 1016.53 1008.2 1008.3 10.2 5.2 -999.9 Rio_Grande_do_Sul WU UTC_2026-09-22_04:14 0.0 -999.9
-29.170300 -51.516102 IBENTOGO2 2026-09-22_01:19 12.6 -999.9 -999.9 82.0 -999.9 -999.9 9.6 -999.9 -999.9 1008.3 -999.9 -999.9 3.0 295 6.4 -999.9 0.0 0.0 134.0 135.5 168.5 168.5 13.2 7.4 89.0 67.0 29.0 Bento_Gonçalves_-_Cidade_Alta_(701_m) -999.9 -999.9 1016.53 1008.2 1008.3 10.2 5.2 -999.9 Rio_Grande_do_Sul WU UTC_2026-09-22_04:19 0.0 -999.9
-29.170300 -51.516102 IBENTOGO2 2026-09-22_01:24 12.3 -999.9 -999.9 82.0 -999.9 -999.9 9.3 -999.9 -999.9 1008.3 -999.9 -999.9 4.1 279 9.7 -999.9 0.0 0.0 134.0 135.5 168.5 168.5 13.2 7.4 89.0 67.0 29.0 Bento_Gonçalves_-_Cidade_Alta_(701_m) -999.9 -999.9 1016.53 1008.2 1008.3 10.2 5.2 -999.9 Rio_Grande_do_Sul WU UTC_2026-09-22_04:24 0.0 -999.9
-29.170300 -51.516102 IBENTOGO2 2026-09-22_01:29 12.5 -999.9 -999.9 82.3 -999.9 -999.9 9.5 -999.9 -999.9 1008.3 -999.9 -999.9 1.2 268 9.7 -999.9 0.0 0.0 134.0 135.5 168.5 168.5 13.2 7.4 89.0 67.0 29.0 Bento_Gonçalves_-_Cidade_Alta_(701_m) -999.9 -999.9 1016.53 1008.2 1008.3 10.2 5.2 -999.9 Rio_Grande_do_Sul WU UTC_2026-09-22_04:29 0.0 -999.9
-29.170300 -51.516102 IBENTOGO2 2026-09-22_01:34 12.6 -999.9 -999.9 82.0 -999.9 -999.9 9.6 -999.9 -999.9 1008.3 -999.9 -999.9 2.0 267 6.4 -999.9 0.0 0.0 134.0 135.5 168.5 168.5 13.2 7.4 89.0 67.0 29.0 Bento_Gonçalves_-_Cidade_Alta_(701_m) -999.9 -999.9 1016.53 1008.2 1008.3 10.2 5.2 -999.9 Rio_Grande_do_Sul WU UTC_2026-09-22_04:34 0.0 -999.9
-29.170300 -51.516102 IBENTOGO2 2026-09-22_01:39 12.6 -999.9 -999.9 82.0 -999.9 -999.9 9.6 -999.9 -999.9 1008.4 -999.9 -999.9 2.9 282 6.4 -999.9 0.0 0.0 134.0 135.5 168.5 168.5 13.2 7.4 89.0 67.0 29.0 Bento_Gonçalves_-_Cidade_Alta_(701_m) -999.9 -999.9 1016.53 1008.2 1008.4 10.2 5.2 -999.9 Rio_Grande_do_Sul WU UTC_2026-09-22_04:39 0.0 -999.9
-29.170300 -51.516102 IBENTOGO2 2026-09-22_01:44 12.7 -999.9 -999.9 82.0 -999.9 -999.9 9.7 -999.9 -999.9 1008.6 -999.9 -999.9 3.1 284 9.7 -999.9 0.0 0.0 134.0 135.5 168.5 168.5 13.2 7.4 89.0 67.0 29.0 Bento_Gonçalves_-_Cidade_Alta_(701_m) -999.9 -999.9 1016.53 1008.2 1008.6 10.2 5.2 -999.9 Rio_Grande_do_Sul WU UTC_2026-09-22_04:44 0.0 -999.9
-29.170300 -51.516102 IBENTOGO2 2026-09-22_01:49 12.7 -999.9 -999.9 82.0 -999.9 -999.9 9.7 -999.9 -999.9 1008.4 -999.9 -999.9 0.8 309 9.7 -999.9 0.0 0.0 134.0 135.5 168.5 168.5 13.2 7.4 89.0 67.0 29.0 Bento_Gonçalves_-_Cidade_Alta_(701_m) -999.9 -999.9 1016.53 1008.2 1008.4 10.2 5.2 -999.9 Rio_Grande_do_Sul WU UTC_2026-09-22_04:49 0.0 -999.9
-29.170300 -51.516102 IBENTOGO2 2026-09-22_01:54 12.7 -999.9 -999.9 82.0 -999.9 -999.9 9.7 -999.9 -999.9 1008.5 -999.9 -999.9 2.9 300 6.4 -999.9 0.0 0.0 134.0 135.5 168.5 168.5 13.2 7.4 89.0 67.0 29.0 Bento_Gonçalves_-_Cidade_Alta_(701_m) -999.9 -999.9 1016.53 1008.2 1008.5 10.2 5.2 -999.9 Rio_Grande_do_Sul WU UTC_2026-09-22_04:54 0.0 -999.9
-29.170300 -51.516102 IBENTOGO2 2026-09-22_01:59 12.7 -999.9 -999.9 82.0 -999.9 -999.9 9.7 -999.9 -999.9 1008.5 -999.9 -999.9 1.4 308 6.4 -999.9 0.0 0.0 134.0 135.5 168.5 168.5 13.2 7.4 89.0 67.0 29.0 Bento_Gonçalves_-_Cidade_Alta_(701_m) -999.9 -999.9 1016.53 1008.2 1008.5 10.2 5.2 -999.9 Rio_Grande_do_Sul WU UTC_2026-09-22_04:59 0.0 -999.9
-29.170300 -51.516102 IBENTOGO2 2026-09-22_02:04 12.6 -999.9 -999.9 82.0 -999.9 -999.9 9.6 -999.9 -999.9 1008.4 -999.9 -999.9 1.9 304 8.0 -999.9 0.0 0.0 134.0 135.5 168.5 168.5 13.2 7.4 89.0 67.0 29.0 Bento_Gonçalves_-_Cidade_Alta_(701_m) -999.9 -999.9 1016.53 1008.2 1008.4 10.2 5.2 -999.9 Rio_Grande_do_Sul WU UTC_2026-09-22_05:04 0.0 -999.9
-29.170300 -51.516102 IBENTOGO2 2026-09-22_02:09 12.6 -999.9 -999.9 82.0 -999.9 -999.9 9.6 -999.9 -999.9 1008.4 -999.9 -999.9 5.9 285 11.3 -999.9 0.0 0.0 134.0 135.5 168.5 168.5 13.2 7.4 89.0 67.0 29.0 Bento_Gonçalves_-_Cidade_Alta_(701_m) -999.9 -999.9 1016.53 1008.2 1008.4 10.2 5.2 -999.9 Rio_Grande_do_Sul WU UTC_2026-09-22_05:09 0.0 -999.9
-29.170300 -51.516102 IBENTOGO2 2026-09-22_02:14 12.6 -999.9 -999.9 82.0 -999.9 -999.9 9.6 -999.9 -999.9 1008.6 -999.9 -999.9 4.4 261 12.9 -999.9 0.0 0.0 134.0 135.5 168.5 168.5 13.2 7.4 89.0 67.0 29.0 Bento_Gonçalves_-_Cidade_Alta_(701_m) -999.9 -999.9 1016.53 1008.2 1008.6 10.2 5.2 -999.9 Rio_Grande_do_Sul WU UTC_2026-09-22_05:14 0.0 -999.9
-29.170300 -51.516102 IBENTOGO2 2026-09-22_02:19 12.5 -999.9 -999.9 82.0 -999.9 -999.9 9.5 -999.9 -999.9 1008.7 -999.9 -999.9 7.5 268 20.9 -999.9 0.0 0.0 134.0 135.5 168.5 168.5 13.2 7.4 89.0 67.0 29.0 Bento_Gonçalves_-_Cidade_Alta_(701_m) -999.9 -999.9 1016.53 1008.2 1008.7 10.2 5.2 -999.9 Rio_Grande_do_Sul WU UTC_2026-09-22_05:19 0.0 -999.9
-29.170300 -51.516102 IBENTOGO2 2026-09-22_02:24 12.5 -999.9 -999.9 82.0 -999.9 -999.9 9.5 -999.9 -999.9 1008.7 -999.9 -999.9 6.4 252 25.7 -999.9 0.0 0.0 134.0 135.5 168.5 168.5 13.2 7.4 89.0 67.0 29.0 Bento_Gonçalves_-_Cidade_Alta_(701_m) -999.9 -999.9 1016.53 1008.2 1008.7 10.2 5.2 -999.9 Rio_Grande_do_Sul WU UTC_2026-09-22_05:24 0.0 -999.9
-29.170300 -51.516102 IBENTOGO2 2026-09-22_02:29 11.8 -999.9 -999.9 82.0 -999.9 -999.9 8.8 -999.9 -999.9 1008.8 -999.9 -999.9 10.9 244 27.4 -999.9 0.0 0.0 134.0 135.5 168.5 168.5 13.2 7.4 89.0 67.0 29.0 Bento_Gonçalves_-_Cidade_Alta_(701_m) -999.9 -999.9 1016.53 1008.2 1008.8 10.2 5.2 -999.9 Rio_Grande_do_Sul WU UTC_2026-09-22_05:29 0.0 -999.9
-29.170300 -51.516102 IBENTOGO2 2026-09-22_02:34 11.1 -999.9 -999.9 82.0 -999.9 -999.9 8.1 -999.9 -999.9 1008.8 -999.9 -999.9 7.2 244 27.4 -999.9 0.0 0.0 134.0 135.5 168.5 168.5 13.2 7.4 89.0 67.0 29.0 Bento_Gonçalves_-_Cidade_Alta_(701_m) -999.9 -999.9 1016.53 1008.2 1008.8 10.2 5.2 -999.9 Rio_Grande_do_Sul WU UTC_2026-09-22_05:34 0.0 -999.9
-29.170300 -51.516102 IBENTOGO2 2026-09-22_02:39 10.8 -999.9 -999.9 82.0 -999.9 -999.9 7.9 -999.9 -999.9 1008.9 -999.9 -999.9 6.7 211 20.9 -999.9 0.0 0.0 134.0 135.5 168.5 168.5 13.2 7.4 89.0 67.0 29.0 Bento_Gonçalves_-_Cidade_Alta_(701_m) -999.9 -999.9 1016.53 1008.2 1008.9 10.2 5.2 -999.9 Rio_Grande_do_Sul WU UTC_2026-09-22_05:39 0.0 -999.9
-29.170300 -51.516102 IBENTOGO2 2026-09-22_02:44 10.6 -999.9 -999.9 82.2 -999.9 -999.9 7.7 -999.9 -999.9 1008.9 -999.9 -999.9 6.3 194 20.9 -999.9 0.0 0.0 134.0 135.5 168.5 168.5 13.2 7.4 89.0 67.0 29.0 Bento_Gonçalves_-_Cidade_Alta_(701_m) -999.9 -999.9 1016.53 1008.2 1008.9 10.2 5.2 -999.9 Rio_Grande_do_Sul WU UTC_2026-09-22_05:44 0.0 -999.9
-29.170300 -51.516102 IBENTOGO2 2026-09-22_02:49 10.6 -999.9 -999.9 82.3 -999.9 -999.9 7.7 -999.9 -999.9 1008.9 -999.9 -999.9 7.4 220 17.7 -999.9 0.0 0.0 134.0 135.5 168.5 168.5 13.2 7.4 89.0 67.0 29.0 Bento_Gonçalves_-_Cidade_Alta_(701_m) -999.9 -999.9 1016.53 1008.2 1008.9 10.2 5.2 -999.9 Rio_Grande_do_Sul WU UTC_2026-09-22_05:49 0.0 -999.9
-29.170300 -51.516102 IBENTOGO2 2026-09-22_02:54 10.6 -999.9 -999.9 83.0 -999.9 -999.9 7.8 -999.9 -999.9 1008.9 -999.9 -999.9 5.0 189 17.7 -999.9 0.0 0.0 134.0 135.5 168.5 168.5 13.2 7.4 89.0 67.0 29.0 Bento_Gonçalves_-_Cidade_Alta_(701_m) -999.9 -999.9 1016.53 1008.2 1008.9 10.2 5.2 -999.9 Rio_Grande_do_Sul WU UTC_2026-09-22_05:54 0.0 -999.9
-29.170300 -51.516102 IBENTOGO2 2026-09-22_02:59 10.5 -999.9 -999.9 82.7 -999.9 -999.9 7.7 -999.9 -999.9 1008.9 -999.9 -999.9 6.1 234 17.7 -999.9 0.0 0.0 134.0 135.5 168.5 168.5 13.2 7.4 89.0 67.0 29.0 Bento_Gonçalves_-_Cidade_Alta_(701_m) -999.9 -999.9 1016.53 1008.2 1008.9 10.2 5.2 -999.9 Rio_Grande_do_Sul WU UTC_2026-09-22_05:59 0.0 -999.9
-29.170300 -51.516102 IBENTOGO2 2026-09-22_03:04 10.5 -999.9 -999.9 82.7 -999.9 -999.9 7.6 -999.9 -999.9 1009.0 -999.9 -999.9 8.7 204 24.1 -999.9 0.0 0.0 134.0 135.5 168.5 168.5 13.2 7.4 89.0 67.0 29.0 Bento_Gonçalves_-_Cidade_Alta_(701_m) -999.9 -999.9 1016.53 1008.2 1009.0 10.2 5.2 -999.9 Rio_Grande_do_Sul WU UTC_2026-09-22_06:04 0.0 -999.9
-29.170300 -51.516102 IBENTOGO2 2026-09-22_03:09 10.2 -999.9 -999.9 82.0 -999.9 -999.9 7.3 -999.9 -999.9 1009.1 -999.9 -999.9 10.4 218 24.1 -999.9 0.0 0.0 134.0 135.5 168.5 168.5 13.2 7.4 89.0 67.0 29.0 Bento_Gonçalves_-_Cidade_Alta_(701_m) -999.9 -999.9 1016.53 1008.2 1009.1 10.2 5.2 -999.9 Rio_Grande_do_Sul WU UTC_2026-09-22_06:09 0.0 -999.9
-29.170300 -51.516102 IBENTOGO2 2026-09-22_03:14 10.0 -999.9 -999.9 82.1 -999.9 -999.9 7.1 -999.9 -999.9 1009.0 -999.9 -999.9 9.9 217 27.4 -999.9 0.0 0.0 134.0 135.5 168.5 168.5 13.2 7.4 89.0 67.0 29.0 Bento_Gonçalves_-_Cidade_Alta_(701_m) -999.9 -999.9 1016.53 1008.2 1009.0 10.2 5.2 -999.9 Rio_Grande_do_Sul WU UTC_2026-09-22_06:14 0.0 -999.9
-29.170300 -51.516102 IBENTOGO2 2026-09-22_03:19 10.0 -999.9 -999.9 82.9 -999.9 -999.9 7.2 -999.9 -999.9 1009.0 -999.9 -999.9 9.8 199 27.4 -999.9 0.0 0.0 134.0 135.5 168.5 168.5 13.2 7.4 89.0 67.0 29.0 Bento_Gonçalves_-_Cidade_Alta_(701_m) -999.9 -999.9 1016.53 1008.2 1009.0 10.2 5.2 -999.9 Rio_Grande_do_Sul WU UTC_2026-09-22_06:19 0.0 -999.9
-29.170300 -51.516102 IBENTOGO2 2026-09-22_03:24 9.9 -999.9 -999.9 82.5 -999.9 -999.9 7.0 -999.9 -999.9 1009.0 -999.9 -999.9 7.0 192 20.9 -999.9 0.0 0.0 134.0 135.5 168.5 168.5 13.2 7.4 89.0 67.0 29.0 Bento_Gonçalves_-_Cidade_Alta_(701_m) -999.9 -999.9 1016.53 1008.2 1009.0 10.2 5.2 -999.9 Rio_Grande_do_Sul WU UTC_2026-09-22_06:24 0.0 -999.9
-29.170300 -51.516102 IBENTOGO2 2026-09-22_03:29 9.8 -999.9 -999.9 82.4 -999.9 -999.9 6.9 -999.9 -999.9 1009.0 -999.9 -999.9 10.3 203 24.1 -999.9 0.0 0.0 134.0 135.5 168.5 168.5 13.2 7.4 89.0 67.0 29.0 Bento_Gonçalves_-_Cidade_Alta_(701_m) -999.9 -999.9 1016.53 1008.2 1009.0 10.2 5.2 -999.9 Rio_Grande_do_Sul WU UTC_2026-09-22_06:29 0.0 -999.9
-29.170300 -51.516102 IBENTOGO2 2026-09-22_03:34 9.7 -999.9 -999.9 82.8 -999.9 -999.9 7.0 -999.9 -999.9 1009.1 -999.9 -999.9 5.9 192 24.1 -999.9 0.0 0.0 134.0 135.5 168.5 168.5 13.2 7.4 89.0 67.0 29.0 Bento_Gonçalves_-_Cidade_Alta_(701_m) -999.9 -999.9 1016.53 1008.2 1009.1 10.2 5.2 -999.9 Rio_Grande_do_Sul WU UTC_2026-09-22_06:34 0.0 -999.9
-29.170300 -51.516102 IBENTOGO2 2026-09-22_03:39 9.7 -999.9 -999.9 82.7 -999.9 -999.9 6.9 -999.9 -999.9 1009.3 -999.9 -999.9 8.2 192 24.1 -999.9 0.0 0.0 134.0 135.5 168.5 168.5 13.2 7.4 89.0 67.0 29.0 Bento_Gonçalves_-_Cidade_Alta_(701_m) -999.9 -999.9 1016.53 1008.2 1009.3 10.2 5.2 -999.9 Rio_Grande_do_Sul WU UTC_2026-09-22_06:39 0.0 -999.9
-29.170300 -51.516102 IBENTOGO2 2026-09-22_03:44 9.4 -999.9 -999.9 82.0 -999.9 -999.9 6.5 -999.9 -999.9 1009.5 -999.9 -999.9 8.2 207 24.1 -999.9 0.0 0.0 134.0 135.5 168.5 168.5 13.2 7.4 89.0 67.0 29.0 Bento_Gonçalves_-_Cidade_Alta_(701_m) -999.9 -999.9 1016.53 1008.2 1009.5 10.2 5.2 -999.9 Rio_Grande_do_Sul WU UTC_2026-09-22_06:44 0.0 -999.9
-29.170300 -51.516102 IBENTOGO2 2026-09-22_03:49 9.3 -999.9 -999.9 82.4 -999.9 -999.9 6.5 -999.9 -999.9 1009.5 -999.9 -999.9 8.2 240 22.5 -999.9 0.0 0.0 134.0 135.5 168.5 168.5 13.2 7.4 89.0 67.0 29.0 Bento_Gonçalves_-_Cidade_Alta_(701_m) -999.9 -999.9 1016.53 1008.2 1009.5 10.2 5.2 -999.9 Rio_Grande_do_Sul WU UTC_2026-09-22_06:49 0.0 -999.9
-29.170300 -51.516102 IBENTOGO2 2026-09-22_03:54 9.2 -999.9 -999.9 82.5 -999.9 -999.9 6.4 -999.9 -999.9 1009.4 -999.9 -999.9 8.2 235 22.5 -999.9 0.0 0.0 134.0 135.5 168.5 168.5 13.2 7.4 89.0 67.0 29.0 Bento_Gonçalves_-_Cidade_Alta_(701_m) -999.9 -999.9 1016.53 1008.2 1009.4 10.2 5.2 -999.9 Rio_Grande_do_Sul WU UTC_2026-09-22_06:54 0.0 -999.9
-29.170300 -51.516102 IBENTOGO2 2026-09-22_03:59 9.1 -999.9 -999.9 82.3 -999.9 -999.9 6.2 -999.9 -999.9 1009.2 -999.9 -999.9 7.3 192 19.3 -999.9 0.0 0.0 134.0 135.5 168.5 168.5 13.2 7.4 89.0 67.0 29.0 Bento_Gonçalves_-_Cidade_Alta_(701_m) -999.9 -999.9 1016.53 1008.2 1009.2 10.2 5.2 -999.9 Rio_Grande_do_Sul WU UTC_2026-09-22_06:59 0.0 -999.9
-29.170300 -51.516102 IBENTOGO2 2026-09-22_04:04 9.0 -999.9 -999.9 82.9 -999.9 -999.9 6.3 -999.9 -999.9 1009.1 -999.9 -999.9 5.1 197 19.3 -999.9 0.0 0.0 134.0 135.5 168.5 168.5 13.2 7.4 89.0 67.0 29.0 Bento_Gonçalves_-_Cidade_Alta_(701_m) -999.9 -999.9 1016.53 1008.2 1009.1 10.2 5.2 -999.9 Rio_Grande_do_Sul WU UTC_2026-09-22_07:04 0.0 -999.9
-29.170300 -51.516102 IBENTOGO2 2026-09-22_04:09 9.0 -999.9 -999.9 82.7 -999.9 -999.9 6.2 -999.9 -999.9 1009.1 -999.9 -999.9 6.0 213 16.1 -999.9 0.0 0.0 134.0 135.5 168.5 168.5 13.2 7.4 89.0 67.0 29.0 Bento_Gonçalves_-_Cidade_Alta_(701_m) -999.9 -999.9 1016.53 1008.2 1009.1 10.2 5.2 -999.9 Rio_Grande_do_Sul WU UTC_2026-09-22_07:09 0.0 -999.9
-29.170300 -51.516102 IBENTOGO2 2026-09-22_04:14 8.8 -999.9 -999.9 82.0 -999.9 -999.9 5.9 -999.9 -999.9 1009.1 -999.9 -999.9 6.0 201 16.1 -999.9 0.0 0.0 134.0 135.5 168.5 168.5 13.2 7.4 89.0 67.0 29.0 Bento_Gonçalves_-_Cidade_Alta_(701_m) -999.9 -999.9 1016.53 1008.2 1009.1 10.2 5.2 -999.9 Rio_Grande_do_Sul WU UTC_2026-09-22_07:14 0.0 -999.9
-29.170300 -51.516102 IBENTOGO2 2026-09-22_04:19 8.7 -999.9 -999.9 82.0 -999.9 -999.9 5.8 -999.9 -999.9 1009.1 -999.9 -999.9 5.1 171 16.1 -999.9 0.0 0.0 134.0 135.5 168.5 168.5 13.2 7.4 89.0 67.0 29.0 Bento_Gonçalves_-_Cidade_Alta_(701_m) -999.9 -999.9 1016.53 1008.2 1009.1 10.2 5.2 -999.9 Rio_Grande_do_Sul WU UTC_2026-09-22_07:19 0.0 -999.9
-29.170300 -51.516102 IBENTOGO2 2026-09-22_04:24 8.6 -999.9 -999.9 82.2 -999.9 -999.9 5.7 -999.9 -999.9 1009.2 -999.9 -999.9 6.0 194 16.1 -999.9 0.0 0.0 134.0 135.5 168.5 168.5 13.2 7.4 89.0 67.0 29.0 Bento_Gonçalves_-_Cidade_Alta_(701_m) -999.9 -999.9 1016.53 1008.2 1009.2 10.2 5.2 -999.9 Rio_Grande_do_Sul WU UTC_2026-09-22_07:24 0.0 -999.9
-29.170300 -51.516102 IBENTOGO2 2026-09-22_04:29 8.5 -999.9 -999.9 82.5 -999.9 -999.9 5.7 -999.9 -999.9 1009.3 -999.9 -999.9 6.3 178 19.3 -999.9 0.0 0.0 134.0 135.5 168.5 168.5 13.2 7.4 89.0 67.0 29.0 Bento_Gonçalves_-_Cidade_Alta_(701_m) -999.9 -999.9 1016.53 1008.2 1009.3 10.2 5.2 -999.9 Rio_Grande_do_Sul WU UTC_2026-09-22_07:29 0.0 -999.9
-29.170300 -51.516102 IBENTOGO2 2026-09-22_04:34 8.5 -999.9 -999.9 82.3 -999.9 -999.9 5.7 -999.9 -999.9 1009.3 -999.9 -999.9 4.4 176 19.3 -999.9 0.0 0.0 134.0 135.5 168.5 168.5 13.2 7.4 89.0 67.0 29.0 Bento_Gonçalves_-_Cidade_Alta_(701_m) -999.9 -999.9 1016.53 1008.2 1009.3 10.2 5.2 -999.9 Rio_Grande_do_Sul WU UTC_2026-09-22_07:34 0.0 -999.9
-29.170300 -51.516102 IBENTOGO2 2026-09-22_04:39 8.5 -999.9 -999.9 82.2 -999.9 -999.9 5.6 -999.9 -999.9 1009.4 -999.9 -999.9 8.3 217 20.9 -999.9 0.0 0.0 134.0 135.5 168.5 168.5 13.2 7.4 89.0 67.0 29.0 Bento_Gonçalves_-_Cidade_Alta_(701_m) -999.9 -999.9 1016.53 1008.2 1009.4 10.2 5.2 -999.9 Rio_Grande_do_Sul WU UTC_2026-09-22_07:39 0.0 -999.9
-29.170300 -51.516102 IBENTOGO2 2026-09-22_04:44 8.4 -999.9 -999.9 82.7 -999.9 -999.9 5.6 -999.9 -999.9 1009.4 -999.9 -999.9 6.2 187 20.9 -999.9 0.0 0.0 134.0 135.5 168.5 168.5 13.2 7.4 89.0 67.0 29.0 Bento_Gonçalves_-_Cidade_Alta_(701_m) -999.9 -999.9 1016.53 1008.2 1009.4 10.2 5.2 -999.9 Rio_Grande_do_Sul WU UTC_2026-09-22_07:44 0.0 -999.9
-29.170300 -51.516102 IBENTOGO2 2026-09-22_04:49 8.4 -999.9 -999.9 82.0 -999.9 -999.9 5.5 -999.9 -999.9 1009.3 -999.9 -999.9 8.4 182 19.3 -999.9 0.0 0.0 134.0 135.5 168.5 168.5 13.2 7.4 89.0 67.0 29.0 Bento_Gonçalves_-_Cidade_Alta_(701_m) -999.9 -999.9 1016.53 1008.2 1009.3 10.2 5.2 -999.9 Rio_Grande_do_Sul WU UTC_2026-09-22_07:49 0.0 -999.9
-29.170300 -51.516102 IBENTOGO2 2026-09-22_04:54 8.3 -999.9 -999.9 82.0 -999.9 -999.9 5.4 -999.9 -999.9 1009.3 -999.9 -999.9 8.1 165 20.9 -999.9 0.0 0.0 134.0 135.5 168.5 168.5 13.2 7.4 89.0 67.0 29.0 Bento_Gonçalves_-_Cidade_Alta_(701_m) -999.9 -999.9 1016.53 1008.2 1009.3 10.2 5.2 -999.9 Rio_Grande_do_Sul WU UTC_2026-09-22_07:54 0.0 -999.9
-29.170300 -51.516102 IBENTOGO2 2026-09-22_04:59 8.3 -999.9 -999.9 82.0 -999.9 -999.9 5.4 -999.9 -999.9 1009.3 -999.9 -999.9 6.1 192 20.9 -999.9 0.0 0.0 134.0 135.5 168.5 168.5 13.2 7.4 89.0 67.0 29.0 Bento_Gonçalves_-_Cidade_Alta_(701_m) -999.9 -999.9 1016.53 1008.2 1009.3 10.2 5.2 -999.9 Rio_Grande_do_Sul WU UTC_2026-09-22_07:59 0.0 -999.9
-29.170300 -51.516102 IBENTOGO2 2026-09-22_05:04 8.3 -999.9 -999.9 82.0 -999.9 -999.9 5.4 -999.9 -999.9 1009.4 -999.9 -999.9 7.9 174 19.3 -999.9 0.0 0.0 134.0 135.5 168.5 168.5 13.2 7.4 89.0 67.0 29.0 Bento_Gonçalves_-_Cidade_Alta_(701_m) -999.9 -999.9 1016.53 1008.2 1009.4 10.2 5.2 -999.9 Rio_Grande_do_Sul WU UTC_2026-09-22_08:04 0.0 -999.9
-29.170300 -51.516102 IBENTOGO2 2026-09-22_05:09 8.2 -999.9 -999.9 82.0 -999.9 -999.9 5.3 -999.9 -999.9 1009.3 -999.9 -999.9 8.2 203 19.3 -999.9 0.0 0.0 134.0 135.5 168.5 168.5 13.2 7.4 89.0 67.0 29.0 Bento_Gonçalves_-_Cidade_Alta_(701_m) -999.9 -999.9 1016.53 1008.2 1009.3 10.2 5.2 -999.9 Rio_Grande_do_Sul WU UTC_2026-09-22_08:09 0.0 -999.9
-29.170300 -51.516102 IBENTOGO2 2026-09-22_05:14 8.1 -999.9 -999.9 82.2 -999.9 -999.9 5.3 -999.9 -999.9 1009.4 -999.9 -999.9 7.9 182 22.5 -999.9 0.0 0.0 134.0 135.5 168.5 168.5 13.2 7.4 89.0 67.0 29.0 Bento_Gonçalves_-_Cidade_Alta_(701_m) -999.9 -999.9 1016.53 1008.2 1009.4 10.2 5.2 -999.9 Rio_Grande_do_Sul WU UTC_2026-09-22_08:14 0.0 -999.9
-29.170300 -51.516102 IBENTOGO2 2026-09-22_05:19 8.2 -999.9 -999.9 83.0 -999.9 -999.9 5.4 -999.9 -999.9 1009.6 -999.9 -999.9 6.4 140 22.5 -999.9 0.0 0.0 134.0 135.5 168.5 168.5 13.2 7.4 89.0 67.0 29.0 Bento_Gonçalves_-_Cidade_Alta_(701_m) -999.9 -999.9 1016.53 1008.2 1009.6 10.2 5.2 -999.9 Rio_Grande_do_Sul WU UTC_2026-09-22_08:19 0.0 -999.9
-29.170300 -51.516102 IBENTOGO2 2026-09-22_05:24 8.1 -999.9 -999.9 84.3 -999.9 -999.9 5.6 -999.9 -999.9 1009.7 -999.9 -999.9 7.5 179 24.1 -999.9 0.0 0.0 134.0 135.5 168.5 168.5 13.2 7.4 89.0 67.0 29.0 Bento_Gonçalves_-_Cidade_Alta_(701_m) -999.9 -999.9 1016.53 1008.2 1009.7 10.2 5.2 -999.9 Rio_Grande_do_Sul WU UTC_2026-09-22_08:24 0.0 -999.9
-29.170300 -51.516102 IBENTOGO2 2026-09-22_05:29 8.0 -999.9 -999.9 86.1 -999.9 -999.9 5.8 -999.9 -999.9 1009.8 -999.9 -999.9 6.4 187 24.1 -999.9 0.0 0.0 134.0 135.5 168.5 168.5 13.2 7.4 89.0 67.0 29.0 Bento_Gonçalves_-_Cidade_Alta_(701_m) -999.9 -999.9 1016.53 1008.2 1009.8 10.2 5.2 -999.9 Rio_Grande_do_Sul WU UTC_2026-09-22_08:29 0.0 -999.9
-29.170300 -51.516102 IBENTOGO2 2026-09-22_05:34 8.0 -999.9 -999.9 87.6 -999.9 -999.9 6.0 -999.9 -999.9 1009.8 -999.9 -999.9 7.6 174 22.5 -999.9 0.0 0.0 134.0 135.5 168.5 168.5 13.2 7.4 89.0 67.0 29.0 Bento_Gonçalves_-_Cidade_Alta_(701_m) -999.9 -999.9 1016.53 1008.2 1009.8 10.2 5.2 -999.9 Rio_Grande_do_Sul WU UTC_2026-09-22_08:34 0.0 -999.9
-29.170300 -51.516102 IBENTOGO2 2026-09-22_05:39 8.0 -999.9 -999.9 88.7 -999.9 -999.9 6.2 -999.9 -999.9 1009.9 -999.9 -999.9 8.4 194 22.5 -999.9 0.0 0.0 134.0 135.5 168.5 168.5 13.2 7.4 89.0 67.0 29.0 Bento_Gonçalves_-_Cidade_Alta_(701_m) -999.9 -999.9 1016.53 1008.2 1009.9 10.2 5.2 -999.9 Rio_Grande_do_Sul WU UTC_2026-09-22_08:39 0.0 -999.9
-29.170300 -51.516102 IBENTOGO2 2026-09-22_05:44 8.0 -999.9 -999.9 89.0 -999.9 -999.9 6.2 -999.9 -999.9 1010.0 -999.9 -999.9 6.1 153 20.9 -999.9 0.0 0.0 134.0 135.5 168.5 168.5 13.2 7.4 89.0 67.0 29.0 Bento_Gonçalves_-_Cidade_Alta_(701_m) -999.9 -999.9 1016.53 1008.2 1010.0 10.2 5.2 -999.9 Rio_Grande_do_Sul WU UTC_2026-09-22_08:44 0.0 -999.9
-29.170300 -51.516102 IBENTOGO2 2026-09-22_05:49 7.9 -999.9 -999.9 89.0 -999.9 -999.9 6.2 -999.9 -999.9 1010.2 -999.9 -999.9 6.4 174 20.9 -999.9 0.0 0.0 134.0 135.5 168.5 168.5 13.2 7.4 89.0 67.0 29.0 Bento_Gonçalves_-_Cidade_Alta_(701_m) -999.9 -999.9 1016.53 1008.2 1010.2 10.2 5.2 -999.9 Rio_Grande_do_Sul WU UTC_2026-09-22_08:49 0.0 -999.9
-29.170300 -51.516102 IBENTOGO2 2026-09-22_05:54 7.8 -999.9 -999.9 89.0 -999.9 -999.9 6.1 -999.9 -999.9 1010.2 -999.9 -999.9 7.6 223 17.7 -999.9 0.0 0.0 134.0 135.5 168.5 168.5 13.2 7.4 89.0 67.0 29.0 Bento_Gonçalves_-_Cidade_Alta_(701_m) -999.9 -999.9 1016.53 1008.2 1010.2 10.2 5.2 -999.9 Rio_Grande_do_Sul WU UTC_2026-09-22_08:54 0.0 -999.9
-29.170300 -51.516102 IBENTOGO2 2026-09-22_05:59 7.7 -999.9 -999.9 89.0 -999.9 -999.9 6.0 -999.9 -999.9 1010.2 -999.9 -999.9 8.0 214 22.5 -999.9 0.0 0.0 134.0 135.5 168.5 168.5 13.2 7.4 89.0 67.0 29.0 Bento_Gonçalves_-_Cidade_Alta_(701_m) -999.9 -999.9 1016.53 1008.2 1010.2 10.2 5.2 -999.9 Rio_Grande_do_Sul WU UTC_2026-09-22_08:59 0.0 -999.9
-29.170300 -51.516102 IBENTOGO2 2026-09-22_06:04 7.7 -999.9 -999.9 89.0 -999.9 -999.9 6.0 -999.9 -999.9 1010.3 -999.9 -999.9 6.1 196 22.5 -999.9 0.0 0.0 134.0 135.5 168.5 168.5 13.2 7.4 89.0 67.0 29.0 Bento_Gonçalves_-_Cidade_Alta_(701_m) -999.9 -999.9 1016.53 1008.2 1010.3 10.2 5.2 -999.9 Rio_Grande_do_Sul WU UTC_2026-09-22_09:04 0.0 -999.9
-29.170300 -51.516102 IBENTOGO2 2026-09-22_06:09 7.6 -999.9 -999.9 88.8 -999.9 -999.9 5.9 -999.9 -999.9 1010.4 -999.9 -999.9 4.7 148 14.5 -999.9 0.0 0.0 134.0 135.5 168.5 168.5 13.2 7.4 89.0 67.0 29.0 Bento_Gonçalves_-_Cidade_Alta_(701_m) -999.9 -999.9 1016.53 1008.2 1010.4 10.2 5.2 -999.9 Rio_Grande_do_Sul WU UTC_2026-09-22_09:09 0.0 -999.9
-29.170300 -51.516102 IBENTOGO2 2026-09-22_06:14 7.6 -999.9 -999.9 88.1 -999.9 -999.9 5.8 -999.9 -999.9 1010.4 -999.9 -999.9 4.5 136 12.9 -999.9 0.0 0.0 134.0 135.5 168.5 168.5 13.2 7.4 89.0 67.0 29.0 Bento_Gonçalves_-_Cidade_Alta_(701_m) -999.9 -999.9 1016.53 1008.2 1010.4 10.2 5.2 -999.9 Rio_Grande_do_Sul WU UTC_2026-09-22_09:14 0.0 -999.9
-29.170300 -51.516102 IBENTOGO2 2026-09-22_06:19 7.6 -999.9 -999.9 88.3 -999.9 -999.9 5.8 -999.9 -999.9 1010.4 -999.9 -999.9 6.2 198 14.5 -999.9 0.0 0.0 134.0 135.5 168.5 168.5 13.2 7.4 89.0 67.0 29.0 Bento_Gonçalves_-_Cidade_Alta_(701_m) -999.9 -999.9 1016.53 1008.2 1010.4 10.2 5.2 -999.9 Rio_Grande_do_Sul WU UTC_2026-09-22_09:19 0.0 -999.9
-29.170300 -51.516102 IBENTOGO2 2026-09-22_06:24 7.6 -999.9 -999.9 88.2 -999.9 -999.9 5.7 -999.9 -999.9 1010.5 -999.9 -999.9 6.7 199 17.7 -999.9 0.0 0.0 134.0 135.5 168.5 168.5 13.2 7.4 89.0 67.0 29.0 Bento_Gonçalves_-_Cidade_Alta_(701_m) -999.9 -999.9 1016.53 1008.2 1010.5 10.2 5.2 -999.9 Rio_Grande_do_Sul WU UTC_2026-09-22_09:24 0.0 -999.9
-29.170300 -51.516102 IBENTOGO2 2026-09-22_06:29 7.5 -999.9 -999.9 88.2 -999.9 -999.9 5.7 -999.9 -999.9 1010.5 -999.9 -999.9 8.0 211 17.7 -999.9 0.0 0.0 134.0 135.5 168.5 168.5 13.2 7.4 89.0 67.0 29.0 Bento_Gonçalves_-_Cidade_Alta_(701_m) -999.9 -999.9 1016.53 1008.2 1010.5 10.2 5.2 -999.9 Rio_Grande_do_Sul WU UTC_2026-09-22_09:29 0.0 -999.9
-29.170300 -51.516102 IBENTOGO2 2026-09-22_06:34 7.5 -999.9 -999.9 88.0 -999.9 -999.9 5.7 -999.9 -999.9 1010.6 -999.9 -999.9 6.5 213 19.3 -999.9 0.0 0.0 134.0 135.5 168.5 168.5 13.2 7.4 89.0 67.0 29.0 Bento_Gonçalves_-_Cidade_Alta_(701_m) -999.9 -999.9 1016.53 1008.2 1010.6 10.2 5.2 -999.9 Rio_Grande_do_Sul WU UTC_2026-09-22_09:34 0.0 -999.9
-29.170300 -51.516102 IBENTOGO2 2026-09-22_06:39 7.4 -999.9 -999.9 88.0 -999.9 -999.9 5.6 -999.9 -999.9 1010.8 -999.9 -999.9 5.4 218 19.3 -999.9 0.0 0.0 134.0 135.5 168.5 168.5 13.2 7.4 89.0 67.0 29.0 Bento_Gonçalves_-_Cidade_Alta_(701_m) -999.9 -999.9 1016.53 1008.2 1010.8 10.2 5.2 -999.9 Rio_Grande_do_Sul WU UTC_2026-09-22_09:39 0.0 -999.9
-29.170300 -51.516102 IBENTOGO2 2026-09-22_06:44 7.4 -999.9 -999.9 88.0 -999.9 -999.9 5.6 -999.9 -999.9 1010.9 -999.9 -999.9 5.2 179 14.5 -999.9 0.0 0.0 134.0 135.5 168.5 168.5 13.2 7.4 89.0 67.0 29.0 Bento_Gonçalves_-_Cidade_Alta_(701_m) -999.9 -999.9 1016.53 1008.2 1010.9 10.2 5.2 -999.9 Rio_Grande_do_Sul WU UTC_2026-09-22_09:44 0.0 -999.9
-29.170300 -51.516102 IBENTOGO2 2026-09-22_06:49 7.4 -999.9 -999.9 88.0 -999.9 -999.9 5.6 -999.9 -999.9 1011.0 -999.9 -999.9 4.2 166 14.5 -999.9 0.0 0.0 134.0 135.5 168.5 168.5 13.2 7.4 89.0 67.0 29.0 Bento_Gonçalves_-_Cidade_Alta_(701_m) -999.9 -999.9 1016.53 1008.2 1011.0 10.2 5.2 -999.9 Rio_Grande_do_Sul WU UTC_2026-09-22_09:49 0.0 -999.9
-29.170300 -51.516102 IBENTOGO2 2026-09-22_06:54 7.5 -999.9 -999.9 88.0 -999.9 -999.9 5.7 -999.9 -999.9 1011.2 -999.9 -999.9 5.7 167 17.7 -999.9 0.0 0.0 134.0 135.5 168.5 168.5 13.2 7.4 89.0 67.0 29.0 Bento_Gonçalves_-_Cidade_Alta_(701_m) -999.9 -999.9 1016.53 1008.2 1011.2 10.2 5.2 -999.9 Rio_Grande_do_Sul WU UTC_2026-09-22_09:54 0.0 -999.9
-29.170300 -51.516102 IBENTOGO2 2026-09-22_06:59 7.5 -999.9 -999.9 88.0 -999.9 -999.9 5.7 -999.9 -999.9 1011.3 -999.9 -999.9 7.1 197 20.9 -999.9 0.0 0.0 134.0 135.5 168.5 168.5 13.2 7.4 89.0 67.0 29.0 Bento_Gonçalves_-_Cidade_Alta_(701_m) -999.9 -999.9 1016.53 1008.2 1011.3 10.2 5.2 -999.9 Rio_Grande_do_Sul WU UTC_2026-09-22_09:59 0.0 -999.9
-29.170300 -51.516102 IBENTOGO2 2026-09-22_07:04 7.6 -999.9 -999.9 87.8 -999.9 -999.9 5.8 -999.9 -999.9 1011.5 -999.9 -999.9 8.0 189 22.5 -999.9 0.0 0.0 134.0 135.5 168.5 168.5 13.2 7.4 89.0 67.0 29.0 Bento_Gonçalves_-_Cidade_Alta_(701_m) -999.9 -999.9 1016.53 1008.2 1011.5 10.2 5.2 -999.9 Rio_Grande_do_Sul WU UTC_2026-09-22_10:04 0.0 -999.9
-29.170300 -51.516102 IBENTOGO2 2026-09-22_07:09 7.7 -999.9 -999.9 87.0 -999.9 -999.9 5.7 -999.9 -999.9 1011.7 -999.9 -999.9 6.9 202 22.5 -999.9 0.0 0.0 134.0 135.5 168.5 168.5 13.2 7.4 89.0 67.0 29.0 Bento_Gonçalves_-_Cidade_Alta_(701_m) -999.9 -999.9 1016.53 1008.2 1011.7 10.2 5.2 -999.9 Rio_Grande_do_Sul WU UTC_2026-09-22_10:09 0.0 -999.9
-29.170300 -51.516102 IBENTOGO2 2026-09-22_07:14 7.8 -999.9 -999.9 86.9 -999.9 -999.9 5.8 -999.9 -999.9 1011.8 -999.9 -999.9 6.0 207 16.1 -999.9 0.0 0.0 134.0 135.5 168.5 168.5 13.2 7.4 89.0 67.0 29.0 Bento_Gonçalves_-_Cidade_Alta_(701_m) -999.9 -999.9 1016.53 1008.2 1011.8 10.2 5.2 -999.9 Rio_Grande_do_Sul WU UTC_2026-09-22_10:14 0.0 -999.9
-29.170300 -51.516102 IBENTOGO2 2026-09-22_07:19 7.9 -999.9 -999.9 86.9 -999.9 -999.9 5.8 -999.9 -999.9 1012.0 -999.9 -999.9 5.7 144 14.5 -999.9 0.0 0.0 134.0 135.5 168.5 168.5 13.2 7.4 89.0 67.0 29.0 Bento_Gonçalves_-_Cidade_Alta_(701_m) -999.9 -999.9 1016.53 1008.2 1012.0 10.2 5.2 -999.9 Rio_Grande_do_Sul WU UTC_2026-09-22_10:19 0.0 -999.9
-29.170300 -51.516102 IBENTOGO2 2026-09-22_07:24 8.0 -999.9 -999.9 87.0 -999.9 -999.9 6.0 -999.9 -999.9 1012.1 -999.9 -999.9 5.6 178 14.5 -999.9 0.0 0.0 134.0 135.5 168.5 168.5 13.2 7.4 89.0 67.0 29.0 Bento_Gonçalves_-_Cidade_Alta_(701_m) -999.9 -999.9 1016.53 1008.2 1012.1 10.2 5.2 -999.9 Rio_Grande_do_Sul WU UTC_2026-09-22_10:24 0.0 -999.9
-29.170300 -51.516102 IBENTOGO2 2026-09-22_07:29 8.2 -999.9 -999.9 86.0 -999.9 -999.9 5.9 -999.9 -999.9 1012.2 -999.9 -999.9 3.6 165 14.5 -999.9 0.0 0.0 134.0 135.5 168.5 168.5 13.2 7.4 89.0 67.0 29.0 Bento_Gonçalves_-_Cidade_Alta_(701_m) -999.9 -999.9 1016.53 1008.2 1012.2 10.2 5.2 -999.9 Rio_Grande_do_Sul WU UTC_2026-09-22_10:29 0.0 -999.9
-29.170300 -51.516102 IBENTOGO2 2026-09-22_07:34 8.3 -999.9 -999.9 86.0 -999.9 -999.9 6.1 -999.9 -999.9 1012.3 -999.9 -999.9 3.8 140 9.7 -999.9 0.0 0.0 134.0 135.5 168.5 168.5 13.2 7.4 89.0 67.0 29.0 Bento_Gonçalves_-_Cidade_Alta_(701_m) -999.9 -999.9 1016.53 1008.2 1012.3 10.2 5.2 -999.9 Rio_Grande_do_Sul WU UTC_2026-09-22_10:34 0.0 -999.9
-29.170300 -51.516102 IBENTOGO2 2026-09-22_07:39 8.5 -999.9 -999.9 86.2 -999.9 -999.9 6.3 -999.9 -999.9 1012.3 -999.9 -999.9 4.9 158 12.9 -999.9 0.0 0.0 134.0 135.5 168.5 168.5 13.2 7.4 89.0 67.0 29.0 Bento_Gonçalves_-_Cidade_Alta_(701_m) -999.9 -999.9 1016.53 1008.2 1012.3 10.2 5.2 -999.9 Rio_Grande_do_Sul WU UTC_2026-09-22_10:39 0.0 -999.9
-29.170300 -51.516102 IBENTOGO2 2026-09-22_07:44 8.4 -999.9 -999.9 86.0 -999.9 -999.9 6.2 -999.9 -999.9 1012.4 -999.9 -999.9 4.7 167 19.3 -999.9 0.0 0.0 134.0 135.5 168.5 168.5 13.2 7.4 89.0 67.0 29.0 Bento_Gonçalves_-_Cidade_Alta_(701_m) -999.9 -999.9 1016.53 1008.2 1012.4 10.2 5.2 -999.9 Rio_Grande_do_Sul WU UTC_2026-09-22_10:44 0.0 -999.9
-29.170300 -51.516102 IBENTOGO2 2026-09-22_07:49 8.4 -999.9 -999.9 86.0 -999.9 -999.9 6.1 -999.9 -999.9 1012.6 -999.9 -999.9 5.2 194 19.3 -999.9 0.0 0.0 134.0 135.5 168.5 168.5 13.2 7.4 89.0 67.0 29.0 Bento_Gonçalves_-_Cidade_Alta_(701_m) -999.9 -999.9 1016.53 1008.2 1012.6 10.2 5.2 -999.9 Rio_Grande_do_Sul WU UTC_2026-09-22_10:49 0.0 -999.9
-29.170300 -51.516102 IBENTOGO2 2026-09-22_07:54 8.3 -999.9 -999.9 86.2 -999.9 -999.9 6.1 -999.9 -999.9 1012.8 -999.9 -999.9 6.8 184 16.1 -999.9 0.0 0.0 134.0 135.5 168.5 168.5 13.2 7.4 89.0 67.0 29.0 Bento_Gonçalves_-_Cidade_Alta_(701_m) -999.9 -999.9 1016.53 1008.2 1012.8 10.2 5.2 -999.9 Rio_Grande_do_Sul WU UTC_2026-09-22_10:54 0.0 -999.9
-29.170300 -51.516102 IBENTOGO2 2026-09-22_07:59 8.2 -999.9 -999.9 86.0 -999.9 -999.9 6.0 -999.9 -999.9 1012.9 -999.9 -999.9 6.8 171 19.3 -999.9 0.0 0.0 134.0 135.5 168.5 168.5 13.2 7.4 89.0 67.0 29.0 Bento_Gonçalves_-_Cidade_Alta_(701_m) -999.9 -999.9 1016.53 1008.2 1012.9 10.2 5.2 -999.9 Rio_Grande_do_Sul WU UTC_2026-09-22_10:59 0.0 -999.9
-29.170300 -51.516102 IBENTOGO2 2026-09-22_08:04 8.2 -999.9 -999.9 86.0 -999.9 -999.9 5.9 -999.9 -999.9 1013.0 -999.9 -999.9 5.4 171 19.3 -999.9 0.0 0.0 134.0 135.5 168.5 168.5 13.2 7.4 89.0 67.0 29.0 Bento_Gonçalves_-_Cidade_Alta_(701_m) -999.9 -999.9 1016.53 1008.2 1013.0 10.2 5.2 -999.9 Rio_Grande_do_Sul WU UTC_2026-09-22_11:04 0.0 -999.9
-29.170300 -51.516102 IBENTOGO2 2026-09-22_08:09 8.2 -999.9 -999.9 86.0 -999.9 -999.9 5.9 -999.9 -999.9 1013.1 -999.9 -999.9 5.3 187 16.1 -999.9 0.0 0.0 134.0 135.5 168.5 168.5 13.2 7.4 89.0 67.0 29.0 Bento_Gonçalves_-_Cidade_Alta_(701_m) -999.9 -999.9 1016.53 1008.2 1013.1 10.2 5.2 -999.9 Rio_Grande_do_Sul WU UTC_2026-09-22_11:09 0.0 -999.9
-29.170300 -51.516102 IBENTOGO2 2026-09-22_08:14 8.2 -999.9 -999.9 86.0 -999.9 -999.9 6.0 -999.9 -999.9 1013.3 -999.9 -999.9 9.2 196 24.1 -999.9 0.0 0.0 134.0 135.5 168.5 168.5 13.2 7.4 89.0 67.0 29.0 Bento_Gonçalves_-_Cidade_Alta_(701_m) -999.9 -999.9 1016.53 1008.2 1013.3 10.2 5.2 -999.9 Rio_Grande_do_Sul WU UTC_2026-09-22_11:14 0.0 -999.9
-29.170300 -51.516102 IBENTOGO2 2026-09-22_08:19 8.2 -999.9 -999.9 86.0 -999.9 -999.9 6.0 -999.9 -999.9 1013.3 -999.9 -999.9 6.2 153 24.1 -999.9 0.0 0.0 134.0 135.5 168.5 168.5 13.2 7.4 89.0 67.0 29.0 Bento_Gonçalves_-_Cidade_Alta_(701_m) -999.9 -999.9 1016.53 1008.2 1013.3 10.2 5.2 -999.9 Rio_Grande_do_Sul WU UTC_2026-09-22_11:19 0.0 -999.9
-29.170300 -51.516102 IBENTOGO2 2026-09-22_08:24 8.4 -999.9 -999.9 86.0 -999.9 -999.9 6.1 -999.9 -999.9 1013.4 -999.9 -999.9 5.5 151 20.9 -999.9 0.0 0.0 134.0 135.5 168.5 168.5 13.2 7.4 89.0 67.0 29.0 Bento_Gonçalves_-_Cidade_Alta_(701_m) -999.9 -999.9 1016.53 1008.2 1013.4 10.2 5.2 -999.9 Rio_Grande_do_Sul WU UTC_2026-09-22_11:24 0.0 -999.9
-29.170300 -51.516102 IBENTOGO2 2026-09-22_08:29 8.6 -999.9 -999.9 86.0 -999.9 -999.9 6.4 -999.9 -999.9 1013.5 -999.9 -999.9 5.9 144 16.1 -999.9 0.0 0.0 134.0 135.5 168.5 168.5 13.2 7.4 89.0 67.0 29.0 Bento_Gonçalves_-_Cidade_Alta_(701_m) -999.9 -999.9 1016.53 1008.2 1013.5 10.2 5.2 -999.9 Rio_Grande_do_Sul WU UTC_2026-09-22_11:29 0.0 -999.9
-29.170300 -51.516102 IBENTOGO2 2026-09-22_08:34 8.8 -999.9 -999.9 85.5 -999.9 -999.9 6.5 -999.9 -999.9 1013.5 -999.9 -999.9 3.9 115 16.1 -999.9 0.0 0.0 134.0 135.5 168.5 168.5 13.2 7.4 89.0 67.0 29.0 Bento_Gonçalves_-_Cidade_Alta_(701_m) -999.9 -999.9 1016.53 1008.2 1013.5 10.2 5.2 -999.9 Rio_Grande_do_Sul WU UTC_2026-09-22_11:34 0.0 -999.9
-29.170300 -51.516102 IBENTOGO2 2026-09-22_08:39 8.9 -999.9 -999.9 85.5 -999.9 -999.9 6.6 -999.9 -999.9 1013.5 -999.9 -999.9 6.4 244 17.7 -999.9 0.0 0.0 134.0 135.5 168.5 168.5 13.2 7.4 89.0 67.0 29.0 Bento_Gonçalves_-_Cidade_Alta_(701_m) -999.9 -999.9 1016.53 1008.2 1013.5 10.2 5.2 -999.9 Rio_Grande_do_Sul WU UTC_2026-09-22_11:39 0.0 -999.9
-29.170300 -51.516102 IBENTOGO2 2026-09-22_08:44 9.1 -999.9 -999.9 85.0 -999.9 -999.9 6.7 -999.9 -999.9 1013.5 -999.9 -999.9 4.6 227 17.7 -999.9 0.0 0.0 134.0 135.5 168.5 168.5 13.2 7.4 89.0 67.0 29.0 Bento_Gonçalves_-_Cidade_Alta_(701_m) -999.9 -999.9 1016.53 1008.2 1013.5 10.2 5.2 -999.9 Rio_Grande_do_Sul WU UTC_2026-09-22_11:44 0.0 -999.9
-29.170300 -51.516102 IBENTOGO2 2026-09-22_08:49 9.0 -999.9 -999.9 83.9 -999.9 -999.9 6.5 -999.9 -999.9 1013.5 -999.9 -999.9 6.0 220 16.1 -999.9 0.0 0.0 134.0 135.5 168.5 168.5 13.2 7.4 89.0 67.0 29.0 Bento_Gonçalves_-_Cidade_Alta_(701_m) -999.9 -999.9 1016.53 1008.2 1013.5 10.2 5.2 -999.9 Rio_Grande_do_Sul WU UTC_2026-09-22_11:49 0.0 -999.9
-29.170300 -51.516102 IBENTOGO2 2026-09-22_08:54 8.9 -999.9 -999.9 83.7 -999.9 -999.9 6.3 -999.9 -999.9 1013.5 -999.9 -999.9 7.7 144 24.1 -999.9 0.0 0.0 134.0 135.5 168.5 168.5 13.2 7.4 89.0 67.0 29.0 Bento_Gonçalves_-_Cidade_Alta_(701_m) -999.9 -999.9 1016.53 1008.2 1013.5 10.2 5.2 -999.9 Rio_Grande_do_Sul WU UTC_2026-09-22_11:54 0.0 -999.9
-29.170300 -51.516102 IBENTOGO2 2026-09-22_08:59 8.9 -999.9 -999.9 83.0 -999.9 -999.9 6.2 -999.9 -999.9 1013.6 -999.9 -999.9 8.4 199 24.1 -999.9 0.0 0.0 134.0 135.5 168.5 168.5 13.2 7.4 89.0 67.0 29.0 Bento_Gonçalves_-_Cidade_Alta_(701_m) -999.9 -999.9 1016.53 1008.2 1013.6 10.2 5.2 -999.9 Rio_Grande_do_Sul WU UTC_2026-09-22_11:59 0.0 -999.9
-29.170300 -51.516102 IBENTOGO2 2026-09-22_09:04 8.9 -999.9 -999.9 83.0 -999.9 -999.9 6.2 -999.9 -999.9 1013.6 -999.9 -999.9 5.5 191 22.5 -999.9 0.0 0.0 134.0 135.5 168.5 168.5 13.2 7.4 89.0 67.0 29.0 Bento_Gonçalves_-_Cidade_Alta_(701_m) -999.9 -999.9 1016.53 1008.2 1013.6 10.2 5.2 -999.9 Rio_Grande_do_Sul WU UTC_2026-09-22_12:04 0.0 -999.9
-29.170300 -51.516102 IBENTOGO2 2026-09-22_09:09 9.1 -999.9 -999.9 83.0 -999.9 -999.9 6.3 -999.9 -999.9 1013.6 -999.9 -999.9 6.9 191 17.7 -999.9 0.0 0.0 134.0 135.5 168.5 168.5 13.2 7.4 89.0 67.0 29.0 Bento_Gonçalves_-_Cidade_Alta_(701_m) -999.9 -999.9 1016.53 1008.2 1013.6 10.2 5.2 -999.9 Rio_Grande_do_Sul WU UTC_2026-09-22_12:09 0.0 -999.9
-29.170300 -51.516102 IBENTOGO2 2026-09-22_09:14 9.3 -999.9 -999.9 82.5 -999.9 -999.9 6.5 -999.9 -999.9 1013.7 -999.9 -999.9 5.7 162 17.7 -999.9 0.0 0.0 134.0 135.5 168.5 168.5 13.2 7.4 89.0 67.0 29.0 Bento_Gonçalves_-_Cidade_Alta_(701_m) -999.9 -999.9 1016.53 1008.2 1013.7 10.2 5.2 -999.9 Rio_Grande_do_Sul WU UTC_2026-09-22_12:14 0.0 -999.9
-29.170300 -51.516102 IBENTOGO2 2026-09-22_09:19 9.6 -999.9 -999.9 81.9 -999.9 -999.9 6.6 -999.9 -999.9 1013.7 -999.9 -999.9 7.0 169 16.1 -999.9 0.0 0.0 134.0 135.5 168.5 168.5 13.2 7.4 89.0 67.0 29.0 Bento_Gonçalves_-_Cidade_Alta_(701_m) -999.9 -999.9 1016.53 1008.2 1013.7 10.2 5.2 -999.9 Rio_Grande_do_Sul WU UTC_2026-09-22_12:19 0.0 -999.9
-29.170300 -51.516102 IBENTOGO2 2026-09-22_09:24 9.9 -999.9 -999.9 80.9 -999.9 -999.9 6.8 -999.9 -999.9 1013.7 -999.9 -999.9 5.0 147 22.5 -999.9 0.0 0.0 134.0 135.5 168.5 168.5 13.2 7.4 89.0 67.0 29.0 Bento_Gonçalves_-_Cidade_Alta_(701_m) -999.9 -999.9 1016.53 1008.2 1013.7 10.2 5.2 -999.9 Rio_Grande_do_Sul WU UTC_2026-09-22_12:24 0.0 -999.9
-29.170300 -51.516102 IBENTOGO2 2026-09-22_09:29 10.4 -999.9 -999.9 79.6 -999.9 -999.9 7.0 -999.9 -999.9 1013.8 -999.9 -999.9 4.3 165 22.5 -999.9 0.0 0.0 134.0 135.5 168.5 168.5 13.2 7.4 89.0 67.0 29.0 Bento_Gonçalves_-_Cidade_Alta_(701_m) -999.9 -999.9 1016.53 1008.2 1013.8 10.2 5.2 -999.9 Rio_Grande_do_Sul WU UTC_2026-09-22_12:29 0.0 -999.9
-29.170300 -51.516102 IBENTOGO2 2026-09-22_09:34 10.3 -999.9 -999.9 78.8 -999.9 -999.9 6.8 -999.9 -999.9 1013.7 -999.9 -999.9 5.4 250 16.1 -999.9 0.0 0.0 134.0 135.5 168.5 168.5 13.2 7.4 89.0 67.0 29.0 Bento_Gonçalves_-_Cidade_Alta_(701_m) -999.9 -999.9 1016.53 1008.2 1013.7 10.2 5.2 -999.9 Rio_Grande_do_Sul WU UTC_2026-09-22_12:34 0.0 -999.9
-29.170300 -51.516102 IBENTOGO2 2026-09-22_09:39 10.2 -999.9 -999.9 79.1 -999.9 -999.9 6.7 -999.9 -999.9 1013.7 -999.9 -999.9 4.0 150 16.1 -999.9 0.0 0.0 134.0 135.5 168.5 168.5 13.2 7.4 89.0 67.0 29.0 Bento_Gonçalves_-_Cidade_Alta_(701_m) -999.9 -999.9 1016.53 1008.2 1013.7 10.2 5.2 -999.9 Rio_Grande_do_Sul WU UTC_2026-09-22_12:39 0.0 -999.9
-29.170300 -51.516102 IBENTOGO2 2026-09-22_09:44 10.1 -999.9 -999.9 78.4 -999.9 -999.9 6.5 -999.9 -999.9 1013.8 -999.9 -999.9 8.7 254 17.7 -999.9 0.0 0.0 134.0 135.5 168.5 168.5 13.2 7.4 89.0 67.0 29.0 Bento_Gonçalves_-_Cidade_Alta_(701_m) -999.9 -999.9 1016.53 1008.2 1013.8 10.2 5.2 -999.9 Rio_Grande_do_Sul WU UTC_2026-09-22_12:44 0.0 -999.9
-29.170300 -51.516102 IBENTOGO2 2026-09-22_09:49 9.8 -999.9 -999.9 78.7 -999.9 -999.9 6.2 -999.9 -999.9 1013.8 -999.9 -999.9 7.4 263 17.7 -999.9 0.0 0.0 134.0 135.5 168.5 168.5 13.2 7.4 89.0 67.0 29.0 Bento_Gonçalves_-_Cidade_Alta_(701_m) -999.9 -999.9 1016.53 1008.2 1013.8 10.2 5.2 -999.9 Rio_Grande_do_Sul WU UTC_2026-09-22_12:49 0.0 -999.9
-29.170300 -51.516102 IBENTOGO2 2026-09-22_09:54 9.7 -999.9 -999.9 78.4 -999.9 -999.9 6.1 -999.9 -999.9 1013.9 -999.9 -999.9 8.1 266 17.7 -999.9 0.0 0.0 134.0 135.5 168.5 168.5 13.2 7.4 89.0 67.0 29.0 Bento_Gonçalves_-_Cidade_Alta_(701_m) -999.9 -999.9 1016.53 1008.2 1013.9 10.2 5.2 -999.9 Rio_Grande_do_Sul WU UTC_2026-09-22_12:54 0.0 -999.9
-29.170300 -51.516102 IBENTOGO2 2026-09-22_09:59 9.7 -999.9 -999.9 79.7 -999.9 -999.9 6.4 -999.9 -999.9 1014.0 -999.9 -999.9 3.6 230 17.7 -999.9 0.0 0.0 134.0 135.5 168.5 168.5 13.2 7.4 89.0 67.0 29.0 Bento_Gonçalves_-_Cidade_Alta_(701_m) -999.9 -999.9 1016.53 1008.2 1014.0 10.2 5.2 -999.9 Rio_Grande_do_Sul WU UTC_2026-09-22_12:59 0.0 -999.9
-29.170300 -51.516102 IBENTOGO2 2026-09-22_10:04 9.9 -999.9 -999.9 79.0 -999.9 -999.9 6.5 -999.9 -999.9 1014.0 -999.9 -999.9 5.3 184 14.5 -999.9 0.0 0.0 134.0 135.5 168.5 168.5 13.2 7.4 89.0 67.0 29.0 Bento_Gonçalves_-_Cidade_Alta_(701_m) -999.9 -999.9 1016.53 1008.2 1014.0 10.2 5.2 -999.9 Rio_Grande_do_Sul WU UTC_2026-09-22_13:04 0.0 -999.9
-29.170300 -51.516102 IBENTOGO2 2026-09-22_10:09 10.1 -999.9 -999.9 78.0 -999.9 -999.9 6.4 -999.9 -999.9 1014.0 -999.9 -999.9 5.8 176 14.5 -999.9 0.0 0.0 134.0 135.5 168.5 168.5 13.2 7.4 89.0 67.0 29.0 Bento_Gonçalves_-_Cidade_Alta_(701_m) -999.9 -999.9 1016.53 1008.2 1014.0 10.2 5.2 -999.9 Rio_Grande_do_Sul WU UTC_2026-09-22_13:09 0.0 -999.9
-29.170300 -51.516102 IBENTOGO2 2026-09-22_10:14 10.0 -999.9 -999.9 76.9 -999.9 -999.9 6.2 -999.9 -999.9 1014.1 -999.9 -999.9 4.9 290 14.5 -999.9 0.0 0.0 134.0 135.5 168.5 168.5 13.2 7.4 89.0 67.0 29.0 Bento_Gonçalves_-_Cidade_Alta_(701_m) -999.9 -999.9 1016.53 1008.2 1014.1 10.2 5.2 -999.9 Rio_Grande_do_Sul WU UTC_2026-09-22_13:14 0.0 -999.9
-29.170300 -51.516102 IBENTOGO2 2026-09-22_10:19 10.1 -999.9 -999.9 78.0 -999.9 -999.9 6.5 -999.9 -999.9 1014.1 -999.9 -999.9 5.1 249 16.1 -999.9 0.0 0.0 134.0 135.5 168.5 168.5 13.2 7.4 89.0 67.0 29.0 Bento_Gonçalves_-_Cidade_Alta_(701_m) -999.9 -999.9 1016.53 1008.2 1014.1 10.2 5.2 -999.9 Rio_Grande_do_Sul WU UTC_2026-09-22_13:19 0.0 -999.9
-29.170300 -51.516102 IBENTOGO2 2026-09-22_10:24 10.1 -999.9 -999.9 76.5 -999.9 -999.9 6.2 -999.9 -999.9 1014.2 -999.9 -999.9 10.0 234 22.5 -999.9 0.0 0.0 134.0 135.5 168.5 168.5 13.2 7.4 89.0 67.0 29.0 Bento_Gonçalves_-_Cidade_Alta_(701_m) -999.9 -999.9 1016.53 1008.2 1014.2 10.2 5.2 -999.9 Rio_Grande_do_Sul WU UTC_2026-09-22_13:24 0.0 -999.9
-29.170300 -51.516102 IBENTOGO2 2026-09-22_10:29 10.0 -999.9 -999.9 77.0 -999.9 -999.9 6.2 -999.9 -999.9 1014.3 -999.9 -999.9 7.4 216 22.5 -999.9 0.0 0.0 134.0 135.5 168.5 168.5 13.2 7.4 89.0 67.0 29.0 Bento_Gonçalves_-_Cidade_Alta_(701_m) -999.9 -999.9 1016.53 1008.2 1014.3 10.2 5.2 -999.9 Rio_Grande_do_Sul WU UTC_2026-09-22_13:29 0.0 -999.9
-29.170300 -51.516102 IBENTOGO2 2026-09-22_10:34 10.1 -999.9 -999.9 78.3 -999.9 -999.9 6.5 -999.9 -999.9 1014.4 -999.9 -999.9 7.1 226 22.5 -999.9 0.0 0.0 134.0 135.5 168.5 168.5 13.2 7.4 89.0 67.0 29.0 Bento_Gonçalves_-_Cidade_Alta_(701_m) -999.9 -999.9 1016.53 1008.2 1014.4 10.2 5.2 -999.9 Rio_Grande_do_Sul WU UTC_2026-09-22_13:34 0.0 -999.9
-29.170300 -51.516102 IBENTOGO2 2026-09-22_10:39 10.4 -999.9 -999.9 78.9 -999.9 -999.9 6.9 -999.9 -999.9 1014.5 -999.9 -999.9 4.7 170 22.5 -999.9 0.0 0.0 134.0 135.5 168.5 168.5 13.2 7.4 89.0 67.0 29.0 Bento_Gonçalves_-_Cidade_Alta_(701_m) -999.9 -999.9 1016.53 1008.2 1014.5 10.2 5.2 -999.9 Rio_Grande_do_Sul WU UTC_2026-09-22_13:39 0.0 -999.9
-29.170300 -51.516102 IBENTOGO2 2026-09-22_10:44 10.7 -999.9 -999.9 77.9 -999.9 -999.9 7.0 -999.9 -999.9 1014.4 -999.9 -999.9 3.2 157 14.5 -999.9 0.0 0.0 134.0 135.5 168.5 168.5 13.2 7.4 89.0 67.0 29.0 Bento_Gonçalves_-_Cidade_Alta_(701_m) -999.9 -999.9 1016.53 1008.2 1014.4 10.2 5.2 -999.9 Rio_Grande_do_Sul WU UTC_2026-09-22_13:44 0.0 -999.9
-29.170300 -51.516102 IBENTOGO2 2026-09-22_10:49 11.0 -999.9 -999.9 76.3 -999.9 -999.9 6.9 -999.9 -999.9 1014.4 -999.9 -999.9 3.9 149 12.9 -999.9 0.0 0.0 134.0 135.5 168.5 168.5 13.2 7.4 89.0 67.0 29.0 Bento_Gonçalves_-_Cidade_Alta_(701_m) -999.9 -999.9 1016.53 1008.2 1014.4 10.2 5.2 -999.9 Rio_Grande_do_Sul WU UTC_2026-09-22_13:49 0.0 -999.9
-29.170300 -51.516102 IBENTOGO2 2026-09-22_10:54 10.9 -999.9 -999.9 76.7 -999.9 -999.9 6.9 -999.9 -999.9 1014.4 -999.9 -999.9 4.5 203 17.7 -999.9 0.0 0.0 134.0 135.5 168.5 168.5 13.2 7.4 89.0 67.0 29.0 Bento_Gonçalves_-_Cidade_Alta_(701_m) -999.9 -999.9 1016.53 1008.2 1014.4 10.2 5.2 -999.9 Rio_Grande_do_Sul WU UTC_2026-09-22_13:54 0.0 -999.9
-29.170300 -51.516102 IBENTOGO2 2026-09-22_10:59 10.9 -999.9 -999.9 77.2 -999.9 -999.9 7.0 -999.9 -999.9 1014.3 -999.9 -999.9 3.1 96 17.7 -999.9 0.0 0.0 134.0 135.5 168.5 168.5 13.2 7.4 89.0 67.0 29.0 Bento_Gonçalves_-_Cidade_Alta_(701_m) -999.9 -999.9 1016.53 1008.2 1014.3 10.2 5.2 -999.9 Rio_Grande_do_Sul WU UTC_2026-09-22_13:59 0.0 -999.9
-29.170300 -51.516102 IBENTOGO2 2026-09-22_11:04 11.0 -999.9 -999.9 76.7 -999.9 -999.9 7.1 -999.9 -999.9 1014.3 -999.9 -999.9 4.5 240 14.5 -999.9 0.0 0.0 134.0 135.5 168.5 168.5 13.2 7.4 89.0 67.0 29.0 Bento_Gonçalves_-_Cidade_Alta_(701_m) -999.9 -999.9 1016.53 1008.2 1014.3 10.2 5.2 -999.9 Rio_Grande_do_Sul WU UTC_2026-09-22_14:04 0.0 -999.9
-29.170300 -51.516102 IBENTOGO2 2026-09-22_11:09 10.9 -999.9 -999.9 75.4 -999.9 -999.9 6.7 -999.9 -999.9 1014.3 -999.9 -999.9 9.6 187 19.3 -999.9 0.0 0.0 134.0 135.5 168.5 168.5 13.2 7.4 89.0 67.0 29.0 Bento_Gonçalves_-_Cidade_Alta_(701_m) -999.9 -999.9 1016.53 1008.2 1014.3 10.2 5.2 -999.9 Rio_Grande_do_Sul WU UTC_2026-09-22_14:09 0.0 -999.9
-29.170300 -51.516102 IBENTOGO2 2026-09-22_11:14 10.5 -999.9 -999.9 74.6 -999.9 -999.9 6.2 -999.9 -999.9 1014.4 -999.9 -999.9 6.5 51 19.3 -999.9 0.0 0.0 134.0 135.5 168.5 168.5 13.2 7.4 89.0 67.0 29.0 Bento_Gonçalves_-_Cidade_Alta_(701_m) -999.9 -999.9 1016.53 1008.2 1014.4 10.2 5.2 -999.9 Rio_Grande_do_Sul WU UTC_2026-09-22_14:14 0.0 -999.9
-29.170300 -51.516102 IBENTOGO2 2026-09-22_11:19 10.8 -999.9 -999.9 76.1 -999.9 -999.9 6.7 -999.9 -999.9 1014.3 -999.9 -999.9 3.6 174 16.1 -999.9 0.0 0.0 134.0 135.5 168.5 168.5 13.2 7.4 89.0 67.0 29.0 Bento_Gonçalves_-_Cidade_Alta_(701_m) -999.9 -999.9 1016.53 1008.2 1014.3 10.2 5.2 -999.9 Rio_Grande_do_Sul WU UTC_2026-09-22_14:19 0.0 -999.9
-29.170300 -51.516102 IBENTOGO2 2026-09-22_11:24 10.8 -999.9 -999.9 74.9 -999.9 -999.9 6.5 -999.9 -999.9 1014.3 -999.9 -999.9 8.6 223 24.1 -999.9 0.0 0.0 134.0 135.5 168.5 168.5 13.2 7.4 89.0 67.0 29.0 Bento_Gonçalves_-_Cidade_Alta_(701_m) -999.9 -999.9 1016.53 1008.2 1014.3 10.2 5.2 -999.9 Rio_Grande_do_Sul WU UTC_2026-09-22_14:24 0.0 -999.9
-29.170300 -51.516102 IBENTOGO2 2026-09-22_11:29 10.5 -999.9 -999.9 75.8 -999.9 -999.9 6.4 -999.9 -999.9 1014.4 -999.9 -999.9 7.5 178 24.1 -999.9 0.0 0.0 134.0 135.5 168.5 168.5 13.2 7.4 89.0 67.0 29.0 Bento_Gonçalves_-_Cidade_Alta_(701_m) -999.9 -999.9 1016.53 1008.2 1014.4 10.2 5.2 -999.9 Rio_Grande_do_Sul WU UTC_2026-09-22_14:29 0.0 -999.9
-29.170300 -51.516102 IBENTOGO2 2026-09-22_11:34 10.2 -999.9 -999.9 75.8 -999.9 -999.9 6.2 -999.9 -999.9 1014.5 -999.9 -999.9 8.3 192 19.3 -999.9 0.0 0.0 134.0 135.5 168.5 168.5 13.2 7.4 89.0 67.0 29.0 Bento_Gonçalves_-_Cidade_Alta_(701_m) -999.9 -999.9 1016.53 1008.2 1014.5 10.2 5.2 -999.9 Rio_Grande_do_Sul WU UTC_2026-09-22_14:34 0.0 -999.9
-29.170300 -51.516102 IBENTOGO2 2026-09-22_11:39 10.2 -999.9 -999.9 75.8 -999.9 -999.9 6.2 -999.9 -999.9 1014.5 -999.9 -999.9 4.6 224 19.3 -999.9 0.0 0.0 134.0 135.5 168.5 168.5 13.2 7.4 89.0 67.0 29.0 Bento_Gonçalves_-_Cidade_Alta_(701_m) -999.9 -999.9 1016.53 1008.2 1014.5 10.2 5.2 -999.9 Rio_Grande_do_Sul WU UTC_2026-09-22_14:39 0.0 -999.9
-29.170300 -51.516102 IBENTOGO2 2026-09-22_11:44 10.7 -999.9 -999.9 76.0 -999.9 -999.9 6.7 -999.9 -999.9 1014.5 -999.9 -999.9 7.4 276 19.3 -999.9 0.0 0.0 134.0 135.5 168.5 168.5 13.2 7.4 89.0 67.0 29.0 Bento_Gonçalves_-_Cidade_Alta_(701_m) -999.9 -999.9 1016.53 1008.2 1014.5 10.2 5.2 -999.9 Rio_Grande_do_Sul WU UTC_2026-09-22_14:44 0.0 -999.9
-29.170300 -51.516102 IBENTOGO2 2026-09-22_11:49 10.8 -999.9 -999.9 75.9 -999.9 -999.9 6.7 -999.9 -999.9 1014.5 -999.9 -999.9 8.8 203 19.3 -999.9 0.0 0.0 134.0 135.5 168.5 168.5 13.2 7.4 89.0 67.0 29.0 Bento_Gonçalves_-_Cidade_Alta_(701_m) -999.9 -999.9 1016.53 1008.2 1014.5 10.2 5.2 -999.9 Rio_Grande_do_Sul WU UTC_2026-09-22_14:49 0.0 -999.9
-29.170300 -51.516102 IBENTOGO2 2026-09-22_11:54 10.7 -999.9 -999.9 75.9 -999.9 -999.9 6.6 -999.9 -999.9 1014.6 -999.9 -999.9 7.9 189 17.7 -999.9 0.0 0.0 134.0 135.5 168.5 168.5 13.2 7.4 89.0 67.0 29.0 Bento_Gonçalves_-_Cidade_Alta_(701_m) -999.9 -999.9 1016.53 1008.2 1014.6 10.2 5.2 -999.9 Rio_Grande_do_Sul WU UTC_2026-09-22_14:54 0.0 -999.9
-29.170300 -51.516102 IBENTOGO2 2026-09-22_11:59 10.5 -999.9 -999.9 74.1 -999.9 -999.9 6.1 -999.9 -999.9 1014.6 -999.9 -999.9 8.3 248 20.9 -999.9 0.0 0.0 134.0 135.5 168.5 168.5 13.2 7.4 89.0 67.0 29.0 Bento_Gonçalves_-_Cidade_Alta_(701_m) -999.9 -999.9 1016.53 1008.2 1014.6 10.2 5.2 -999.9 Rio_Grande_do_Sul WU UTC_2026-09-22_14:59 0.0 -999.9
-29.170300 -51.516102 IBENTOGO2 2026-09-22_12:04 10.3 -999.9 -999.9 74.7 -999.9 -999.9 6.0 -999.9 -999.9 1014.7 -999.9 -999.9 12.2 255 27.4 -999.9 0.0 0.0 134.0 135.5 168.5 168.5 13.2 7.4 89.0 67.0 29.0 Bento_Gonçalves_-_Cidade_Alta_(701_m) -999.9 -999.9 1016.53 1008.2 1014.7 10.2 5.2 -999.9 Rio_Grande_do_Sul WU UTC_2026-09-22_15:04 0.0 -999.9
-29.170300 -51.516102 IBENTOGO2 2026-09-22_12:09 10.5 -999.9 -999.9 75.8 -999.9 -999.9 6.4 -999.9 -999.9 1014.8 -999.9 -999.9 7.0 170 27.4 -999.9 0.0 0.0 134.0 135.5 168.5 168.5 13.2 7.4 89.0 67.0 29.0 Bento_Gonçalves_-_Cidade_Alta_(701_m) -999.9 -999.9 1016.53 1008.2 1014.8 10.2 5.2 -999.9 Rio_Grande_do_Sul WU UTC_2026-09-22_15:09 0.0 -999.9
-29.170300 -51.516102 IBENTOGO2 2026-09-22_12:14 10.6 -999.9 -999.9 74.4 -999.9 -999.9 6.3 -999.9 -999.9 1014.8 -999.9 -999.9 8.9 272 17.7 -999.9 0.0 0.0 134.0 135.5 168.5 168.5 13.2 7.4 89.0 67.0 29.0 Bento_Gonçalves_-_Cidade_Alta_(701_m) -999.9 -999.9 1016.53 1008.2 1014.8 10.2 5.2 -999.9 Rio_Grande_do_Sul WU UTC_2026-09-22_15:14 0.0 -999.9
-29.170300 -51.516102 IBENTOGO2 2026-09-22_12:19 10.5 -999.9 -999.9 76.2 -999.9 -999.9 6.5 -999.9 -999.9 1014.8 -999.9 -999.9 3.6 229 17.7 -999.9 0.0 0.0 134.0 135.5 168.5 168.5 13.2 7.4 89.0 67.0 29.0 Bento_Gonçalves_-_Cidade_Alta_(701_m) -999.9 -999.9 1016.53 1008.2 1014.8 10.2 5.2 -999.9 Rio_Grande_do_Sul WU UTC_2026-09-22_15:19 0.0 -999.9
-29.170300 -51.516102 IBENTOGO2 2026-09-22_12:24 10.8 -999.9 -999.9 75.9 -999.9 -999.9 6.7 -999.9 -999.9 1014.7 -999.9 -999.9 8.1 206 22.5 -999.9 0.0 0.0 134.0 135.5 168.5 168.5 13.2 7.4 89.0 67.0 29.0 Bento_Gonçalves_-_Cidade_Alta_(701_m) -999.9 -999.9 1016.53 1008.2 1014.7 10.2 5.2 -999.9 Rio_Grande_do_Sul WU UTC_2026-09-22_15:24 0.0 -999.9
-29.170300 -51.516102 IBENTOGO2 2026-09-22_12:29 10.7 -999.9 -999.9 75.8 -999.9 -999.9 6.6 -999.9 -999.9 1014.7 -999.9 -999.9 9.3 181 22.5 -999.9 0.0 0.0 134.0 135.5 168.5 168.5 13.2 7.4 89.0 67.0 29.0 Bento_Gonçalves_-_Cidade_Alta_(701_m) -999.9 -999.9 1016.53 1008.2 1014.7 10.2 5.2 -999.9 Rio_Grande_do_Sul WU UTC_2026-09-22_15:29 0.0 -999.9
-29.170300 -51.516102 IBENTOGO2 2026-09-22_12:34 10.7 -999.9 -999.9 76.0 -999.9 -999.9 6.6 -999.9 -999.9 1014.7 -999.9 -999.9 8.1 218 22.5 -999.9 0.0 0.0 134.0 135.5 168.5 168.5 13.2 7.4 89.0 67.0 29.0 Bento_Gonçalves_-_Cidade_Alta_(701_m) -999.9 -999.9 1016.53 1008.2 1014.7 10.2 5.2 -999.9 Rio_Grande_do_Sul WU UTC_2026-09-22_15:34 0.0 -999.9
-29.170300 -51.516102 IBENTOGO2 2026-09-22_12:39 10.6 -999.9 -999.9 75.0 -999.9 -999.9 6.4 -999.9 -999.9 1014.7 -999.9 -999.9 10.1 253 24.1 -999.9 0.0 0.0 134.0 135.5 168.5 168.5 13.2 7.4 89.0 67.0 29.0 Bento_Gonçalves_-_Cidade_Alta_(701_m) -999.9 -999.9 1016.53 1008.2 1014.7 10.2 5.2 -999.9 Rio_Grande_do_Sul WU UTC_2026-09-22_15:39 0.0 -999.9
-29.170300 -51.516102 IBENTOGO2 2026-09-22_12:44 10.6 -999.9 -999.9 74.8 -999.9 -999.9 6.3 -999.9 -999.9 1014.7 -999.9 -999.9 9.4 259 24.1 -999.9 0.0 0.0 134.0 135.5 168.5 168.5 13.2 7.4 89.0 67.0 29.0 Bento_Gonçalves_-_Cidade_Alta_(701_m) -999.9 -999.9 1016.53 1008.2 1014.7 10.2 5.2 -999.9 Rio_Grande_do_Sul WU UTC_2026-09-22_15:44 0.0 -999.9
-29.170300 -51.516102 IBENTOGO2 2026-09-22_12:49 10.8 -999.9 -999.9 73.2 -999.9 -999.9 6.2 -999.9 -999.9 1014.6 -999.9 -999.9 12.9 249 25.7 -999.9 0.0 0.0 134.0 135.5 168.5 168.5 13.2 7.4 89.0 67.0 29.0 Bento_Gonçalves_-_Cidade_Alta_(701_m) -999.9 -999.9 1016.53 1008.2 1014.6 10.2 5.2 -999.9 Rio_Grande_do_Sul WU UTC_2026-09-22_15:49 0.0 -999.9
-29.170300 -51.516102 IBENTOGO2 2026-09-22_12:54 11.0 -999.9 -999.9 73.8 -999.9 -999.9 6.5 -999.9 -999.9 1014.5 -999.9 -999.9 5.3 130 25.7 -999.9 0.0 0.0 134.0 135.5 168.5 168.5 13.2 7.4 89.0 67.0 29.0 Bento_Gonçalves_-_Cidade_Alta_(701_m) -999.9 -999.9 1016.53 1008.2 1014.5 10.2 5.2 -999.9 Rio_Grande_do_Sul WU UTC_2026-09-22_15:54 0.0 -999.9
-29.170300 -51.516102 IBENTOGO2 2026-09-22_12:59 11.5 -999.9 -999.9 72.1 -999.9 -999.9 6.6 -999.9 -999.9 1014.5 -999.9 -999.9 10.1 241 27.4 -999.9 0.0 0.0 134.0 135.5 168.5 168.5 13.2 7.4 89.0 67.0 29.0 Bento_Gonçalves_-_Cidade_Alta_(701_m) -999.9 -999.9 1016.53 1008.2 1014.5 10.2 5.2 -999.9 Rio_Grande_do_Sul WU UTC_2026-09-22_15:59 0.0 -999.9
-29.170300 -51.516102 IBENTOGO2 2026-09-22_13:04 11.5 -999.9 -999.9 72.7 -999.9 -999.9 6.8 -999.9 -999.9 1014.5 -999.9 -999.9 8.1 266 27.4 -999.9 0.0 0.0 134.0 135.5 168.5 168.5 13.2 7.4 89.0 67.0 29.0 Bento_Gonçalves_-_Cidade_Alta_(701_m) -999.9 -999.9 1016.53 1008.2 1014.5 10.2 5.2 -999.9 Rio_Grande_do_Sul WU UTC_2026-09-22_16:04 0.0 -999.9
-29.170300 -51.516102 IBENTOGO2 2026-09-22_13:09 11.4 -999.9 -999.9 73.7 -999.9 -999.9 6.9 -999.9 -999.9 1014.6 -999.9 -999.9 6.3 267 19.3 -999.9 0.0 0.0 134.0 135.5 168.5 168.5 13.2 7.4 89.0 67.0 29.0 Bento_Gonçalves_-_Cidade_Alta_(701_m) -999.9 -999.9 1016.53 1008.2 1014.6 10.2 5.2 -999.9 Rio_Grande_do_Sul WU UTC_2026-09-22_16:09 0.0 -999.9
-29.170300 -51.516102 IBENTOGO2 2026-09-22_13:14 11.4 -999.9 -999.9 74.3 -999.9 -999.9 7.0 -999.9 -999.9 1014.5 -999.9 -999.9 8.1 156 17.7 -999.9 0.0 0.0 134.0 135.5 168.5 168.5 13.2 7.4 89.0 67.0 29.0 Bento_Gonçalves_-_Cidade_Alta_(701_m) -999.9 -999.9 1016.53 1008.2 1014.5 10.2 5.2 -999.9 Rio_Grande_do_Sul WU UTC_2026-09-22_16:14 0.0 -999.9
-29.170300 -51.516102 IBENTOGO2 2026-09-22_13:19 11.4 -999.9 -999.9 73.5 -999.9 -999.9 6.9 -999.9 -999.9 1014.5 -999.9 -999.9 7.8 158 17.7 -999.9 0.0 0.0 134.0 135.5 168.5 168.5 13.2 7.4 89.0 67.0 29.0 Bento_Gonçalves_-_Cidade_Alta_(701_m) -999.9 -999.9 1016.53 1008.2 1014.5 10.2 5.2 -999.9 Rio_Grande_do_Sul WU UTC_2026-09-22_16:19 0.0 -999.9
-29.170300 -51.516102 IBENTOGO2 2026-09-22_13:24 11.3 -999.9 -999.9 72.3 -999.9 -999.9 6.5 -999.9 -999.9 1014.4 -999.9 -999.9 8.3 239 17.7 -999.9 0.0 0.0 134.0 135.5 168.5 168.5 13.2 7.4 89.0 67.0 29.0 Bento_Gonçalves_-_Cidade_Alta_(701_m) -999.9 -999.9 1016.53 1008.2 1014.4 10.2 5.2 -999.9 Rio_Grande_do_Sul WU UTC_2026-09-22_16:24 0.0 -999.9
-29.170300 -51.516102 IBENTOGO2 2026-09-22_13:29 11.2 -999.9 -999.9 73.2 -999.9 -999.9 6.6 -999.9 -999.9 1014.3 -999.9 -999.9 7.3 192 17.7 -999.9 0.0 0.0 134.0 135.5 168.5 168.5 13.2 7.4 89.0 67.0 29.0 Bento_Gonçalves_-_Cidade_Alta_(701_m) -999.9 -999.9 1016.53 1008.2 1014.3 10.2 5.2 -999.9 Rio_Grande_do_Sul WU UTC_2026-09-22_16:29 0.0 -999.9
-29.170300 -51.516102 IBENTOGO2 2026-09-22_13:34 11.2 -999.9 -999.9 72.6 -999.9 -999.9 6.5 -999.9 -999.9 1014.3 -999.9 -999.9 10.6 207 22.5 -999.9 0.0 0.0 134.0 135.5 168.5 168.5 13.2 7.4 89.0 67.0 29.0 Bento_Gonçalves_-_Cidade_Alta_(701_m) -999.9 -999.9 1016.53 1008.2 1014.3 10.2 5.2 -999.9 Rio_Grande_do_Sul WU UTC_2026-09-22_16:34 0.0 -999.9
-29.170300 -51.516102 IBENTOGO2 2026-09-22_13:39 11.1 -999.9 -999.9 72.7 -999.9 -999.9 6.4 -999.9 -999.9 1014.3 -999.9 -999.9 7.2 252 22.5 -999.9 0.0 0.0 134.0 135.5 168.5 168.5 13.2 7.4 89.0 67.0 29.0 Bento_Gonçalves_-_Cidade_Alta_(701_m) -999.9 -999.9 1016.53 1008.2 1014.3 10.2 5.2 -999.9 Rio_Grande_do_Sul WU UTC_2026-09-22_16:39 0.0 -999.9
-29.170300 -51.516102 IBENTOGO2 2026-09-22_13:44 11.3 -999.9 -999.9 71.8 -999.9 -999.9 6.4 -999.9 -999.9 1014.4 -999.9 -999.9 10.3 248 22.5 -999.9 0.0 0.0 134.0 135.5 168.5 168.5 13.2 7.4 89.0 67.0 29.0 Bento_Gonçalves_-_Cidade_Alta_(701_m) -999.9 -999.9 1016.53 1008.2 1014.4 10.2 5.2 -999.9 Rio_Grande_do_Sul WU UTC_2026-09-22_16:44 0.0 -999.9
-29.170300 -51.516102 IBENTOGO2 2026-09-22_13:49 11.1 -999.9 -999.9 70.0 -999.9 -999.9 5.8 -999.9 -999.9 1014.3 -999.9 -999.9 13.1 259 24.1 -999.9 0.0 0.0 134.0 135.5 168.5 168.5 13.2 7.4 89.0 67.0 29.0 Bento_Gonçalves_-_Cidade_Alta_(701_m) -999.9 -999.9 1016.53 1008.2 1014.3 10.2 5.2 -999.9 Rio_Grande_do_Sul WU UTC_2026-09-22_16:49 0.0 -999.9
-29.170300 -51.516102 IBENTOGO2 2026-09-22_13:54 11.0 -999.9 -999.9 70.6 -999.9 -999.9 5.9 -999.9 -999.9 1014.3 -999.9 -999.9 9.7 274 24.1 -999.9 0.0 0.0 134.0 135.5 168.5 168.5 13.2 7.4 89.0 67.0 29.0 Bento_Gonçalves_-_Cidade_Alta_(701_m) -999.9 -999.9 1016.53 1008.2 1014.3 10.2 5.2 -999.9 Rio_Grande_do_Sul WU UTC_2026-09-22_16:54 0.0 -999.9
-29.170300 -51.516102 IBENTOGO2 2026-09-22_13:59 11.6 -999.9 -999.9 71.2 -999.9 -999.9 6.5 -999.9 -999.9 1014.3 -999.9 -999.9 8.8 259 24.1 -999.9 0.0 0.0 134.0 135.5 168.5 168.5 13.2 7.4 89.0 67.0 29.0 Bento_Gonçalves_-_Cidade_Alta_(701_m) -999.9 -999.9 1016.53 1008.2 1014.3 10.2 5.2 -999.9 Rio_Grande_do_Sul WU UTC_2026-09-22_16:59 0.0 -999.9
-29.170300 -51.516102 IBENTOGO2 2026-09-22_14:04 11.5 -999.9 -999.9 69.5 -999.9 -999.9 6.1 -999.9 -999.9 1014.4 -999.9 -999.9 12.6 244 22.5 -999.9 0.0 0.0 134.0 135.5 168.5 168.5 13.2 7.4 89.0 67.0 29.0 Bento_Gonçalves_-_Cidade_Alta_(701_m) -999.9 -999.9 1016.53 1008.2 1014.4 10.2 5.2 -999.9 Rio_Grande_do_Sul WU UTC_2026-09-22_17:04 0.0 -999.9
-29.170300 -51.516102 IBENTOGO2 2026-09-22_14:09 11.3 -999.9 -999.9 69.7 -999.9 -999.9 6.0 -999.9 -999.9 1014.3 -999.9 -999.9 10.5 224 22.5 -999.9 0.0 0.0 134.0 135.5 168.5 168.5 13.2 7.4 89.0 67.0 29.0 Bento_Gonçalves_-_Cidade_Alta_(701_m) -999.9 -999.9 1016.53 1008.2 1014.3 10.2 5.2 -999.9 Rio_Grande_do_Sul WU UTC_2026-09-22_17:09 0.0 -999.9
-29.170300 -51.516102 IBENTOGO2 2026-09-22_14:14 11.3 -999.9 -999.9 70.2 -999.9 -999.9 6.0 -999.9 -999.9 1014.2 -999.9 -999.9 11.2 221 22.5 -999.9 0.0 0.0 134.0 135.5 168.5 168.5 13.2 7.4 89.0 67.0 29.0 Bento_Gonçalves_-_Cidade_Alta_(701_m) -999.9 -999.9 1016.53 1008.2 1014.2 10.2 5.2 -999.9 Rio_Grande_do_Sul WU UTC_2026-09-22_17:14 0.0 -999.9
-29.170300 -51.516102 IBENTOGO2 2026-09-22_14:19 11.0 -999.9 -999.9 71.1 -999.9 -999.9 6.0 -999.9 -999.9 1014.2 -999.9 -999.9 10.8 263 22.5 -999.9 0.0 0.0 134.0 135.5 168.5 168.5 13.2 7.4 89.0 67.0 29.0 Bento_Gonçalves_-_Cidade_Alta_(701_m) -999.9 -999.9 1016.53 1008.2 1014.2 10.2 5.2 -999.9 Rio_Grande_do_Sul WU UTC_2026-09-22_17:19 0.0 -999.9
-29.170300 -51.516102 IBENTOGO2 2026-09-22_14:24 11.2 -999.9 -999.9 71.8 -999.9 -999.9 6.3 -999.9 -999.9 1014.1 -999.9 -999.9 11.7 247 24.1 -999.9 0.0 0.0 134.0 135.5 168.5 168.5 13.2 7.4 89.0 67.0 29.0 Bento_Gonçalves_-_Cidade_Alta_(701_m) -999.9 -999.9 1016.53 1008.2 1014.1 10.2 5.2 -999.9 Rio_Grande_do_Sul WU UTC_2026-09-22_17:24 0.0 -999.9
-29.170300 -51.516102 IBENTOGO2 2026-09-22_14:29 11.3 -999.9 -999.9 71.2 -999.9 -999.9 6.3 -999.9 -999.9 1014.1 -999.9 -999.9 8.5 254 24.1 -999.9 0.0 0.0 134.0 135.5 168.5 168.5 13.2 7.4 89.0 67.0 29.0 Bento_Gonçalves_-_Cidade_Alta_(701_m) -999.9 -999.9 1016.53 1008.2 1014.1 10.2 5.2 -999.9 Rio_Grande_do_Sul WU UTC_2026-09-22_17:29 0.0 -999.9
-29.170300 -51.516102 IBENTOGO2 2026-09-22_14:34 11.3 -999.9 -999.9 70.3 -999.9 -999.9 6.1 -999.9 -999.9 1014.1 -999.9 -999.9 14.1 252 27.4 -999.9 0.0 0.0 134.0 135.5 168.5 168.5 13.2 7.4 89.0 67.0 29.0 Bento_Gonçalves_-_Cidade_Alta_(701_m) -999.9 -999.9 1016.53 1008.2 1014.1 10.2 5.2 -999.9 Rio_Grande_do_Sul WU UTC_2026-09-22_17:34 0.0 -999.9
-29.170300 -51.516102 IBENTOGO2 2026-09-22_14:39 11.4 -999.9 -999.9 70.5 -999.9 -999.9 6.2 -999.9 -999.9 1014.0 -999.9 -999.9 14.3 232 27.4 -999.9 0.0 0.0 134.0 135.5 168.5 168.5 13.2 7.4 89.0 67.0 29.0 Bento_Gonçalves_-_Cidade_Alta_(701_m) -999.9 -999.9 1016.53 1008.2 1014.0 10.2 5.2 -999.9 Rio_Grande_do_Sul WU UTC_2026-09-22_17:39 0.0 -999.9
-29.170300 -51.516102 IBENTOGO2 2026-09-22_14:44 11.2 -999.9 -999.9 70.2 -999.9 -999.9 6.0 -999.9 -999.9 1014.0 -999.9 -999.9 14.7 265 29.0 -999.9 0.0 0.0 134.0 135.5 168.5 168.5 13.2 7.4 89.0 67.0 29.0 Bento_Gonçalves_-_Cidade_Alta_(701_m) -999.9 -999.9 1016.53 1008.2 1014.0 10.2 5.2 -999.9 Rio_Grande_do_Sul WU UTC_2026-09-22_17:44 0.0 -999.9
-29.170300 -51.516102 IBENTOGO2 2026-09-22_14:49 11.4 -999.9 -999.9 71.7 -999.9 -999.9 6.5 -999.9 -999.9 1014.0 -999.9 -999.9 8.5 288 29.0 -999.9 0.0 0.0 134.0 135.5 168.5 168.5 13.2 7.4 89.0 67.0 29.0 Bento_Gonçalves_-_Cidade_Alta_(701_m) -999.9 -999.9 1016.53 1008.2 1014.0 10.2 5.2 -999.9 Rio_Grande_do_Sul WU UTC_2026-09-22_17:49 0.0 -999.9
-29.170300 -51.516102 IBENTOGO2 2026-09-22_14:54 11.6 -999.9 -999.9 72.4 -999.9 -999.9 6.8 -999.9 -999.9 1014.1 -999.9 -999.9 7.4 272 19.3 -999.9 0.0 0.0 134.0 135.5 168.5 168.5 13.2 7.4 89.0 67.0 29.0 Bento_Gonçalves_-_Cidade_Alta_(701_m) -999.9 -999.9 1016.53 1008.2 1014.1 10.2 5.2 -999.9 Rio_Grande_do_Sul WU UTC_2026-09-22_17:54 0.0 -999.9
-29.170300 -51.516102 IBENTOGO2 2026-09-22_14:59 11.8 -999.9 -999.9 73.2 -999.9 -999.9 7.1 -999.9 -999.9 1014.0 -999.9 -999.9 7.6 172 20.9 -999.9 0.0 0.0 134.0 135.5 168.5 168.5 13.2 7.4 89.0 67.0 29.0 Bento_Gonçalves_-_Cidade_Alta_(701_m) -999.9 -999.9 1016.53 1008.2 1014.0 10.2 5.2 -999.9 Rio_Grande_do_Sul WU UTC_2026-09-22_17:59 0.0 -999.9
-29.170300 -51.516102 IBENTOGO2 2026-09-22_15:04 11.9 -999.9 -999.9 71.3 -999.9 -999.9 6.9 -999.9 -999.9 1014.0 -999.9 -999.9 10.4 261 24.1 -999.9 0.0 0.0 134.0 135.5 168.5 168.5 13.2 7.4 89.0 67.0 29.0 Bento_Gonçalves_-_Cidade_Alta_(701_m) -999.9 -999.9 1016.53 1008.2 1014.0 10.2 5.2 -999.9 Rio_Grande_do_Sul WU UTC_2026-09-22_18:04 0.0 -999.9
-29.170300 -51.516102 IBENTOGO2 2026-09-22_15:09 11.7 -999.9 -999.9 71.3 -999.9 -999.9 6.7 -999.9 -999.9 1014.0 -999.9 -999.9 8.2 196 24.1 -999.9 0.0 0.0 134.0 135.5 168.5 168.5 13.2 7.4 89.0 67.0 29.0 Bento_Gonçalves_-_Cidade_Alta_(701_m) -999.9 -999.9 1016.53 1008.2 1014.0 10.2 5.2 -999.9 Rio_Grande_do_Sul WU UTC_2026-09-22_18:09 0.0 -999.9
-29.170300 -51.516102 IBENTOGO2 2026-09-22_15:14 11.8 -999.9 -999.9 71.0 -999.9 -999.9 6.7 -999.9 -999.9 1014.0 -999.9 -999.9 9.3 321 24.1 -999.9 0.0 0.0 134.0 135.5 168.5 168.5 13.2 7.4 89.0 67.0 29.0 Bento_Gonçalves_-_Cidade_Alta_(701_m) -999.9 -999.9 1016.53 1008.2 1014.0 10.2 5.2 -999.9 Rio_Grande_do_Sul WU UTC_2026-09-22_18:14 0.0 -999.9
-29.170300 -51.516102 IBENTOGO2 2026-09-22_15:19 11.9 -999.9 -999.9 70.4 -999.9 -999.9 6.7 -999.9 -999.9 1014.0 -999.9 -999.9 6.8 274 24.1 -999.9 0.0 0.0 134.0 135.5 168.5 168.5 13.2 7.4 89.0 67.0 29.0 Bento_Gonçalves_-_Cidade_Alta_(701_m) -999.9 -999.9 1016.53 1008.2 1014.0 10.2 5.2 -999.9 Rio_Grande_do_Sul WU UTC_2026-09-22_18:19 0.0 -999.9
-29.170300 -51.516102 IBENTOGO2 2026-09-22_15:24 12.0 -999.9 -999.9 71.4 -999.9 -999.9 7.0 -999.9 -999.9 1014.0 -999.9 -999.9 8.1 251 20.9 -999.9 0.0 0.0 134.0 135.5 168.5 168.5 13.2 7.4 89.0 67.0 29.0 Bento_Gonçalves_-_Cidade_Alta_(701_m) -999.9 -999.9 1016.53 1008.2 1014.0 10.2 5.2 -999.9 Rio_Grande_do_Sul WU UTC_2026-09-22_18:24 0.0 -999.9
-29.170300 -51.516102 IBENTOGO2 2026-09-22_15:29 12.4 -999.9 -999.9 70.1 -999.9 -999.9 7.1 -999.9 -999.9 1014.1 -999.9 -999.9 6.9 181 20.9 -999.9 0.0 0.0 134.0 135.5 168.5 168.5 13.2 7.4 89.0 67.0 29.0 Bento_Gonçalves_-_Cidade_Alta_(701_m) -999.9 -999.9 1016.53 1008.2 1014.1 10.2 5.2 -999.9 Rio_Grande_do_Sul WU UTC_2026-09-22_18:29 0.0 -999.9
-29.170300 -51.516102 IBENTOGO2 2026-09-22_15:34 12.4 -999.9 -999.9 67.7 -999.9 -999.9 6.6 -999.9 -999.9 1014.0 -999.9 -999.9 10.6 248 22.5 -999.9 0.0 0.0 134.0 135.5 168.5 168.5 13.2 7.4 89.0 67.0 29.0 Bento_Gonçalves_-_Cidade_Alta_(701_m) -999.9 -999.9 1016.53 1008.2 1014.0 10.2 5.2 -999.9 Rio_Grande_do_Sul WU UTC_2026-09-22_18:34 0.0 -999.9
-29.170300 -51.516102 IBENTOGO2 2026-09-22_15:39 12.2 -999.9 -999.9 68.0 -999.9 -999.9 6.5 -999.9 -999.9 1014.0 -999.9 -999.9 12.7 298 24.1 -999.9 0.0 0.0 134.0 135.5 168.5 168.5 13.2 7.4 89.0 67.0 29.0 Bento_Gonçalves_-_Cidade_Alta_(701_m) -999.9 -999.9 1016.53 1008.2 1014.0 10.2 5.2 -999.9 Rio_Grande_do_Sul WU UTC_2026-09-22_18:39 0.0 -999.9
-29.170300 -51.516102 IBENTOGO2 2026-09-22_15:44 12.1 -999.9 -999.9 69.7 -999.9 -999.9 6.7 -999.9 -999.9 1013.9 -999.9 -999.9 5.7 202 24.1 -999.9 0.0 0.0 134.0 135.5 168.5 168.5 13.2 7.4 89.0 67.0 29.0 Bento_Gonçalves_-_Cidade_Alta_(701_m) -999.9 -999.9 1016.53 1008.2 1013.9 10.2 5.2 -999.9 Rio_Grande_do_Sul WU UTC_2026-09-22_18:44 0.0 -999.9
-29.170300 -51.516102 IBENTOGO2 2026-09-22_15:49 12.2 -999.9 -999.9 71.3 -999.9 -999.9 7.2 -999.9 -999.9 1013.9 -999.9 -999.9 4.0 73 17.7 -999.9 0.0 0.0 134.0 135.5 168.5 168.5 13.2 7.4 89.0 67.0 29.0 Bento_Gonçalves_-_Cidade_Alta_(701_m) -999.9 -999.9 1016.53 1008.2 1013.9 10.2 5.2 -999.9 Rio_Grande_do_Sul WU UTC_2026-09-22_18:49 0.0 -999.9
-29.170300 -51.516102 IBENTOGO2 2026-09-22_15:54 12.3 -999.9 -999.9 70.4 -999.9 -999.9 7.0 -999.9 -999.9 1014.0 -999.9 -999.9 6.6 77 16.1 -999.9 0.0 0.0 134.0 135.5 168.5 168.5 13.2 7.4 89.0 67.0 29.0 Bento_Gonçalves_-_Cidade_Alta_(701_m) -999.9 -999.9 1016.53 1008.2 1014.0 10.2 5.2 -999.9 Rio_Grande_do_Sul WU UTC_2026-09-22_18:54 0.0 -999.9
-29.170300 -51.516102 IBENTOGO2 2026-09-22_15:59 12.0 -999.9 -999.9 70.9 -999.9 -999.9 6.8 -999.9 -999.9 1014.1 -999.9 -999.9 6.2 197 17.7 -999.9 0.0 0.0 134.0 135.5 168.5 168.5 13.2 7.4 89.0 67.0 29.0 Bento_Gonçalves_-_Cidade_Alta_(701_m) -999.9 -999.9 1016.53 1008.2 1014.1 10.2 5.2 -999.9 Rio_Grande_do_Sul WU UTC_2026-09-22_18:59 0.0 -999.9
-29.170300 -51.516102 IBENTOGO2 2026-09-22_16:04 12.0 -999.9 -999.9 69.5 -999.9 -999.9 6.6 -999.9 -999.9 1014.1 -999.9 -999.9 8.9 244 17.7 -999.9 0.0 0.0 134.0 135.5 168.5 168.5 13.2 7.4 89.0 67.0 29.0 Bento_Gonçalves_-_Cidade_Alta_(701_m) -999.9 -999.9 1016.53 1008.2 1014.1 10.2 5.2 -999.9 Rio_Grande_do_Sul WU UTC_2026-09-22_19:04 0.0 -999.9
-29.170300 -51.516102 IBENTOGO2 2026-09-22_16:09 12.2 -999.9 -999.9 69.0 -999.9 -999.9 6.7 -999.9 -999.9 1014.1 -999.9 -999.9 4.6 131 19.3 -999.9 0.0 0.0 134.0 135.5 168.5 168.5 13.2 7.4 89.0 67.0 29.0 Bento_Gonçalves_-_Cidade_Alta_(701_m) -999.9 -999.9 1016.53 1008.2 1014.1 10.2 5.2 -999.9 Rio_Grande_do_Sul WU UTC_2026-09-22_19:09 0.0 -999.9
-29.170300 -51.516102 IBENTOGO2 2026-09-22_16:14 12.6 -999.9 -999.9 68.0 -999.9 -999.9 6.8 -999.9 -999.9 1014.2 -999.9 -999.9 6.0 252 22.5 -999.9 0.0 0.0 134.0 135.5 168.5 168.5 13.2 7.4 89.0 67.0 29.0 Bento_Gonçalves_-_Cidade_Alta_(701_m) -999.9 -999.9 1016.53 1008.2 1014.2 10.2 5.2 -999.9 Rio_Grande_do_Sul WU UTC_2026-09-22_19:14 0.0 -999.9
-29.170300 -51.516102 IBENTOGO2 2026-09-22_16:19 12.9 -999.9 -999.9 67.7 -999.9 -999.9 7.0 -999.9 -999.9 1014.2 -999.9 -999.9 5.7 79 22.5 -999.9 0.0 0.0 134.0 135.5 168.5 168.5 13.2 7.4 89.0 67.0 29.0 Bento_Gonçalves_-_Cidade_Alta_(701_m) -999.9 -999.9 1016.53 1008.2 1014.2 10.2 5.2 -999.9 Rio_Grande_do_Sul WU UTC_2026-09-22_19:19 0.0 -999.9
-29.170300 -51.516102 IBENTOGO2 2026-09-22_16:24 12.7 -999.9 -999.9 67.8 -999.9 -999.9 6.9 -999.9 -999.9 1014.2 -999.9 -999.9 8.9 159 17.7 -999.9 0.0 0.0 134.0 135.5 168.5 168.5 13.2 7.4 89.0 67.0 29.0 Bento_Gonçalves_-_Cidade_Alta_(701_m) -999.9 -999.9 1016.53 1008.2 1014.2 10.2 5.2 -999.9 Rio_Grande_do_Sul WU UTC_2026-09-22_19:24 0.0 -999.9
-29.170300 -51.516102 IBENTOGO2 2026-09-22_16:29 12.3 -999.9 -999.9 69.4 -999.9 -999.9 6.8 -999.9 -999.9 1014.3 -999.9 -999.9 7.1 165 17.7 -999.9 0.0 0.0 134.0 135.5 168.5 168.5 13.2 7.4 89.0 67.0 29.0 Bento_Gonçalves_-_Cidade_Alta_(701_m) -999.9 -999.9 1016.53 1008.2 1014.3 10.2 5.2 -999.9 Rio_Grande_do_Sul WU UTC_2026-09-22_19:29 0.0 -999.9
-29.170300 -51.516102 IBENTOGO2 2026-09-22_16:34 12.1 -999.9 -999.9 70.0 -999.9 -999.9 6.8 -999.9 -999.9 1014.2 -999.9 -999.9 5.9 137 14.5 -999.9 0.0 0.0 134.0 135.5 168.5 168.5 13.2 7.4 89.0 67.0 29.0 Bento_Gonçalves_-_Cidade_Alta_(701_m) -999.9 -999.9 1016.53 1008.2 1014.2 10.2 5.2 -999.9 Rio_Grande_do_Sul WU UTC_2026-09-22_19:34 0.0 -999.9
-29.170300 -51.516102 IBENTOGO2 2026-09-22_16:39 11.9 -999.9 -999.9 69.2 -999.9 -999.9 6.5 -999.9 -999.9 1014.2 -999.9 -999.9 5.9 191 16.1 -999.9 0.0 0.0 134.0 135.5 168.5 168.5 13.2 7.4 89.0 67.0 29.0 Bento_Gonçalves_-_Cidade_Alta_(701_m) -999.9 -999.9 1016.53 1008.2 1014.2 10.2 5.2 -999.9 Rio_Grande_do_Sul WU UTC_2026-09-22_19:39 0.0 -999.9
-29.170300 -51.516102 IBENTOGO2 2026-09-22_16:44 11.8 -999.9 -999.9 69.5 -999.9 -999.9 6.4 -999.9 -999.9 1014.2 -999.9 -999.9 6.1 140 16.1 -999.9 0.0 0.0 134.0 135.5 168.5 168.5 13.2 7.4 89.0 67.0 29.0 Bento_Gonçalves_-_Cidade_Alta_(701_m) -999.9 -999.9 1016.53 1008.2 1014.2 10.2 5.2 -999.9 Rio_Grande_do_Sul WU UTC_2026-09-22_19:44 0.0 -999.9
-29.170300 -51.516102 IBENTOGO2 2026-09-22_16:49 11.9 -999.9 -999.9 69.5 -999.9 -999.9 6.5 -999.9 -999.9 1014.3 -999.9 -999.9 6.3 177 22.5 -999.9 0.0 0.0 134.0 135.5 168.5 168.5 13.2 7.4 89.0 67.0 29.0 Bento_Gonçalves_-_Cidade_Alta_(701_m) -999.9 -999.9 1016.53 1008.2 1014.3 10.2 5.2 -999.9 Rio_Grande_do_Sul WU UTC_2026-09-22_19:49 0.0 -999.9
-29.170300 -51.516102 IBENTOGO2 2026-09-22_16:54 11.9 -999.9 -999.9 69.8 -999.9 -999.9 6.5 -999.9 -999.9 1014.3 -999.9 -999.9 8.1 158 22.5 -999.9 0.0 0.0 134.0 135.5 168.5 168.5 13.2 7.4 89.0 67.0 29.0 Bento_Gonçalves_-_Cidade_Alta_(701_m) -999.9 -999.9 1016.53 1008.2 1014.3 10.2 5.2 -999.9 Rio_Grande_do_Sul WU UTC_2026-09-22_19:54 0.0 -999.9
-29.170300 -51.516102 IBENTOGO2 2026-09-22_16:59 11.8 -999.9 -999.9 69.8 -999.9 -999.9 6.5 -999.9 -999.9 1014.4 -999.9 -999.9 4.4 163 14.5 -999.9 0.0 0.0 134.0 135.5 168.5 168.5 13.2 7.4 89.0 67.0 29.0 Bento_Gonçalves_-_Cidade_Alta_(701_m) -999.9 -999.9 1016.53 1008.2 1014.4 10.2 5.2 -999.9 Rio_Grande_do_Sul WU UTC_2026-09-22_19:59 0.0 -999.9
-29.170300 -51.516102 IBENTOGO2 2026-09-22_17:04 11.9 -999.9 -999.9 70.0 -999.9 -999.9 6.6 -999.9 -999.9 1014.4 -999.9 -999.9 4.6 120 12.9 -999.9 0.0 0.0 134.0 135.5 168.5 168.5 13.2 7.4 89.0 67.0 29.0 Bento_Gonçalves_-_Cidade_Alta_(701_m) -999.9 -999.9 1016.53 1008.2 1014.4 10.2 5.2 -999.9 Rio_Grande_do_Sul WU UTC_2026-09-22_20:04 0.0 -999.9
-29.170300 -51.516102 IBENTOGO2 2026-09-22_17:09 12.1 -999.9 -999.9 69.8 -999.9 -999.9 6.7 -999.9 -999.9 1014.5 -999.9 -999.9 7.1 175 22.5 -999.9 0.0 0.0 134.0 135.5 168.5 168.5 13.2 7.4 89.0 67.0 29.0 Bento_Gonçalves_-_Cidade_Alta_(701_m) -999.9 -999.9 1016.53 1008.2 1014.5 10.2 5.2 -999.9 Rio_Grande_do_Sul WU UTC_2026-09-22_20:09 0.0 -999.9
-29.170300 -51.516102 IBENTOGO2 2026-09-22_17:14 12.1 -999.9 -999.9 69.5 -999.9 -999.9 6.7 -999.9 -999.9 1014.6 -999.9 -999.9 7.2 166 22.5 -999.9 0.0 0.0 134.0 135.5 168.5 168.5 13.2 7.4 89.0 67.0 29.0 Bento_Gonçalves_-_Cidade_Alta_(701_m) -999.9 -999.9 1016.53 1008.2 1014.6 10.2 5.2 -999.9 Rio_Grande_do_Sul WU UTC_2026-09-22_20:14 0.0 -999.9
-29.170300 -51.516102 IBENTOGO2 2026-09-22_17:19 12.1 -999.9 -999.9 69.7 -999.9 -999.9 6.8 -999.9 -999.9 1014.6 -999.9 -999.9 7.6 171 17.7 -999.9 0.0 0.0 134.0 135.5 168.5 168.5 13.2 7.4 89.0 67.0 29.0 Bento_Gonçalves_-_Cidade_Alta_(701_m) -999.9 -999.9 1016.53 1008.2 1014.6 10.2 5.2 -999.9 Rio_Grande_do_Sul WU UTC_2026-09-22_20:19 0.0 -999.9
-29.170300 -51.516102 IBENTOGO2 2026-09-22_17:24 12.1 -999.9 -999.9 68.7 -999.9 -999.9 6.5 -999.9 -999.9 1014.8 -999.9 -999.9 9.1 145 24.1 -999.9 0.0 0.0 134.0 135.5 168.5 168.5 13.2 7.4 89.0 67.0 29.0 Bento_Gonçalves_-_Cidade_Alta_(701_m) -999.9 -999.9 1016.53 1008.2 1014.8 10.2 5.2 -999.9 Rio_Grande_do_Sul WU UTC_2026-09-22_20:24 0.0 -999.9
-29.170300 -51.516102 IBENTOGO2 2026-09-22_17:29 12.0 -999.9 -999.9 68.8 -999.9 -999.9 6.5 -999.9 -999.9 1014.8 -999.9 -999.9 7.1 177 24.1 -999.9 0.0 0.0 134.0 135.5 168.5 168.5 13.2 7.4 89.0 67.0 29.0 Bento_Gonçalves_-_Cidade_Alta_(701_m) -999.9 -999.9 1016.53 1008.2 1014.8 10.2 5.2 -999.9 Rio_Grande_do_Sul WU UTC_2026-09-22_20:29 0.0 -999.9
-29.170300 -51.516102 IBENTOGO2 2026-09-22_17:34 11.9 -999.9 -999.9 69.1 -999.9 -999.9 6.4 -999.9 -999.9 1015.0 -999.9 -999.9 4.9 155 16.1 -999.9 0.0 0.0 134.0 135.5 168.5 168.5 13.2 7.4 89.0 67.0 29.0 Bento_Gonçalves_-_Cidade_Alta_(701_m) -999.9 -999.9 1016.53 1008.2 1015.0 10.2 5.2 -999.9 Rio_Grande_do_Sul WU UTC_2026-09-22_20:34 0.0 -999.9
-29.170300 -51.516102 IBENTOGO2 2026-09-22_17:39 11.8 -999.9 -999.9 71.0 -999.9 -999.9 6.7 -999.9 -999.9 1015.0 -999.9 -999.9 5.1 149 14.5 -999.9 0.0 0.0 134.0 135.5 168.5 168.5 13.2 7.4 89.0 67.0 29.0 Bento_Gonçalves_-_Cidade_Alta_(701_m) -999.9 -999.9 1016.53 1008.2 1015.0 10.2 5.2 -999.9 Rio_Grande_do_Sul WU UTC_2026-09-22_20:39 0.0 -999.9
-29.170300 -51.516102 IBENTOGO2 2026-09-22_17:44 11.5 -999.9 -999.9 71.4 -999.9 -999.9 6.5 -999.9 -999.9 1015.0 -999.9 -999.9 5.9 148 20.9 -999.9 0.0 0.0 134.0 135.5 168.5 168.5 13.2 7.4 89.0 67.0 29.0 Bento_Gonçalves_-_Cidade_Alta_(701_m) -999.9 -999.9 1016.53 1008.2 1015.0 10.2 5.2 -999.9 Rio_Grande_do_Sul WU UTC_2026-09-22_20:44 0.0 -999.9
-29.170300 -51.516102 IBENTOGO2 2026-09-22_17:49 11.3 -999.9 -999.9 72.0 -999.9 -999.9 6.4 -999.9 -999.9 1015.1 -999.9 -999.9 6.1 159 20.9 -999.9 0.0 0.0 134.0 135.5 168.5 168.5 13.2 7.4 89.0 67.0 29.0 Bento_Gonçalves_-_Cidade_Alta_(701_m) -999.9 -999.9 1016.53 1008.2 1015.1 10.2 5.2 -999.9 Rio_Grande_do_Sul WU UTC_2026-09-22_20:49 0.0 -999.9
-29.170300 -51.516102 IBENTOGO2 2026-09-22_17:54 11.0 -999.9 -999.9 72.5 -999.9 -999.9 6.3 -999.9 -999.9 1015.2 -999.9 -999.9 5.3 136 17.7 -999.9 0.0 0.0 134.0 135.5 168.5 168.5 13.2 7.4 89.0 67.0 29.0 Bento_Gonçalves_-_Cidade_Alta_(701_m) -999.9 -999.9 1016.53 1008.2 1015.2 10.2 5.2 -999.9 Rio_Grande_do_Sul WU UTC_2026-09-22_20:54 0.0 -999.9
-29.170300 -51.516102 IBENTOGO2 2026-09-22_17:59 10.8 -999.9 -999.9 73.6 -999.9 -999.9 6.3 -999.9 -999.9 1015.3 -999.9 -999.9 5.2 164 14.5 -999.9 0.0 0.0 134.0 135.5 168.5 168.5 13.2 7.4 89.0 67.0 29.0 Bento_Gonçalves_-_Cidade_Alta_(701_m) -999.9 -999.9 1016.53 1008.2 1015.3 10.2 5.2 -999.9 Rio_Grande_do_Sul WU UTC_2026-09-22_20:59 0.0 -999.9
-29.170300 -51.516102 IBENTOGO2 2026-09-22_18:04 10.6 -999.9 -999.9 74.6 -999.9 -999.9 6.3 -999.9 -999.9 1015.4 -999.9 -999.9 5.1 155 14.5 -999.9 0.0 0.0 134.0 135.5 168.5 168.5 13.2 7.4 89.0 67.0 29.0 Bento_Gonçalves_-_Cidade_Alta_(701_m) -999.9 -999.9 1016.53 1008.2 1015.4 10.2 5.2 -999.9 Rio_Grande_do_Sul WU UTC_2026-09-22_21:04 0.0 -999.9
-29.170300 -51.516102 IBENTOGO2 2026-09-22_18:09 10.5 -999.9 -999.9 75.2 -999.9 -999.9 6.4 -999.9 -999.9 1015.5 -999.9 -999.9 5.3 136 14.5 -999.9 0.0 0.0 134.0 135.5 168.5 168.5 13.2 7.4 89.0 67.0 29.0 Bento_Gonçalves_-_Cidade_Alta_(701_m) -999.9 -999.9 1016.53 1008.2 1015.5 10.2 5.2 -999.9 Rio_Grande_do_Sul WU UTC_2026-09-22_21:09 0.0 -999.9
-29.170300 -51.516102 IBENTOGO2 2026-09-22_18:14 10.5 -999.9 -999.9 75.8 -999.9 -999.9 6.4 -999.9 -999.9 1015.6 -999.9 -999.9 4.7 151 12.9 -999.9 0.0 0.0 134.0 135.5 168.5 168.5 13.2 7.4 89.0 67.0 29.0 Bento_Gonçalves_-_Cidade_Alta_(701_m) -999.9 -999.9 1016.53 1008.2 1015.6 10.2 5.2 -999.9 Rio_Grande_do_Sul WU UTC_2026-09-22_21:14 0.0 -999.9
-29.170300 -51.516102 IBENTOGO2 2026-09-22_18:19 10.3 -999.9 -999.9 75.9 -999.9 -999.9 6.2 -999.9 -999.9 1015.6 -999.9 -999.9 4.6 126 12.9 -999.9 0.0 0.0 134.0 135.5 168.5 168.5 13.2 7.4 89.0 67.0 29.0 Bento_Gonçalves_-_Cidade_Alta_(701_m) -999.9 -999.9 1016.53 1008.2 1015.6 10.2 5.2 -999.9 Rio_Grande_do_Sul WU UTC_2026-09-22_21:19 0.0 -999.9
-29.170300 -51.516102 IBENTOGO2 2026-09-22_18:24 10.2 -999.9 -999.9 76.5 -999.9 -999.9 6.2 -999.9 -999.9 1015.8 -999.9 -999.9 4.3 135 14.5 -999.9 0.0 0.0 134.0 135.5 168.5 168.5 13.2 7.4 89.0 67.0 29.0 Bento_Gonçalves_-_Cidade_Alta_(701_m) -999.9 -999.9 1016.53 1008.2 1015.8 10.2 5.2 -999.9 Rio_Grande_do_Sul WU UTC_2026-09-22_21:24 0.0 -999.9
-29.170300 -51.516102 IBENTOGO2 2026-09-22_18:29 10.1 -999.9 -999.9 76.8 -999.9 -999.9 6.2 -999.9 -999.9 1015.9 -999.9 -999.9 4.4 155 14.5 -999.9 0.0 0.0 134.0 135.5 168.5 168.5 13.2 7.4 89.0 67.0 29.0 Bento_Gonçalves_-_Cidade_Alta_(701_m) -999.9 -999.9 1016.53 1008.2 1015.9 10.2 5.2 -999.9 Rio_Grande_do_Sul WU UTC_2026-09-22_21:29 0.0 -999.9
-29.170300 -51.516102 IBENTOGO2 2026-09-22_18:34 10.0 -999.9 -999.9 77.0 -999.9 -999.9 6.2 -999.9 -999.9 1016.0 -999.9 -999.9 3.6 149 11.3 -999.9 0.0 0.0 134.0 135.5 168.5 168.5 13.2 7.4 89.0 67.0 29.0 Bento_Gonçalves_-_Cidade_Alta_(701_m) -999.9 -999.9 1016.53 1008.2 1016.0 10.2 5.2 -999.9 Rio_Grande_do_Sul WU UTC_2026-09-22_21:34 0.0 -999.9
-29.170300 -51.516102 IBENTOGO2 2026-09-22_18:39 10.0 -999.9 -999.9 77.3 -999.9 -999.9 6.2 -999.9 -999.9 1016.1 -999.9 -999.9 2.4 149 9.7 -999.9 0.0 0.0 134.0 135.5 168.5 168.5 13.2 7.4 89.0 67.0 29.0 Bento_Gonçalves_-_Cidade_Alta_(701_m) -999.9 -999.9 1016.53 1008.2 1016.1 10.2 5.2 -999.9 Rio_Grande_do_Sul WU UTC_2026-09-22_21:39 0.0 -999.9
-29.170300 -51.516102 IBENTOGO2 2026-09-22_18:44 10.0 -999.9 -999.9 77.2 -999.9 -999.9 6.2 -999.9 -999.9 1016.2 -999.9 -999.9 3.2 187 9.7 -999.9 0.0 0.0 134.0 135.5 168.5 168.5 13.2 7.4 89.0 67.0 29.0 Bento_Gonçalves_-_Cidade_Alta_(701_m) -999.9 -999.9 1016.53 1008.2 1016.2 10.2 5.2 -999.9 Rio_Grande_do_Sul WU UTC_2026-09-22_21:44 0.0 -999.9
-29.170300 -51.516102 IBENTOGO2 2026-09-22_18:49 9.8 -999.9 -999.9 77.2 -999.9 -999.9 6.0 -999.9 -999.9 1016.3 -999.9 -999.9 2.7 119 9.7 -999.9 0.0 0.0 134.0 135.5 168.5 168.5 13.2 7.4 89.0 67.0 29.0 Bento_Gonçalves_-_Cidade_Alta_(701_m) -999.9 -999.9 1016.53 1008.2 1016.3 10.2 5.2 -999.9 Rio_Grande_do_Sul WU UTC_2026-09-22_21:49 0.0 -999.9
-29.170300 -51.516102 IBENTOGO2 2026-09-22_18:54 9.8 -999.9 -999.9 77.8 -999.9 -999.9 6.1 -999.9 -999.9 1016.3 -999.9 -999.9 2.4 108 8.0 -999.9 0.0 0.0 134.0 135.5 168.5 168.5 13.2 7.4 89.0 67.0 29.0 Bento_Gonçalves_-_Cidade_Alta_(701_m) -999.9 -999.9 1016.53 1008.2 1016.3 10.2 5.2 -999.9 Rio_Grande_do_Sul WU UTC_2026-09-22_21:54 0.0 -999.9
-29.170300 -51.516102 IBENTOGO2 2026-09-22_18:59 9.8 -999.9 -999.9 77.8 -999.9 -999.9 6.1 -999.9 -999.9 1016.4 -999.9 -999.9 1.2 138 8.0 -999.9 0.0 0.0 134.0 135.5 168.5 168.5 13.2 7.4 89.0 67.0 29.0 Bento_Gonçalves_-_Cidade_Alta_(701_m) -999.9 -999.9 1016.53 1008.2 1016.4 10.2 5.2 -999.9 Rio_Grande_do_Sul WU UTC_2026-09-22_21:59 0.0 -999.9
-29.170300 -51.516102 IBENTOGO2 2026-09-22_19:04 9.8 -999.9 -999.9 77.9 -999.9 -999.9 6.1 -999.9 -999.9 1016.5 -999.9 -999.9 4.4 170 11.3 -999.9 0.0 0.0 134.0 135.5 168.5 168.5 13.2 7.4 89.0 67.0 29.0 Bento_Gonçalves_-_Cidade_Alta_(701_m) -999.9 -999.9 1016.53 1008.2 1016.5 10.2 5.2 -999.9 Rio_Grande_do_Sul WU UTC_2026-09-22_22:04 0.0 -999.9
-29.170300 -51.516102 IBENTOGO2 2026-09-22_19:09 9.8 -999.9 -999.9 77.8 -999.9 -999.9 6.1 -999.9 -999.9 1016.4 -999.9 -999.9 2.7 115 11.3 -999.9 0.0 0.0 134.0 135.5 168.5 168.5 13.2 7.4 89.0 67.0 29.0 Bento_Gonçalves_-_Cidade_Alta_(701_m) -999.9 -999.9 1016.53 1008.2 1016.4 10.2 5.2 -999.9 Rio_Grande_do_Sul WU UTC_2026-09-22_22:09 0.0 -999.9
-29.170300 -51.516102 IBENTOGO2 2026-09-22_19:14 9.7 -999.9 -999.9 78.0 -999.9 -999.9 6.1 -999.9 -999.9 1016.5 -999.9 -999.9 2.6 109 8.0 -999.9 0.0 0.0 134.0 135.5 168.5 168.5 13.2 7.4 89.0 67.0 29.0 Bento_Gonçalves_-_Cidade_Alta_(701_m) -999.9 -999.9 1016.53 1008.2 1016.5 10.2 5.2 -999.9 Rio_Grande_do_Sul WU UTC_2026-09-22_22:14 0.0 -999.9
-29.170300 -51.516102 IBENTOGO2 2026-09-22_19:19 9.7 -999.9 -999.9 78.0 -999.9 -999.9 6.0 -999.9 -999.9 1016.6 -999.9 -999.9 3.3 154 11.3 -999.9 0.0 0.0 134.0 135.5 168.5 168.5 13.2 7.4 89.0 67.0 29.0 Bento_Gonçalves_-_Cidade_Alta_(701_m) -999.9 -999.9 1016.53 1008.2 1016.6 10.2 5.2 -999.9 Rio_Grande_do_Sul WU UTC_2026-09-22_22:19 0.0 -999.9
-29.170300 -51.516102 IBENTOGO2 2026-09-22_19:27 9.8 -999.9 -999.9 78.0 -999.9 -999.9 6.1 -999.9 -999.9 1016.7 -999.9 -999.9 0.0 -999.9 6.4 -999.9 0.0 0.0 134.0 135.5 168.5 168.5 13.2 7.4 89.0 67.0 29.0 Bento_Gonçalves_-_Cidade_Alta_(701_m) -999.9 -999.9 1016.53 1008.2 1016.7 10.2 5.2 -999.9 Rio_Grande_do_Sul WU UTC_2026-09-22_22:27 0.0 -999.9
