-28.62942 -51.57527 17819 2026-09-22_00:10 -999.9 -999.9 -999.9 -999.9 -999.9 -999.9 -999.9 -999.9 -999.9 -999.9 -999.9 -999.9 -999.9 -999.9 -999.9 -999.9 -999.9 0.0 41.4 72.6 72.6 99.2 -999.9 -999.9 -999.9 -999.9 -999.9 CEMADEN_-_André_da_Rocha_-_G2-430066101A_(707_m) -999.9 -999.9 -999.9 -999.9 -999.9 -999.9 -999.9 -999.9 Rio_Grande_do_Sul CEMADEN -999.9 0.0 -999.9
-28.62942 -51.57527 17819 2026-09-22_01:10 -999.9 -999.9 -999.9 -999.9 -999.9 -999.9 -999.9 -999.9 -999.9 -999.9 -999.9 -999.9 -999.9 -999.9 -999.9 -999.9 -999.9 0.0 40.2 72.6 72.6 99.2 -999.9 -999.9 -999.9 -999.9 -999.9 CEMADEN_-_André_da_Rocha_-_G2-430066101A_(707_m) -999.9 -999.9 -999.9 -999.9 -999.9 -999.9 -999.9 -999.9 Rio_Grande_do_Sul CEMADEN -999.9 0.0 -999.9
-28.62942 -51.57527 17819 2026-09-22_02:10 -999.9 -999.9 -999.9 -999.9 -999.9 -999.9 -999.9 -999.9 -999.9 -999.9 -999.9 -999.9 -999.9 -999.9 -999.9 -999.9 -999.9 0.0 40.2 72.2 72.6 99.2 -999.9 -999.9 -999.9 -999.9 -999.9 CEMADEN_-_André_da_Rocha_-_G2-430066101A_(707_m) -999.9 -999.9 -999.9 -999.9 -999.9 -999.9 -999.9 -999.9 Rio_Grande_do_Sul CEMADEN -999.9 0.0 -999.9
-28.62942 -51.57527 17819 2026-09-22_03:10 -999.9 -999.9 -999.9 -999.9 -999.9 -999.9 -999.9 -999.9 -999.9 -999.9 -999.9 -999.9 -999.9 -999.9 -999.9 -999.9 -999.9 0.0 40.2 71.8 72.6 99.2 -999.9 -999.9 -999.9 -999.9 -999.9 CEMADEN_-_André_da_Rocha_-_G2-430066101A_(707_m) -999.9 -999.9 -999.9 -999.9 -999.9 -999.9 -999.9 -999.9 Rio_Grande_do_Sul CEMADEN -999.9 0.0 -999.9
-28.62942 -51.57527 17819 2026-09-22_04:10 -999.9 -999.9 -999.9 -999.9 -999.9 -999.9 -999.9 -999.9 -999.9 -999.9 -999.9 -999.9 -999.9 -999.9 -999.9 -999.9 -999.9 0.0 40.2 71.4 72.6 99.2 -999.9 -999.9 -999.9 -999.9 -999.9 CEMADEN_-_André_da_Rocha_-_G2-430066101A_(707_m) -999.9 -999.9 -999.9 -999.9 -999.9 -999.9 -999.9 -999.9 Rio_Grande_do_Sul CEMADEN -999.9 0.0 -999.9
-28.62942 -51.57527 17819 2026-09-22_05:10 -999.9 -999.9 -999.9 -999.9 -999.9 -999.9 -999.9 -999.9 -999.9 -999.9 -999.9 -999.9 -999.9 -999.9 -999.9 -999.9 -999.9 0.0 40.2 71.4 72.6 99.2 -999.9 -999.9 -999.9 -999.9 -999.9 CEMADEN_-_André_da_Rocha_-_G2-430066101A_(707_m) -999.9 -999.9 -999.9 -999.9 -999.9 -999.9 -999.9 -999.9 Rio_Grande_do_Sul CEMADEN -999.9 0.0 -999.9
-28.62942 -51.57527 17819 2026-09-22_06:10 -999.9 -999.9 -999.9 -999.9 -999.9 -999.9 -999.9 -999.9 -999.9 -999.9 -999.9 -999.9 -999.9 -999.9 -999.9 -999.9 -999.9 0.0 40.2 71.4 72.6 99.2 -999.9 -999.9 -999.9 -999.9 -999.9 CEMADEN_-_André_da_Rocha_-_G2-430066101A_(707_m) -999.9 -999.9 -999.9 -999.9 -999.9 -999.9 -999.9 -999.9 Rio_Grande_do_Sul CEMADEN -999.9 0.0 -999.9
-28.62942 -51.57527 17819 2026-09-22_07:10 -999.9 -999.9 -999.9 -999.9 -999.9 -999.9 -999.9 -999.9 -999.9 -999.9 -999.9 -999.9 -999.9 -999.9 -999.9 -999.9 -999.9 0.0 40.2 70.2 72.6 99.2 -999.9 -999.9 -999.9 -999.9 -999.9 CEMADEN_-_André_da_Rocha_-_G2-430066101A_(707_m) -999.9 -999.9 -999.9 -999.9 -999.9 -999.9 -999.9 -999.9 Rio_Grande_do_Sul CEMADEN -999.9 0.0 -999.9
-28.62942 -51.57527 17819 2026-09-22_08:10 -999.9 -999.9 -999.9 -999.9 -999.9 -999.9 -999.9 -999.9 -999.9 -999.9 -999.9 -999.9 -999.9 -999.9 -999.9 -999.9 -999.9 0.0 40.2 70.2 72.6 99.2 -999.9 -999.9 -999.9 -999.9 -999.9 CEMADEN_-_André_da_Rocha_-_G2-430066101A_(707_m) -999.9 -999.9 -999.9 -999.9 -999.9 -999.9 -999.9 -999.9 Rio_Grande_do_Sul CEMADEN -999.9 0.0 -999.9
-28.62942 -51.57527 17819 2026-09-22_09:10 -999.9 -999.9 -999.9 -999.9 -999.9 -999.9 -999.9 -999.9 -999.9 -999.9 -999.9 -999.9 -999.9 -999.9 -999.9 -999.9 -999.9 0.0 40.2 70.2 72.6 99.2 -999.9 -999.9 -999.9 -999.9 -999.9 CEMADEN_-_André_da_Rocha_-_G2-430066101A_(707_m) -999.9 -999.9 -999.9 -999.9 -999.9 -999.9 -999.9 -999.9 Rio_Grande_do_Sul CEMADEN -999.9 0.0 -999.9
-28.62942 -51.57527 17819 2026-09-22_10:10 -999.9 -999.9 -999.9 -999.9 -999.9 -999.9 -999.9 -999.9 -999.9 -999.9 -999.9 -999.9 -999.9 -999.9 -999.9 -999.9 -999.9 0.0 40.2 69.6 72.6 99.2 -999.9 -999.9 -999.9 -999.9 -999.9 CEMADEN_-_André_da_Rocha_-_G2-430066101A_(707_m) -999.9 -999.9 -999.9 -999.9 -999.9 -999.9 -999.9 -999.9 Rio_Grande_do_Sul CEMADEN -999.9 0.0 -999.9
-28.62942 -51.57527 17819 2026-09-22_11:10 -999.9 -999.9 -999.9 -999.9 -999.9 -999.9 -999.9 -999.9 -999.9 -999.9 -999.9 -999.9 -999.9 -999.9 -999.9 -999.9 -999.9 0.0 40.2 69.6 72.6 99.2 -999.9 -999.9 -999.9 -999.9 -999.9 CEMADEN_-_André_da_Rocha_-_G2-430066101A_(707_m) -999.9 -999.9 -999.9 -999.9 -999.9 -999.9 -999.9 -999.9 Rio_Grande_do_Sul CEMADEN -999.9 0.0 -999.9
-28.62942 -51.57527 17819 2026-09-22_12:10 -999.9 -999.9 -999.9 -999.9 -999.9 -999.9 -999.9 -999.9 -999.9 -999.9 -999.9 -999.9 -999.9 -999.9 -999.9 -999.9 -999.9 0.0 40.2 69.6 72.6 99.2 -999.9 -999.9 -999.9 -999.9 -999.9 CEMADEN_-_André_da_Rocha_-_G2-430066101A_(707_m) -999.9 -999.9 -999.9 -999.9 -999.9 -999.9 -999.9 -999.9 Rio_Grande_do_Sul CEMADEN -999.9 0.0 -999.9
-28.62942 -51.57527 17819 2026-09-22_13:10 -999.9 -999.9 -999.9 -999.9 -999.9 -999.9 -999.9 -999.9 -999.9 -999.9 -999.9 -999.9 -999.9 -999.9 -999.9 -999.9 -999.9 0.0 40.2 69.6 72.6 99.2 -999.9 -999.9 -999.9 -999.9 -999.9 CEMADEN_-_André_da_Rocha_-_G2-430066101A_(707_m) -999.9 -999.9 -999.9 -999.9 -999.9 -999.9 -999.9 -999.9 Rio_Grande_do_Sul CEMADEN -999.9 0.0 -999.9
-28.62942 -51.57527 17819 2026-09-22_14:10 -999.9 -999.9 -999.9 -999.9 -999.9 -999.9 -999.9 -999.9 -999.9 -999.9 -999.9 -999.9 -999.9 -999.9 -999.9 -999.9 -999.9 0.0 40.2 69.6 72.6 99.2 -999.9 -999.9 -999.9 -999.9 -999.9 CEMADEN_-_André_da_Rocha_-_G2-430066101A_(707_m) -999.9 -999.9 -999.9 -999.9 -999.9 -999.9 -999.9 -999.9 Rio_Grande_do_Sul CEMADEN -999.9 0.0 -999.9
-28.62942 -51.57527 17819 2026-09-22_15:10 -999.9 -999.9 -999.9 -999.9 -999.9 -999.9 -999.9 -999.9 -999.9 -999.9 -999.9 -999.9 -999.9 -999.9 -999.9 -999.9 -999.9 0.0 40.2 68.4 72.6 99.2 -999.9 -999.9 -999.9 -999.9 -999.9 CEMADEN_-_André_da_Rocha_-_G2-430066101A_(707_m) -999.9 -999.9 -999.9 -999.9 -999.9 -999.9 -999.9 -999.9 Rio_Grande_do_Sul CEMADEN -999.9 0.0 -999.9
-28.62942 -51.57527 17819 2026-09-22_16:10 -999.9 -999.9 -999.9 -999.9 -999.9 -999.9 -999.9 -999.9 -999.9 -999.9 -999.9 -999.9 -999.9 -999.9 -999.9 -999.9 -999.9 0.0 40.2 68.0 72.6 99.2 -999.9 -999.9 -999.9 -999.9 -999.9 CEMADEN_-_André_da_Rocha_-_G2-430066101A_(707_m) -999.9 -999.9 -999.9 -999.9 -999.9 -999.9 -999.9 -999.9 Rio_Grande_do_Sul CEMADEN -999.9 0.0 -999.9
-28.62942 -51.57527 17819 2026-09-22_17:10 -999.9 -999.9 -999.9 -999.9 -999.9 -999.9 -999.9 -999.9 -999.9 -999.9 -999.9 -999.9 -999.9 -999.9 -999.9 -999.9 -999.9 0.0 40.2 67.2 72.6 99.2 -999.9 -999.9 -999.9 -999.9 -999.9 CEMADEN_-_André_da_Rocha_-_G2-430066101A_(707_m) -999.9 -999.9 -999.9 -999.9 -999.9 -999.9 -999.9 -999.9 Rio_Grande_do_Sul CEMADEN -999.9 0.0 -999.9
-28.62942 -51.57527 17819 2026-09-22_18:10 -999.9 -999.9 -999.9 -999.9 -999.9 -999.9 -999.9 -999.9 -999.9 -999.9 -999.9 -999.9 -999.9 -999.9 -999.9 -999.9 -999.9 0.0 40.2 67.0 72.6 99.2 -999.9 -999.9 -999.9 -999.9 -999.9 CEMADEN_-_André_da_Rocha_-_G2-430066101A_(707_m) -999.9 -999.9 -999.9 -999.9 -999.9 -999.9 -999.9 -999.9 Rio_Grande_do_Sul CEMADEN -999.9 0.0 -999.9
-28.62942 -51.57527 17819 2026-09-22_19:10 -999.9 -999.9 -999.9 -999.9 -999.9 -999.9 -999.9 -999.9 -999.9 -999.9 -999.9 -999.9 -999.9 -999.9 -999.9 -999.9 -999.9 0.0 40.2 66.4 72.6 99.2 -999.9 -999.9 -999.9 -999.9 -999.9 CEMADEN_-_André_da_Rocha_-_G2-430066101A_(707_m) -999.9 -999.9 -999.9 -999.9 -999.9 -999.9 -999.9 -999.9 Rio_Grande_do_Sul CEMADEN -999.9 0.0 -999.9
