-29.068420 -50.012910 ab46b07e-1acd-489e-b1d8-4b7dbae9efa3 2026-09-21_00:00 19.6 -999.9 -999.9 87.0 -999.9 -999.9 17.2 -999.9 -999.9 1009.0 -999.9 -999.9 16.1 248 16.1 -999.9 0.0 0.0 13.0 32.6 32.8 33.1 -999.9 -999.9 -999.9 -999.9 -999.9 Cambará_do_Sul_(1042_m) -999.9 -999.9 1034.0 1009.0 1009.0 -999.9 -999.9 -999.9 Rio_Grande_do_Sul DAVIS -999.9 0.0 0.0
-29.068420 -50.012910 ab46b07e-1acd-489e-b1d8-4b7dbae9efa3 2026-09-21_00:05 19.7 -999.9 -999.9 87.0 -999.9 -999.9 17.2 -999.9 -999.9 1008.7 -999.9 -999.9 14.5 248 16.1 -999.9 0.0 0.0 13.0 32.6 32.8 33.1 19.7 19.6 87.0 87.0 16.1 Cambará_do_Sul_(1042_m) -999.9 -999.9 1034.0 1008.7 1008.7 17.2 17.2 -999.9 Rio_Grande_do_Sul DAVIS -999.9 0.0 0.0
-29.068420 -50.012910 ab46b07e-1acd-489e-b1d8-4b7dbae9efa3 2026-09-21_00:10 19.7 -999.9 -999.9 86.0 -999.9 -999.9 17.2 -999.9 -999.9 1008.6 -999.9 -999.9 14.5 248 16.1 -999.9 0.0 0.0 13.0 32.6 32.8 33.1 19.7 19.6 87.0 86.0 16.1 Cambará_do_Sul_(1042_m) -999.9 -999.9 1034.0 1008.6 1008.6 17.2 17.2 -999.9 Rio_Grande_do_Sul DAVIS -999.9 0.0 0.0
-29.068420 -50.012910 ab46b07e-1acd-489e-b1d8-4b7dbae9efa3 2026-09-21_00:15 19.8 -999.9 -999.9 86.0 -999.9 -999.9 17.2 -999.9 -999.9 1008.3 -999.9 -999.9 14.5 248 16.1 -999.9 0.0 0.0 13.0 32.6 32.8 33.1 19.8 19.6 87.0 86.0 16.1 Cambará_do_Sul_(1042_m) -999.9 -999.9 1034.0 1008.2 1008.3 17.2 17.2 -999.9 Rio_Grande_do_Sul DAVIS -999.9 0.0 0.0
-29.068420 -50.012910 ab46b07e-1acd-489e-b1d8-4b7dbae9efa3 2026-09-21_00:25 19.8 -999.9 -999.9 86.0 -999.9 -999.9 17.2 -999.9 -999.9 1008.1 -999.9 -999.9 16.1 248 16.1 -999.9 0.0 0.0 13.0 32.6 32.8 33.1 19.8 19.6 87.0 86.0 16.1 Cambará_do_Sul_(1042_m) -999.9 -999.9 1034.0 1008.1 1008.1 17.2 17.2 -999.9 Rio_Grande_do_Sul DAVIS -999.9 0.0 0.0
-29.068420 -50.012910 ab46b07e-1acd-489e-b1d8-4b7dbae9efa3 2026-09-21_00:30 19.8 -999.9 -999.9 86.0 -999.9 -999.9 17.2 -999.9 -999.9 1008.4 -999.9 -999.9 16.1 248 16.1 -999.9 0.0 0.0 13.0 32.6 32.8 33.1 19.8 19.6 87.0 86.0 16.1 Cambará_do_Sul_(1042_m) -999.9 -999.9 1034.0 1008.1 1008.4 17.2 17.2 -999.9 Rio_Grande_do_Sul DAVIS -999.9 0.0 0.0
-29.068420 -50.012910 ab46b07e-1acd-489e-b1d8-4b7dbae9efa3 2026-09-21_00:35 19.9 -999.9 -999.9 86.0 -999.9 -999.9 17.2 -999.9 -999.9 1008.1 -999.9 -999.9 16.1 248 16.1 -999.9 0.0 0.0 13.0 32.6 32.8 33.1 19.9 19.6 87.0 86.0 16.1 Cambará_do_Sul_(1042_m) -999.9 -999.9 1034.0 1008.1 1008.1 17.2 17.2 -999.9 Rio_Grande_do_Sul DAVIS -999.9 0.0 0.0
-29.068420 -50.012910 ab46b07e-1acd-489e-b1d8-4b7dbae9efa3 2026-09-21_00:40 19.9 -999.9 -999.9 86.0 -999.9 -999.9 17.8 -999.9 -999.9 1008.0 -999.9 -999.9 14.5 248 16.1 -999.9 0.0 0.0 13.0 32.6 32.8 33.1 19.9 19.6 87.0 86.0 16.1 Cambará_do_Sul_(1042_m) -999.9 -999.9 1034.0 1008.0 1008.0 17.8 17.2 -999.9 Rio_Grande_do_Sul DAVIS -999.9 0.0 0.0
-29.068420 -50.012910 ab46b07e-1acd-489e-b1d8-4b7dbae9efa3 2026-09-21_00:45 19.9 -999.9 -999.9 86.0 -999.9 -999.9 17.2 -999.9 -999.9 1008.0 -999.9 -999.9 16.1 248 16.1 -999.9 0.0 0.0 13.0 32.6 32.8 33.1 19.9 19.6 87.0 86.0 16.1 Cambará_do_Sul_(1042_m) -999.9 -999.9 1034.0 1007.8 1008.0 17.8 17.2 -999.9 Rio_Grande_do_Sul DAVIS -999.9 0.0 0.0
-29.068420 -50.012910 ab46b07e-1acd-489e-b1d8-4b7dbae9efa3 2026-09-21_00:50 19.9 -999.9 -999.9 86.0 -999.9 -999.9 17.8 -999.9 -999.9 1007.6 -999.9 -999.9 16.1 248 16.1 -999.9 0.0 0.0 13.0 32.6 32.8 33.1 19.9 19.6 87.0 86.0 16.1 Cambará_do_Sul_(1042_m) -999.9 -999.9 1034.0 1007.5 1007.6 17.8 17.2 -999.9 Rio_Grande_do_Sul DAVIS -999.9 0.0 0.0
-29.068420 -50.012910 ab46b07e-1acd-489e-b1d8-4b7dbae9efa3 2026-09-21_00:55 20.1 -999.9 -999.9 86.0 -999.9 -999.9 17.8 -999.9 -999.9 1007.2 -999.9 -999.9 16.1 248 16.1 -999.9 0.0 0.0 13.0 32.6 32.8 33.1 20.1 19.6 87.0 86.0 16.1 Cambará_do_Sul_(1042_m) -999.9 -999.9 1034.0 1007.2 1007.2 17.8 17.2 -999.9 Rio_Grande_do_Sul DAVIS -999.9 0.0 0.0
-29.068420 -50.012910 ab46b07e-1acd-489e-b1d8-4b7dbae9efa3 2026-09-21_01:00 20.0 -999.9 -999.9 86.0 -999.9 -999.9 17.8 -999.9 -999.9 1007.3 -999.9 -999.9 16.1 248 16.1 -999.9 0.0 0.0 13.0 32.6 32.8 33.1 20.1 19.6 87.0 86.0 16.1 Cambará_do_Sul_(1042_m) -999.9 -999.9 1034.0 1007.2 1007.3 17.8 17.2 -999.9 Rio_Grande_do_Sul DAVIS -999.9 0.0 0.0
-29.068420 -50.012910 ab46b07e-1acd-489e-b1d8-4b7dbae9efa3 2026-09-21_01:05 19.9 -999.9 -999.9 86.0 -999.9 -999.9 17.8 -999.9 -999.9 1007.6 -999.9 -999.9 16.1 248 16.1 -999.9 0.0 0.0 13.0 32.6 32.8 33.1 20.1 19.6 87.0 86.0 16.1 Cambará_do_Sul_(1042_m) -999.9 -999.9 1034.0 1007.2 1007.6 17.8 17.2 -999.9 Rio_Grande_do_Sul DAVIS -999.9 0.0 0.0
-29.068420 -50.012910 ab46b07e-1acd-489e-b1d8-4b7dbae9efa3 2026-09-21_01:10 19.9 -999.9 -999.9 86.0 -999.9 -999.9 17.8 -999.9 -999.9 1007.4 -999.9 -999.9 16.1 248 16.1 -999.9 0.0 0.0 13.0 32.6 32.8 33.1 20.1 19.6 87.0 86.0 16.1 Cambará_do_Sul_(1042_m) -999.9 -999.9 1034.0 1007.2 1007.4 17.8 17.2 -999.9 Rio_Grande_do_Sul DAVIS -999.9 0.0 0.0
-29.068420 -50.012910 ab46b07e-1acd-489e-b1d8-4b7dbae9efa3 2026-09-21_01:15 19.9 -999.9 -999.9 86.0 -999.9 -999.9 17.2 -999.9 -999.9 1007.5 -999.9 -999.9 14.5 248 16.1 -999.9 0.0 0.0 13.0 32.6 32.8 33.1 20.1 19.6 87.0 86.0 16.1 Cambará_do_Sul_(1042_m) -999.9 -999.9 1034.0 1007.2 1007.5 17.8 17.2 -999.9 Rio_Grande_do_Sul DAVIS -999.9 0.0 0.0
-29.068420 -50.012910 ab46b07e-1acd-489e-b1d8-4b7dbae9efa3 2026-09-21_01:20 19.8 -999.9 -999.9 86.0 -999.9 -999.9 17.2 -999.9 -999.9 1007.5 -999.9 -999.9 14.5 248 16.1 -999.9 0.0 0.0 13.0 32.6 32.8 33.1 20.1 19.6 87.0 86.0 16.1 Cambará_do_Sul_(1042_m) -999.9 -999.9 1034.0 1007.2 1007.5 17.8 17.2 -999.9 Rio_Grande_do_Sul DAVIS -999.9 0.0 0.0
-29.068420 -50.012910 ab46b07e-1acd-489e-b1d8-4b7dbae9efa3 2026-09-21_01:25 19.8 -999.9 -999.9 86.0 -999.9 -999.9 17.2 -999.9 -999.9 1007.7 -999.9 -999.9 14.5 248 16.1 -999.9 0.0 0.0 13.0 32.6 32.8 33.1 20.1 19.6 87.0 86.0 16.1 Cambará_do_Sul_(1042_m) -999.9 -999.9 1034.0 1007.2 1007.7 17.8 17.2 -999.9 Rio_Grande_do_Sul DAVIS -999.9 0.0 0.0
-29.068420 -50.012910 ab46b07e-1acd-489e-b1d8-4b7dbae9efa3 2026-09-21_01:30 19.8 -999.9 -999.9 87.0 -999.9 -999.9 17.8 -999.9 -999.9 1007.7 -999.9 -999.9 16.1 248 16.1 -999.9 0.0 0.0 13.0 32.6 32.8 33.1 20.1 19.6 87.0 86.0 16.1 Cambará_do_Sul_(1042_m) -999.9 -999.9 1034.0 1007.2 1007.7 17.8 17.2 -999.9 Rio_Grande_do_Sul DAVIS -999.9 0.0 0.0
-29.068420 -50.012910 ab46b07e-1acd-489e-b1d8-4b7dbae9efa3 2026-09-21_01:35 19.8 -999.9 -999.9 87.0 -999.9 -999.9 17.8 -999.9 -999.9 1007.6 -999.9 -999.9 16.1 248 16.1 -999.9 0.0 0.0 13.0 32.6 32.8 33.1 20.1 19.6 87.0 86.0 16.1 Cambará_do_Sul_(1042_m) -999.9 -999.9 1034.0 1007.2 1007.6 17.8 17.2 -999.9 Rio_Grande_do_Sul DAVIS -999.9 0.0 0.0
-29.068420 -50.012910 ab46b07e-1acd-489e-b1d8-4b7dbae9efa3 2026-09-21_01:40 19.8 -999.9 -999.9 87.0 -999.9 -999.9 17.8 -999.9 -999.9 1007.2 -999.9 -999.9 14.5 248 16.1 -999.9 0.0 0.0 13.0 32.6 32.8 33.1 20.1 19.6 87.0 86.0 16.1 Cambará_do_Sul_(1042_m) -999.9 -999.9 1034.0 1007.2 1007.2 17.8 17.2 -999.9 Rio_Grande_do_Sul DAVIS -999.9 0.0 0.0
-29.068420 -50.012910 ab46b07e-1acd-489e-b1d8-4b7dbae9efa3 2026-09-21_01:45 19.8 -999.9 -999.9 87.0 -999.9 -999.9 17.8 -999.9 -999.9 1007.0 -999.9 -999.9 14.5 248 16.1 -999.9 0.0 0.0 13.0 32.6 32.8 33.1 20.1 19.6 87.0 86.0 16.1 Cambará_do_Sul_(1042_m) -999.9 -999.9 1034.0 1007.0 1007.0 17.8 17.2 -999.9 Rio_Grande_do_Sul DAVIS -999.9 0.0 0.0
-29.068420 -50.012910 ab46b07e-1acd-489e-b1d8-4b7dbae9efa3 2026-09-21_01:50 19.8 -999.9 -999.9 87.0 -999.9 -999.9 17.8 -999.9 -999.9 1006.9 -999.9 -999.9 14.5 248 16.1 -999.9 0.0 0.0 13.0 32.6 32.8 33.1 20.1 19.6 87.0 86.0 16.1 Cambará_do_Sul_(1042_m) -999.9 -999.9 1034.0 1006.9 1006.9 17.8 17.2 -999.9 Rio_Grande_do_Sul DAVIS -999.9 0.0 0.0
-29.068420 -50.012910 ab46b07e-1acd-489e-b1d8-4b7dbae9efa3 2026-09-21_01:55 19.9 -999.9 -999.9 86.0 -999.9 -999.9 17.2 -999.9 -999.9 1007.0 -999.9 -999.9 16.1 248 16.1 -999.9 0.0 0.0 13.0 32.6 32.8 33.1 20.1 19.6 87.0 86.0 16.1 Cambará_do_Sul_(1042_m) -999.9 -999.9 1034.0 1006.7 1007.0 17.8 17.2 -999.9 Rio_Grande_do_Sul DAVIS -999.9 0.0 0.0
-29.068420 -50.012910 ab46b07e-1acd-489e-b1d8-4b7dbae9efa3 2026-09-21_02:00 19.8 -999.9 -999.9 86.0 -999.9 -999.9 17.2 -999.9 -999.9 1007.1 -999.9 -999.9 16.1 248 16.1 -999.9 0.0 0.0 13.0 32.6 32.8 33.1 20.1 19.6 87.0 86.0 16.1 Cambará_do_Sul_(1042_m) -999.9 -999.9 1034.0 1006.7 1007.1 17.8 17.2 -999.9 Rio_Grande_do_Sul DAVIS -999.9 0.0 0.0
-29.068420 -50.012910 ab46b07e-1acd-489e-b1d8-4b7dbae9efa3 2026-09-21_02:10 19.9 -999.9 -999.9 86.0 -999.9 -999.9 17.2 -999.9 -999.9 1007.3 -999.9 -999.9 16.1 248 16.1 -999.9 0.0 0.0 13.0 32.6 32.8 33.1 20.1 19.6 87.0 86.0 16.1 Cambará_do_Sul_(1042_m) -999.9 -999.9 1034.0 1006.7 1007.3 17.8 17.2 -999.9 Rio_Grande_do_Sul DAVIS -999.9 0.0 0.0
-29.068420 -50.012910 ab46b07e-1acd-489e-b1d8-4b7dbae9efa3 2026-09-21_02:20 20.2 -999.9 -999.9 85.0 -999.9 -999.9 17.8 -999.9 -999.9 1007.7 -999.9 -999.9 16.1 248 16.1 -999.9 0.0 0.0 13.0 32.6 32.8 33.1 20.2 19.6 87.0 85.0 16.1 Cambará_do_Sul_(1042_m) -999.9 -999.9 1034.0 1006.7 1007.7 17.8 17.2 -999.9 Rio_Grande_do_Sul DAVIS -999.9 0.0 0.0
-29.068420 -50.012910 ab46b07e-1acd-489e-b1d8-4b7dbae9efa3 2026-09-21_02:25 20.2 -999.9 -999.9 85.0 -999.9 -999.9 17.8 -999.9 -999.9 1007.7 -999.9 -999.9 14.5 248 16.1 -999.9 0.0 0.0 13.0 32.6 32.8 33.1 20.2 19.6 87.0 85.0 16.1 Cambará_do_Sul_(1042_m) -999.9 -999.9 1034.0 1006.7 1007.7 17.8 17.2 -999.9 Rio_Grande_do_Sul DAVIS -999.9 0.0 0.0
-29.068420 -50.012910 ab46b07e-1acd-489e-b1d8-4b7dbae9efa3 2026-09-21_02:30 20.2 -999.9 -999.9 85.0 -999.9 -999.9 17.8 -999.9 -999.9 1007.7 -999.9 -999.9 16.1 248 16.1 -999.9 0.0 0.0 13.0 32.6 32.8 33.1 20.2 19.6 87.0 85.0 16.1 Cambará_do_Sul_(1042_m) -999.9 -999.9 1034.0 1006.7 1007.7 17.8 17.2 -999.9 Rio_Grande_do_Sul DAVIS -999.9 0.0 0.0
-29.068420 -50.012910 ab46b07e-1acd-489e-b1d8-4b7dbae9efa3 2026-09-21_02:35 20.1 -999.9 -999.9 86.0 -999.9 -999.9 17.8 -999.9 -999.9 1007.5 -999.9 -999.9 16.1 248 16.1 -999.9 0.0 0.0 13.0 32.6 32.8 33.1 20.2 19.6 87.0 85.0 16.1 Cambará_do_Sul_(1042_m) -999.9 -999.9 1034.0 1006.7 1007.5 17.8 17.2 -999.9 Rio_Grande_do_Sul DAVIS -999.9 0.0 0.0
-29.068420 -50.012910 ab46b07e-1acd-489e-b1d8-4b7dbae9efa3 2026-09-21_02:40 20.1 -999.9 -999.9 86.0 -999.9 -999.9 17.8 -999.9 -999.9 1007.7 -999.9 -999.9 16.1 248 16.1 -999.9 0.0 0.0 13.0 32.6 32.8 33.1 20.2 19.6 87.0 85.0 16.1 Cambará_do_Sul_(1042_m) -999.9 -999.9 1034.0 1006.7 1007.7 17.8 17.2 -999.9 Rio_Grande_do_Sul DAVIS -999.9 0.0 0.0
-29.068420 -50.012910 ab46b07e-1acd-489e-b1d8-4b7dbae9efa3 2026-09-21_02:45 19.9 -999.9 -999.9 86.0 -999.9 -999.9 17.8 -999.9 -999.9 1007.6 -999.9 -999.9 16.1 248 16.1 -999.9 0.0 0.0 13.0 32.6 32.8 33.1 20.2 19.6 87.0 85.0 16.1 Cambará_do_Sul_(1042_m) -999.9 -999.9 1034.0 1006.7 1007.6 17.8 17.2 -999.9 Rio_Grande_do_Sul DAVIS -999.9 0.0 0.0
-29.068420 -50.012910 ab46b07e-1acd-489e-b1d8-4b7dbae9efa3 2026-09-21_02:50 19.9 -999.9 -999.9 86.0 -999.9 -999.9 17.8 -999.9 -999.9 1007.7 -999.9 -999.9 14.5 248 16.1 -999.9 0.0 0.0 13.0 32.6 32.8 33.1 20.2 19.6 87.0 85.0 16.1 Cambará_do_Sul_(1042_m) -999.9 -999.9 1034.0 1006.7 1007.7 17.8 17.2 -999.9 Rio_Grande_do_Sul DAVIS -999.9 0.0 0.0
-29.068420 -50.012910 ab46b07e-1acd-489e-b1d8-4b7dbae9efa3 2026-09-21_02:55 19.9 -999.9 -999.9 86.0 -999.9 -999.9 17.8 -999.9 -999.9 1007.6 -999.9 -999.9 14.5 248 16.1 -999.9 0.0 0.0 13.0 32.6 32.8 33.1 20.2 19.6 87.0 85.0 16.1 Cambará_do_Sul_(1042_m) -999.9 -999.9 1034.0 1006.7 1007.6 17.8 17.2 -999.9 Rio_Grande_do_Sul DAVIS -999.9 0.0 0.0
-29.068420 -50.012910 ab46b07e-1acd-489e-b1d8-4b7dbae9efa3 2026-09-21_03:00 19.9 -999.9 -999.9 86.0 -999.9 -999.9 17.8 -999.9 -999.9 1007.6 -999.9 -999.9 14.5 248 16.1 -999.9 0.0 0.0 13.0 32.6 32.8 33.1 20.2 19.6 87.0 85.0 16.1 Cambará_do_Sul_(1042_m) -999.9 -999.9 1034.0 1006.7 1007.6 17.8 17.2 -999.9 Rio_Grande_do_Sul DAVIS -999.9 0.0 0.0
-29.068420 -50.012910 ab46b07e-1acd-489e-b1d8-4b7dbae9efa3 2026-09-21_03:05 20.0 -999.9 -999.9 86.0 -999.9 -999.9 17.8 -999.9 -999.9 1007.4 -999.9 -999.9 16.1 248 16.1 -999.9 0.0 0.0 13.0 32.6 32.8 33.1 20.2 19.6 87.0 85.0 16.1 Cambará_do_Sul_(1042_m) -999.9 -999.9 1034.0 1006.7 1007.4 17.8 17.2 -999.9 Rio_Grande_do_Sul DAVIS -999.9 0.0 0.0
-29.068420 -50.012910 ab46b07e-1acd-489e-b1d8-4b7dbae9efa3 2026-09-21_03:10 20.1 -999.9 -999.9 85.0 -999.9 -999.9 17.2 -999.9 -999.9 1007.2 -999.9 -999.9 16.1 248 16.1 -999.9 0.0 0.0 13.0 32.6 32.8 33.1 20.2 19.6 87.0 85.0 16.1 Cambará_do_Sul_(1042_m) -999.9 -999.9 1034.0 1006.7 1007.2 17.8 17.2 -999.9 Rio_Grande_do_Sul DAVIS -999.9 0.0 0.0
-29.068420 -50.012910 ab46b07e-1acd-489e-b1d8-4b7dbae9efa3 2026-09-21_03:15 20.1 -999.9 -999.9 85.0 -999.9 -999.9 17.8 -999.9 -999.9 1007.3 -999.9 -999.9 14.5 248 16.1 -999.9 0.0 0.0 13.0 32.6 32.8 33.1 20.2 19.6 87.0 85.0 16.1 Cambará_do_Sul_(1042_m) -999.9 -999.9 1034.0 1006.7 1007.3 17.8 17.2 -999.9 Rio_Grande_do_Sul DAVIS -999.9 0.0 0.0
-29.068420 -50.012910 ab46b07e-1acd-489e-b1d8-4b7dbae9efa3 2026-09-21_03:20 20.2 -999.9 -999.9 85.0 -999.9 -999.9 17.8 -999.9 -999.9 1007.5 -999.9 -999.9 16.1 248 16.1 -999.9 0.0 0.0 13.0 32.6 32.8 33.1 20.2 19.6 87.0 85.0 16.1 Cambará_do_Sul_(1042_m) -999.9 -999.9 1034.0 1006.7 1007.5 17.8 17.2 -999.9 Rio_Grande_do_Sul DAVIS -999.9 0.0 0.0
-29.068420 -50.012910 ab46b07e-1acd-489e-b1d8-4b7dbae9efa3 2026-09-21_03:25 20.2 -999.9 -999.9 85.0 -999.9 -999.9 17.8 -999.9 -999.9 1007.3 -999.9 -999.9 14.5 248 16.1 -999.9 0.0 0.0 13.0 32.6 32.8 33.1 20.2 19.6 87.0 85.0 16.1 Cambará_do_Sul_(1042_m) -999.9 -999.9 1034.0 1006.7 1007.3 17.8 17.2 -999.9 Rio_Grande_do_Sul DAVIS -999.9 0.0 0.0
-29.068420 -50.012910 ab46b07e-1acd-489e-b1d8-4b7dbae9efa3 2026-09-21_03:30 20.2 -999.9 -999.9 85.0 -999.9 -999.9 17.8 -999.9 -999.9 1007.3 -999.9 -999.9 16.1 248 16.1 -999.9 0.0 0.0 13.0 32.6 32.8 33.1 20.2 19.6 87.0 85.0 16.1 Cambará_do_Sul_(1042_m) -999.9 -999.9 1034.0 1006.7 1007.3 17.8 17.2 -999.9 Rio_Grande_do_Sul DAVIS -999.9 0.0 0.0
-29.068420 -50.012910 ab46b07e-1acd-489e-b1d8-4b7dbae9efa3 2026-09-21_03:35 20.2 -999.9 -999.9 84.0 -999.9 -999.9 17.2 -999.9 -999.9 1007.3 -999.9 -999.9 16.1 248 16.1 -999.9 0.0 0.0 13.0 32.6 32.8 33.1 20.2 19.6 87.0 84.0 16.1 Cambará_do_Sul_(1042_m) -999.9 -999.9 1034.0 1006.7 1007.3 17.8 17.2 -999.9 Rio_Grande_do_Sul DAVIS -999.9 0.0 0.0
-29.068420 -50.012910 ab46b07e-1acd-489e-b1d8-4b7dbae9efa3 2026-09-21_03:40 20.2 -999.9 -999.9 85.0 -999.9 -999.9 17.8 -999.9 -999.9 1007.3 -999.9 -999.9 16.1 248 16.1 -999.9 0.0 0.0 13.0 32.6 32.8 33.1 20.2 19.6 87.0 84.0 16.1 Cambará_do_Sul_(1042_m) -999.9 -999.9 1034.0 1006.7 1007.3 17.8 17.2 -999.9 Rio_Grande_do_Sul DAVIS -999.9 0.0 0.0
-29.068420 -50.012910 ab46b07e-1acd-489e-b1d8-4b7dbae9efa3 2026-09-21_03:45 20.3 -999.9 -999.9 84.0 -999.9 -999.9 17.2 -999.9 -999.9 1007.5 -999.9 -999.9 16.1 248 16.1 -999.9 0.0 0.0 13.0 32.6 32.8 33.1 20.3 19.6 87.0 84.0 16.1 Cambará_do_Sul_(1042_m) -999.9 -999.9 1034.0 1006.7 1007.5 17.8 17.2 -999.9 Rio_Grande_do_Sul DAVIS -999.9 0.0 0.0
-29.068420 -50.012910 ab46b07e-1acd-489e-b1d8-4b7dbae9efa3 2026-09-21_03:50 20.3 -999.9 -999.9 84.0 -999.9 -999.9 17.2 -999.9 -999.9 1007.5 -999.9 -999.9 16.1 248 16.1 -999.9 0.0 0.0 13.0 32.6 32.8 33.1 20.3 19.6 87.0 84.0 16.1 Cambará_do_Sul_(1042_m) -999.9 -999.9 1034.0 1006.7 1007.5 17.8 17.2 -999.9 Rio_Grande_do_Sul DAVIS -999.9 0.0 0.0
-29.068420 -50.012910 ab46b07e-1acd-489e-b1d8-4b7dbae9efa3 2026-09-21_03:55 20.3 -999.9 -999.9 84.0 -999.9 -999.9 17.2 -999.9 -999.9 1007.4 -999.9 -999.9 16.1 248 16.1 -999.9 0.0 0.0 13.0 32.6 32.8 33.1 20.3 19.6 87.0 84.0 16.1 Cambará_do_Sul_(1042_m) -999.9 -999.9 1034.0 1006.7 1007.4 17.8 17.2 -999.9 Rio_Grande_do_Sul DAVIS -999.9 0.0 0.0
-29.068420 -50.012910 ab46b07e-1acd-489e-b1d8-4b7dbae9efa3 2026-09-21_04:00 20.3 -999.9 -999.9 84.0 -999.9 -999.9 17.2 -999.9 -999.9 1007.3 -999.9 -999.9 14.5 248 16.1 -999.9 0.0 0.0 13.0 32.6 32.8 33.1 20.3 19.6 87.0 84.0 16.1 Cambará_do_Sul_(1042_m) -999.9 -999.9 1034.0 1006.7 1007.3 17.8 17.2 -999.9 Rio_Grande_do_Sul DAVIS -999.9 0.0 0.0
-29.068420 -50.012910 ab46b07e-1acd-489e-b1d8-4b7dbae9efa3 2026-09-21_04:05 20.3 -999.9 -999.9 84.0 -999.9 -999.9 17.8 -999.9 -999.9 1007.2 -999.9 -999.9 14.5 248 16.1 -999.9 0.0 0.0 13.0 32.6 32.8 33.1 20.3 19.6 87.0 84.0 16.1 Cambará_do_Sul_(1042_m) -999.9 -999.9 1034.0 1006.7 1007.2 17.8 17.2 -999.9 Rio_Grande_do_Sul DAVIS -999.9 0.0 0.0
-29.068420 -50.012910 ab46b07e-1acd-489e-b1d8-4b7dbae9efa3 2026-09-21_04:10 20.3 -999.9 -999.9 84.0 -999.9 -999.9 17.8 -999.9 -999.9 1007.2 -999.9 -999.9 14.5 248 16.1 -999.9 0.0 0.0 13.0 32.6 32.8 33.1 20.3 19.6 87.0 84.0 16.1 Cambará_do_Sul_(1042_m) -999.9 -999.9 1034.0 1006.7 1007.2 17.8 17.2 -999.9 Rio_Grande_do_Sul DAVIS -999.9 0.0 0.0
-29.068420 -50.012910 ab46b07e-1acd-489e-b1d8-4b7dbae9efa3 2026-09-21_04:15 20.3 -999.9 -999.9 84.0 -999.9 -999.9 17.8 -999.9 -999.9 1007.5 -999.9 -999.9 16.1 248 16.1 -999.9 0.0 0.0 13.0 32.6 32.8 33.1 20.4 19.6 87.0 84.0 16.1 Cambará_do_Sul_(1042_m) -999.9 -999.9 1034.0 1006.7 1007.5 17.8 17.2 -999.9 Rio_Grande_do_Sul DAVIS -999.9 0.0 0.0
-29.068420 -50.012910 ab46b07e-1acd-489e-b1d8-4b7dbae9efa3 2026-09-21_04:20 20.4 -999.9 -999.9 84.0 -999.9 -999.9 17.8 -999.9 -999.9 1007.6 -999.9 -999.9 14.5 248 16.1 -999.9 0.0 0.0 13.0 32.6 32.8 33.1 20.4 19.6 87.0 84.0 16.1 Cambará_do_Sul_(1042_m) -999.9 -999.9 1034.0 1006.7 1007.6 17.8 17.2 -999.9 Rio_Grande_do_Sul DAVIS -999.9 0.0 0.0
-29.068420 -50.012910 ab46b07e-1acd-489e-b1d8-4b7dbae9efa3 2026-09-21_04:25 20.3 -999.9 -999.9 84.0 -999.9 -999.9 17.8 -999.9 -999.9 1007.6 -999.9 -999.9 14.5 248 16.1 -999.9 0.0 0.0 13.0 32.6 32.8 33.1 20.4 19.6 87.0 84.0 16.1 Cambará_do_Sul_(1042_m) -999.9 -999.9 1034.0 1006.7 1007.6 17.8 17.2 -999.9 Rio_Grande_do_Sul DAVIS -999.9 0.0 0.0
-29.068420 -50.012910 ab46b07e-1acd-489e-b1d8-4b7dbae9efa3 2026-09-21_04:30 20.3 -999.9 -999.9 84.0 -999.9 -999.9 17.2 -999.9 -999.9 1007.7 -999.9 -999.9 14.5 248 16.1 -999.9 0.0 0.0 13.0 32.6 32.8 33.1 20.4 19.6 87.0 84.0 16.1 Cambará_do_Sul_(1042_m) -999.9 -999.9 1034.0 1006.7 1007.7 17.8 17.2 -999.9 Rio_Grande_do_Sul DAVIS -999.9 0.0 0.0
-29.068420 -50.012910 ab46b07e-1acd-489e-b1d8-4b7dbae9efa3 2026-09-21_04:35 20.2 -999.9 -999.9 84.0 -999.9 -999.9 17.2 -999.9 -999.9 1007.7 -999.9 -999.9 14.5 248 16.1 -999.9 0.0 0.0 13.0 32.6 32.8 33.1 20.4 19.6 87.0 84.0 16.1 Cambará_do_Sul_(1042_m) -999.9 -999.9 1034.0 1006.7 1007.7 17.8 17.2 -999.9 Rio_Grande_do_Sul DAVIS -999.9 0.0 0.0
-29.068420 -50.012910 ab46b07e-1acd-489e-b1d8-4b7dbae9efa3 2026-09-21_04:40 20.2 -999.9 -999.9 84.0 -999.9 -999.9 17.2 -999.9 -999.9 1008.0 -999.9 -999.9 16.1 248 16.1 -999.9 0.0 0.0 13.0 32.6 32.8 33.1 20.4 19.6 87.0 84.0 16.1 Cambará_do_Sul_(1042_m) -999.9 -999.9 1034.0 1006.7 1008.0 17.8 17.2 -999.9 Rio_Grande_do_Sul DAVIS -999.9 0.0 0.0
-29.068420 -50.012910 ab46b07e-1acd-489e-b1d8-4b7dbae9efa3 2026-09-21_04:45 20.2 -999.9 -999.9 85.0 -999.9 -999.9 17.8 -999.9 -999.9 1008.2 -999.9 -999.9 16.1 248 16.1 -999.9 0.0 0.0 13.0 32.6 32.8 33.1 20.4 19.6 87.0 84.0 16.1 Cambará_do_Sul_(1042_m) -999.9 -999.9 1034.0 1006.7 1008.2 17.8 17.2 -999.9 Rio_Grande_do_Sul DAVIS -999.9 0.0 0.0
-29.068420 -50.012910 ab46b07e-1acd-489e-b1d8-4b7dbae9efa3 2026-09-21_04:55 20.2 -999.9 -999.9 85.0 -999.9 -999.9 17.8 -999.9 -999.9 1008.3 -999.9 -999.9 16.1 248 16.1 -999.9 0.0 0.0 13.0 32.6 32.8 33.1 20.4 19.6 87.0 84.0 16.1 Cambará_do_Sul_(1042_m) -999.9 -999.9 1034.0 1006.7 1008.3 17.8 17.2 -999.9 Rio_Grande_do_Sul DAVIS -999.9 0.0 0.0
-29.068420 -50.012910 ab46b07e-1acd-489e-b1d8-4b7dbae9efa3 2026-09-21_05:00 20.1 -999.9 -999.9 85.0 -999.9 -999.9 17.2 -999.9 -999.9 1008.5 -999.9 -999.9 16.1 248 16.1 -999.9 0.0 0.0 13.0 32.6 32.8 33.1 20.4 19.6 87.0 84.0 16.1 Cambará_do_Sul_(1042_m) -999.9 -999.9 1034.0 1006.7 1008.5 17.8 17.2 -999.9 Rio_Grande_do_Sul DAVIS -999.9 0.0 0.0
-29.068420 -50.012910 ab46b07e-1acd-489e-b1d8-4b7dbae9efa3 2026-09-21_05:10 19.1 -999.9 -999.9 80.0 -999.9 -999.9 15.6 -999.9 -999.9 1010.2 -999.9 -999.9 16.1 248 16.1 -999.9 0.0 0.0 13.0 32.6 32.8 33.1 20.4 19.1 87.0 79.0 16.1 Cambará_do_Sul_(1042_m) -999.9 -999.9 1034.0 1006.7 1010.2 17.8 15.6 -999.9 Rio_Grande_do_Sul DAVIS -999.9 0.0 0.0
-29.068420 -50.012910 ab46b07e-1acd-489e-b1d8-4b7dbae9efa3 2026-09-21_05:15 16.9 -999.9 -999.9 82.0 -999.9 -999.9 13.9 -999.9 -999.9 1010.2 -999.9 -999.9 17.7 184 19.3 -999.9 0.0 0.0 13.0 32.6 32.8 33.1 20.4 16.9 87.0 79.0 19.3 Cambará_do_Sul_(1042_m) -999.9 -999.9 1034.0 1006.7 1010.2 17.8 13.9 -999.9 Rio_Grande_do_Sul DAVIS -999.9 0.0 0.0
-29.068420 -50.012910 ab46b07e-1acd-489e-b1d8-4b7dbae9efa3 2026-09-21_05:20 16.1 -999.9 -999.9 84.0 -999.9 -999.9 13.3 -999.9 -999.9 1011.4 -999.9 -999.9 6.4 257 19.3 -999.9 0.0 0.0 13.0 32.6 32.8 33.1 20.4 16.1 87.0 79.0 19.3 Cambará_do_Sul_(1042_m) -999.9 -999.9 1034.0 1006.7 1011.4 17.8 13.3 -999.9 Rio_Grande_do_Sul DAVIS -999.9 0.0 0.0
-29.068420 -50.012910 ab46b07e-1acd-489e-b1d8-4b7dbae9efa3 2026-09-21_05:25 15.4 -999.9 -999.9 85.0 -999.9 -999.9 12.8 -999.9 -999.9 1011.1 -999.9 -999.9 8.0 168 27.4 -999.9 0.0 0.0 13.0 32.6 32.8 33.1 20.4 15.4 87.0 79.0 27.4 Cambará_do_Sul_(1042_m) -999.9 -999.9 1034.0 1006.7 1011.1 17.8 12.8 -999.9 Rio_Grande_do_Sul DAVIS -999.9 0.0 0.0
-29.068420 -50.012910 ab46b07e-1acd-489e-b1d8-4b7dbae9efa3 2026-09-21_05:30 15.1 -999.9 -999.9 85.0 -999.9 -999.9 12.8 -999.9 -999.9 1011.5 -999.9 -999.9 45.1 259 45.1 -999.9 0.0 0.0 13.0 32.6 32.8 33.1 20.4 15.1 87.0 79.0 45.1 Cambará_do_Sul_(1042_m) -999.9 -999.9 1034.0 1006.7 1011.5 17.8 12.8 -999.9 Rio_Grande_do_Sul DAVIS -999.9 0.0 0.0
-29.068420 -50.012910 ab46b07e-1acd-489e-b1d8-4b7dbae9efa3 2026-09-21_05:35 14.9 -999.9 -999.9 86.0 -999.9 -999.9 12.8 -999.9 -999.9 1011.1 -999.9 -999.9 11.3 119 45.1 -999.9 0.3 0.3 13.2 32.8 33.0 33.3 20.4 14.9 87.0 79.0 45.1 Cambará_do_Sul_(1042_m) -999.9 -999.9 1034.0 1006.7 1011.1 17.8 12.2 -999.9 Rio_Grande_do_Sul DAVIS -999.9 0.3 0.3
-29.068420 -50.012910 ab46b07e-1acd-489e-b1d8-4b7dbae9efa3 2026-09-21_05:40 14.3 -999.9 -999.9 88.0 -999.9 -999.9 12.2 -999.9 -999.9 1011.5 -999.9 -999.9 20.9 254 37.0 -999.9 0.5 0.5 13.5 33.1 33.3 33.6 20.4 14.3 88.0 79.0 45.1 Cambará_do_Sul_(1042_m) -999.9 -999.9 1034.0 1006.7 1011.5 17.8 12.2 -999.9 Rio_Grande_do_Sul DAVIS -999.9 0.2 0.5
-29.068420 -50.012910 ab46b07e-1acd-489e-b1d8-4b7dbae9efa3 2026-09-21_05:45 13.7 -999.9 -999.9 89.0 -999.9 -999.9 11.7 -999.9 -999.9 1010.5 -999.9 -999.9 11.3 272 37.0 -999.9 1.5 1.5 14.5 34.1 34.3 34.6 20.4 13.7 89.0 79.0 45.1 Cambará_do_Sul_(1042_m) -999.9 -999.9 1034.0 1006.7 1010.5 17.8 11.7 -999.9 Rio_Grande_do_Sul DAVIS -999.9 1.0 1.5
-29.068420 -50.012910 ab46b07e-1acd-489e-b1d8-4b7dbae9efa3 2026-09-21_05:50 13.5 -999.9 -999.9 89.0 -999.9 -999.9 11.7 -999.9 -999.9 1011.0 -999.9 -999.9 8.0 254 25.7 -999.9 3.3 3.3 16.3 35.9 36.1 36.4 20.4 13.5 89.0 79.0 45.1 Cambará_do_Sul_(1042_m) -999.9 -999.9 1034.0 1006.7 1011.0 17.8 11.7 -999.9 Rio_Grande_do_Sul DAVIS -999.9 1.8 3.3
-29.068420 -50.012910 ab46b07e-1acd-489e-b1d8-4b7dbae9efa3 2026-09-21_05:55 13.3 -999.9 -999.9 89.0 -999.9 -999.9 11.7 -999.9 -999.9 1010.8 -999.9 -999.9 17.7 257 24.1 -999.9 5.6 5.6 18.6 38.2 38.4 38.7 20.4 13.3 89.0 79.0 45.1 Cambará_do_Sul_(1042_m) -999.9 -999.9 1034.0 1006.7 1010.8 17.8 11.7 -999.9 Rio_Grande_do_Sul DAVIS -999.9 2.3 5.6
-29.068420 -50.012910 ab46b07e-1acd-489e-b1d8-4b7dbae9efa3 2026-09-21_06:00 13.1 -999.9 -999.9 90.0 -999.9 -999.9 11.7 -999.9 -999.9 1010.2 -999.9 -999.9 17.7 257 19.3 -999.9 7.1 7.1 20.1 39.7 39.9 40.2 20.4 13.1 90.0 79.0 45.1 Cambará_do_Sul_(1042_m) -999.9 -999.9 1034.0 1006.7 1010.2 17.8 11.7 -999.9 Rio_Grande_do_Sul DAVIS -999.9 1.5 7.1
-29.068420 -50.012910 ab46b07e-1acd-489e-b1d8-4b7dbae9efa3 2026-09-21_06:05 13.1 -999.9 -999.9 90.0 -999.9 -999.9 11.7 -999.9 -999.9 1010.5 -999.9 -999.9 19.3 257 19.3 -999.9 8.6 8.6 21.6 41.2 41.4 41.7 20.4 13.0 90.0 79.0 45.1 Cambará_do_Sul_(1042_m) -999.9 -999.9 1034.0 1006.7 1010.5 17.8 11.7 -999.9 Rio_Grande_do_Sul DAVIS -999.9 1.5 8.6
-29.068420 -50.012910 ab46b07e-1acd-489e-b1d8-4b7dbae9efa3 2026-09-21_06:10 12.9 -999.9 -999.9 90.0 -999.9 -999.9 11.1 -999.9 -999.9 1009.9 -999.9 -999.9 14.5 211 19.3 -999.9 10.7 10.7 23.7 43.3 43.5 43.8 20.4 12.9 90.0 79.0 45.1 Cambará_do_Sul_(1042_m) -999.9 -999.9 1034.0 1006.7 1009.9 17.8 11.1 -999.9 Rio_Grande_do_Sul DAVIS -999.9 2.1 10.7
-29.068420 -50.012910 ab46b07e-1acd-489e-b1d8-4b7dbae9efa3 2026-09-21_06:15 12.9 -999.9 -999.9 90.0 -999.9 -999.9 11.1 -999.9 -999.9 1009.9 -999.9 -999.9 4.8 284 27.4 -999.9 12.7 12.7 25.7 45.3 45.5 45.8 20.4 12.9 90.0 79.0 45.1 Cambará_do_Sul_(1042_m) -999.9 -999.9 1034.0 1006.7 1009.9 17.8 11.1 -999.9 Rio_Grande_do_Sul DAVIS -999.9 2.0 12.7
-29.068420 -50.012910 ab46b07e-1acd-489e-b1d8-4b7dbae9efa3 2026-09-21_06:20 12.9 -999.9 -999.9 90.0 -999.9 -999.9 11.1 -999.9 -999.9 1010.0 -999.9 -999.9 12.9 266 27.4 -999.9 13.7 13.7 26.7 46.3 46.5 46.8 20.4 12.9 90.0 79.0 45.1 Cambará_do_Sul_(1042_m) -999.9 -999.9 1034.0 1006.7 1010.0 17.8 11.1 -999.9 Rio_Grande_do_Sul DAVIS -999.9 1.0 13.7
-29.068420 -50.012910 ab46b07e-1acd-489e-b1d8-4b7dbae9efa3 2026-09-21_06:25 12.9 -999.9 -999.9 90.0 -999.9 -999.9 11.1 -999.9 -999.9 1010.9 -999.9 -999.9 17.7 277 24.1 -999.9 14.7 14.7 27.7 47.3 47.5 47.8 20.4 12.9 90.0 79.0 45.1 Cambará_do_Sul_(1042_m) -999.9 -999.9 1034.0 1006.7 1010.9 17.8 11.1 -999.9 Rio_Grande_do_Sul DAVIS -999.9 1.0 14.7
-29.068420 -50.012910 ab46b07e-1acd-489e-b1d8-4b7dbae9efa3 2026-09-21_06:30 12.9 -999.9 -999.9 91.0 -999.9 -999.9 11.7 -999.9 -999.9 1010.4 -999.9 -999.9 12.9 292 24.1 -999.9 16.5 16.5 29.5 49.1 49.3 49.6 20.4 12.9 91.0 79.0 45.1 Cambará_do_Sul_(1042_m) -999.9 -999.9 1034.0 1006.7 1010.4 17.8 11.1 -999.9 Rio_Grande_do_Sul DAVIS -999.9 1.8 16.5
-29.068420 -50.012910 ab46b07e-1acd-489e-b1d8-4b7dbae9efa3 2026-09-21_06:35 12.9 -999.9 -999.9 91.0 -999.9 -999.9 11.7 -999.9 -999.9 1010.8 -999.9 -999.9 24.1 287 24.1 -999.9 18.3 18.5 31.5 51.1 51.3 51.6 20.4 12.9 91.0 79.0 45.1 Cambará_do_Sul_(1042_m) -999.9 -999.9 1034.0 1006.7 1010.8 17.8 11.1 -999.9 Rio_Grande_do_Sul DAVIS -999.9 2.0 18.5
-29.068420 -50.012910 ab46b07e-1acd-489e-b1d8-4b7dbae9efa3 2026-09-21_06:40 12.9 -999.9 -999.9 91.0 -999.9 -999.9 11.7 -999.9 -999.9 1010.9 -999.9 -999.9 12.9 265 24.1 -999.9 18.8 19.6 32.5 52.1 52.3 52.6 20.4 12.9 91.0 79.0 45.1 Cambará_do_Sul_(1042_m) -999.9 -999.9 1034.0 1006.7 1010.9 17.8 11.1 -999.9 Rio_Grande_do_Sul DAVIS -999.9 1.1 19.6
-29.068420 -50.012910 ab46b07e-1acd-489e-b1d8-4b7dbae9efa3 2026-09-21_06:45 12.9 -999.9 -999.9 91.0 -999.9 -999.9 11.7 -999.9 -999.9 1010.9 -999.9 -999.9 17.7 254 22.5 -999.9 19.3 21.1 34.1 53.7 53.9 54.2 20.4 12.9 91.0 79.0 45.1 Cambará_do_Sul_(1042_m) -999.9 -999.9 1034.0 1006.7 1010.9 17.8 11.1 -999.9 Rio_Grande_do_Sul DAVIS -999.9 1.5 21.1
-29.068420 -50.012910 ab46b07e-1acd-489e-b1d8-4b7dbae9efa3 2026-09-21_06:50 12.9 -999.9 -999.9 91.0 -999.9 -999.9 11.7 -999.9 -999.9 1010.7 -999.9 -999.9 11.3 284 22.5 -999.9 18.8 22.6 35.6 55.2 55.4 55.7 20.4 12.9 91.0 79.0 45.1 Cambará_do_Sul_(1042_m) -999.9 -999.9 1034.0 1006.7 1010.7 17.8 11.1 -999.9 Rio_Grande_do_Sul DAVIS -999.9 1.5 22.6
-29.068420 -50.012910 ab46b07e-1acd-489e-b1d8-4b7dbae9efa3 2026-09-21_06:55 13.0 -999.9 -999.9 91.0 -999.9 -999.9 11.7 -999.9 -999.9 1010.9 -999.9 -999.9 9.7 273 19.3 -999.9 17.8 23.9 36.9 56.5 56.7 57.0 20.4 12.9 91.0 79.0 45.1 Cambará_do_Sul_(1042_m) -999.9 -999.9 1034.0 1006.7 1010.9 17.8 11.1 -999.9 Rio_Grande_do_Sul DAVIS -999.9 1.3 23.9
-29.068420 -50.012910 ab46b07e-1acd-489e-b1d8-4b7dbae9efa3 2026-09-21_07:00 13.1 -999.9 -999.9 91.0 -999.9 -999.9 11.7 -999.9 -999.9 1011.1 -999.9 -999.9 11.3 265 24.1 -999.9 18.0 25.4 38.4 58.0 58.2 58.5 20.4 12.9 91.0 79.0 45.1 Cambará_do_Sul_(1042_m) -999.9 -999.9 1034.0 1006.7 1011.1 17.8 11.1 -999.9 Rio_Grande_do_Sul DAVIS -999.9 1.5 25.4
-29.068420 -50.012910 ab46b07e-1acd-489e-b1d8-4b7dbae9efa3 2026-09-21_07:10 13.2 -999.9 -999.9 91.0 -999.9 -999.9 11.7 -999.9 -999.9 1011.5 -999.9 -999.9 17.7 268 37.0 -999.9 17.0 27.9 40.9 60.5 60.7 61.0 20.4 12.9 91.0 79.0 45.1 Cambará_do_Sul_(1042_m) -999.9 -999.9 1034.0 1006.7 1011.5 17.8 11.1 -999.9 Rio_Grande_do_Sul DAVIS -999.9 2.5 27.9
-29.068420 -50.012910 ab46b07e-1acd-489e-b1d8-4b7dbae9efa3 2026-09-21_07:20 13.2 -999.9 -999.9 91.0 -999.9 -999.9 11.7 -999.9 -999.9 1012.3 -999.9 -999.9 16.1 273 24.1 -999.9 15.2 29.2 42.2 61.8 62.0 62.3 20.4 12.9 91.0 79.0 45.1 Cambará_do_Sul_(1042_m) -999.9 -999.9 1034.0 1006.7 1012.3 17.8 11.1 -999.9 Rio_Grande_do_Sul DAVIS -999.9 1.3 29.2
-29.068420 -50.012910 ab46b07e-1acd-489e-b1d8-4b7dbae9efa3 2026-09-21_07:25 13.2 -999.9 -999.9 91.0 -999.9 -999.9 11.7 -999.9 -999.9 1011.5 -999.9 -999.9 1.6 205 22.5 -999.9 15.2 30.2 43.2 62.8 63.0 63.3 20.4 12.9 91.0 79.0 45.1 Cambará_do_Sul_(1042_m) -999.9 -999.9 1034.0 1006.7 1011.5 17.8 11.1 -999.9 Rio_Grande_do_Sul DAVIS -999.9 1.0 30.2
-29.068420 -50.012910 ab46b07e-1acd-489e-b1d8-4b7dbae9efa3 2026-09-21_07:30 13.2 -999.9 -999.9 91.0 -999.9 -999.9 11.7 -999.9 -999.9 1011.4 -999.9 -999.9 6.4 287 17.7 -999.9 13.7 30.7 43.7 63.3 63.5 63.8 20.4 12.9 91.0 79.0 45.1 Cambará_do_Sul_(1042_m) -999.9 -999.9 1034.0 1006.7 1011.4 17.8 11.1 -999.9 Rio_Grande_do_Sul DAVIS -999.9 0.5 30.7
-29.068420 -50.012910 ab46b07e-1acd-489e-b1d8-4b7dbae9efa3 2026-09-21_07:40 13.2 -999.9 -999.9 91.0 -999.9 -999.9 11.7 -999.9 -999.9 1011.4 -999.9 -999.9 4.8 321 16.1 -999.9 12.2 31.7 44.7 64.3 64.5 64.8 20.4 12.9 91.0 79.0 45.1 Cambará_do_Sul_(1042_m) -999.9 -999.9 1034.0 1006.7 1011.4 17.8 11.1 -999.9 Rio_Grande_do_Sul DAVIS -999.9 1.0 31.7
-29.068420 -50.012910 ab46b07e-1acd-489e-b1d8-4b7dbae9efa3 2026-09-21_07:50 13.2 -999.9 -999.9 91.0 -999.9 -999.9 11.7 -999.9 -999.9 1011.5 -999.9 -999.9 1.6 295 8.0 -999.9 9.7 32.8 45.8 65.4 65.6 65.9 20.4 12.9 92.0 79.0 45.1 Cambará_do_Sul_(1042_m) -999.9 -999.9 1034.0 1006.7 1011.5 17.8 11.1 -999.9 Rio_Grande_do_Sul DAVIS -999.9 1.1 32.8
-29.068420 -50.012910 ab46b07e-1acd-489e-b1d8-4b7dbae9efa3 2026-09-21_08:00 13.2 -999.9 -999.9 92.0 -999.9 -999.9 11.7 -999.9 -999.9 1012.0 -999.9 -999.9 1.6 298 6.4 -999.9 8.1 33.5 46.5 66.1 66.3 66.6 20.4 12.9 92.0 79.0 45.1 Cambará_do_Sul_(1042_m) -999.9 -999.9 1034.0 1006.7 1012.0 17.8 11.1 -999.9 Rio_Grande_do_Sul DAVIS -999.9 0.7 33.5
-29.068420 -50.012910 ab46b07e-1acd-489e-b1d8-4b7dbae9efa3 2026-09-21_08:10 13.2 -999.9 -999.9 92.0 -999.9 -999.9 12.2 -999.9 -999.9 1011.8 -999.9 -999.9 0.0 51 4.8 -999.9 6.3 34.5 47.5 67.1 67.3 67.6 20.4 12.9 92.0 79.0 45.1 Cambará_do_Sul_(1042_m) -999.9 -999.9 1034.0 1006.7 1011.8 17.8 11.1 -999.9 Rio_Grande_do_Sul DAVIS -999.9 1.0 34.5
-29.068420 -50.012910 ab46b07e-1acd-489e-b1d8-4b7dbae9efa3 2026-09-21_08:20 13.2 -999.9 -999.9 92.0 -999.9 -999.9 11.7 -999.9 -999.9 1012.4 -999.9 -999.9 0.0 93 3.2 -999.9 6.6 36.1 49.1 68.7 68.9 69.2 20.4 12.9 92.0 79.0 45.1 Cambará_do_Sul_(1042_m) -999.9 -999.9 1034.0 1006.7 1012.4 17.8 11.1 -999.9 Rio_Grande_do_Sul DAVIS -999.9 1.6 36.1
-29.068420 -50.012910 ab46b07e-1acd-489e-b1d8-4b7dbae9efa3 2026-09-21_08:30 13.2 -999.9 -999.9 92.0 -999.9 -999.9 11.7 -999.9 -999.9 1012.6 -999.9 -999.9 0.0 221 4.8 -999.9 6.1 37.1 50.1 69.7 69.9 70.2 20.4 12.9 92.0 79.0 45.1 Cambará_do_Sul_(1042_m) -999.9 -999.9 1034.0 1006.7 1012.6 17.8 11.1 -999.9 Rio_Grande_do_Sul DAVIS -999.9 1.0 37.1
-29.068420 -50.012910 ab46b07e-1acd-489e-b1d8-4b7dbae9efa3 2026-09-21_08:40 13.2 -999.9 -999.9 92.0 -999.9 -999.9 12.2 -999.9 -999.9 1012.4 -999.9 -999.9 3.2 105 4.8 -999.9 6.1 38.1 51.1 70.7 70.9 71.2 20.4 12.9 92.0 79.0 45.1 Cambará_do_Sul_(1042_m) -999.9 -999.9 1034.0 1006.7 1012.4 17.8 11.1 -999.9 Rio_Grande_do_Sul DAVIS -999.9 1.0 38.1
-29.068420 -50.012910 ab46b07e-1acd-489e-b1d8-4b7dbae9efa3 2026-09-21_08:50 13.3 -999.9 -999.9 92.0 -999.9 -999.9 12.2 -999.9 -999.9 1011.2 -999.9 -999.9 3.2 153 6.4 -999.9 6.1 38.9 51.9 71.5 71.7 72.0 20.4 12.9 92.0 79.0 45.1 Cambará_do_Sul_(1042_m) -999.9 -999.9 1034.0 1006.7 1011.2 17.8 11.1 -999.9 Rio_Grande_do_Sul DAVIS -999.9 0.8 38.9
-29.068420 -50.012910 ab46b07e-1acd-489e-b1d8-4b7dbae9efa3 2026-09-21_09:00 13.6 -999.9 -999.9 92.0 -999.9 -999.9 12.2 -999.9 -999.9 1012.6 -999.9 -999.9 1.6 144 6.4 -999.9 5.6 39.4 52.4 72.0 72.2 72.5 20.4 12.9 92.0 79.0 45.1 Cambará_do_Sul_(1042_m) -999.9 -999.9 1034.0 1006.7 1012.6 17.8 11.1 -999.9 Rio_Grande_do_Sul DAVIS -999.9 0.5 39.4
-29.068420 -50.012910 ab46b07e-1acd-489e-b1d8-4b7dbae9efa3 2026-09-21_09:10 13.6 -999.9 -999.9 92.0 -999.9 -999.9 12.2 -999.9 -999.9 1012.7 -999.9 -999.9 1.6 196 3.2 -999.9 5.8 40.6 53.6 73.2 73.4 73.7 20.4 12.9 92.0 79.0 45.1 Cambará_do_Sul_(1042_m) -999.9 -999.9 1034.0 1006.7 1012.7 17.8 11.1 -999.9 Rio_Grande_do_Sul DAVIS -999.9 1.2 40.6
-29.068420 -50.012910 ab46b07e-1acd-489e-b1d8-4b7dbae9efa3 2026-09-21_09:20 13.6 -999.9 -999.9 92.0 -999.9 -999.9 12.2 -999.9 -999.9 1013.0 -999.9 -999.9 0.0 153 3.2 -999.9 6.3 42.4 55.4 75.0 75.2 75.5 20.4 12.9 92.0 79.0 45.1 Cambará_do_Sul_(1042_m) -999.9 -999.9 1034.0 1006.7 1013.0 17.8 11.1 -999.9 Rio_Grande_do_Sul DAVIS -999.9 1.8 42.4
-29.068420 -50.012910 ab46b07e-1acd-489e-b1d8-4b7dbae9efa3 2026-09-21_09:30 13.6 -999.9 -999.9 92.0 -999.9 -999.9 12.2 -999.9 -999.9 1012.8 -999.9 -999.9 1.6 153 4.8 -999.9 5.8 43.2 56.2 75.8 76.0 76.3 20.4 12.9 92.0 79.0 45.1 Cambará_do_Sul_(1042_m) -999.9 -999.9 1034.0 1006.7 1012.8 17.8 11.1 -999.9 Rio_Grande_do_Sul DAVIS -999.9 0.8 43.2
-29.068420 -50.012910 ab46b07e-1acd-489e-b1d8-4b7dbae9efa3 2026-09-21_09:40 13.6 -999.9 -999.9 92.0 -999.9 -999.9 12.2 -999.9 -999.9 1013.0 -999.9 -999.9 3.2 102 9.7 -999.9 5.8 44.2 57.2 76.8 77.0 77.3 20.4 12.9 92.0 79.0 45.1 Cambará_do_Sul_(1042_m) -999.9 -999.9 1034.0 1006.7 1013.0 17.8 11.1 -999.9 Rio_Grande_do_Sul DAVIS -999.9 1.0 44.2
-29.068420 -50.012910 ab46b07e-1acd-489e-b1d8-4b7dbae9efa3 2026-09-21_09:50 13.4 -999.9 -999.9 92.0 -999.9 -999.9 12.2 -999.9 -999.9 1012.9 -999.9 -999.9 4.8 79 6.4 -999.9 6.1 45.2 58.2 77.8 78.0 78.3 20.4 12.9 92.0 79.0 45.1 Cambará_do_Sul_(1042_m) -999.9 -999.9 1034.0 1006.7 1012.9 17.8 11.1 -999.9 Rio_Grande_do_Sul DAVIS -999.9 1.0 45.2
-29.068420 -50.012910 ab46b07e-1acd-489e-b1d8-4b7dbae9efa3 2026-09-21_10:00 13.3 -999.9 -999.9 92.0 -999.9 -999.9 12.2 -999.9 -999.9 1012.3 -999.9 -999.9 9.7 90 12.9 5.0 6.6 46.2 59.2 78.8 79.0 79.3 20.4 12.9 92.0 79.0 45.1 Cambará_do_Sul_(1042_m) -999.9 -999.9 1034.0 1006.7 1012.3 17.8 11.1 5.0 Rio_Grande_do_Sul DAVIS -999.9 1.0 46.2
-29.068420 -50.012910 ab46b07e-1acd-489e-b1d8-4b7dbae9efa3 2026-09-21_10:10 13.2 -999.9 -999.9 92.0 -999.9 -999.9 11.7 -999.9 -999.9 1011.5 -999.9 -999.9 12.9 108 20.9 9.0 5.8 46.7 59.7 79.3 79.5 79.8 20.4 12.9 92.0 79.0 45.1 Cambará_do_Sul_(1042_m) -999.9 -999.9 1034.0 1006.7 1011.5 17.8 11.1 9.0 Rio_Grande_do_Sul DAVIS -999.9 0.5 46.7
-29.068420 -50.012910 ab46b07e-1acd-489e-b1d8-4b7dbae9efa3 2026-09-21_10:20 13.2 -999.9 -999.9 92.0 -999.9 -999.9 11.7 -999.9 -999.9 1011.3 -999.9 -999.9 16.1 88 20.9 9.0 4.8 47.2 60.2 79.8 80.0 80.3 20.4 12.9 92.0 79.0 45.1 Cambará_do_Sul_(1042_m) -999.9 -999.9 1034.0 1006.7 1011.3 17.8 11.1 11.0 Rio_Grande_do_Sul DAVIS -999.9 0.5 47.2
-29.068420 -50.012910 ab46b07e-1acd-489e-b1d8-4b7dbae9efa3 2026-09-21_10:25 13.2 -999.9 -999.9 93.0 -999.9 -999.9 12.2 -999.9 -999.9 1012.0 -999.9 -999.9 17.7 90 24.1 7.0 4.6 47.5 60.5 80.1 80.3 80.6 20.4 12.9 93.0 79.0 45.1 Cambará_do_Sul_(1042_m) -999.9 -999.9 1034.0 1006.7 1012.0 17.8 11.1 11.0 Rio_Grande_do_Sul DAVIS -999.9 0.3 47.5
-29.068420 -50.012910 ab46b07e-1acd-489e-b1d8-4b7dbae9efa3 2026-09-21_10:35 13.2 -999.9 -999.9 93.0 -999.9 -999.9 12.2 -999.9 -999.9 1011.7 -999.9 -999.9 19.3 93 33.8 5.0 5.6 49.3 62.3 81.9 82.1 82.4 20.4 12.9 93.0 79.0 45.1 Cambará_do_Sul_(1042_m) -999.9 -999.9 1034.0 1006.7 1011.7 17.8 11.1 11.0 Rio_Grande_do_Sul DAVIS -999.9 1.8 49.3
-29.068420 -50.012910 ab46b07e-1acd-489e-b1d8-4b7dbae9efa3 2026-09-21_10:40 13.2 -999.9 -999.9 93.0 -999.9 -999.9 12.2 -999.9 -999.9 1012.0 -999.9 -999.9 17.7 90 33.8 5.0 6.6 50.8 63.8 83.4 83.6 83.9 20.4 12.9 93.0 79.0 45.1 Cambará_do_Sul_(1042_m) -999.9 -999.9 1034.0 1006.7 1012.0 17.8 11.1 11.0 Rio_Grande_do_Sul DAVIS -999.9 1.5 50.8
-29.068420 -50.012910 ab46b07e-1acd-489e-b1d8-4b7dbae9efa3 2026-09-21_10:50 13.2 -999.9 -999.9 93.0 -999.9 -999.9 12.2 -999.9 -999.9 1010.8 -999.9 -999.9 25.7 95 37.0 -999.9 7.9 53.3 66.3 85.9 86.1 86.4 20.4 12.9 93.0 79.0 45.1 Cambará_do_Sul_(1042_m) -999.9 -999.9 1034.0 1006.7 1010.8 17.8 11.1 11.0 Rio_Grande_do_Sul DAVIS -999.9 2.5 53.3
-29.068420 -50.012910 ab46b07e-1acd-489e-b1d8-4b7dbae9efa3 2026-09-21_11:00 13.1 -999.9 -999.9 92.0 -999.9 -999.9 11.7 -999.9 -999.9 1010.7 -999.9 -999.9 38.6 99 41.8 7.0 8.1 54.4 67.3 86.9 87.1 87.4 20.4 12.9 93.0 79.0 45.1 Cambará_do_Sul_(1042_m) -999.9 -999.9 1034.0 1006.7 1010.7 17.8 11.1 11.0 Rio_Grande_do_Sul DAVIS -999.9 1.1 54.4
-29.068420 -50.012910 ab46b07e-1acd-489e-b1d8-4b7dbae9efa3 2026-09-21_11:10 13.2 -999.9 -999.9 93.0 -999.9 -999.9 12.2 -999.9 -999.9 1011.3 -999.9 -999.9 24.1 98 37.0 -999.9 8.4 55.4 68.4 88.0 88.2 88.5 20.4 12.9 93.0 79.0 45.1 Cambará_do_Sul_(1042_m) -999.9 -999.9 1034.0 1006.7 1011.3 17.8 11.1 11.0 Rio_Grande_do_Sul DAVIS -999.9 1.0 55.4
-29.068420 -50.012910 ab46b07e-1acd-489e-b1d8-4b7dbae9efa3 2026-09-21_11:15 13.2 -999.9 -999.9 93.0 -999.9 -999.9 12.2 -999.9 -999.9 1011.5 -999.9 -999.9 19.3 96 37.0 5.0 9.4 56.4 69.4 89.0 89.2 89.5 20.4 12.9 93.0 79.0 45.1 Cambará_do_Sul_(1042_m) -999.9 -999.9 1034.0 1006.7 1011.5 17.8 11.1 11.0 Rio_Grande_do_Sul DAVIS -999.9 1.0 56.4
-29.068420 -50.012910 ab46b07e-1acd-489e-b1d8-4b7dbae9efa3 2026-09-21_11:35 13.3 -999.9 -999.9 93.0 -999.9 -999.9 12.2 -999.9 -999.9 1010.6 -999.9 -999.9 3.2 123 24.1 9.0 11.4 61.0 74.0 93.6 93.8 94.1 20.4 12.9 93.0 79.0 45.1 Cambará_do_Sul_(1042_m) -999.9 -999.9 1034.0 1006.7 1010.6 17.8 11.1 11.0 Rio_Grande_do_Sul DAVIS -999.9 4.6 61.0
-29.068420 -50.012910 ab46b07e-1acd-489e-b1d8-4b7dbae9efa3 2026-09-21_11:40 13.2 -999.9 -999.9 93.0 -999.9 -999.9 12.2 -999.9 -999.9 1010.9 -999.9 -999.9 4.8 137 14.5 5.0 10.4 61.5 74.5 94.1 94.3 94.6 20.4 12.9 93.0 79.0 45.1 Cambará_do_Sul_(1042_m) -999.9 -999.9 1034.0 1006.7 1010.9 17.8 11.1 11.0 Rio_Grande_do_Sul DAVIS -999.9 0.5 61.5
-29.068420 -50.012910 ab46b07e-1acd-489e-b1d8-4b7dbae9efa3 2026-09-21_11:45 13.2 -999.9 -999.9 93.0 -999.9 -999.9 12.2 -999.9 -999.9 1011.3 -999.9 -999.9 17.7 92 35.4 5.0 9.1 62.0 75.0 94.6 94.8 95.1 20.4 12.9 93.0 79.0 45.1 Cambará_do_Sul_(1042_m) -999.9 -999.9 1034.0 1006.7 1011.3 17.8 11.1 11.0 Rio_Grande_do_Sul DAVIS -999.9 0.5 62.0
-29.068420 -50.012910 ab46b07e-1acd-489e-b1d8-4b7dbae9efa3 2026-09-21_11:55 13.3 -999.9 -999.9 93.0 -999.9 -999.9 12.2 -999.9 -999.9 1011.9 -999.9 -999.9 0.0 67 24.1 5.0 10.4 64.5 77.5 97.1 97.3 97.6 20.4 12.9 93.0 79.0 45.1 Cambará_do_Sul_(1042_m) -999.9 -999.9 1034.0 1006.7 1011.9 17.8 11.1 11.0 Rio_Grande_do_Sul DAVIS -999.9 2.5 64.5
-29.068420 -50.012910 ab46b07e-1acd-489e-b1d8-4b7dbae9efa3 2026-09-21_12:00 13.3 -999.9 -999.9 93.0 -999.9 -999.9 12.2 -999.9 -999.9 1011.8 -999.9 -999.9 8.0 40 19.3 7.0 10.7 65.0 78.0 97.6 97.8 98.1 20.4 12.9 93.0 79.0 45.1 Cambará_do_Sul_(1042_m) -999.9 -999.9 1034.0 1006.7 1011.8 17.8 11.1 11.0 Rio_Grande_do_Sul DAVIS -999.9 0.5 65.0
-29.068420 -50.012910 ab46b07e-1acd-489e-b1d8-4b7dbae9efa3 2026-09-21_12:10 13.3 -999.9 -999.9 93.0 -999.9 -999.9 12.2 -999.9 -999.9 1012.2 -999.9 -999.9 1.6 257 32.2 -999.9 11.4 66.8 79.8 99.4 99.6 99.9 20.4 12.9 93.0 79.0 45.1 Cambará_do_Sul_(1042_m) -999.9 -999.9 1034.0 1006.7 1012.2 17.8 11.1 11.0 Rio_Grande_do_Sul DAVIS -999.9 1.8 66.8
-29.068420 -50.012910 ab46b07e-1acd-489e-b1d8-4b7dbae9efa3 2026-09-21_12:15 13.3 -999.9 -999.9 93.0 -999.9 -999.9 12.2 -999.9 -999.9 1011.6 -999.9 -999.9 3.2 51 19.3 -999.9 11.2 68.1 81.1 100.7 100.9 101.2 20.4 12.9 93.0 79.0 45.1 Cambará_do_Sul_(1042_m) -999.9 -999.9 1034.0 1006.7 1011.6 17.8 11.1 11.0 Rio_Grande_do_Sul DAVIS -999.9 1.3 68.1
-29.068420 -50.012910 ab46b07e-1acd-489e-b1d8-4b7dbae9efa3 2026-09-21_12:25 13.3 -999.9 -999.9 93.0 -999.9 -999.9 12.2 -999.9 -999.9 1011.4 -999.9 -999.9 3.2 280 6.4 -999.9 10.4 69.3 82.3 101.9 102.1 102.4 20.4 12.9 93.0 79.0 45.1 Cambará_do_Sul_(1042_m) -999.9 -999.9 1034.0 1006.7 1011.4 17.8 11.1 11.0 Rio_Grande_do_Sul DAVIS -999.9 1.2 69.3
-29.068420 -50.012910 ab46b07e-1acd-489e-b1d8-4b7dbae9efa3 2026-09-21_12:30 13.3 -999.9 -999.9 93.0 -999.9 -999.9 12.2 -999.9 -999.9 1011.3 -999.9 -999.9 3.2 280 6.4 5.0 9.7 69.6 82.6 102.2 102.4 102.7 20.4 12.9 93.0 79.0 45.1 Cambará_do_Sul_(1042_m) -999.9 -999.9 1034.0 1006.7 1011.3 17.8 11.1 11.0 Rio_Grande_do_Sul DAVIS -999.9 0.3 69.6
-29.068420 -50.012910 ab46b07e-1acd-489e-b1d8-4b7dbae9efa3 2026-09-21_12:40 13.3 -999.9 -999.9 93.0 -999.9 -999.9 12.2 -999.9 -999.9 1009.8 -999.9 -999.9 4.8 280 4.8 5.0 8.6 70.1 83.1 102.7 102.9 103.2 20.4 12.9 93.0 79.0 45.1 Cambará_do_Sul_(1042_m) -999.9 -999.9 1034.0 1006.7 1009.8 17.8 11.1 11.0 Rio_Grande_do_Sul DAVIS -999.9 0.5 70.1
-29.068420 -50.012910 ab46b07e-1acd-489e-b1d8-4b7dbae9efa3 2026-09-21_12:45 13.2 -999.9 -999.9 93.0 -999.9 -999.9 12.2 -999.9 -999.9 1009.7 -999.9 -999.9 4.8 280 4.8 5.0 8.1 70.4 83.3 102.9 103.1 103.4 20.4 12.9 93.0 79.0 45.1 Cambará_do_Sul_(1042_m) -999.9 -999.9 1034.0 1006.7 1009.7 17.8 11.1 11.0 Rio_Grande_do_Sul DAVIS -999.9 0.3 70.4
-29.068420 -50.012910 ab46b07e-1acd-489e-b1d8-4b7dbae9efa3 2026-09-21_12:55 13.2 -999.9 -999.9 93.0 -999.9 -999.9 12.2 -999.9 -999.9 1009.5 -999.9 -999.9 17.7 13 17.7 7.0 6.1 70.6 83.6 103.2 103.4 103.7 20.4 12.9 93.0 79.0 45.1 Cambará_do_Sul_(1042_m) -999.9 -999.9 1034.0 1006.7 1009.5 17.8 11.1 11.0 Rio_Grande_do_Sul DAVIS -999.9 0.2 70.6
-29.068420 -50.012910 ab46b07e-1acd-489e-b1d8-4b7dbae9efa3 2026-09-21_13:00 13.2 -999.9 -999.9 93.0 -999.9 -999.9 12.2 -999.9 -999.9 1009.4 -999.9 -999.9 0.0 153 17.7 11.0 5.3 70.6 83.6 103.2 103.4 103.7 20.4 12.9 93.0 79.0 45.1 Cambará_do_Sul_(1042_m) -999.9 -999.9 1034.0 1006.7 1009.4 17.8 11.1 11.0 Rio_Grande_do_Sul DAVIS -999.9 0.0 70.6
-29.068420 -50.012910 ab46b07e-1acd-489e-b1d8-4b7dbae9efa3 2026-09-21_13:10 13.2 -999.9 -999.9 93.0 -999.9 -999.9 12.2 -999.9 -999.9 1010.1 -999.9 -999.9 1.6 275 14.5 14.0 4.1 71.1 84.1 103.7 103.9 104.2 20.4 12.9 93.0 79.0 45.1 Cambará_do_Sul_(1042_m) -999.9 -999.9 1034.0 1006.7 1010.1 17.8 11.1 14.0 Rio_Grande_do_Sul DAVIS -999.9 0.5 71.1
-29.068420 -50.012910 ab46b07e-1acd-489e-b1d8-4b7dbae9efa3 2026-09-21_13:15 13.2 -999.9 -999.9 93.0 -999.9 -999.9 12.2 -999.9 -999.9 1011.2 -999.9 -999.9 8.0 293 16.1 9.0 3.0 71.4 84.4 104.0 104.2 104.5 20.4 12.9 93.0 79.0 45.1 Cambará_do_Sul_(1042_m) -999.9 -999.9 1034.0 1006.7 1011.2 17.8 11.1 14.0 Rio_Grande_do_Sul DAVIS -999.9 0.3 71.4
-29.068420 -50.012910 ab46b07e-1acd-489e-b1d8-4b7dbae9efa3 2026-09-21_13:25 13.3 -999.9 -999.9 93.0 -999.9 -999.9 12.2 -999.9 -999.9 1011.5 -999.9 -999.9 1.6 250 12.9 14.0 2.5 71.9 84.9 104.5 104.7 105.0 20.4 12.9 93.0 79.0 45.1 Cambará_do_Sul_(1042_m) -999.9 -999.9 1034.0 1006.7 1011.5 17.8 11.1 16.0 Rio_Grande_do_Sul DAVIS -999.9 0.5 71.9
-29.068420 -50.012910 ab46b07e-1acd-489e-b1d8-4b7dbae9efa3 2026-09-21_13:30 13.3 -999.9 -999.9 93.0 -999.9 -999.9 12.2 -999.9 -999.9 1011.4 -999.9 -999.9 0.0 9 12.9 18.0 2.8 72.4 85.4 105.0 105.2 105.5 20.4 12.9 93.0 79.0 45.1 Cambará_do_Sul_(1042_m) -999.9 -999.9 1034.0 1006.7 1011.4 17.8 11.1 21.0 Rio_Grande_do_Sul DAVIS -999.9 0.5 72.4
-29.068420 -50.012910 ab46b07e-1acd-489e-b1d8-4b7dbae9efa3 2026-09-21_13:40 13.4 -999.9 -999.9 93.0 -999.9 -999.9 12.2 -999.9 -999.9 1011.0 -999.9 -999.9 0.0 279 6.4 23.0 3.0 73.2 86.1 105.7 105.9 106.2 20.4 12.9 93.0 79.0 45.1 Cambará_do_Sul_(1042_m) -999.9 -999.9 1034.0 1006.7 1011.0 17.8 11.1 25.0 Rio_Grande_do_Sul DAVIS -999.9 0.8 73.2
-29.068420 -50.012910 ab46b07e-1acd-489e-b1d8-4b7dbae9efa3 2026-09-21_13:45 13.4 -999.9 -999.9 93.0 -999.9 -999.9 12.2 -999.9 -999.9 1009.5 -999.9 -999.9 3.2 137 4.8 23.0 3.0 73.4 86.4 106.0 106.2 106.5 20.4 12.9 93.0 79.0 45.1 Cambará_do_Sul_(1042_m) -999.9 -999.9 1034.0 1006.7 1009.5 17.8 11.1 26.0 Rio_Grande_do_Sul DAVIS -999.9 0.2 73.4
-29.068420 -50.012910 ab46b07e-1acd-489e-b1d8-4b7dbae9efa3 2026-09-21_13:55 13.7 -999.9 -999.9 93.0 -999.9 -999.9 12.8 -999.9 -999.9 1011.1 -999.9 -999.9 6.4 282 8.0 14.0 3.6 74.2 87.2 106.8 107.0 107.3 20.4 12.9 93.0 79.0 45.1 Cambará_do_Sul_(1042_m) -999.9 -999.9 1034.0 1006.7 1011.1 17.8 11.1 26.0 Rio_Grande_do_Sul DAVIS -999.9 0.8 74.2
-29.068420 -50.012910 ab46b07e-1acd-489e-b1d8-4b7dbae9efa3 2026-09-21_14:00 13.7 -999.9 -999.9 93.0 -999.9 -999.9 12.8 -999.9 -999.9 1011.1 -999.9 -999.9 6.4 317 14.5 14.0 4.1 74.7 87.7 107.3 107.5 107.8 20.4 12.9 93.0 79.0 45.1 Cambará_do_Sul_(1042_m) -999.9 -999.9 1034.0 1006.7 1011.1 17.8 11.1 26.0 Rio_Grande_do_Sul DAVIS -999.9 0.5 74.7
-29.068420 -50.012910 ab46b07e-1acd-489e-b1d8-4b7dbae9efa3 2026-09-21_14:10 13.7 -999.9 -999.9 93.0 -999.9 -999.9 12.8 -999.9 -999.9 1009.5 -999.9 -999.9 3.2 93 9.7 11.0 4.3 75.4 88.4 108.0 108.2 108.5 20.4 12.9 93.0 79.0 45.1 Cambará_do_Sul_(1042_m) -999.9 -999.9 1034.0 1006.7 1009.5 17.8 11.1 26.0 Rio_Grande_do_Sul DAVIS -999.9 0.7 75.4
-29.068420 -50.012910 ab46b07e-1acd-489e-b1d8-4b7dbae9efa3 2026-09-21_14:15 13.7 -999.9 -999.9 93.0 -999.9 -999.9 12.8 -999.9 -999.9 1010.4 -999.9 -999.9 8.0 78 11.3 11.0 4.1 75.4 88.4 108.0 108.2 108.5 20.4 12.9 93.0 79.0 45.1 Cambará_do_Sul_(1042_m) -999.9 -999.9 1034.0 1006.7 1010.4 17.8 11.1 26.0 Rio_Grande_do_Sul DAVIS -999.9 0.0 75.4
-29.068420 -50.012910 ab46b07e-1acd-489e-b1d8-4b7dbae9efa3 2026-09-21_14:25 13.4 -999.9 -999.9 93.0 -999.9 -999.9 12.2 -999.9 -999.9 1010.1 -999.9 -999.9 4.8 24 12.9 7.0 3.6 75.7 88.7 108.3 108.5 108.8 20.4 12.9 93.0 79.0 45.1 Cambará_do_Sul_(1042_m) -999.9 -999.9 1034.0 1006.7 1010.1 17.8 11.1 26.0 Rio_Grande_do_Sul DAVIS -999.9 0.3 75.7
-29.068420 -50.012910 ab46b07e-1acd-489e-b1d8-4b7dbae9efa3 2026-09-21_14:35 13.6 -999.9 -999.9 93.0 -999.9 -999.9 12.2 -999.9 -999.9 1010.1 -999.9 -999.9 9.7 275 9.7 7.0 3.0 75.9 88.9 108.5 108.7 109.0 20.4 12.9 93.0 79.0 45.1 Cambará_do_Sul_(1042_m) -999.9 -999.9 1034.0 1006.7 1010.1 17.8 11.1 26.0 Rio_Grande_do_Sul DAVIS -999.9 0.2 75.9
-29.068420 -50.012910 ab46b07e-1acd-489e-b1d8-4b7dbae9efa3 2026-09-21_14:45 13.6 -999.9 -999.9 93.0 -999.9 -999.9 12.8 -999.9 -999.9 1009.9 -999.9 -999.9 9.7 269 16.1 5.0 2.8 76.5 89.4 109.0 109.2 109.5 20.4 12.9 93.0 79.0 45.1 Cambará_do_Sul_(1042_m) -999.9 -999.9 1034.0 1006.7 1009.9 17.8 11.1 26.0 Rio_Grande_do_Sul DAVIS -999.9 0.6 76.5
-29.068420 -50.012910 ab46b07e-1acd-489e-b1d8-4b7dbae9efa3 2026-09-21_14:55 13.7 -999.9 -999.9 93.0 -999.9 -999.9 12.8 -999.9 -999.9 1009.6 -999.9 -999.9 12.9 275 16.1 -999.9 3.0 77.2 90.2 109.8 110.0 110.3 20.4 12.9 93.0 79.0 45.1 Cambará_do_Sul_(1042_m) -999.9 -999.9 1034.0 1006.7 1009.6 17.8 11.1 26.0 Rio_Grande_do_Sul DAVIS -999.9 0.7 77.2
-29.068420 -50.012910 ab46b07e-1acd-489e-b1d8-4b7dbae9efa3 2026-09-21_15:05 13.6 -999.9 -999.9 93.0 -999.9 -999.9 12.8 -999.9 -999.9 1008.3 -999.9 -999.9 16.1 259 17.7 5.0 3.3 78.5 91.5 111.1 111.3 111.6 20.4 12.9 93.0 79.0 45.1 Cambará_do_Sul_(1042_m) -999.9 -999.9 1034.0 1006.7 1008.3 17.8 11.1 26.0 Rio_Grande_do_Sul DAVIS -999.9 1.3 78.5
-29.068420 -50.012910 ab46b07e-1acd-489e-b1d8-4b7dbae9efa3 2026-09-21_15:15 13.9 -999.9 -999.9 93.0 -999.9 -999.9 12.8 -999.9 -999.9 1008.5 -999.9 -999.9 16.1 298 20.9 -999.9 3.8 79.2 92.2 111.8 112.0 112.3 20.4 12.9 93.0 79.0 45.1 Cambará_do_Sul_(1042_m) -999.9 -999.9 1034.0 1006.7 1008.5 17.8 11.1 26.0 Rio_Grande_do_Sul DAVIS -999.9 0.7 79.2
-29.068420 -50.012910 ab46b07e-1acd-489e-b1d8-4b7dbae9efa3 2026-09-21_15:25 14.1 -999.9 -999.9 93.0 -999.9 -999.9 12.8 -999.9 -999.9 1008.7 -999.9 -999.9 11.3 310 19.3 5.0 4.1 79.8 92.7 112.3 112.5 112.8 20.4 12.9 93.0 79.0 45.1 Cambará_do_Sul_(1042_m) -999.9 -999.9 1034.0 1006.7 1008.7 17.8 11.1 26.0 Rio_Grande_do_Sul DAVIS -999.9 0.6 79.8
-29.068420 -50.012910 ab46b07e-1acd-489e-b1d8-4b7dbae9efa3 2026-09-21_15:35 14.3 -999.9 -999.9 93.0 -999.9 -999.9 13.3 -999.9 -999.9 1008.8 -999.9 -999.9 11.3 282 19.3 5.0 3.6 79.8 92.7 112.3 112.5 112.8 20.4 12.9 93.0 79.0 45.1 Cambará_do_Sul_(1042_m) -999.9 -999.9 1034.0 1006.7 1008.8 17.8 11.1 26.0 Rio_Grande_do_Sul DAVIS -999.9 0.0 79.8
-29.068420 -50.012910 ab46b07e-1acd-489e-b1d8-4b7dbae9efa3 2026-09-21_15:45 14.3 -999.9 -999.9 92.0 -999.9 -999.9 12.8 -999.9 -999.9 1008.4 -999.9 -999.9 12.9 281 20.9 5.0 3.3 80.0 93.0 112.6 112.8 113.1 20.4 12.9 93.0 79.0 45.1 Cambará_do_Sul_(1042_m) -999.9 -999.9 1034.0 1006.7 1008.4 17.8 11.1 26.0 Rio_Grande_do_Sul DAVIS -999.9 0.2 80.0
-29.068420 -50.012910 ab46b07e-1acd-489e-b1d8-4b7dbae9efa3 2026-09-21_15:55 14.3 -999.9 -999.9 92.0 -999.9 -999.9 12.8 -999.9 -999.9 1007.7 -999.9 -999.9 4.8 302 19.3 5.0 3.0 80.5 93.5 113.1 113.3 113.6 20.4 12.9 93.0 79.0 45.1 Cambará_do_Sul_(1042_m) -999.9 -999.9 1034.0 1006.7 1007.7 17.8 11.1 26.0 Rio_Grande_do_Sul DAVIS -999.9 0.5 80.5
-29.068420 -50.012910 ab46b07e-1acd-489e-b1d8-4b7dbae9efa3 2026-09-21_16:05 14.3 -999.9 -999.9 92.0 -999.9 -999.9 12.8 -999.9 -999.9 1008.0 -999.9 -999.9 11.3 284 16.1 5.0 1.8 80.5 93.5 113.1 113.3 113.6 20.4 12.9 93.0 79.0 45.1 Cambará_do_Sul_(1042_m) -999.9 -999.9 1034.0 1006.7 1008.0 17.8 11.1 26.0 Rio_Grande_do_Sul DAVIS -999.9 0.0 80.5
-29.068420 -50.012910 ab46b07e-1acd-489e-b1d8-4b7dbae9efa3 2026-09-21_16:10 14.3 -999.9 -999.9 92.0 -999.9 -999.9 12.8 -999.9 -999.9 1008.1 -999.9 -999.9 8.0 289 16.1 7.0 1.8 80.8 93.8 113.4 113.6 113.9 20.4 12.9 93.0 79.0 45.1 Cambará_do_Sul_(1042_m) -999.9 -999.9 1034.0 1006.7 1008.1 17.8 11.1 26.0 Rio_Grande_do_Sul DAVIS -999.9 0.3 80.8
-29.068420 -50.012910 ab46b07e-1acd-489e-b1d8-4b7dbae9efa3 2026-09-21_16:20 14.3 -999.9 -999.9 92.0 -999.9 -999.9 12.8 -999.9 -999.9 1008.7 -999.9 -999.9 14.5 307 19.3 5.0 1.5 81.0 94.0 113.6 113.8 114.1 20.4 12.9 93.0 79.0 45.1 Cambará_do_Sul_(1042_m) -999.9 -999.9 1034.0 1006.7 1008.7 17.8 11.1 26.0 Rio_Grande_do_Sul DAVIS -999.9 0.2 81.0
-29.068420 -50.012910 ab46b07e-1acd-489e-b1d8-4b7dbae9efa3 2026-09-21_16:25 14.2 -999.9 -999.9 92.0 -999.9 -999.9 12.8 -999.9 -999.9 1008.5 -999.9 -999.9 6.4 265 19.3 11.0 1.5 81.3 94.3 113.9 114.1 114.4 20.4 12.9 93.0 79.0 45.1 Cambará_do_Sul_(1042_m) -999.9 -999.9 1034.0 1006.7 1008.5 17.8 11.1 26.0 Rio_Grande_do_Sul DAVIS -999.9 0.3 81.3
-29.068420 -50.012910 ab46b07e-1acd-489e-b1d8-4b7dbae9efa3 2026-09-21_16:30 14.2 -999.9 -999.9 92.0 -999.9 -999.9 12.8 -999.9 -999.9 1009.1 -999.9 -999.9 1.6 309 12.9 14.0 1.8 81.5 94.5 114.1 114.3 114.6 20.4 12.9 93.0 79.0 45.1 Cambará_do_Sul_(1042_m) -999.9 -999.9 1034.0 1006.7 1009.1 17.8 11.1 26.0 Rio_Grande_do_Sul DAVIS -999.9 0.2 81.5
-29.068420 -50.012910 ab46b07e-1acd-489e-b1d8-4b7dbae9efa3 2026-09-21_16:40 14.2 -999.9 -999.9 92.0 -999.9 -999.9 12.8 -999.9 -999.9 1009.5 -999.9 -999.9 0.0 221 6.4 12.0 1.5 81.5 94.5 114.1 114.3 114.6 20.4 12.9 93.0 79.0 45.1 Cambará_do_Sul_(1042_m) -999.9 -999.9 1034.0 1006.7 1009.5 17.8 11.1 26.0 Rio_Grande_do_Sul DAVIS -999.9 0.0 81.5
-29.068420 -50.012910 ab46b07e-1acd-489e-b1d8-4b7dbae9efa3 2026-09-21_16:50 14.2 -999.9 -999.9 92.0 -999.9 -999.9 12.8 -999.9 -999.9 1009.1 -999.9 -999.9 1.6 161 3.2 16.0 1.3 81.5 94.5 114.1 114.3 114.6 20.4 12.9 93.0 79.0 45.1 Cambará_do_Sul_(1042_m) -999.9 -999.9 1034.0 1006.7 1009.1 17.8 11.1 26.0 Rio_Grande_do_Sul DAVIS -999.9 0.0 81.5
-29.068420 -50.012910 ab46b07e-1acd-489e-b1d8-4b7dbae9efa3 2026-09-21_16:55 14.2 -999.9 -999.9 92.0 -999.9 -999.9 12.8 -999.9 -999.9 1009.8 -999.9 -999.9 1.6 161 3.2 11.0 1.0 81.5 94.5 114.1 114.3 114.6 20.4 12.9 93.0 79.0 45.1 Cambará_do_Sul_(1042_m) -999.9 -999.9 1034.0 1006.7 1009.8 17.8 11.1 26.0 Rio_Grande_do_Sul DAVIS -999.9 0.0 81.5
-29.068420 -50.012910 ab46b07e-1acd-489e-b1d8-4b7dbae9efa3 2026-09-21_17:00 14.2 -999.9 -999.9 92.0 -999.9 -999.9 12.8 -999.9 -999.9 1009.8 -999.9 -999.9 1.6 162 3.2 12.0 1.0 81.5 94.5 114.1 114.3 114.6 20.4 12.9 93.0 79.0 45.1 Cambará_do_Sul_(1042_m) -999.9 -999.9 1034.0 1006.7 1009.8 17.8 11.1 26.0 Rio_Grande_do_Sul DAVIS -999.9 0.0 81.5
-29.068420 -50.012910 ab46b07e-1acd-489e-b1d8-4b7dbae9efa3 2026-09-21_17:10 14.2 -999.9 -999.9 92.0 -999.9 -999.9 12.8 -999.9 -999.9 1009.8 -999.9 -999.9 1.6 162 3.2 9.0 0.8 81.5 94.5 114.1 114.3 114.6 20.4 12.9 93.0 79.0 45.1 Cambará_do_Sul_(1042_m) -999.9 -999.9 1034.0 1006.7 1009.8 17.8 11.1 26.0 Rio_Grande_do_Sul DAVIS -999.9 0.0 81.5
-29.068420 -50.012910 ab46b07e-1acd-489e-b1d8-4b7dbae9efa3 2026-09-21_17:15 14.1 -999.9 -999.9 92.0 -999.9 -999.9 12.8 -999.9 -999.9 1009.9 -999.9 -999.9 1.6 162 3.2 5.0 0.8 81.5 94.5 114.1 114.3 114.6 20.4 12.9 93.0 79.0 45.1 Cambará_do_Sul_(1042_m) -999.9 -999.9 1034.0 1006.7 1009.9 17.8 11.1 26.0 Rio_Grande_do_Sul DAVIS -999.9 0.0 81.5
