-28.8249 -51.2802 17824 2026-09-21_00:10 -999.9 -999.9 -999.9 -999.9 -999.9 -999.9 -999.9 -999.9 -999.9 -999.9 -999.9 -999.9 -999.9 -999.9 -999.9 -999.9 -999.9 0.0 25.2 25.2 25.2 -999.9 -999.9 -999.9 -999.9 -999.9 -999.9 CEMADEN_-_Ipê_-_G2-431043901A_(767_m) -999.9 -999.9 -999.9 -999.9 -999.9 -999.9 -999.9 -999.9 Rio_Grande_do_Sul CEMADEN -999.9 0.0 -999.9
-28.8249 -51.2802 17824 2026-09-21_01:10 -999.9 -999.9 -999.9 -999.9 -999.9 -999.9 -999.9 -999.9 -999.9 -999.9 -999.9 -999.9 -999.9 -999.9 -999.9 -999.9 -999.9 0.0 25.2 25.2 25.2 -999.9 -999.9 -999.9 -999.9 -999.9 -999.9 CEMADEN_-_Ipê_-_G2-431043901A_(767_m) -999.9 -999.9 -999.9 -999.9 -999.9 -999.9 -999.9 -999.9 Rio_Grande_do_Sul CEMADEN -999.9 0.0 -999.9
-28.8249 -51.2802 17824 2026-09-21_02:10 -999.9 -999.9 -999.9 -999.9 -999.9 -999.9 -999.9 -999.9 -999.9 -999.9 -999.9 -999.9 -999.9 -999.9 -999.9 -999.9 -999.9 0.0 25.2 25.2 25.2 -999.9 -999.9 -999.9 -999.9 -999.9 -999.9 CEMADEN_-_Ipê_-_G2-431043901A_(767_m) -999.9 -999.9 -999.9 -999.9 -999.9 -999.9 -999.9 -999.9 Rio_Grande_do_Sul CEMADEN -999.9 0.0 -999.9
-28.8249 -51.2802 17824 2026-09-21_03:10 -999.9 -999.9 -999.9 -999.9 -999.9 -999.9 -999.9 -999.9 -999.9 -999.9 -999.9 -999.9 -999.9 -999.9 -999.9 -999.9 -999.9 0.0 25.0 25.2 25.2 -999.9 -999.9 -999.9 -999.9 -999.9 -999.9 CEMADEN_-_Ipê_-_G2-431043901A_(767_m) -999.9 -999.9 -999.9 -999.9 -999.9 -999.9 -999.9 -999.9 Rio_Grande_do_Sul CEMADEN -999.9 0.0 -999.9
-28.8249 -51.2802 17824 2026-09-21_04:10 -999.9 -999.9 -999.9 -999.9 -999.9 -999.9 -999.9 -999.9 -999.9 -999.9 -999.9 -999.9 -999.9 -999.9 -999.9 -999.9 -999.9 0.0 24.8 25.2 25.2 -999.9 -999.9 -999.9 -999.9 -999.9 -999.9 CEMADEN_-_Ipê_-_G2-431043901A_(767_m) -999.9 -999.9 -999.9 -999.9 -999.9 -999.9 -999.9 -999.9 Rio_Grande_do_Sul CEMADEN -999.9 0.0 -999.9
-28.8249 -51.2802 17824 2026-09-21_05:10 -999.9 -999.9 -999.9 -999.9 -999.9 -999.9 -999.9 -999.9 -999.9 -999.9 -999.9 -999.9 -999.9 -999.9 -999.9 -999.9 -999.9 0.0 24.8 25.2 25.2 -999.9 -999.9 -999.9 -999.9 -999.9 -999.9 CEMADEN_-_Ipê_-_G2-431043901A_(767_m) -999.9 -999.9 -999.9 -999.9 -999.9 -999.9 -999.9 -999.9 Rio_Grande_do_Sul CEMADEN -999.9 0.0 -999.9
-28.8249 -51.2802 17824 2026-09-21_06:10 -999.9 -999.9 -999.9 -999.9 -999.9 -999.9 -999.9 -999.9 -999.9 -999.9 -999.9 -999.9 -999.9 -999.9 -999.9 -999.9 -999.9 0.0 24.8 25.2 25.2 -999.9 -999.9 -999.9 -999.9 -999.9 -999.9 CEMADEN_-_Ipê_-_G2-431043901A_(767_m) -999.9 -999.9 -999.9 -999.9 -999.9 -999.9 -999.9 -999.9 Rio_Grande_do_Sul CEMADEN -999.9 0.0 -999.9
-28.8249 -51.2802 17824 2026-09-21_07:10 -999.9 -999.9 -999.9 -999.9 -999.9 -999.9 -999.9 -999.9 -999.9 -999.9 -999.9 -999.9 -999.9 -999.9 -999.9 -999.9 -999.9 0.0 24.8 25.2 25.2 -999.9 -999.9 -999.9 -999.9 -999.9 -999.9 CEMADEN_-_Ipê_-_G2-431043901A_(767_m) -999.9 -999.9 -999.9 -999.9 -999.9 -999.9 -999.9 -999.9 Rio_Grande_do_Sul CEMADEN -999.9 0.0 -999.9
-28.8249 -51.2802 17824 2026-09-21_08:10 -999.9 -999.9 -999.9 -999.9 -999.9 -999.9 -999.9 -999.9 -999.9 -999.9 -999.9 -999.9 -999.9 -999.9 -999.9 -999.9 -999.9 0.0 24.8 25.2 25.2 -999.9 -999.9 -999.9 -999.9 -999.9 -999.9 CEMADEN_-_Ipê_-_G2-431043901A_(767_m) -999.9 -999.9 -999.9 -999.9 -999.9 -999.9 -999.9 -999.9 Rio_Grande_do_Sul CEMADEN -999.9 0.0 -999.9
-28.8249 -51.2802 17824 2026-09-21_08:30 -999.9 -999.9 -999.9 -999.9 -999.9 -999.9 -999.9 -999.9 -999.9 -999.9 -999.9 -999.9 -999.9 -999.9 -999.9 -999.9 6.4 6.4 31.2 31.6 31.6 -999.9 -999.9 -999.9 -999.9 -999.9 -999.9 CEMADEN_-_Ipê_-_G2-431043901A_(767_m) -999.9 -999.9 -999.9 -999.9 -999.9 -999.9 -999.9 -999.9 Rio_Grande_do_Sul CEMADEN -999.9 6.4 -999.9
-28.8249 -51.2802 17824 2026-09-21_08:40 -999.9 -999.9 -999.9 -999.9 -999.9 -999.9 -999.9 -999.9 -999.9 -999.9 -999.9 -999.9 -999.9 -999.9 -999.9 -999.9 6.6 6.6 31.4 31.8 31.8 -999.9 -999.9 -999.9 -999.9 -999.9 -999.9 CEMADEN_-_Ipê_-_G2-431043901A_(767_m) -999.9 -999.9 -999.9 -999.9 -999.9 -999.9 -999.9 -999.9 Rio_Grande_do_Sul CEMADEN -999.9 0.2 -999.9
-28.8249 -51.2802 17824 2026-09-21_09:00 -999.9 -999.9 -999.9 -999.9 -999.9 -999.9 -999.9 -999.9 -999.9 -999.9 -999.9 -999.9 -999.9 -999.9 -999.9 -999.9 9.8 9.8 34.6 35.0 35.0 -999.9 -999.9 -999.9 -999.9 -999.9 -999.9 CEMADEN_-_Ipê_-_G2-431043901A_(767_m) -999.9 -999.9 -999.9 -999.9 -999.9 -999.9 -999.9 -999.9 Rio_Grande_do_Sul CEMADEN -999.9 3.2 -999.9
-28.8249 -51.2802 17824 2026-09-21_09:10 -999.9 -999.9 -999.9 -999.9 -999.9 -999.9 -999.9 -999.9 -999.9 -999.9 -999.9 -999.9 -999.9 -999.9 -999.9 -999.9 20.8 20.8 45.4 46.0 46.0 -999.9 -999.9 -999.9 -999.9 -999.9 -999.9 CEMADEN_-_Ipê_-_G2-431043901A_(767_m) -999.9 -999.9 -999.9 -999.9 -999.9 -999.9 -999.9 -999.9 Rio_Grande_do_Sul CEMADEN -999.9 11.0 -999.9
-28.8249 -51.2802 17824 2026-09-21_09:20 -999.9 -999.9 -999.9 -999.9 -999.9 -999.9 -999.9 -999.9 -999.9 -999.9 -999.9 -999.9 -999.9 -999.9 -999.9 -999.9 24.6 27.2 51.8 52.4 52.4 -999.9 -999.9 -999.9 -999.9 -999.9 -999.9 CEMADEN_-_Ipê_-_G2-431043901A_(767_m) -999.9 -999.9 -999.9 -999.9 -999.9 -999.9 -999.9 -999.9 Rio_Grande_do_Sul CEMADEN -999.9 6.4 -999.9
-28.8249 -51.2802 17824 2026-09-21_09:30 -999.9 -999.9 -999.9 -999.9 -999.9 -999.9 -999.9 -999.9 -999.9 -999.9 -999.9 -999.9 -999.9 -999.9 -999.9 -999.9 21.6 28.0 52.6 53.2 53.2 -999.9 -999.9 -999.9 -999.9 -999.9 -999.9 CEMADEN_-_Ipê_-_G2-431043901A_(767_m) -999.9 -999.9 -999.9 -999.9 -999.9 -999.9 -999.9 -999.9 Rio_Grande_do_Sul CEMADEN -999.9 0.8 -999.9
-28.8249 -51.2802 17824 2026-09-21_09:50 -999.9 -999.9 -999.9 -999.9 -999.9 -999.9 -999.9 -999.9 -999.9 -999.9 -999.9 -999.9 -999.9 -999.9 -999.9 -999.9 25.4 32.0 56.6 57.2 57.2 -999.9 -999.9 -999.9 -999.9 -999.9 -999.9 CEMADEN_-_Ipê_-_G2-431043901A_(767_m) -999.9 -999.9 -999.9 -999.9 -999.9 -999.9 -999.9 -999.9 Rio_Grande_do_Sul CEMADEN -999.9 4.0 -999.9
-28.8249 -51.2802 17824 2026-09-21_10:00 -999.9 -999.9 -999.9 -999.9 -999.9 -999.9 -999.9 -999.9 -999.9 -999.9 -999.9 -999.9 -999.9 -999.9 -999.9 -999.9 23.6 42.6 67.2 67.8 67.8 -999.9 -999.9 -999.9 -999.9 -999.9 -999.9 CEMADEN_-_Ipê_-_G2-431043901A_(767_m) -999.9 -999.9 -999.9 -999.9 -999.9 -999.9 -999.9 -999.9 Rio_Grande_do_Sul CEMADEN -999.9 10.6 -999.9
-28.8249 -51.2802 17824 2026-09-21_10:20 -999.9 -999.9 -999.9 -999.9 -999.9 -999.9 -999.9 -999.9 -999.9 -999.9 -999.9 -999.9 -999.9 -999.9 -999.9 -999.9 23.2 50.4 75.0 75.6 75.6 -999.9 -999.9 -999.9 -999.9 -999.9 -999.9 CEMADEN_-_Ipê_-_G2-431043901A_(767_m) -999.9 -999.9 -999.9 -999.9 -999.9 -999.9 -999.9 -999.9 Rio_Grande_do_Sul CEMADEN -999.9 7.8 -999.9
-28.8249 -51.2802 17824 2026-09-21_10:30 -999.9 -999.9 -999.9 -999.9 -999.9 -999.9 -999.9 -999.9 -999.9 -999.9 -999.9 -999.9 -999.9 -999.9 -999.9 -999.9 24.2 52.2 76.8 77.4 77.4 -999.9 -999.9 -999.9 -999.9 -999.9 -999.9 CEMADEN_-_Ipê_-_G2-431043901A_(767_m) -999.9 -999.9 -999.9 -999.9 -999.9 -999.9 -999.9 -999.9 Rio_Grande_do_Sul CEMADEN -999.9 1.8 -999.9
-28.8249 -51.2802 17824 2026-09-21_10:50 -999.9 -999.9 -999.9 -999.9 -999.9 -999.9 -999.9 -999.9 -999.9 -999.9 -999.9 -999.9 -999.9 -999.9 -999.9 -999.9 24.2 55.6 80.0 80.8 80.8 -999.9 -999.9 -999.9 -999.9 -999.9 -999.9 CEMADEN_-_Ipê_-_G2-431043901A_(767_m) -999.9 -999.9 -999.9 -999.9 -999.9 -999.9 -999.9 -999.9 Rio_Grande_do_Sul CEMADEN -999.9 3.4 -999.9
-28.8249 -51.2802 17824 2026-09-21_11:00 -999.9 -999.9 -999.9 -999.9 -999.9 -999.9 -999.9 -999.9 -999.9 -999.9 -999.9 -999.9 -999.9 -999.9 -999.9 -999.9 32.2 67.4 91.8 92.6 92.6 -999.9 -999.9 -999.9 -999.9 -999.9 -999.9 CEMADEN_-_Ipê_-_G2-431043901A_(767_m) -999.9 -999.9 -999.9 -999.9 -999.9 -999.9 -999.9 -999.9 Rio_Grande_do_Sul CEMADEN -999.9 11.8 -999.9
-28.8249 -51.2802 17824 2026-09-21_11:10 -999.9 -999.9 -999.9 -999.9 -999.9 -999.9 -999.9 -999.9 -999.9 -999.9 -999.9 -999.9 -999.9 -999.9 -999.9 -999.9 35.6 78.2 102.6 103.4 103.4 -999.9 -999.9 -999.9 -999.9 -999.9 -999.9 CEMADEN_-_Ipê_-_G2-431043901A_(767_m) -999.9 -999.9 -999.9 -999.9 -999.9 -999.9 -999.9 -999.9 Rio_Grande_do_Sul CEMADEN -999.9 10.8 -999.9
-28.8249 -51.2802 17824 2026-09-21_11:20 -999.9 -999.9 -999.9 -999.9 -999.9 -999.9 -999.9 -999.9 -999.9 -999.9 -999.9 -999.9 -999.9 -999.9 -999.9 -999.9 36.0 81.8 106.2 107.0 107.0 -999.9 -999.9 -999.9 -999.9 -999.9 -999.9 CEMADEN_-_Ipê_-_G2-431043901A_(767_m) -999.9 -999.9 -999.9 -999.9 -999.9 -999.9 -999.9 -999.9 Rio_Grande_do_Sul CEMADEN -999.9 3.6 -999.9
-28.8249 -51.2802 17824 2026-09-21_11:30 -999.9 -999.9 -999.9 -999.9 -999.9 -999.9 -999.9 -999.9 -999.9 -999.9 -999.9 -999.9 -999.9 -999.9 -999.9 -999.9 38.0 90.2 114.6 115.4 115.4 -999.9 -999.9 -999.9 -999.9 -999.9 -999.9 CEMADEN_-_Ipê_-_G2-431043901A_(767_m) -999.9 -999.9 -999.9 -999.9 -999.9 -999.9 -999.9 -999.9 Rio_Grande_do_Sul CEMADEN -999.9 8.4 -999.9
-28.8249 -51.2802 17824 2026-09-21_11:40 -999.9 -999.9 -999.9 -999.9 -999.9 -999.9 -999.9 -999.9 -999.9 -999.9 -999.9 -999.9 -999.9 -999.9 -999.9 -999.9 23.8 90.4 114.8 115.6 115.6 -999.9 -999.9 -999.9 -999.9 -999.9 -999.9 CEMADEN_-_Ipê_-_G2-431043901A_(767_m) -999.9 -999.9 -999.9 -999.9 -999.9 -999.9 -999.9 -999.9 Rio_Grande_do_Sul CEMADEN -999.9 0.2 -999.9
-28.8249 -51.2802 17824 2026-09-21_12:00 -999.9 -999.9 -999.9 -999.9 -999.9 -999.9 -999.9 -999.9 -999.9 -999.9 -999.9 -999.9 -999.9 -999.9 -999.9 -999.9 0.4 90.6 115.0 115.8 115.8 -999.9 -999.9 -999.9 -999.9 -999.9 -999.9 CEMADEN_-_Ipê_-_G2-431043901A_(767_m) -999.9 -999.9 -999.9 -999.9 -999.9 -999.9 -999.9 -999.9 Rio_Grande_do_Sul CEMADEN -999.9 0.2 -999.9
-28.8249 -51.2802 17824 2026-09-21_12:40 -999.9 -999.9 -999.9 -999.9 -999.9 -999.9 -999.9 -999.9 -999.9 -999.9 -999.9 -999.9 -999.9 -999.9 -999.9 -999.9 0.4 90.8 115.2 116.0 116.0 -999.9 -999.9 -999.9 -999.9 -999.9 -999.9 CEMADEN_-_Ipê_-_G2-431043901A_(767_m) -999.9 -999.9 -999.9 -999.9 -999.9 -999.9 -999.9 -999.9 Rio_Grande_do_Sul CEMADEN -999.9 0.2 -999.9
-28.8249 -51.2802 17824 2026-09-21_13:00 -999.9 -999.9 -999.9 -999.9 -999.9 -999.9 -999.9 -999.9 -999.9 -999.9 -999.9 -999.9 -999.9 -999.9 -999.9 -999.9 1.4 91.8 116.2 117.0 117.0 -999.9 -999.9 -999.9 -999.9 -999.9 -999.9 CEMADEN_-_Ipê_-_G2-431043901A_(767_m) -999.9 -999.9 -999.9 -999.9 -999.9 -999.9 -999.9 -999.9 Rio_Grande_do_Sul CEMADEN -999.9 1.0 -999.9
-28.8249 -51.2802 17824 2026-09-21_13:10 -999.9 -999.9 -999.9 -999.9 -999.9 -999.9 -999.9 -999.9 -999.9 -999.9 -999.9 -999.9 -999.9 -999.9 -999.9 -999.9 7.4 98.0 122.4 123.2 123.2 -999.9 -999.9 -999.9 -999.9 -999.9 -999.9 CEMADEN_-_Ipê_-_G2-431043901A_(767_m) -999.9 -999.9 -999.9 -999.9 -999.9 -999.9 -999.9 -999.9 Rio_Grande_do_Sul CEMADEN -999.9 6.2 -999.9
-28.8249 -51.2802 17824 2026-09-21_13:20 -999.9 -999.9 -999.9 -999.9 -999.9 -999.9 -999.9 -999.9 -999.9 -999.9 -999.9 -999.9 -999.9 -999.9 -999.9 -999.9 8.6 99.2 123.6 124.4 124.4 -999.9 -999.9 -999.9 -999.9 -999.9 -999.9 CEMADEN_-_Ipê_-_G2-431043901A_(767_m) -999.9 -999.9 -999.9 -999.9 -999.9 -999.9 -999.9 -999.9 Rio_Grande_do_Sul CEMADEN -999.9 1.2 -999.9
-28.8249 -51.2802 17824 2026-09-21_13:30 -999.9 -999.9 -999.9 -999.9 -999.9 -999.9 -999.9 -999.9 -999.9 -999.9 -999.9 -999.9 -999.9 -999.9 -999.9 -999.9 8.4 100.0 124.4 125.2 125.2 -999.9 -999.9 -999.9 -999.9 -999.9 -999.9 CEMADEN_-_Ipê_-_G2-431043901A_(767_m) -999.9 -999.9 -999.9 -999.9 -999.9 -999.9 -999.9 -999.9 Rio_Grande_do_Sul CEMADEN -999.9 0.8 -999.9
-28.8249 -51.2802 17824 2026-09-21_14:00 -999.9 -999.9 -999.9 -999.9 -999.9 -999.9 -999.9 -999.9 -999.9 -999.9 -999.9 -999.9 -999.9 -999.9 -999.9 -999.9 7.8 100.2 124.6 125.4 125.4 -999.9 -999.9 -999.9 -999.9 -999.9 -999.9 CEMADEN_-_Ipê_-_G2-431043901A_(767_m) -999.9 -999.9 -999.9 -999.9 -999.9 -999.9 -999.9 -999.9 Rio_Grande_do_Sul CEMADEN -999.9 0.2 -999.9
-28.8249 -51.2802 17824 2026-09-21_14:10 -999.9 -999.9 -999.9 -999.9 -999.9 -999.9 -999.9 -999.9 -999.9 -999.9 -999.9 -999.9 -999.9 -999.9 -999.9 -999.9 1.4 100.6 125.0 125.8 125.8 -999.9 -999.9 -999.9 -999.9 -999.9 -999.9 CEMADEN_-_Ipê_-_G2-431043901A_(767_m) -999.9 -999.9 -999.9 -999.9 -999.9 -999.9 -999.9 -999.9 Rio_Grande_do_Sul CEMADEN -999.9 0.4 -999.9
-28.8249 -51.2802 17824 2026-09-21_14:30 -999.9 -999.9 -999.9 -999.9 -999.9 -999.9 -999.9 -999.9 -999.9 -999.9 -999.9 -999.9 -999.9 -999.9 -999.9 -999.9 0.8 100.8 125.2 126.0 126.0 -999.9 -999.9 -999.9 -999.9 -999.9 -999.9 CEMADEN_-_Ipê_-_G2-431043901A_(767_m) -999.9 -999.9 -999.9 -999.9 -999.9 -999.9 -999.9 -999.9 Rio_Grande_do_Sul CEMADEN -999.9 0.2 -999.9
-28.8249 -51.2802 17824 2026-09-21_15:10 -999.9 -999.9 -999.9 -999.9 -999.9 -999.9 -999.9 -999.9 -999.9 -999.9 -999.9 -999.9 -999.9 -999.9 -999.9 -999.9 -999.9 100.8 124.2 126.0 126.0 -999.9 -999.9 -999.9 -999.9 -999.9 -999.9 CEMADEN_-_Ipê_-_G2-431043901A_(767_m) -999.9 -999.9 -999.9 -999.9 -999.9 -999.9 -999.9 -999.9 Rio_Grande_do_Sul CEMADEN -999.9 0.0 -999.9
-28.8249 -51.2802 17824 2026-09-21_16:10 -999.9 -999.9 -999.9 -999.9 -999.9 -999.9 -999.9 -999.9 -999.9 -999.9 -999.9 -999.9 -999.9 -999.9 -999.9 -999.9 -999.9 100.8 124.0 126.0 126.0 -999.9 -999.9 -999.9 -999.9 -999.9 -999.9 CEMADEN_-_Ipê_-_G2-431043901A_(767_m) -999.9 -999.9 -999.9 -999.9 -999.9 -999.9 -999.9 -999.9 Rio_Grande_do_Sul CEMADEN -999.9 0.0 -999.9
-28.8249 -51.2802 17824 2026-09-21_16:40 -999.9 -999.9 -999.9 -999.9 -999.9 -999.9 -999.9 -999.9 -999.9 -999.9 -999.9 -999.9 -999.9 -999.9 -999.9 -999.9 1.6 102.4 125.6 127.6 127.6 -999.9 -999.9 -999.9 -999.9 -999.9 -999.9 CEMADEN_-_Ipê_-_G2-431043901A_(767_m) -999.9 -999.9 -999.9 -999.9 -999.9 -999.9 -999.9 -999.9 Rio_Grande_do_Sul CEMADEN -999.9 1.6 -999.9
