-28.262828 -51.258699 IMUITO3 2026-09-21_00:04 19.7 -999.9 -999.9 91.0 -999.9 -999.9 18.2 -999.9 -999.9 -999.9 -999.9 -999.9 10.1 25 16.6 0.2 9.9 0.0 48.5 74.2 74.2 75.2 23.3 15.3 99.0 78.0 49.7 Muitos_Capões_(843_m) -999.9 -999.9 -999.9 -999.9 -999.9 19.8 15.1 243.4 Rio_Grande_do_Sul WU UTC_2026-09-21_03:04 0.0 -999.9
-28.262828 -51.258699 IMUITO3 2026-09-21_00:09 19.8 -999.9 -999.9 91.1 -999.9 -999.9 18.3 -999.9 -999.9 -999.9 -999.9 -999.9 13.7 30 25.6 0.2 9.9 0.0 48.5 74.2 74.2 75.2 23.3 15.3 99.0 78.0 49.7 Muitos_Capões_(843_m) -999.9 -999.9 -999.9 -999.9 -999.9 19.8 15.1 243.4 Rio_Grande_do_Sul WU UTC_2026-09-21_03:09 0.0 -999.9
-28.262828 -51.258699 IMUITO3 2026-09-21_00:14 19.7 -999.9 -999.9 91.5 -999.9 -999.9 18.3 -999.9 -999.9 -999.9 -999.9 -999.9 12.1 32 25.6 0.2 9.9 0.0 48.5 74.2 74.2 75.2 23.3 15.3 99.0 78.0 49.7 Muitos_Capões_(843_m) -999.9 -999.9 -999.9 -999.9 -999.9 19.8 15.1 243.4 Rio_Grande_do_Sul WU UTC_2026-09-21_03:14 0.0 -999.9
-28.262828 -51.258699 IMUITO3 2026-09-21_00:19 19.7 -999.9 -999.9 91.5 -999.9 -999.9 18.2 -999.9 -999.9 -999.9 -999.9 -999.9 12.3 27 23.8 0.2 9.9 0.0 48.5 74.2 74.2 75.2 23.3 15.3 99.0 78.0 49.7 Muitos_Capões_(843_m) -999.9 -999.9 -999.9 -999.9 -999.9 19.8 15.1 243.4 Rio_Grande_do_Sul WU UTC_2026-09-21_03:19 0.0 -999.9
-28.262828 -51.258699 IMUITO3 2026-09-21_00:24 19.6 -999.9 -999.9 91.3 -999.9 -999.9 18.2 -999.9 -999.9 -999.9 -999.9 -999.9 13.8 27 25.6 0.2 9.9 0.0 48.5 74.2 74.2 75.2 23.3 15.3 99.0 78.0 49.7 Muitos_Capões_(843_m) -999.9 -999.9 -999.9 -999.9 -999.9 19.8 15.1 243.4 Rio_Grande_do_Sul WU UTC_2026-09-21_03:24 0.0 -999.9
-28.262828 -51.258699 IMUITO3 2026-09-21_00:29 19.7 -999.9 -999.9 91.1 -999.9 -999.9 18.2 -999.9 -999.9 -999.9 -999.9 -999.9 13.7 26 25.6 0.2 9.9 0.0 48.5 74.2 74.2 75.2 23.3 15.3 99.0 78.0 49.7 Muitos_Capões_(843_m) -999.9 -999.9 -999.9 -999.9 -999.9 19.8 15.1 243.4 Rio_Grande_do_Sul WU UTC_2026-09-21_03:29 0.0 -999.9
-28.262828 -51.258699 IMUITO3 2026-09-21_00:34 19.7 -999.9 -999.9 91.0 -999.9 -999.9 18.2 -999.9 -999.9 -999.9 -999.9 -999.9 14.1 18 25.6 0.2 9.9 0.0 48.5 74.2 74.2 75.2 23.3 15.3 99.0 78.0 49.7 Muitos_Capões_(843_m) -999.9 -999.9 -999.9 -999.9 -999.9 19.8 15.1 243.4 Rio_Grande_do_Sul WU UTC_2026-09-21_03:34 0.0 -999.9
-28.262828 -51.258699 IMUITO3 2026-09-21_00:39 19.7 -999.9 -999.9 91.0 -999.9 -999.9 18.2 -999.9 -999.9 -999.9 -999.9 -999.9 14.2 23 25.6 0.2 9.9 0.0 48.5 74.2 74.2 75.2 23.3 15.3 99.0 78.0 49.7 Muitos_Capões_(843_m) -999.9 -999.9 -999.9 -999.9 -999.9 19.8 15.1 243.4 Rio_Grande_do_Sul WU UTC_2026-09-21_03:39 0.0 -999.9
-28.262828 -51.258699 IMUITO3 2026-09-21_00:44 19.7 -999.9 -999.9 91.2 -999.9 -999.9 18.3 -999.9 -999.9 -999.9 -999.9 -999.9 14.0 30 27.7 0.2 9.9 0.0 48.5 74.2 74.2 75.2 23.3 15.3 99.0 78.0 49.7 Muitos_Capões_(843_m) -999.9 -999.9 -999.9 -999.9 -999.9 19.8 15.1 243.4 Rio_Grande_do_Sul WU UTC_2026-09-21_03:44 0.0 -999.9
-28.262828 -51.258699 IMUITO3 2026-09-21_00:49 19.7 -999.9 -999.9 91.2 -999.9 -999.9 18.2 -999.9 -999.9 -999.9 -999.9 -999.9 15.5 24 25.6 0.2 9.9 0.0 48.5 74.2 74.2 75.2 23.3 15.3 99.0 78.0 49.7 Muitos_Capões_(843_m) -999.9 -999.9 -999.9 -999.9 -999.9 19.8 15.1 243.4 Rio_Grande_do_Sul WU UTC_2026-09-21_03:49 0.0 -999.9
-28.262828 -51.258699 IMUITO3 2026-09-21_00:54 19.6 -999.9 -999.9 91.3 -999.9 -999.9 18.2 -999.9 -999.9 -999.9 -999.9 -999.9 14.9 30 27.7 0.2 9.9 0.0 48.5 74.2 74.2 75.2 23.3 15.3 99.0 78.0 49.7 Muitos_Capões_(843_m) -999.9 -999.9 -999.9 -999.9 -999.9 19.8 15.1 243.4 Rio_Grande_do_Sul WU UTC_2026-09-21_03:54 0.0 -999.9
-28.262828 -51.258699 IMUITO3 2026-09-21_00:59 19.4 -999.9 -999.9 92.0 -999.9 -999.9 18.1 -999.9 -999.9 -999.9 -999.9 -999.9 13.9 32 22.0 0.2 9.9 0.0 48.5 74.2 74.2 75.2 23.3 15.3 99.0 78.0 49.7 Muitos_Capões_(843_m) -999.9 -999.9 -999.9 -999.9 -999.9 19.8 15.1 243.4 Rio_Grande_do_Sul WU UTC_2026-09-21_03:59 0.0 -999.9
-28.262828 -51.258699 IMUITO3 2026-09-21_01:04 19.4 -999.9 -999.9 92.0 -999.9 -999.9 18.1 -999.9 -999.9 -999.9 -999.9 -999.9 17.0 20 29.5 0.2 9.9 0.0 48.5 74.2 74.2 75.2 23.3 15.3 99.0 78.0 49.7 Muitos_Capões_(843_m) -999.9 -999.9 -999.9 -999.9 -999.9 19.8 15.1 243.4 Rio_Grande_do_Sul WU UTC_2026-09-21_04:04 0.0 -999.9
-28.262828 -51.258699 IMUITO3 2026-09-21_01:09 19.4 -999.9 -999.9 92.0 -999.9 -999.9 18.2 -999.9 -999.9 -999.9 -999.9 -999.9 16.1 30 27.7 0.2 9.9 0.0 48.5 74.2 74.2 75.2 23.3 15.3 99.0 78.0 49.7 Muitos_Capões_(843_m) -999.9 -999.9 -999.9 -999.9 -999.9 19.8 15.1 243.4 Rio_Grande_do_Sul WU UTC_2026-09-21_04:09 0.0 -999.9
-28.262828 -51.258699 IMUITO3 2026-09-21_01:14 19.5 -999.9 -999.9 91.9 -999.9 -999.9 18.2 -999.9 -999.9 -999.9 -999.9 -999.9 17.2 23 34.9 0.2 9.9 0.0 48.5 74.2 74.2 75.2 23.3 15.3 99.0 78.0 49.7 Muitos_Capões_(843_m) -999.9 -999.9 -999.9 -999.9 -999.9 19.8 15.1 243.4 Rio_Grande_do_Sul WU UTC_2026-09-21_04:14 0.0 -999.9
-28.262828 -51.258699 IMUITO3 2026-09-21_01:19 19.5 -999.9 -999.9 92.0 -999.9 -999.9 18.2 -999.9 -999.9 -999.9 -999.9 -999.9 16.3 24 33.1 0.2 9.9 0.0 48.5 74.2 74.2 75.2 23.3 15.3 99.0 78.0 49.7 Muitos_Capões_(843_m) -999.9 -999.9 -999.9 -999.9 -999.9 19.8 15.1 243.4 Rio_Grande_do_Sul WU UTC_2026-09-21_04:19 0.0 -999.9
-28.262828 -51.258699 IMUITO3 2026-09-21_01:24 19.4 -999.9 -999.9 92.0 -999.9 -999.9 18.1 -999.9 -999.9 -999.9 -999.9 -999.9 16.8 26 29.5 0.2 9.9 0.0 48.5 74.2 74.2 75.2 23.3 15.3 99.0 78.0 49.7 Muitos_Capões_(843_m) -999.9 -999.9 -999.9 -999.9 -999.9 19.8 15.1 243.4 Rio_Grande_do_Sul WU UTC_2026-09-21_04:24 0.0 -999.9
-28.262828 -51.258699 IMUITO3 2026-09-21_01:29 19.3 -999.9 -999.9 92.2 -999.9 -999.9 18.0 -999.9 -999.9 -999.9 -999.9 -999.9 15.9 17 25.6 0.2 9.9 0.0 48.5 74.2 74.2 75.2 23.3 15.3 99.0 78.0 49.7 Muitos_Capões_(843_m) -999.9 -999.9 -999.9 -999.9 -999.9 19.8 15.1 243.4 Rio_Grande_do_Sul WU UTC_2026-09-21_04:29 0.0 -999.9
-28.262828 -51.258699 IMUITO3 2026-09-21_01:34 19.3 -999.9 -999.9 92.2 -999.9 -999.9 18.0 -999.9 -999.9 -999.9 -999.9 -999.9 15.4 24 23.8 0.2 9.9 0.0 48.5 74.2 74.2 75.2 23.3 15.3 99.0 78.0 49.7 Muitos_Capões_(843_m) -999.9 -999.9 -999.9 -999.9 -999.9 19.8 15.1 243.4 Rio_Grande_do_Sul WU UTC_2026-09-21_04:34 0.0 -999.9
-28.262828 -51.258699 IMUITO3 2026-09-21_01:39 19.3 -999.9 -999.9 92.8 -999.9 -999.9 18.1 -999.9 -999.9 -999.9 -999.9 -999.9 14.7 23 23.8 0.2 9.9 0.0 48.5 74.2 74.2 75.2 23.3 15.3 99.0 78.0 49.7 Muitos_Capões_(843_m) -999.9 -999.9 -999.9 -999.9 -999.9 19.8 15.1 243.4 Rio_Grande_do_Sul WU UTC_2026-09-21_04:39 0.0 -999.9
-28.262828 -51.258699 IMUITO3 2026-09-21_01:44 19.2 -999.9 -999.9 92.9 -999.9 -999.9 18.0 -999.9 -999.9 -999.9 -999.9 -999.9 16.5 27 23.8 0.2 9.9 0.0 48.5 74.2 74.2 75.2 23.3 15.3 99.0 78.0 49.7 Muitos_Capões_(843_m) -999.9 -999.9 -999.9 -999.9 -999.9 19.8 15.1 243.4 Rio_Grande_do_Sul WU UTC_2026-09-21_04:44 0.0 -999.9
-28.262828 -51.258699 IMUITO3 2026-09-21_01:49 19.3 -999.9 -999.9 92.6 -999.9 -999.9 18.0 -999.9 -999.9 -999.9 -999.9 -999.9 16.2 19 25.6 0.2 9.9 0.0 48.5 74.2 74.2 75.2 23.3 15.3 99.0 78.0 49.7 Muitos_Capões_(843_m) -999.9 -999.9 -999.9 -999.9 -999.9 19.8 15.1 243.4 Rio_Grande_do_Sul WU UTC_2026-09-21_04:49 0.0 -999.9
-28.262828 -51.258699 IMUITO3 2026-09-21_01:54 19.3 -999.9 -999.9 92.3 -999.9 -999.9 18.0 -999.9 -999.9 -999.9 -999.9 -999.9 17.5 24 29.5 0.2 9.9 0.0 48.5 74.2 74.2 75.2 23.3 15.3 99.0 78.0 49.7 Muitos_Capões_(843_m) -999.9 -999.9 -999.9 -999.9 -999.9 19.8 15.1 243.4 Rio_Grande_do_Sul WU UTC_2026-09-21_04:54 0.0 -999.9
-28.262828 -51.258699 IMUITO3 2026-09-21_01:59 19.2 -999.9 -999.9 93.0 -999.9 -999.9 18.0 -999.9 -999.9 -999.9 -999.9 -999.9 17.6 23 25.6 0.2 9.9 0.0 48.5 74.2 74.2 75.2 23.3 15.3 99.0 78.0 49.7 Muitos_Capões_(843_m) -999.9 -999.9 -999.9 -999.9 -999.9 19.8 15.1 243.4 Rio_Grande_do_Sul WU UTC_2026-09-21_04:59 0.0 -999.9
-28.262828 -51.258699 IMUITO3 2026-09-21_02:04 19.2 -999.9 -999.9 92.8 -999.9 -999.9 17.9 -999.9 -999.9 -999.9 -999.9 -999.9 17.7 22 25.6 0.2 9.9 0.0 48.5 74.2 74.2 75.2 23.3 15.3 99.0 78.0 49.7 Muitos_Capões_(843_m) -999.9 -999.9 -999.9 -999.9 -999.9 19.8 15.1 243.4 Rio_Grande_do_Sul WU UTC_2026-09-21_05:04 0.0 -999.9
-28.262828 -51.258699 IMUITO3 2026-09-21_02:09 19.2 -999.9 -999.9 92.2 -999.9 -999.9 17.9 -999.9 -999.9 -999.9 -999.9 -999.9 17.2 26 23.8 0.2 9.9 0.0 48.5 74.2 74.2 75.2 23.3 15.3 99.0 78.0 49.7 Muitos_Capões_(843_m) -999.9 -999.9 -999.9 -999.9 -999.9 19.8 15.1 243.4 Rio_Grande_do_Sul WU UTC_2026-09-21_05:09 0.0 -999.9
-28.262828 -51.258699 IMUITO3 2026-09-21_02:14 19.3 -999.9 -999.9 92.0 -999.9 -999.9 18.0 -999.9 -999.9 -999.9 -999.9 -999.9 17.6 24 27.7 0.2 9.9 0.0 48.5 74.2 74.2 75.2 23.3 15.3 99.0 78.0 49.7 Muitos_Capões_(843_m) -999.9 -999.9 -999.9 -999.9 -999.9 19.8 15.1 243.4 Rio_Grande_do_Sul WU UTC_2026-09-21_05:14 0.0 -999.9
-28.262828 -51.258699 IMUITO3 2026-09-21_02:19 19.3 -999.9 -999.9 92.0 -999.9 -999.9 18.0 -999.9 -999.9 -999.9 -999.9 -999.9 16.9 20 27.7 0.2 9.9 0.0 48.5 74.2 74.2 75.2 23.3 15.3 99.0 78.0 49.7 Muitos_Capões_(843_m) -999.9 -999.9 -999.9 -999.9 -999.9 19.8 15.1 243.4 Rio_Grande_do_Sul WU UTC_2026-09-21_05:19 0.0 -999.9
-28.262828 -51.258699 IMUITO3 2026-09-21_02:24 19.3 -999.9 -999.9 91.9 -999.9 -999.9 18.0 -999.9 -999.9 -999.9 -999.9 -999.9 16.3 19 27.7 0.2 9.9 0.0 48.5 74.2 74.2 75.2 23.3 15.3 99.0 78.0 49.7 Muitos_Capões_(843_m) -999.9 -999.9 -999.9 -999.9 -999.9 19.8 15.1 243.4 Rio_Grande_do_Sul WU UTC_2026-09-21_05:24 0.0 -999.9
-28.262828 -51.258699 IMUITO3 2026-09-21_02:29 19.4 -999.9 -999.9 91.4 -999.9 -999.9 18.0 -999.9 -999.9 -999.9 -999.9 -999.9 16.2 28 23.8 0.2 9.9 0.0 48.5 74.2 74.2 75.2 23.3 15.3 99.0 78.0 49.7 Muitos_Capões_(843_m) -999.9 -999.9 -999.9 -999.9 -999.9 19.8 15.1 243.4 Rio_Grande_do_Sul WU UTC_2026-09-21_05:29 0.0 -999.9
-28.262828 -51.258699 IMUITO3 2026-09-21_02:34 19.5 -999.9 -999.9 91.0 -999.9 -999.9 18.0 -999.9 -999.9 -999.9 -999.9 -999.9 11.2 31 20.2 0.2 9.9 0.0 48.5 74.2 74.2 75.2 23.3 15.3 99.0 78.0 49.7 Muitos_Capões_(843_m) -999.9 -999.9 -999.9 -999.9 -999.9 19.8 15.1 243.4 Rio_Grande_do_Sul WU UTC_2026-09-21_05:34 0.0 -999.9
-28.262828 -51.258699 IMUITO3 2026-09-21_02:39 19.5 -999.9 -999.9 91.0 -999.9 -999.9 18.0 -999.9 -999.9 -999.9 -999.9 -999.9 14.6 28 22.0 0.2 9.9 0.0 48.5 74.2 74.2 75.2 23.3 15.3 99.0 78.0 49.7 Muitos_Capões_(843_m) -999.9 -999.9 -999.9 -999.9 -999.9 19.8 15.1 243.4 Rio_Grande_do_Sul WU UTC_2026-09-21_05:39 0.0 -999.9
-28.262828 -51.258699 IMUITO3 2026-09-21_02:44 19.5 -999.9 -999.9 91.0 -999.9 -999.9 18.0 -999.9 -999.9 -999.9 -999.9 -999.9 11.9 14 22.0 0.2 9.9 0.0 48.5 74.2 74.2 75.2 23.3 15.3 99.0 78.0 49.7 Muitos_Capões_(843_m) -999.9 -999.9 -999.9 -999.9 -999.9 19.8 15.1 243.4 Rio_Grande_do_Sul WU UTC_2026-09-21_05:44 0.0 -999.9
-28.262828 -51.258699 IMUITO3 2026-09-21_02:49 19.6 -999.9 -999.9 90.9 -999.9 -999.9 18.1 -999.9 -999.9 -999.9 -999.9 -999.9 13.5 39 23.8 0.2 9.9 0.0 48.5 74.2 74.2 75.2 23.3 15.3 99.0 78.0 49.7 Muitos_Capões_(843_m) -999.9 -999.9 -999.9 -999.9 -999.9 19.8 15.1 243.4 Rio_Grande_do_Sul WU UTC_2026-09-21_05:49 0.0 -999.9
-28.262828 -51.258699 IMUITO3 2026-09-21_02:54 19.6 -999.9 -999.9 91.0 -999.9 -999.9 18.1 -999.9 -999.9 -999.9 -999.9 -999.9 13.8 35 22.0 0.2 9.9 0.0 48.5 74.2 74.2 75.2 23.3 15.3 99.0 78.0 49.7 Muitos_Capões_(843_m) -999.9 -999.9 -999.9 -999.9 -999.9 19.8 15.1 243.4 Rio_Grande_do_Sul WU UTC_2026-09-21_05:54 0.0 -999.9
-28.262828 -51.258699 IMUITO3 2026-09-21_02:59 19.6 -999.9 -999.9 90.5 -999.9 -999.9 18.0 -999.9 -999.9 -999.9 -999.9 -999.9 16.1 28 23.8 0.2 9.9 0.0 48.5 74.2 74.2 75.2 23.3 15.3 99.0 78.0 49.7 Muitos_Capões_(843_m) -999.9 -999.9 -999.9 -999.9 -999.9 19.8 15.1 243.4 Rio_Grande_do_Sul WU UTC_2026-09-21_05:59 0.0 -999.9
-28.262828 -51.258699 IMUITO3 2026-09-21_03:04 19.7 -999.9 -999.9 90.0 -999.9 -999.9 18.0 -999.9 -999.9 -999.9 -999.9 -999.9 17.1 33 25.6 0.2 9.9 0.0 48.5 74.2 74.2 75.2 23.3 15.3 99.0 78.0 49.7 Muitos_Capões_(843_m) -999.9 -999.9 -999.9 -999.9 -999.9 19.8 15.1 243.4 Rio_Grande_do_Sul WU UTC_2026-09-21_06:04 0.0 -999.9
-28.262828 -51.258699 IMUITO3 2026-09-21_03:09 19.7 -999.9 -999.9 90.0 -999.9 -999.9 18.0 -999.9 -999.9 -999.9 -999.9 -999.9 14.2 29 29.5 0.2 9.9 0.0 48.5 74.2 74.2 75.2 23.3 15.3 99.0 78.0 49.7 Muitos_Capões_(843_m) -999.9 -999.9 -999.9 -999.9 -999.9 19.8 15.1 243.4 Rio_Grande_do_Sul WU UTC_2026-09-21_06:09 0.0 -999.9
-28.262828 -51.258699 IMUITO3 2026-09-21_03:14 19.7 -999.9 -999.9 90.0 -999.9 -999.9 18.0 -999.9 -999.9 -999.9 -999.9 -999.9 8.8 41 22.0 0.2 9.9 0.0 48.5 74.2 74.2 75.2 23.3 15.3 99.0 78.0 49.7 Muitos_Capões_(843_m) -999.9 -999.9 -999.9 -999.9 -999.9 19.8 15.1 243.4 Rio_Grande_do_Sul WU UTC_2026-09-21_06:14 0.0 -999.9
-28.262828 -51.258699 IMUITO3 2026-09-21_03:19 19.7 -999.9 -999.9 90.0 -999.9 -999.9 18.0 -999.9 -999.9 -999.9 -999.9 -999.9 4.8 26 13.0 0.2 9.9 0.0 48.5 74.2 74.2 75.2 23.3 15.3 99.0 78.0 49.7 Muitos_Capões_(843_m) -999.9 -999.9 -999.9 -999.9 -999.9 19.8 15.1 243.4 Rio_Grande_do_Sul WU UTC_2026-09-21_06:19 0.0 -999.9
-28.262828 -51.258699 IMUITO3 2026-09-21_03:24 19.7 -999.9 -999.9 90.0 -999.9 -999.9 18.0 -999.9 -999.9 -999.9 -999.9 -999.9 4.2 21 13.0 0.2 9.9 0.0 48.5 74.2 74.2 75.2 23.3 15.3 99.0 78.0 49.7 Muitos_Capões_(843_m) -999.9 -999.9 -999.9 -999.9 -999.9 19.8 15.1 243.4 Rio_Grande_do_Sul WU UTC_2026-09-21_06:24 0.0 -999.9
-28.262828 -51.258699 IMUITO3 2026-09-21_03:29 19.8 -999.9 -999.9 89.5 -999.9 -999.9 18.0 -999.9 -999.9 -999.9 -999.9 -999.9 4.6 346 14.8 0.2 9.9 0.0 48.5 74.2 74.2 75.2 23.3 15.3 99.0 78.0 49.7 Muitos_Capões_(843_m) -999.9 -999.9 -999.9 -999.9 -999.9 19.8 15.1 243.4 Rio_Grande_do_Sul WU UTC_2026-09-21_06:29 0.0 -999.9
-28.262828 -51.258699 IMUITO3 2026-09-21_03:34 19.7 -999.9 -999.9 90.0 -999.9 -999.9 18.0 -999.9 -999.9 -999.9 -999.9 -999.9 4.3 348 16.6 0.2 9.9 0.0 48.5 74.2 74.2 75.2 23.3 15.3 99.0 78.0 49.7 Muitos_Capões_(843_m) -999.9 -999.9 -999.9 -999.9 -999.9 19.8 15.1 243.4 Rio_Grande_do_Sul WU UTC_2026-09-21_06:34 0.0 -999.9
-28.262828 -51.258699 IMUITO3 2026-09-21_03:39 19.7 -999.9 -999.9 90.0 -999.9 -999.9 17.9 -999.9 -999.9 -999.9 -999.9 -999.9 3.8 358 16.6 0.2 9.9 0.0 48.5 74.2 74.2 75.2 23.3 15.3 99.0 78.0 49.7 Muitos_Capões_(843_m) -999.9 -999.9 -999.9 -999.9 -999.9 19.8 15.1 243.4 Rio_Grande_do_Sul WU UTC_2026-09-21_06:39 0.0 -999.9
-28.262828 -51.258699 IMUITO3 2026-09-21_03:44 19.6 -999.9 -999.9 90.0 -999.9 -999.9 17.9 -999.9 -999.9 -999.9 -999.9 -999.9 4.7 26 14.8 0.2 9.9 0.0 48.5 74.2 74.2 75.2 23.3 15.3 99.0 78.0 49.7 Muitos_Capões_(843_m) -999.9 -999.9 -999.9 -999.9 -999.9 19.8 15.1 243.4 Rio_Grande_do_Sul WU UTC_2026-09-21_06:44 0.0 -999.9
-28.262828 -51.258699 IMUITO3 2026-09-21_03:49 19.6 -999.9 -999.9 90.0 -999.9 -999.9 17.9 -999.9 -999.9 -999.9 -999.9 -999.9 5.2 3 20.2 0.2 9.9 0.0 48.5 74.2 74.2 75.2 23.3 15.3 99.0 78.0 49.7 Muitos_Capões_(843_m) -999.9 -999.9 -999.9 -999.9 -999.9 19.8 15.1 243.4 Rio_Grande_do_Sul WU UTC_2026-09-21_06:49 0.0 -999.9
-28.262828 -51.258699 IMUITO3 2026-09-21_03:54 19.6 -999.9 -999.9 90.0 -999.9 -999.9 17.9 -999.9 -999.9 -999.9 -999.9 -999.9 3.1 299 20.2 0.2 9.9 0.0 48.5 74.2 74.2 75.2 23.3 15.3 99.0 78.0 49.7 Muitos_Capões_(843_m) -999.9 -999.9 -999.9 -999.9 -999.9 19.8 15.1 243.4 Rio_Grande_do_Sul WU UTC_2026-09-21_06:54 0.0 -999.9
-28.262828 -51.258699 IMUITO3 2026-09-21_03:59 19.6 -999.9 -999.9 90.0 -999.9 -999.9 17.9 -999.9 -999.9 -999.9 -999.9 -999.9 4.1 352 9.4 0.2 9.9 0.0 48.5 74.2 74.2 75.2 23.3 15.3 99.0 78.0 49.7 Muitos_Capões_(843_m) -999.9 -999.9 -999.9 -999.9 -999.9 19.8 15.1 243.4 Rio_Grande_do_Sul WU UTC_2026-09-21_06:59 0.0 -999.9
-28.262828 -51.258699 IMUITO3 2026-09-21_04:04 19.7 -999.9 -999.9 89.7 -999.9 -999.9 17.9 -999.9 -999.9 -999.9 -999.9 -999.9 3.2 317 13.0 0.2 9.9 0.0 48.5 74.2 74.2 75.2 23.3 15.3 99.0 78.0 49.7 Muitos_Capões_(843_m) -999.9 -999.9 -999.9 -999.9 -999.9 19.8 15.1 243.4 Rio_Grande_do_Sul WU UTC_2026-09-21_07:04 0.0 -999.9
-28.262828 -51.258699 IMUITO3 2026-09-21_04:09 19.7 -999.9 -999.9 89.8 -999.9 -999.9 17.9 -999.9 -999.9 -999.9 -999.9 -999.9 3.1 359 11.2 0.2 9.9 0.0 48.5 74.2 74.2 75.2 23.3 15.3 99.0 78.0 49.7 Muitos_Capões_(843_m) -999.9 -999.9 -999.9 -999.9 -999.9 19.8 15.1 243.4 Rio_Grande_do_Sul WU UTC_2026-09-21_07:09 0.0 -999.9
-28.262828 -51.258699 IMUITO3 2026-09-21_04:14 19.6 -999.9 -999.9 90.0 -999.9 -999.9 17.9 -999.9 -999.9 -999.9 -999.9 -999.9 4.0 347 11.2 0.2 9.9 0.0 48.5 74.2 74.2 75.2 23.3 15.3 99.0 78.0 49.7 Muitos_Capões_(843_m) -999.9 -999.9 -999.9 -999.9 -999.9 19.8 15.1 243.4 Rio_Grande_do_Sul WU UTC_2026-09-21_07:14 0.0 -999.9
-28.262828 -51.258699 IMUITO3 2026-09-21_04:19 19.6 -999.9 -999.9 90.0 -999.9 -999.9 17.9 -999.9 -999.9 -999.9 -999.9 -999.9 2.2 5 9.4 0.2 9.9 0.0 48.5 74.2 74.2 75.2 23.3 15.3 99.0 78.0 49.7 Muitos_Capões_(843_m) -999.9 -999.9 -999.9 -999.9 -999.9 19.8 15.1 243.4 Rio_Grande_do_Sul WU UTC_2026-09-21_07:19 0.0 -999.9
-28.262828 -51.258699 IMUITO3 2026-09-21_04:24 19.4 -999.9 -999.9 90.6 -999.9 -999.9 17.9 -999.9 -999.9 -999.9 -999.9 -999.9 1.8 352 9.4 0.2 9.9 0.0 48.5 74.2 74.2 75.2 23.3 15.3 99.0 78.0 49.7 Muitos_Capões_(843_m) -999.9 -999.9 -999.9 -999.9 -999.9 19.8 15.1 243.4 Rio_Grande_do_Sul WU UTC_2026-09-21_07:24 0.0 -999.9
-28.262828 -51.258699 IMUITO3 2026-09-21_04:29 19.4 -999.9 -999.9 91.0 -999.9 -999.9 17.9 -999.9 -999.9 -999.9 -999.9 -999.9 2.4 311 7.2 0.2 9.9 0.0 48.5 74.2 74.2 75.2 23.3 15.3 99.0 78.0 49.7 Muitos_Capões_(843_m) -999.9 -999.9 -999.9 -999.9 -999.9 19.8 15.1 243.4 Rio_Grande_do_Sul WU UTC_2026-09-21_07:29 0.0 -999.9
-28.262828 -51.258699 IMUITO3 2026-09-21_04:34 19.4 -999.9 -999.9 91.0 -999.9 -999.9 17.9 -999.9 -999.9 -999.9 -999.9 -999.9 1.6 332 9.4 0.2 9.9 0.0 48.5 74.2 74.2 75.2 23.3 15.3 99.0 78.0 49.7 Muitos_Capões_(843_m) -999.9 -999.9 -999.9 -999.9 -999.9 19.8 15.1 243.4 Rio_Grande_do_Sul WU UTC_2026-09-21_07:34 0.0 -999.9
-28.262828 -51.258699 IMUITO3 2026-09-21_04:39 19.2 -999.9 -999.9 91.1 -999.9 -999.9 17.7 -999.9 -999.9 -999.9 -999.9 -999.9 2.2 18 7.2 0.2 9.9 0.0 48.5 74.2 74.2 75.2 23.3 15.3 99.0 78.0 49.7 Muitos_Capões_(843_m) -999.9 -999.9 -999.9 -999.9 -999.9 19.8 15.1 243.4 Rio_Grande_do_Sul WU UTC_2026-09-21_07:39 0.0 -999.9
-28.262828 -51.258699 IMUITO3 2026-09-21_04:44 19.0 -999.9 -999.9 92.0 -999.9 -999.9 17.7 -999.9 -999.9 -999.9 -999.9 -999.9 1.9 331 9.4 0.2 9.9 0.0 48.5 74.2 74.2 75.2 23.3 15.3 99.0 78.0 49.7 Muitos_Capões_(843_m) -999.9 -999.9 -999.9 -999.9 -999.9 19.8 15.1 243.4 Rio_Grande_do_Sul WU UTC_2026-09-21_07:44 0.0 -999.9
-28.262828 -51.258699 IMUITO3 2026-09-21_04:49 19.1 -999.9 -999.9 92.0 -999.9 -999.9 17.8 -999.9 -999.9 -999.9 -999.9 -999.9 1.7 327 9.4 0.2 9.9 0.0 48.5 74.2 74.2 75.2 23.3 15.3 99.0 78.0 49.7 Muitos_Capões_(843_m) -999.9 -999.9 -999.9 -999.9 -999.9 19.8 15.1 243.4 Rio_Grande_do_Sul WU UTC_2026-09-21_07:49 0.0 -999.9
-28.262828 -51.258699 IMUITO3 2026-09-21_04:54 19.2 -999.9 -999.9 91.1 -999.9 -999.9 17.7 -999.9 -999.9 -999.9 -999.9 -999.9 2.2 310 5.4 0.2 9.9 0.0 48.5 74.2 74.2 75.2 23.3 15.3 99.0 78.0 49.7 Muitos_Capões_(843_m) -999.9 -999.9 -999.9 -999.9 -999.9 19.8 15.1 243.4 Rio_Grande_do_Sul WU UTC_2026-09-21_07:54 0.0 -999.9
-28.262828 -51.258699 IMUITO3 2026-09-21_04:59 19.1 -999.9 -999.9 91.8 -999.9 -999.9 17.7 -999.9 -999.9 -999.9 -999.9 -999.9 0.9 6 7.2 0.2 9.9 0.0 48.5 74.2 74.2 75.2 23.3 15.3 99.0 78.0 49.7 Muitos_Capões_(843_m) -999.9 -999.9 -999.9 -999.9 -999.9 19.8 15.1 243.4 Rio_Grande_do_Sul WU UTC_2026-09-21_07:59 0.0 -999.9
-28.262828 -51.258699 IMUITO3 2026-09-21_05:04 18.8 -999.9 -999.9 92.6 -999.9 -999.9 17.6 -999.9 -999.9 -999.9 -999.9 -999.9 1.8 7 7.2 0.2 9.9 0.0 48.5 74.2 74.2 75.2 23.3 15.3 99.0 78.0 49.7 Muitos_Capões_(843_m) -999.9 -999.9 -999.9 -999.9 -999.9 19.8 15.1 243.4 Rio_Grande_do_Sul WU UTC_2026-09-21_08:04 0.0 -999.9
-28.262828 -51.258699 IMUITO3 2026-09-21_05:09 18.7 -999.9 -999.9 93.0 -999.9 -999.9 17.6 -999.9 -999.9 -999.9 -999.9 -999.9 0.8 4 7.2 0.2 9.9 0.0 48.5 74.2 74.2 75.2 23.3 15.3 99.0 78.0 49.7 Muitos_Capões_(843_m) -999.9 -999.9 -999.9 -999.9 -999.9 19.8 15.1 243.4 Rio_Grande_do_Sul WU UTC_2026-09-21_08:09 0.0 -999.9
-28.262828 -51.258699 IMUITO3 2026-09-21_05:14 18.7 -999.9 -999.9 93.0 -999.9 -999.9 17.5 -999.9 -999.9 -999.9 -999.9 -999.9 1.0 35 3.6 0.2 9.9 0.0 48.5 74.2 74.2 75.2 23.3 15.3 99.0 78.0 49.7 Muitos_Capões_(843_m) -999.9 -999.9 -999.9 -999.9 -999.9 19.8 15.1 243.4 Rio_Grande_do_Sul WU UTC_2026-09-21_08:14 0.0 -999.9
-28.262828 -51.258699 IMUITO3 2026-09-21_05:19 18.7 -999.9 -999.9 93.0 -999.9 -999.9 17.4 -999.9 -999.9 -999.9 -999.9 -999.9 2.5 41 5.4 0.2 9.9 0.0 48.5 74.2 74.2 75.2 23.3 15.3 99.0 78.0 49.7 Muitos_Capões_(843_m) -999.9 -999.9 -999.9 -999.9 -999.9 19.8 15.1 243.4 Rio_Grande_do_Sul WU UTC_2026-09-21_08:19 0.0 -999.9
-28.262828 -51.258699 IMUITO3 2026-09-21_05:24 18.5 -999.9 -999.9 93.1 -999.9 -999.9 17.3 -999.9 -999.9 -999.9 -999.9 -999.9 2.0 36 5.4 0.2 9.9 0.0 48.5 74.2 74.2 75.2 23.3 15.3 99.0 78.0 49.7 Muitos_Capões_(843_m) -999.9 -999.9 -999.9 -999.9 -999.9 19.8 15.1 243.4 Rio_Grande_do_Sul WU UTC_2026-09-21_08:24 0.0 -999.9
-28.262828 -51.258699 IMUITO3 2026-09-21_05:29 18.6 -999.9 -999.9 93.0 -999.9 -999.9 17.4 -999.9 -999.9 -999.9 -999.9 -999.9 0.8 14 5.4 0.2 9.9 0.0 48.5 74.2 74.2 75.2 23.3 15.3 99.0 78.0 49.7 Muitos_Capões_(843_m) -999.9 -999.9 -999.9 -999.9 -999.9 19.8 15.1 243.4 Rio_Grande_do_Sul WU UTC_2026-09-21_08:29 0.0 -999.9
-28.262828 -51.258699 IMUITO3 2026-09-21_05:34 18.7 -999.9 -999.9 93.0 -999.9 -999.9 17.5 -999.9 -999.9 -999.9 -999.9 -999.9 0.2 17 3.6 0.2 9.9 0.0 48.5 74.2 74.2 75.2 23.3 15.3 99.0 78.0 49.7 Muitos_Capões_(843_m) -999.9 -999.9 -999.9 -999.9 -999.9 19.8 15.1 243.4 Rio_Grande_do_Sul WU UTC_2026-09-21_08:34 0.0 -999.9
-28.262828 -51.258699 IMUITO3 2026-09-21_05:39 18.7 -999.9 -999.9 93.0 -999.9 -999.9 17.4 -999.9 -999.9 -999.9 -999.9 -999.9 0.6 10 3.6 0.2 9.9 0.0 48.5 74.2 74.2 75.2 23.3 15.3 99.0 78.0 49.7 Muitos_Capões_(843_m) -999.9 -999.9 -999.9 -999.9 -999.9 19.8 15.1 243.4 Rio_Grande_do_Sul WU UTC_2026-09-21_08:39 0.0 -999.9
-28.262828 -51.258699 IMUITO3 2026-09-21_05:44 18.7 -999.9 -999.9 93.0 -999.9 -999.9 17.4 -999.9 -999.9 -999.9 -999.9 -999.9 0.7 31 3.6 0.2 9.9 0.0 48.5 74.2 74.2 75.2 23.3 15.3 99.0 78.0 49.7 Muitos_Capões_(843_m) -999.9 -999.9 -999.9 -999.9 -999.9 19.8 15.1 243.4 Rio_Grande_do_Sul WU UTC_2026-09-21_08:44 0.0 -999.9
-28.262828 -51.258699 IMUITO3 2026-09-21_05:49 18.7 -999.9 -999.9 93.0 -999.9 -999.9 17.5 -999.9 -999.9 -999.9 -999.9 -999.9 1.2 9 5.4 0.2 9.9 0.0 48.5 74.2 74.2 75.2 23.3 15.3 99.0 78.0 49.7 Muitos_Capões_(843_m) -999.9 -999.9 -999.9 -999.9 -999.9 19.8 15.1 243.4 Rio_Grande_do_Sul WU UTC_2026-09-21_08:49 0.0 -999.9
-28.262828 -51.258699 IMUITO3 2026-09-21_05:54 18.7 -999.9 -999.9 93.0 -999.9 -999.9 17.5 -999.9 -999.9 -999.9 -999.9 -999.9 1.5 32 5.4 0.2 9.9 0.0 48.5 74.2 74.2 75.2 23.3 15.3 99.0 78.0 49.7 Muitos_Capões_(843_m) -999.9 -999.9 -999.9 -999.9 -999.9 19.8 15.1 243.4 Rio_Grande_do_Sul WU UTC_2026-09-21_08:54 0.0 -999.9
-28.262828 -51.258699 IMUITO3 2026-09-21_05:59 18.6 -999.9 -999.9 93.0 -999.9 -999.9 17.4 -999.9 -999.9 -999.9 -999.9 -999.9 1.3 8 5.4 0.2 9.9 0.0 48.5 74.2 74.2 75.2 23.3 15.3 99.0 78.0 49.7 Muitos_Capões_(843_m) -999.9 -999.9 -999.9 -999.9 -999.9 19.8 15.1 243.4 Rio_Grande_do_Sul WU UTC_2026-09-21_08:59 0.0 -999.9
-28.262828 -51.258699 IMUITO3 2026-09-21_06:04 18.6 -999.9 -999.9 93.0 -999.9 -999.9 17.4 -999.9 -999.9 -999.9 -999.9 -999.9 1.4 16 5.4 0.3 9.9 0.0 48.5 74.2 74.2 75.2 23.3 15.3 99.0 78.0 49.7 Muitos_Capões_(843_m) -999.9 -999.9 -999.9 -999.9 -999.9 19.8 15.1 243.4 Rio_Grande_do_Sul WU UTC_2026-09-21_09:04 0.0 -999.9
-28.262828 -51.258699 IMUITO3 2026-09-21_06:09 18.6 -999.9 -999.9 93.9 -999.9 -999.9 17.5 -999.9 -999.9 -999.9 -999.9 -999.9 0.6 348 7.2 0.6 9.9 0.0 48.5 74.2 74.2 75.2 23.3 15.3 99.0 78.0 49.7 Muitos_Capões_(843_m) -999.9 -999.9 -999.9 -999.9 -999.9 19.8 15.1 243.4 Rio_Grande_do_Sul WU UTC_2026-09-21_09:09 0.0 -999.9
-28.262828 -51.258699 IMUITO3 2026-09-21_06:14 18.5 -999.9 -999.9 94.0 -999.9 -999.9 17.4 -999.9 -999.9 -999.9 -999.9 -999.9 1.1 32 5.4 1.0 9.9 0.0 48.5 74.2 74.2 75.2 23.3 15.3 99.0 78.0 49.7 Muitos_Capões_(843_m) -999.9 -999.9 -999.9 -999.9 -999.9 19.8 15.1 243.4 Rio_Grande_do_Sul WU UTC_2026-09-21_09:14 0.0 -999.9
-28.262828 -51.258699 IMUITO3 2026-09-21_06:19 18.5 -999.9 -999.9 94.0 -999.9 -999.9 17.4 -999.9 -999.9 -999.9 -999.9 -999.9 0.8 0 3.6 1.3 9.9 0.0 48.5 74.2 74.2 75.2 23.3 15.3 99.0 78.0 49.7 Muitos_Capões_(843_m) -999.9 -999.9 -999.9 -999.9 -999.9 19.8 15.1 243.4 Rio_Grande_do_Sul WU UTC_2026-09-21_09:19 0.0 -999.9
-28.262828 -51.258699 IMUITO3 2026-09-21_06:24 18.6 -999.9 -999.9 93.8 -999.9 -999.9 17.5 -999.9 -999.9 -999.9 -999.9 -999.9 1.1 322 7.2 2.8 9.9 0.0 48.5 74.2 74.2 75.2 23.3 15.3 99.0 78.0 49.7 Muitos_Capões_(843_m) -999.9 -999.9 -999.9 -999.9 -999.9 19.8 15.1 243.4 Rio_Grande_do_Sul WU UTC_2026-09-21_09:24 0.0 -999.9
-28.262828 -51.258699 IMUITO3 2026-09-21_06:29 18.8 -999.9 -999.9 93.0 -999.9 -999.9 17.6 -999.9 -999.9 -999.9 -999.9 -999.9 1.1 30 7.2 4.2 9.9 0.0 48.5 74.2 74.2 75.2 23.3 15.3 99.0 78.0 49.7 Muitos_Capões_(843_m) -999.9 -999.9 -999.9 -999.9 -999.9 19.8 15.1 243.4 Rio_Grande_do_Sul WU UTC_2026-09-21_09:29 0.0 -999.9
-28.262828 -51.258699 IMUITO3 2026-09-21_06:34 18.7 -999.9 -999.9 93.7 -999.9 -999.9 17.6 -999.9 -999.9 -999.9 -999.9 -999.9 2.7 40 7.2 6.1 9.9 0.0 48.5 74.2 74.2 75.2 23.3 15.3 99.0 78.0 49.7 Muitos_Capões_(843_m) -999.9 -999.9 -999.9 -999.9 -999.9 19.8 15.1 243.4 Rio_Grande_do_Sul WU UTC_2026-09-21_09:34 0.0 -999.9
-28.262828 -51.258699 IMUITO3 2026-09-21_06:39 18.8 -999.9 -999.9 93.1 -999.9 -999.9 17.6 -999.9 -999.9 -999.9 -999.9 -999.9 1.7 37 7.2 7.5 9.9 0.0 48.5 74.2 74.2 75.2 23.3 15.3 99.0 78.0 49.7 Muitos_Capões_(843_m) -999.9 -999.9 -999.9 -999.9 -999.9 19.8 15.1 243.4 Rio_Grande_do_Sul WU UTC_2026-09-21_09:39 0.0 -999.9
-28.262828 -51.258699 IMUITO3 2026-09-21_06:44 19.0 -999.9 -999.9 92.7 -999.9 -999.9 17.8 -999.9 -999.9 -999.9 -999.9 -999.9 2.7 37 7.2 9.1 9.9 0.0 48.5 74.2 74.2 75.2 23.3 15.3 99.0 78.0 49.7 Muitos_Capões_(843_m) -999.9 -999.9 -999.9 -999.9 -999.9 19.8 15.1 243.4 Rio_Grande_do_Sul WU UTC_2026-09-21_09:44 0.0 -999.9
-28.262828 -51.258699 IMUITO3 2026-09-21_06:49 19.4 -999.9 -999.9 91.5 -999.9 -999.9 18.0 -999.9 -999.9 -999.9 -999.9 -999.9 3.0 49 7.2 9.6 9.9 0.0 48.5 74.2 74.2 75.2 23.3 15.3 99.0 78.0 49.7 Muitos_Capões_(843_m) -999.9 -999.9 -999.9 -999.9 -999.9 19.8 15.1 243.4 Rio_Grande_do_Sul WU UTC_2026-09-21_09:49 0.0 -999.9
-28.262828 -51.258699 IMUITO3 2026-09-21_06:54 19.6 -999.9 -999.9 90.7 -999.9 -999.9 18.0 -999.9 -999.9 -999.9 -999.9 -999.9 2.9 332 14.8 9.8 9.9 0.0 48.5 74.2 74.2 75.2 23.3 15.3 99.0 78.0 49.7 Muitos_Capões_(843_m) -999.9 -999.9 -999.9 -999.9 -999.9 19.8 15.1 243.4 Rio_Grande_do_Sul WU UTC_2026-09-21_09:54 0.0 -999.9
-28.262828 -51.258699 IMUITO3 2026-09-21_06:59 19.8 -999.9 -999.9 90.0 -999.9 -999.9 18.1 -999.9 -999.9 -999.9 -999.9 -999.9 2.7 335 9.4 11.9 9.9 0.0 48.5 74.2 74.2 75.2 23.3 15.3 99.0 78.0 49.7 Muitos_Capões_(843_m) -999.9 -999.9 -999.9 -999.9 -999.9 19.8 15.1 243.4 Rio_Grande_do_Sul WU UTC_2026-09-21_09:59 0.0 -999.9
-28.262828 -51.258699 IMUITO3 2026-09-21_07:04 19.8 -999.9 -999.9 90.0 -999.9 -999.9 18.2 -999.9 -999.9 -999.9 -999.9 -999.9 1.3 314 5.4 13.5 9.9 0.0 48.5 74.2 74.2 75.2 23.3 15.3 99.0 78.0 49.7 Muitos_Capões_(843_m) -999.9 -999.9 -999.9 -999.9 -999.9 19.8 15.1 243.4 Rio_Grande_do_Sul WU UTC_2026-09-21_10:04 0.0 -999.9
-28.262828 -51.258699 IMUITO3 2026-09-21_07:09 19.7 -999.9 -999.9 90.7 -999.9 -999.9 18.2 -999.9 -999.9 -999.9 -999.9 -999.9 0.3 22 5.4 13.7 9.9 0.0 48.5 74.2 74.2 75.2 23.3 15.3 99.0 78.0 49.7 Muitos_Capões_(843_m) -999.9 -999.9 -999.9 -999.9 -999.9 19.8 15.1 243.4 Rio_Grande_do_Sul WU UTC_2026-09-21_10:09 0.0 -999.9
-28.262828 -51.258699 IMUITO3 2026-09-21_07:14 19.7 -999.9 -999.9 91.0 -999.9 -999.9 18.2 -999.9 -999.9 -999.9 -999.9 -999.9 2.1 308 9.4 13.1 9.9 0.0 48.5 74.2 74.2 75.2 23.3 15.3 99.0 78.0 49.7 Muitos_Capões_(843_m) -999.9 -999.9 -999.9 -999.9 -999.9 19.8 15.1 243.4 Rio_Grande_do_Sul WU UTC_2026-09-21_10:14 0.0 -999.9
-28.262828 -51.258699 IMUITO3 2026-09-21_07:19 19.8 -999.9 -999.9 90.3 -999.9 -999.9 18.1 -999.9 -999.9 -999.9 -999.9 -999.9 1.5 304 9.4 11.8 9.9 0.0 48.5 74.2 74.2 75.2 23.3 15.3 99.0 78.0 49.7 Muitos_Capões_(843_m) -999.9 -999.9 -999.9 -999.9 -999.9 19.8 15.1 243.4 Rio_Grande_do_Sul WU UTC_2026-09-21_10:19 0.0 -999.9
-28.262828 -51.258699 IMUITO3 2026-09-21_07:24 19.8 -999.9 -999.9 90.1 -999.9 -999.9 18.2 -999.9 -999.9 -999.9 -999.9 -999.9 3.1 304 9.4 11.5 9.9 0.0 48.5 74.2 74.2 75.2 23.3 15.3 99.0 78.0 49.7 Muitos_Capões_(843_m) -999.9 -999.9 -999.9 -999.9 -999.9 19.8 15.1 243.4 Rio_Grande_do_Sul WU UTC_2026-09-21_10:24 0.0 -999.9
-28.262828 -51.258699 IMUITO3 2026-09-21_07:29 19.9 -999.9 -999.9 90.0 -999.9 -999.9 18.2 -999.9 -999.9 -999.9 -999.9 -999.9 2.8 297 9.4 12.7 9.9 0.0 48.5 74.2 74.2 75.2 23.3 15.3 99.0 78.0 49.7 Muitos_Capões_(843_m) -999.9 -999.9 -999.9 -999.9 -999.9 19.8 15.1 243.4 Rio_Grande_do_Sul WU UTC_2026-09-21_10:29 0.0 -999.9
-28.262828 -51.258699 IMUITO3 2026-09-21_07:34 19.9 -999.9 -999.9 90.0 -999.9 -999.9 18.2 -999.9 -999.9 -999.9 -999.9 -999.9 2.7 340 9.4 14.5 9.9 0.0 48.5 74.2 74.2 75.2 23.3 15.3 99.0 78.0 49.7 Muitos_Capões_(843_m) -999.9 -999.9 -999.9 -999.9 -999.9 19.8 15.1 243.4 Rio_Grande_do_Sul WU UTC_2026-09-21_10:34 0.0 -999.9
-28.262828 -51.258699 IMUITO3 2026-09-21_07:39 20.0 -999.9 -999.9 89.8 -999.9 -999.9 18.3 -999.9 -999.9 -999.9 -999.9 -999.9 3.0 316 9.4 19.1 9.9 0.0 48.5 74.2 74.2 75.2 23.3 15.3 99.0 78.0 49.7 Muitos_Capões_(843_m) -999.9 -999.9 -999.9 -999.9 -999.9 19.8 15.1 243.4 Rio_Grande_do_Sul WU UTC_2026-09-21_10:39 0.0 -999.9
-28.262828 -51.258699 IMUITO3 2026-09-21_07:44 20.2 -999.9 -999.9 89.0 -999.9 -999.9 18.3 -999.9 -999.9 -999.9 -999.9 -999.9 1.7 297 7.2 20.8 9.9 0.0 48.5 74.2 74.2 75.2 23.3 15.3 99.0 78.0 49.7 Muitos_Capões_(843_m) -999.9 -999.9 -999.9 -999.9 -999.9 19.8 15.1 243.4 Rio_Grande_do_Sul WU UTC_2026-09-21_10:44 0.0 -999.9
-28.262828 -51.258699 IMUITO3 2026-09-21_07:49 20.2 -999.9 -999.9 89.0 -999.9 -999.9 18.3 -999.9 -999.9 -999.9 -999.9 -999.9 2.0 342 7.2 20.9 9.9 0.0 48.5 74.2 74.2 75.2 23.3 15.3 99.0 78.0 49.7 Muitos_Capões_(843_m) -999.9 -999.9 -999.9 -999.9 -999.9 19.8 15.1 243.4 Rio_Grande_do_Sul WU UTC_2026-09-21_10:49 0.0 -999.9
-28.262828 -51.258699 IMUITO3 2026-09-21_07:54 20.2 -999.9 -999.9 89.0 -999.9 -999.9 18.3 -999.9 -999.9 -999.9 -999.9 -999.9 2.2 327 7.2 21.2 9.9 0.0 48.5 74.2 74.2 75.2 23.3 15.3 99.0 78.0 49.7 Muitos_Capões_(843_m) -999.9 -999.9 -999.9 -999.9 -999.9 19.8 15.1 243.4 Rio_Grande_do_Sul WU UTC_2026-09-21_10:54 0.0 -999.9
-28.262828 -51.258699 IMUITO3 2026-09-21_07:59 20.3 -999.9 -999.9 89.0 -999.9 -999.9 18.4 -999.9 -999.9 -999.9 -999.9 -999.9 2.8 248 7.2 21.3 9.9 0.0 48.5 74.2 74.2 75.2 23.3 15.3 99.0 78.0 49.7 Muitos_Capões_(843_m) -999.9 -999.9 -999.9 -999.9 -999.9 19.8 15.1 243.4 Rio_Grande_do_Sul WU UTC_2026-09-21_10:59 0.0 -999.9
-28.262828 -51.258699 IMUITO3 2026-09-21_08:04 20.4 -999.9 -999.9 88.2 -999.9 -999.9 18.3 -999.9 -999.9 -999.9 -999.9 -999.9 2.7 311 9.4 19.7 9.9 0.0 48.5 74.2 74.2 75.2 23.3 15.3 99.0 78.0 49.7 Muitos_Capões_(843_m) -999.9 -999.9 -999.9 -999.9 -999.9 19.8 15.1 243.4 Rio_Grande_do_Sul WU UTC_2026-09-21_11:04 0.0 -999.9
-28.262828 -51.258699 IMUITO3 2026-09-21_08:09 20.5 -999.9 -999.9 88.0 -999.9 -999.9 18.4 -999.9 -999.9 -999.9 -999.9 -999.9 2.9 297 7.2 17.7 9.9 0.0 48.5 74.2 74.2 75.2 23.3 15.3 99.0 78.0 49.7 Muitos_Capões_(843_m) -999.9 -999.9 -999.9 -999.9 -999.9 19.8 15.1 243.4 Rio_Grande_do_Sul WU UTC_2026-09-21_11:09 0.0 -999.9
-28.262828 -51.258699 IMUITO3 2026-09-21_08:14 20.5 -999.9 -999.9 88.0 -999.9 -999.9 18.4 -999.9 -999.9 -999.9 -999.9 -999.9 2.3 308 7.2 13.2 9.9 0.0 48.5 74.2 74.2 75.2 23.3 15.3 99.0 78.0 49.7 Muitos_Capões_(843_m) -999.9 -999.9 -999.9 -999.9 -999.9 19.8 15.1 243.4 Rio_Grande_do_Sul WU UTC_2026-09-21_11:14 0.0 -999.9
-28.262828 -51.258699 IMUITO3 2026-09-21_08:19 20.4 -999.9 -999.9 88.2 -999.9 -999.9 18.4 -999.9 -999.9 -999.9 -999.9 -999.9 3.2 288 7.2 14.1 9.9 0.0 48.5 74.2 74.2 75.2 23.3 15.3 99.0 78.0 49.7 Muitos_Capões_(843_m) -999.9 -999.9 -999.9 -999.9 -999.9 19.8 15.1 243.4 Rio_Grande_do_Sul WU UTC_2026-09-21_11:19 0.0 -999.9
-28.262828 -51.258699 IMUITO3 2026-09-21_08:24 20.3 -999.9 -999.9 89.0 -999.9 -999.9 18.5 -999.9 -999.9 -999.9 -999.9 -999.9 3.0 301 11.2 13.2 9.9 0.0 48.5 74.2 74.2 75.2 23.3 15.3 99.0 78.0 49.7 Muitos_Capões_(843_m) -999.9 -999.9 -999.9 -999.9 -999.9 19.8 15.1 243.4 Rio_Grande_do_Sul WU UTC_2026-09-21_11:24 0.0 -999.9
-28.262828 -51.258699 IMUITO3 2026-09-21_08:29 20.3 -999.9 -999.9 89.0 -999.9 -999.9 18.4 -999.9 -999.9 -999.9 -999.9 -999.9 2.9 285 11.2 13.2 9.9 0.0 48.5 74.2 74.2 75.2 23.3 15.3 99.0 78.0 49.7 Muitos_Capões_(843_m) -999.9 -999.9 -999.9 -999.9 -999.9 19.8 15.1 243.4 Rio_Grande_do_Sul WU UTC_2026-09-21_11:29 0.0 -999.9
-28.262828 -51.258699 IMUITO3 2026-09-21_08:34 20.2 -999.9 -999.9 89.5 -999.9 -999.9 18.4 -999.9 -999.9 -999.9 -999.9 -999.9 1.9 316 7.2 12.1 9.9 0.0 48.5 74.2 74.2 75.2 23.3 15.3 99.0 78.0 49.7 Muitos_Capões_(843_m) -999.9 -999.9 -999.9 -999.9 -999.9 19.8 15.1 243.4 Rio_Grande_do_Sul WU UTC_2026-09-21_11:34 0.0 -999.9
-28.262828 -51.258699 IMUITO3 2026-09-21_08:39 20.2 -999.9 -999.9 89.7 -999.9 -999.9 18.4 -999.9 -999.9 -999.9 -999.9 -999.9 2.7 281 7.2 14.3 9.9 0.0 48.5 74.2 74.2 75.2 23.3 15.3 99.0 78.0 49.7 Muitos_Capões_(843_m) -999.9 -999.9 -999.9 -999.9 -999.9 19.8 15.1 243.4 Rio_Grande_do_Sul WU UTC_2026-09-21_11:39 0.0 -999.9
-28.262828 -51.258699 IMUITO3 2026-09-21_08:44 20.2 -999.9 -999.9 89.7 -999.9 -999.9 18.4 -999.9 -999.9 -999.9 -999.9 -999.9 3.0 310 9.4 15.0 9.9 0.0 48.5 74.2 74.2 75.2 23.3 15.3 99.0 78.0 49.7 Muitos_Capões_(843_m) -999.9 -999.9 -999.9 -999.9 -999.9 19.8 15.1 243.4 Rio_Grande_do_Sul WU UTC_2026-09-21_11:44 0.0 -999.9
-28.262828 -51.258699 IMUITO3 2026-09-21_08:49 20.3 -999.9 -999.9 89.0 -999.9 -999.9 18.4 -999.9 -999.9 -999.9 -999.9 -999.9 3.5 316 7.2 15.0 9.9 0.0 48.5 74.2 74.2 75.2 23.3 15.3 99.0 78.0 49.7 Muitos_Capões_(843_m) -999.9 -999.9 -999.9 -999.9 -999.9 19.8 15.1 243.4 Rio_Grande_do_Sul WU UTC_2026-09-21_11:49 0.0 -999.9
-28.262828 -51.258699 IMUITO3 2026-09-21_08:54 20.5 -999.9 -999.9 88.2 -999.9 -999.9 18.4 -999.9 -999.9 -999.9 -999.9 -999.9 3.6 292 9.4 15.6 9.9 0.0 48.5 74.2 74.2 75.2 23.3 15.3 99.0 78.0 49.7 Muitos_Capões_(843_m) -999.9 -999.9 -999.9 -999.9 -999.9 19.8 15.1 243.4 Rio_Grande_do_Sul WU UTC_2026-09-21_11:54 0.0 -999.9
-28.262828 -51.258699 IMUITO3 2026-09-21_08:59 20.5 -999.9 -999.9 88.4 -999.9 -999.9 18.4 -999.9 -999.9 -999.9 -999.9 -999.9 2.8 306 7.2 17.3 9.9 0.0 48.5 74.2 74.2 75.2 23.3 15.3 99.0 78.0 49.7 Muitos_Capões_(843_m) -999.9 -999.9 -999.9 -999.9 -999.9 19.8 15.1 243.4 Rio_Grande_do_Sul WU UTC_2026-09-21_11:59 0.0 -999.9
-28.262828 -51.258699 IMUITO3 2026-09-21_09:04 20.4 -999.9 -999.9 89.0 -999.9 -999.9 18.5 -999.9 -999.9 -999.9 -999.9 -999.9 2.9 341 9.4 20.9 9.9 0.0 48.5 74.2 74.2 75.2 23.3 15.3 99.0 78.0 49.7 Muitos_Capões_(843_m) -999.9 -999.9 -999.9 -999.9 -999.9 19.8 15.1 243.4 Rio_Grande_do_Sul WU UTC_2026-09-21_12:04 0.0 -999.9
-28.262828 -51.258699 IMUITO3 2026-09-21_09:09 20.3 -999.9 -999.9 89.3 -999.9 -999.9 18.5 -999.9 -999.9 -999.9 -999.9 -999.9 1.7 2 9.4 23.8 9.9 0.0 48.5 74.2 74.2 75.2 23.3 15.3 99.0 78.0 49.7 Muitos_Capões_(843_m) -999.9 -999.9 -999.9 -999.9 -999.9 19.8 15.1 243.4 Rio_Grande_do_Sul WU UTC_2026-09-21_12:09 0.0 -999.9
-28.262828 -51.258699 IMUITO3 2026-09-21_09:14 20.2 -999.9 -999.9 89.8 -999.9 -999.9 18.5 -999.9 -999.9 -999.9 -999.9 -999.9 2.8 7 9.4 27.8 9.9 0.0 48.5 74.2 74.2 75.2 23.3 15.3 99.0 78.0 49.7 Muitos_Capões_(843_m) -999.9 -999.9 -999.9 -999.9 -999.9 19.8 15.1 243.4 Rio_Grande_do_Sul WU UTC_2026-09-21_12:14 0.0 -999.9
-28.262828 -51.258699 IMUITO3 2026-09-21_09:19 20.4 -999.9 -999.9 89.0 -999.9 -999.9 18.5 -999.9 -999.9 -999.9 -999.9 -999.9 1.6 17 7.2 27.8 9.9 0.0 48.5 74.2 74.2 75.2 23.3 15.3 99.0 78.0 49.7 Muitos_Capões_(843_m) -999.9 -999.9 -999.9 -999.9 -999.9 19.8 15.1 243.4 Rio_Grande_do_Sul WU UTC_2026-09-21_12:19 0.0 -999.9
-28.262828 -51.258699 IMUITO3 2026-09-21_09:24 20.5 -999.9 -999.9 89.0 -999.9 -999.9 18.6 -999.9 -999.9 -999.9 -999.9 -999.9 1.8 2 5.4 33.1 9.9 0.0 48.5 74.2 74.2 75.2 23.3 15.3 99.0 78.0 49.7 Muitos_Capões_(843_m) -999.9 -999.9 -999.9 -999.9 -999.9 19.8 15.1 243.4 Rio_Grande_do_Sul WU UTC_2026-09-21_12:24 0.0 -999.9
-28.262828 -51.258699 IMUITO3 2026-09-21_09:29 20.5 -999.9 -999.9 88.6 -999.9 -999.9 18.6 -999.9 -999.9 -999.9 -999.9 -999.9 2.4 303 13.0 44.6 9.9 0.0 48.5 74.2 74.2 75.2 23.3 15.3 99.0 78.0 49.7 Muitos_Capões_(843_m) -999.9 -999.9 -999.9 -999.9 -999.9 19.8 15.1 243.4 Rio_Grande_do_Sul WU UTC_2026-09-21_12:29 0.0 -999.9
-28.262828 -51.258699 IMUITO3 2026-09-21_09:34 20.8 -999.9 -999.9 87.8 -999.9 -999.9 18.7 -999.9 -999.9 -999.9 -999.9 -999.9 2.6 315 9.4 54.0 9.9 0.0 48.5 74.2 74.2 75.2 23.3 15.3 99.0 78.0 49.7 Muitos_Capões_(843_m) -999.9 -999.9 -999.9 -999.9 -999.9 19.8 15.1 243.4 Rio_Grande_do_Sul WU UTC_2026-09-21_12:34 0.0 -999.9
-28.262828 -51.258699 IMUITO3 2026-09-21_09:39 20.9 -999.9 -999.9 87.1 -999.9 -999.9 18.7 -999.9 -999.9 -999.9 -999.9 -999.9 3.1 345 9.4 59.7 9.9 0.0 48.5 74.2 74.2 75.2 23.3 15.3 99.0 78.0 49.7 Muitos_Capões_(843_m) -999.9 -999.9 -999.9 -999.9 -999.9 19.8 15.1 243.4 Rio_Grande_do_Sul WU UTC_2026-09-21_12:39 0.0 -999.9
-28.262828 -51.258699 IMUITO3 2026-09-21_09:44 21.2 -999.9 -999.9 86.3 -999.9 -999.9 18.8 -999.9 -999.9 -999.9 -999.9 -999.9 4.2 7 11.2 57.7 9.9 0.0 48.5 74.2 74.2 75.2 23.3 15.3 99.0 78.0 49.7 Muitos_Capões_(843_m) -999.9 -999.9 -999.9 -999.9 -999.9 19.8 15.1 243.4 Rio_Grande_do_Sul WU UTC_2026-09-21_12:44 0.0 -999.9
-28.262828 -51.258699 IMUITO3 2026-09-21_09:49 21.3 -999.9 -999.9 85.3 -999.9 -999.9 18.8 -999.9 -999.9 -999.9 -999.9 -999.9 3.4 12 13.0 47.2 9.9 0.0 48.5 74.2 74.2 75.2 23.3 15.3 99.0 78.0 49.7 Muitos_Capões_(843_m) -999.9 -999.9 -999.9 -999.9 -999.9 19.8 15.1 243.4 Rio_Grande_do_Sul WU UTC_2026-09-21_12:49 0.0 -999.9
-28.262828 -51.258699 IMUITO3 2026-09-21_09:54 21.6 -999.9 -999.9 84.7 -999.9 -999.9 18.9 -999.9 -999.9 -999.9 -999.9 -999.9 3.8 321 25.6 46.5 9.9 0.0 48.5 74.2 74.2 75.2 23.3 15.3 99.0 78.0 49.7 Muitos_Capões_(843_m) -999.9 -999.9 -999.9 -999.9 -999.9 19.8 15.1 243.4 Rio_Grande_do_Sul WU UTC_2026-09-21_12:54 0.0 -999.9
-28.262828 -51.258699 IMUITO3 2026-09-21_09:59 21.5 -999.9 -999.9 85.0 -999.9 -999.9 18.9 -999.9 -999.9 -999.9 -999.9 -999.9 3.5 324 13.0 44.4 9.9 0.0 48.5 74.2 74.2 75.2 23.3 15.3 99.0 78.0 49.7 Muitos_Capões_(843_m) -999.9 -999.9 -999.9 -999.9 -999.9 19.8 15.1 243.4 Rio_Grande_do_Sul WU UTC_2026-09-21_12:59 0.0 -999.9
-28.262828 -51.258699 IMUITO3 2026-09-21_10:04 21.4 -999.9 -999.9 85.7 -999.9 -999.9 19.0 -999.9 -999.9 -999.9 -999.9 -999.9 2.5 331 9.4 38.4 9.9 0.0 48.5 74.2 74.2 75.2 23.3 15.3 99.0 78.0 49.7 Muitos_Capões_(843_m) -999.9 -999.9 -999.9 -999.9 -999.9 19.8 15.1 243.4 Rio_Grande_do_Sul WU UTC_2026-09-21_13:04 0.0 -999.9
-28.262828 -51.258699 IMUITO3 2026-09-21_10:09 21.4 -999.9 -999.9 85.6 -999.9 -999.9 18.9 -999.9 -999.9 -999.9 -999.9 -999.9 3.8 306 16.6 35.9 9.9 0.0 48.5 74.2 74.2 75.2 23.3 15.3 99.0 78.0 49.7 Muitos_Capões_(843_m) -999.9 -999.9 -999.9 -999.9 -999.9 19.8 15.1 243.4 Rio_Grande_do_Sul WU UTC_2026-09-21_13:09 0.0 -999.9
-28.262828 -51.258699 IMUITO3 2026-09-21_10:14 21.5 -999.9 -999.9 85.0 -999.9 -999.9 18.9 -999.9 -999.9 -999.9 -999.9 -999.9 3.6 341 11.2 35.1 9.9 0.0 48.5 74.2 74.2 75.2 23.3 15.3 99.0 78.0 49.7 Muitos_Capões_(843_m) -999.9 -999.9 -999.9 -999.9 -999.9 19.8 15.1 243.4 Rio_Grande_do_Sul WU UTC_2026-09-21_13:14 0.0 -999.9
-28.262828 -51.258699 IMUITO3 2026-09-21_10:19 21.5 -999.9 -999.9 85.3 -999.9 -999.9 19.0 -999.9 -999.9 -999.9 -999.9 -999.9 4.0 6 11.2 38.9 9.9 0.0 48.5 74.2 74.2 75.2 23.3 15.3 99.0 78.0 49.7 Muitos_Capões_(843_m) -999.9 -999.9 -999.9 -999.9 -999.9 19.8 15.1 243.4 Rio_Grande_do_Sul WU UTC_2026-09-21_13:19 0.0 -999.9
-28.262828 -51.258699 IMUITO3 2026-09-21_10:24 21.5 -999.9 -999.9 85.2 -999.9 -999.9 19.0 -999.9 -999.9 -999.9 -999.9 -999.9 2.9 159 9.4 45.2 9.9 0.0 48.5 74.2 74.2 75.2 23.3 15.3 99.0 78.0 49.7 Muitos_Capões_(843_m) -999.9 -999.9 -999.9 -999.9 -999.9 19.8 15.1 243.4 Rio_Grande_do_Sul WU UTC_2026-09-21_13:24 0.0 -999.9
-28.262828 -51.258699 IMUITO3 2026-09-21_10:29 21.7 -999.9 -999.9 85.0 -999.9 -999.9 19.1 -999.9 -999.9 -999.9 -999.9 -999.9 2.7 313 7.2 45.2 9.9 0.0 48.5 74.2 74.2 75.2 23.3 15.3 99.0 78.0 49.7 Muitos_Capões_(843_m) -999.9 -999.9 -999.9 -999.9 -999.9 19.8 15.1 243.4 Rio_Grande_do_Sul WU UTC_2026-09-21_13:29 0.0 -999.9
-28.262828 -51.258699 IMUITO3 2026-09-21_10:34 21.7 -999.9 -999.9 85.2 -999.9 -999.9 19.1 -999.9 -999.9 -999.9 -999.9 -999.9 2.8 29 7.2 50.0 9.9 0.0 48.5 74.2 74.2 75.2 23.3 15.3 99.0 78.0 49.7 Muitos_Capões_(843_m) -999.9 -999.9 -999.9 -999.9 -999.9 19.8 15.1 243.4 Rio_Grande_do_Sul WU UTC_2026-09-21_13:34 0.0 -999.9
-28.262828 -51.258699 IMUITO3 2026-09-21_10:39 21.8 -999.9 -999.9 85.1 -999.9 -999.9 19.2 -999.9 -999.9 -999.9 -999.9 -999.9 3.6 27 9.4 59.0 9.9 0.0 48.5 74.2 74.2 75.2 23.3 15.3 99.0 78.0 49.7 Muitos_Capões_(843_m) -999.9 -999.9 -999.9 -999.9 -999.9 19.8 15.1 243.4 Rio_Grande_do_Sul WU UTC_2026-09-21_13:39 0.0 -999.9
-28.262828 -51.258699 IMUITO3 2026-09-21_10:44 22.0 -999.9 -999.9 83.6 -999.9 -999.9 19.2 -999.9 -999.9 -999.9 -999.9 -999.9 3.8 18 9.4 60.7 9.9 0.0 48.5 74.2 74.2 75.2 23.3 15.3 99.0 78.0 49.7 Muitos_Capões_(843_m) -999.9 -999.9 -999.9 -999.9 -999.9 19.8 15.1 243.4 Rio_Grande_do_Sul WU UTC_2026-09-21_13:44 0.0 -999.9
-28.262828 -51.258699 IMUITO3 2026-09-21_10:49 22.3 -999.9 -999.9 82.8 -999.9 -999.9 19.3 -999.9 -999.9 -999.9 -999.9 -999.9 4.8 337 16.6 53.8 9.9 0.0 48.5 74.2 74.2 75.2 23.3 15.3 99.0 78.0 49.7 Muitos_Capões_(843_m) -999.9 -999.9 -999.9 -999.9 -999.9 19.8 15.1 243.4 Rio_Grande_do_Sul WU UTC_2026-09-21_13:49 0.0 -999.9
-28.262828 -51.258699 IMUITO3 2026-09-21_10:54 22.4 -999.9 -999.9 82.8 -999.9 -999.9 19.4 -999.9 -999.9 -999.9 -999.9 -999.9 3.0 326 7.2 39.7 9.9 0.0 48.5 74.2 74.2 75.2 23.3 15.3 99.0 78.0 49.7 Muitos_Capões_(843_m) -999.9 -999.9 -999.9 -999.9 -999.9 19.8 15.1 243.4 Rio_Grande_do_Sul WU UTC_2026-09-21_13:54 0.0 -999.9
-28.262828 -51.258699 IMUITO3 2026-09-21_10:59 22.5 -999.9 -999.9 82.3 -999.9 -999.9 19.3 -999.9 -999.9 -999.9 -999.9 -999.9 4.3 313 11.2 46.3 9.9 0.0 48.5 74.2 74.2 75.2 23.3 15.3 99.0 78.0 49.7 Muitos_Capões_(843_m) -999.9 -999.9 -999.9 -999.9 -999.9 19.8 15.1 243.4 Rio_Grande_do_Sul WU UTC_2026-09-21_13:59 0.0 -999.9
-28.262828 -51.258699 IMUITO3 2026-09-21_11:04 22.5 -999.9 -999.9 82.3 -999.9 -999.9 19.3 -999.9 -999.9 -999.9 -999.9 -999.9 5.2 313 14.8 38.5 9.9 0.0 48.5 74.2 74.2 75.2 23.3 15.3 99.0 78.0 49.7 Muitos_Capões_(843_m) -999.9 -999.9 -999.9 -999.9 -999.9 19.8 15.1 243.4 Rio_Grande_do_Sul WU UTC_2026-09-21_14:04 0.0 -999.9
-28.262828 -51.258699 IMUITO3 2026-09-21_11:09 22.5 -999.9 -999.9 82.0 -999.9 -999.9 19.3 -999.9 -999.9 -999.9 -999.9 -999.9 5.5 324 16.6 49.0 9.9 0.0 48.5 74.2 74.2 75.2 23.3 15.3 99.0 78.0 49.7 Muitos_Capões_(843_m) -999.9 -999.9 -999.9 -999.9 -999.9 19.8 15.1 243.4 Rio_Grande_do_Sul WU UTC_2026-09-21_14:09 0.0 -999.9
-28.262828 -51.258699 IMUITO3 2026-09-21_11:14 22.5 -999.9 -999.9 82.5 -999.9 -999.9 19.4 -999.9 -999.9 -999.9 -999.9 -999.9 4.0 334 14.8 55.7 9.9 0.0 48.5 74.2 74.2 75.2 23.3 15.3 99.0 78.0 49.7 Muitos_Capões_(843_m) -999.9 -999.9 -999.9 -999.9 -999.9 19.8 15.1 243.4 Rio_Grande_do_Sul WU UTC_2026-09-21_14:14 0.0 -999.9
-28.262828 -51.258699 IMUITO3 2026-09-21_11:19 22.7 -999.9 -999.9 81.6 -999.9 -999.9 19.4 -999.9 -999.9 -999.9 -999.9 -999.9 7.8 322 16.6 54.0 9.9 0.0 48.5 74.2 74.2 75.2 23.3 15.3 99.0 78.0 49.7 Muitos_Capões_(843_m) -999.9 -999.9 -999.9 -999.9 -999.9 19.8 15.1 243.4 Rio_Grande_do_Sul WU UTC_2026-09-21_14:19 0.0 -999.9
-28.262828 -51.258699 IMUITO3 2026-09-21_11:24 22.9 -999.9 -999.9 80.9 -999.9 -999.9 19.4 -999.9 -999.9 -999.9 -999.9 -999.9 5.0 349 16.6 53.7 9.9 0.0 48.5 74.2 74.2 75.2 23.3 15.3 99.0 78.0 49.7 Muitos_Capões_(843_m) -999.9 -999.9 -999.9 -999.9 -999.9 19.8 15.1 243.4 Rio_Grande_do_Sul WU UTC_2026-09-21_14:24 0.0 -999.9
-28.262828 -51.258699 IMUITO3 2026-09-21_11:29 22.8 -999.9 -999.9 80.9 -999.9 -999.9 19.4 -999.9 -999.9 -999.9 -999.9 -999.9 5.6 326 18.4 45.1 9.9 0.0 48.5 74.2 74.2 75.2 23.3 15.3 99.0 78.0 49.7 Muitos_Capões_(843_m) -999.9 -999.9 -999.9 -999.9 -999.9 19.8 15.1 243.4 Rio_Grande_do_Sul WU UTC_2026-09-21_14:29 0.0 -999.9
-28.262828 -51.258699 IMUITO3 2026-09-21_11:34 23.1 -999.9 -999.9 79.5 -999.9 -999.9 19.4 -999.9 -999.9 -999.9 -999.9 -999.9 8.9 279 20.2 42.9 9.9 0.0 48.5 74.2 74.2 75.2 23.3 15.3 99.0 78.0 49.7 Muitos_Capões_(843_m) -999.9 -999.9 -999.9 -999.9 -999.9 19.8 15.1 243.4 Rio_Grande_do_Sul WU UTC_2026-09-21_14:34 0.0 -999.9
-28.262828 -51.258699 IMUITO3 2026-09-21_11:39 23.2 -999.9 -999.9 78.9 -999.9 -999.9 19.4 -999.9 -999.9 -999.9 -999.9 -999.9 10.1 288 27.7 50.5 9.9 0.0 48.5 74.2 74.2 75.2 23.3 15.3 99.0 78.0 49.7 Muitos_Capões_(843_m) -999.9 -999.9 -999.9 -999.9 -999.9 19.8 15.1 243.4 Rio_Grande_do_Sul WU UTC_2026-09-21_14:39 0.0 -999.9
-28.262828 -51.258699 IMUITO3 2026-09-21_11:44 23.3 -999.9 -999.9 79.1 -999.9 -999.9 19.5 -999.9 -999.9 -999.9 -999.9 -999.9 13.5 286 29.5 53.2 9.9 0.0 48.5 74.2 74.2 75.2 23.3 15.3 99.0 78.0 49.7 Muitos_Capões_(843_m) -999.9 -999.9 -999.9 -999.9 -999.9 19.8 15.1 243.4 Rio_Grande_do_Sul WU UTC_2026-09-21_14:44 0.0 -999.9
-28.262828 -51.258699 IMUITO3 2026-09-21_11:49 22.9 -999.9 -999.9 80.4 -999.9 -999.9 19.4 -999.9 -999.9 -999.9 -999.9 -999.9 22.8 256 49.7 30.2 9.9 0.0 48.5 74.2 74.2 75.2 23.3 15.3 99.0 78.0 49.7 Muitos_Capões_(843_m) -999.9 -999.9 -999.9 -999.9 -999.9 19.8 15.1 243.4 Rio_Grande_do_Sul WU UTC_2026-09-21_14:49 0.0 -999.9
-28.262828 -51.258699 IMUITO3 2026-09-21_11:54 19.6 -999.9 -999.9 87.2 -999.9 -999.9 17.4 -999.9 -999.9 -999.9 -999.9 -999.9 19.9 238 49.7 4.7 9.9 0.0 48.5 74.2 74.2 75.2 23.3 15.3 99.0 78.0 49.7 Muitos_Capões_(843_m) -999.9 -999.9 -999.9 -999.9 -999.9 19.8 15.1 243.4 Rio_Grande_do_Sul WU UTC_2026-09-21_14:54 0.0 -999.9
-28.262828 -51.258699 IMUITO3 2026-09-21_11:59 18.3 -999.9 -999.9 90.9 -999.9 -999.9 16.8 -999.9 -999.9 -999.9 -999.9 -999.9 14.4 220 29.5 9.3 9.9 0.0 48.5 74.2 74.2 75.2 23.3 15.3 99.0 78.0 49.7 Muitos_Capões_(843_m) -999.9 -999.9 -999.9 -999.9 -999.9 19.8 15.1 243.4 Rio_Grande_do_Sul WU UTC_2026-09-21_14:59 0.0 -999.9
-28.262828 -51.258699 IMUITO3 2026-09-21_12:04 17.5 -999.9 -999.9 93.5 -999.9 -999.9 16.3 -999.9 -999.9 -999.9 -999.9 -999.9 12.6 225 27.7 18.3 9.9 0.0 48.5 74.2 74.2 75.2 23.3 15.3 99.0 78.0 49.7 Muitos_Capões_(843_m) -999.9 -999.9 -999.9 -999.9 -999.9 19.8 15.1 243.4 Rio_Grande_do_Sul WU UTC_2026-09-21_15:04 0.0 -999.9
-28.262828 -51.258699 IMUITO3 2026-09-21_12:09 17.4 -999.9 -999.9 93.5 -999.9 -999.9 16.2 -999.9 -999.9 -999.9 -999.9 -999.9 6.2 223 16.6 21.9 9.9 0.0 48.5 74.2 74.2 75.2 23.3 15.3 99.0 78.0 49.7 Muitos_Capões_(843_m) -999.9 -999.9 -999.9 -999.9 -999.9 19.8 15.1 243.4 Rio_Grande_do_Sul WU UTC_2026-09-21_15:09 0.0 -999.9
-28.262828 -51.258699 IMUITO3 2026-09-21_12:14 17.3 -999.9 -999.9 93.0 -999.9 -999.9 16.1 -999.9 -999.9 -999.9 -999.9 -999.9 4.9 199 13.0 38.9 9.9 0.0 48.5 74.2 74.2 75.2 23.3 15.3 99.0 78.0 49.7 Muitos_Capões_(843_m) -999.9 -999.9 -999.9 -999.9 -999.9 19.8 15.1 243.4 Rio_Grande_do_Sul WU UTC_2026-09-21_15:14 0.0 -999.9
-28.262828 -51.258699 IMUITO3 2026-09-21_12:19 17.4 -999.9 -999.9 93.5 -999.9 -999.9 16.2 -999.9 -999.9 -999.9 -999.9 -999.9 2.5 177 7.2 41.4 9.9 0.0 48.5 74.2 74.2 75.2 23.3 15.3 99.0 78.0 49.7 Muitos_Capões_(843_m) -999.9 -999.9 -999.9 -999.9 -999.9 19.8 15.1 243.4 Rio_Grande_do_Sul WU UTC_2026-09-21_15:19 0.0 -999.9
-28.262828 -51.258699 IMUITO3 2026-09-21_12:24 17.3 -999.9 -999.9 93.8 -999.9 -999.9 16.2 -999.9 -999.9 -999.9 -999.9 -999.9 7.7 219 16.6 21.1 9.9 0.0 48.5 74.2 74.2 75.2 23.3 15.3 99.0 78.0 49.7 Muitos_Capões_(843_m) -999.9 -999.9 -999.9 -999.9 -999.9 19.8 15.1 243.4 Rio_Grande_do_Sul WU UTC_2026-09-21_15:24 0.0 -999.9
-28.262828 -51.258699 IMUITO3 2026-09-21_12:29 17.2 -999.9 -999.9 94.1 -999.9 -999.9 16.1 -999.9 -999.9 -999.9 -999.9 -999.9 9.1 115 18.4 45.3 9.9 0.0 48.5 74.2 74.2 75.2 23.3 15.3 99.0 78.0 49.7 Muitos_Capões_(843_m) -999.9 -999.9 -999.9 -999.9 -999.9 19.8 15.1 243.4 Rio_Grande_do_Sul WU UTC_2026-09-21_15:29 0.0 -999.9
-28.262828 -51.258699 IMUITO3 2026-09-21_12:34 17.2 -999.9 -999.9 94.1 -999.9 -999.9 16.1 -999.9 -999.9 -999.9 -999.9 -999.9 7.8 171 14.8 30.0 9.9 0.0 48.5 74.2 74.2 75.2 23.3 15.3 99.0 78.0 49.7 Muitos_Capões_(843_m) -999.9 -999.9 -999.9 -999.9 -999.9 19.8 15.1 243.4 Rio_Grande_do_Sul WU UTC_2026-09-21_15:34 0.0 -999.9
-28.262828 -51.258699 IMUITO3 2026-09-21_12:39 17.3 -999.9 -999.9 94.0 -999.9 -999.9 16.2 -999.9 -999.9 -999.9 -999.9 -999.9 6.7 234 14.8 9.5 9.9 0.0 48.5 74.2 74.2 75.2 23.3 15.3 99.0 78.0 49.7 Muitos_Capões_(843_m) -999.9 -999.9 -999.9 -999.9 -999.9 19.8 15.1 243.4 Rio_Grande_do_Sul WU UTC_2026-09-21_15:39 0.0 -999.9
-28.262828 -51.258699 IMUITO3 2026-09-21_12:44 17.3 -999.9 -999.9 92.9 -999.9 -999.9 16.1 -999.9 -999.9 -999.9 -999.9 -999.9 8.0 328 16.6 32.5 9.9 0.0 48.5 74.2 74.2 75.2 23.3 15.3 99.0 78.0 49.7 Muitos_Capões_(843_m) -999.9 -999.9 -999.9 -999.9 -999.9 19.8 15.1 243.4 Rio_Grande_do_Sul WU UTC_2026-09-21_15:44 0.0 -999.9
-28.262828 -51.258699 IMUITO3 2026-09-21_12:49 17.8 -999.9 -999.9 91.3 -999.9 -999.9 16.4 -999.9 -999.9 -999.9 -999.9 -999.9 3.5 162 16.6 40.0 9.9 0.0 48.5 74.2 74.2 75.2 23.3 15.3 99.0 78.0 49.7 Muitos_Capões_(843_m) -999.9 -999.9 -999.9 -999.9 -999.9 19.8 15.1 243.4 Rio_Grande_do_Sul WU UTC_2026-09-21_15:49 0.0 -999.9
-28.262828 -51.258699 IMUITO3 2026-09-21_12:54 17.7 -999.9 -999.9 92.2 -999.9 -999.9 16.4 -999.9 -999.9 -999.9 -999.9 -999.9 3.7 192 9.4 31.8 9.9 0.0 48.5 74.2 74.2 75.2 23.3 15.3 99.0 78.0 49.7 Muitos_Capões_(843_m) -999.9 -999.9 -999.9 -999.9 -999.9 19.8 15.1 243.4 Rio_Grande_do_Sul WU UTC_2026-09-21_15:54 0.0 -999.9
-28.262828 -51.258699 IMUITO3 2026-09-21_12:59 17.6 -999.9 -999.9 93.1 -999.9 -999.9 16.3 -999.9 -999.9 -999.9 -999.9 -999.9 5.7 57 16.6 67.1 9.9 0.2 48.5 74.2 74.2 75.2 23.3 15.3 99.0 78.0 49.7 Muitos_Capões_(843_m) -999.9 -999.9 -999.9 -999.9 -999.9 19.8 15.1 243.4 Rio_Grande_do_Sul WU UTC_2026-09-21_15:59 0.2 -999.9
-28.262828 -51.258699 IMUITO3 2026-09-21_13:04 17.3 -999.9 -999.9 94.6 -999.9 -999.9 16.4 -999.9 -999.9 -999.9 -999.9 -999.9 7.4 29 16.6 84.8 9.9 0.2 48.5 74.2 74.2 75.2 23.3 15.3 99.0 78.0 49.7 Muitos_Capões_(843_m) -999.9 -999.9 -999.9 -999.9 -999.9 19.8 15.1 243.4 Rio_Grande_do_Sul WU UTC_2026-09-21_16:04 0.0 -999.9
-28.262828 -51.258699 IMUITO3 2026-09-21_13:09 17.4 -999.9 -999.9 94.7 -999.9 -999.9 16.5 -999.9 -999.9 -999.9 -999.9 -999.9 6.6 84 11.2 206.5 9.9 0.2 48.5 74.2 74.2 75.2 23.3 15.3 99.0 78.0 49.7 Muitos_Capões_(843_m) -999.9 -999.9 -999.9 -999.9 -999.9 19.8 15.1 243.4 Rio_Grande_do_Sul WU UTC_2026-09-21_16:09 0.0 -999.9
-28.262828 -51.258699 IMUITO3 2026-09-21_13:14 17.7 -999.9 -999.9 94.5 -999.9 -999.9 16.7 -999.9 -999.9 -999.9 -999.9 -999.9 1.9 138 7.2 243.4 9.9 0.2 48.5 74.2 74.2 75.2 23.3 15.3 99.0 78.0 49.7 Muitos_Capões_(843_m) -999.9 -999.9 -999.9 -999.9 -999.9 19.8 15.1 243.4 Rio_Grande_do_Sul WU UTC_2026-09-21_16:14 0.0 -999.9
-28.262828 -51.258699 IMUITO3 2026-09-21_13:19 18.1 -999.9 -999.9 94.1 -999.9 -999.9 17.0 -999.9 -999.9 -999.9 -999.9 -999.9 0.8 233 5.4 145.8 9.9 0.2 48.5 74.2 74.2 75.2 23.3 15.3 99.0 78.0 49.7 Muitos_Capões_(843_m) -999.9 -999.9 -999.9 -999.9 -999.9 19.8 15.1 243.4 Rio_Grande_do_Sul WU UTC_2026-09-21_16:19 0.0 -999.9
-28.262828 -51.258699 IMUITO3 2026-09-21_13:24 18.1 -999.9 -999.9 94.4 -999.9 -999.9 17.1 -999.9 -999.9 -999.9 -999.9 -999.9 4.9 184 11.2 86.3 9.9 0.2 48.5 74.2 74.2 75.2 23.3 15.3 99.0 78.0 49.7 Muitos_Capões_(843_m) -999.9 -999.9 -999.9 -999.9 -999.9 19.8 15.1 243.4 Rio_Grande_do_Sul WU UTC_2026-09-21_16:24 0.0 -999.9
-28.262828 -51.258699 IMUITO3 2026-09-21_13:29 17.9 -999.9 -999.9 95.7 -999.9 -999.9 17.2 -999.9 -999.9 -999.9 -999.9 -999.9 3.8 213 5.4 58.0 9.9 1.7 48.5 74.2 74.2 75.2 23.3 15.3 99.0 78.0 49.7 Muitos_Capões_(843_m) -999.9 -999.9 -999.9 -999.9 -999.9 19.8 15.1 243.4 Rio_Grande_do_Sul WU UTC_2026-09-21_16:29 1.5 -999.9
-28.262828 -51.258699 IMUITO3 2026-09-21_13:34 17.6 -999.9 -999.9 97.4 -999.9 -999.9 17.2 -999.9 -999.9 -999.9 -999.9 -999.9 13.9 230 25.6 23.8 9.9 3.5 48.5 74.2 74.2 75.2 23.3 15.3 99.0 78.0 49.7 Muitos_Capões_(843_m) -999.9 -999.9 -999.9 -999.9 -999.9 19.8 15.1 243.4 Rio_Grande_do_Sul WU UTC_2026-09-21_16:34 1.8 -999.9
-28.262828 -51.258699 IMUITO3 2026-09-21_13:39 17.2 -999.9 -999.9 98.2 -999.9 -999.9 16.9 -999.9 -999.9 -999.9 -999.9 -999.9 12.4 219 25.6 72.2 9.9 3.8 48.5 74.2 74.2 75.2 23.3 15.3 99.0 78.0 49.7 Muitos_Capões_(843_m) -999.9 -999.9 -999.9 -999.9 -999.9 19.8 15.1 243.4 Rio_Grande_do_Sul WU UTC_2026-09-21_16:39 0.3 -999.9
-28.262828 -51.258699 IMUITO3 2026-09-21_13:44 16.9 -999.9 -999.9 99.0 -999.9 -999.9 16.7 -999.9 -999.9 -999.9 -999.9 -999.9 10.0 217 18.4 70.0 9.9 3.8 48.5 74.2 74.2 75.2 23.3 15.3 99.0 78.0 49.7 Muitos_Capões_(843_m) -999.9 -999.9 -999.9 -999.9 -999.9 19.8 15.1 243.4 Rio_Grande_do_Sul WU UTC_2026-09-21_16:44 0.0 -999.9
-28.262828 -51.258699 IMUITO3 2026-09-21_13:49 16.8 -999.9 -999.9 99.0 -999.9 -999.9 16.7 -999.9 -999.9 -999.9 -999.9 -999.9 19.0 225 27.7 37.4 9.9 4.5 48.5 74.2 74.2 75.2 23.3 15.3 99.0 78.0 49.7 Muitos_Capões_(843_m) -999.9 -999.9 -999.9 -999.9 -999.9 19.8 15.1 243.4 Rio_Grande_do_Sul WU UTC_2026-09-21_16:49 0.7 -999.9
-28.262828 -51.258699 IMUITO3 2026-09-21_13:54 16.7 -999.9 -999.9 99.0 -999.9 -999.9 16.5 -999.9 -999.9 -999.9 -999.9 -999.9 21.9 217 46.1 26.8 9.9 8.8 48.5 74.2 74.2 75.2 23.3 15.3 99.0 78.0 49.7 Muitos_Capões_(843_m) -999.9 -999.9 -999.9 -999.9 -999.9 19.8 15.1 243.4 Rio_Grande_do_Sul WU UTC_2026-09-21_16:54 4.3 -999.9
-28.262828 -51.258699 IMUITO3 2026-09-21_13:59 16.2 -999.9 -999.9 99.0 -999.9 -999.9 16.0 -999.9 -999.9 -999.9 -999.9 -999.9 20.2 216 43.9 34.2 9.9 13.200000000000001 48.5 74.2 74.2 75.2 23.3 15.3 99.0 78.0 49.7 Muitos_Capões_(843_m) -999.9 -999.9 -999.9 -999.9 -999.9 19.8 15.1 243.4 Rio_Grande_do_Sul WU UTC_2026-09-21_16:59 4.4 -999.9
-28.262828 -51.258699 IMUITO3 2026-09-21_14:04 15.8 -999.9 -999.9 99.0 -999.9 -999.9 15.6 -999.9 -999.9 -999.9 -999.9 -999.9 10.4 204 34.9 41.8 9.9 13.4 48.5 74.2 74.2 75.2 23.3 15.3 99.0 78.0 49.7 Muitos_Capões_(843_m) -999.9 -999.9 -999.9 -999.9 -999.9 19.8 15.1 243.4 Rio_Grande_do_Sul WU UTC_2026-09-21_17:04 0.2 -999.9
-28.262828 -51.258699 IMUITO3 2026-09-21_14:09 15.8 -999.9 -999.9 99.0 -999.9 -999.9 15.6 -999.9 -999.9 -999.9 -999.9 -999.9 4.7 167 13.0 16.3 9.9 14.9 48.5 74.2 74.2 75.2 23.3 15.3 99.0 78.0 49.7 Muitos_Capões_(843_m) -999.9 -999.9 -999.9 -999.9 -999.9 19.8 15.1 243.4 Rio_Grande_do_Sul WU UTC_2026-09-21_17:09 1.5 -999.9
-28.262828 -51.258699 IMUITO3 2026-09-21_14:14 15.9 -999.9 -999.9 99.0 -999.9 -999.9 15.7 -999.9 -999.9 -999.9 -999.9 -999.9 5.1 173 13.0 6.7 9.9 18.2 48.5 74.2 74.2 75.2 23.3 15.3 99.0 78.0 49.7 Muitos_Capões_(843_m) -999.9 -999.9 -999.9 -999.9 -999.9 19.8 15.1 243.4 Rio_Grande_do_Sul WU UTC_2026-09-21_17:14 3.3 -999.9
-28.262828 -51.258699 IMUITO3 2026-09-21_14:19 15.8 -999.9 -999.9 99.0 -999.9 -999.9 15.6 -999.9 -999.9 -999.9 -999.9 -999.9 4.9 153 13.0 6.2 9.9 19.8 48.5 74.2 74.2 75.2 23.3 15.3 99.0 78.0 49.7 Muitos_Capões_(843_m) -999.9 -999.9 -999.9 -999.9 -999.9 19.8 15.1 243.4 Rio_Grande_do_Sul WU UTC_2026-09-21_17:19 1.6 -999.9
-28.262828 -51.258699 IMUITO3 2026-09-21_14:24 15.8 -999.9 -999.9 99.0 -999.9 -999.9 15.6 -999.9 -999.9 -999.9 -999.9 -999.9 8.5 239 16.6 5.4 9.9 22.6 48.5 74.2 74.2 75.2 23.3 15.3 99.0 78.0 49.7 Muitos_Capões_(843_m) -999.9 -999.9 -999.9 -999.9 -999.9 19.8 15.1 243.4 Rio_Grande_do_Sul WU UTC_2026-09-21_17:24 2.8 -999.9
-28.262828 -51.258699 IMUITO3 2026-09-21_14:29 15.5 -999.9 -999.9 99.0 -999.9 -999.9 15.3 -999.9 -999.9 -999.9 -999.9 -999.9 7.0 162 16.6 6.8 9.9 23.6 48.5 74.2 74.2 75.2 23.3 15.3 99.0 78.0 49.7 Muitos_Capões_(843_m) -999.9 -999.9 -999.9 -999.9 -999.9 19.8 15.1 243.4 Rio_Grande_do_Sul WU UTC_2026-09-21_17:29 1.0 -999.9
-28.262828 -51.258699 IMUITO3 2026-09-21_14:34 15.4 -999.9 -999.9 99.0 -999.9 -999.9 15.3 -999.9 -999.9 -999.9 -999.9 -999.9 6.0 219 13.0 6.5 9.9 23.8 48.5 74.2 74.2 75.2 23.3 15.3 99.0 78.0 49.7 Muitos_Capões_(843_m) -999.9 -999.9 -999.9 -999.9 -999.9 19.8 15.1 243.4 Rio_Grande_do_Sul WU UTC_2026-09-21_17:34 0.2 -999.9
-28.262828 -51.258699 IMUITO3 2026-09-21_14:39 15.4 -999.9 -999.9 99.0 -999.9 -999.9 15.2 -999.9 -999.9 -999.9 -999.9 -999.9 2.9 253 11.2 6.8 9.9 24.1 48.5 74.2 74.2 75.2 23.3 15.3 99.0 78.0 49.7 Muitos_Capões_(843_m) -999.9 -999.9 -999.9 -999.9 -999.9 19.8 15.1 243.4 Rio_Grande_do_Sul WU UTC_2026-09-21_17:39 0.3 -999.9
-28.262828 -51.258699 IMUITO3 2026-09-21_14:44 15.4 -999.9 -999.9 99.0 -999.9 -999.9 15.2 -999.9 -999.9 -999.9 -999.9 -999.9 2.9 145 5.4 7.6 9.9 24.3 48.5 74.2 74.2 75.2 23.3 15.3 99.0 78.0 49.7 Muitos_Capões_(843_m) -999.9 -999.9 -999.9 -999.9 -999.9 19.8 15.1 243.4 Rio_Grande_do_Sul WU UTC_2026-09-21_17:44 0.2 -999.9
-28.262828 -51.258699 IMUITO3 2026-09-21_14:49 15.3 -999.9 -999.9 99.0 -999.9 -999.9 15.2 -999.9 -999.9 -999.9 -999.9 -999.9 1.8 211 7.2 7.8 9.9 24.6 48.5 74.2 74.2 75.2 23.3 15.3 99.0 78.0 49.7 Muitos_Capões_(843_m) -999.9 -999.9 -999.9 -999.9 -999.9 19.8 15.1 243.4 Rio_Grande_do_Sul WU UTC_2026-09-21_17:49 0.3 -999.9
-28.262828 -51.258699 IMUITO3 2026-09-21_14:54 15.4 -999.9 -999.9 99.0 -999.9 -999.9 15.2 -999.9 -999.9 -999.9 -999.9 -999.9 4.3 25 9.4 7.7 9.9 24.6 48.5 74.2 74.2 75.2 23.3 15.3 99.0 78.0 49.7 Muitos_Capões_(843_m) -999.9 -999.9 -999.9 -999.9 -999.9 19.8 15.1 243.4 Rio_Grande_do_Sul WU UTC_2026-09-21_17:54 0.0 -999.9
-28.262828 -51.258699 IMUITO3 2026-09-21_14:59 15.5 -999.9 -999.9 99.0 -999.9 -999.9 15.3 -999.9 -999.9 -999.9 -999.9 -999.9 4.7 30 9.4 7.6 9.9 24.8 48.5 74.2 74.2 75.2 23.3 15.3 99.0 78.0 49.7 Muitos_Capões_(843_m) -999.9 -999.9 -999.9 -999.9 -999.9 19.8 15.1 243.4 Rio_Grande_do_Sul WU UTC_2026-09-21_17:59 0.2 -999.9
-28.262828 -51.258699 IMUITO3 2026-09-21_15:04 15.6 -999.9 -999.9 99.0 -999.9 -999.9 15.3 -999.9 -999.9 -999.9 -999.9 -999.9 2.9 55 7.2 7.2 9.9 24.8 48.5 74.2 74.2 75.2 23.3 15.3 99.0 78.0 49.7 Muitos_Capões_(843_m) -999.9 -999.9 -999.9 -999.9 -999.9 19.8 15.1 243.4 Rio_Grande_do_Sul WU UTC_2026-09-21_18:04 0.0 -999.9
-28.262828 -51.258699 IMUITO3 2026-09-21_15:09 15.5 -999.9 -999.9 99.0 -999.9 -999.9 15.3 -999.9 -999.9 -999.9 -999.9 -999.9 2.6 66 7.2 7.1 9.9 24.8 48.5 74.2 74.2 75.2 23.3 15.3 99.0 78.0 49.7 Muitos_Capões_(843_m) -999.9 -999.9 -999.9 -999.9 -999.9 19.8 15.1 243.4 Rio_Grande_do_Sul WU UTC_2026-09-21_18:09 0.0 -999.9
-28.262828 -51.258699 IMUITO3 2026-09-21_15:14 15.5 -999.9 -999.9 99.0 -999.9 -999.9 15.3 -999.9 -999.9 -999.9 -999.9 -999.9 0.3 62 3.6 6.6 9.9 24.8 48.5 74.2 74.2 75.2 23.3 15.3 99.0 78.0 49.7 Muitos_Capões_(843_m) -999.9 -999.9 -999.9 -999.9 -999.9 19.8 15.1 243.4 Rio_Grande_do_Sul WU UTC_2026-09-21_18:14 0.0 -999.9
-28.262828 -51.258699 IMUITO3 2026-09-21_15:19 15.5 -999.9 -999.9 99.0 -999.9 -999.9 15.3 -999.9 -999.9 -999.9 -999.9 -999.9 1.2 61 5.4 6.6 9.9 25.1 48.5 74.2 74.2 75.2 23.3 15.3 99.0 78.0 49.7 Muitos_Capões_(843_m) -999.9 -999.9 -999.9 -999.9 -999.9 19.8 15.1 243.4 Rio_Grande_do_Sul WU UTC_2026-09-21_18:19 0.3 -999.9
-28.262828 -51.258699 IMUITO3 2026-09-21_15:24 15.5 -999.9 -999.9 99.0 -999.9 -999.9 15.3 -999.9 -999.9 -999.9 -999.9 -999.9 3.2 50 7.2 6.8 9.9 25.1 48.5 74.2 74.2 75.2 23.3 15.3 99.0 78.0 49.7 Muitos_Capões_(843_m) -999.9 -999.9 -999.9 -999.9 -999.9 19.8 15.1 243.4 Rio_Grande_do_Sul WU UTC_2026-09-21_18:24 0.0 -999.9
-28.262828 -51.258699 IMUITO3 2026-09-21_15:29 15.5 -999.9 -999.9 99.0 -999.9 -999.9 15.3 -999.9 -999.9 -999.9 -999.9 -999.9 3.8 61 7.2 6.8 9.9 25.1 48.5 74.2 74.2 75.2 23.3 15.3 99.0 78.0 49.7 Muitos_Capões_(843_m) -999.9 -999.9 -999.9 -999.9 -999.9 19.8 15.1 243.4 Rio_Grande_do_Sul WU UTC_2026-09-21_18:29 0.0 -999.9
-28.262828 -51.258699 IMUITO3 2026-09-21_15:34 15.4 -999.9 -999.9 99.0 -999.9 -999.9 15.2 -999.9 -999.9 -999.9 -999.9 -999.9 6.0 52 9.4 7.2 9.9 25.1 48.5 74.2 74.2 75.2 23.3 15.3 99.0 78.0 49.7 Muitos_Capões_(843_m) -999.9 -999.9 -999.9 -999.9 -999.9 19.8 15.1 243.4 Rio_Grande_do_Sul WU UTC_2026-09-21_18:34 0.0 -999.9
-28.262828 -51.258699 IMUITO3 2026-09-21_15:39 15.4 -999.9 -999.9 99.0 -999.9 -999.9 15.2 -999.9 -999.9 -999.9 -999.9 -999.9 4.4 52 7.2 8.8 9.9 25.1 48.5 74.2 74.2 75.2 23.3 15.3 99.0 78.0 49.7 Muitos_Capões_(843_m) -999.9 -999.9 -999.9 -999.9 -999.9 19.8 15.1 243.4 Rio_Grande_do_Sul WU UTC_2026-09-21_18:39 0.0 -999.9
-28.262828 -51.258699 IMUITO3 2026-09-21_15:44 15.4 -999.9 -999.9 99.0 -999.9 -999.9 15.2 -999.9 -999.9 -999.9 -999.9 -999.9 0.5 42 7.2 9.0 9.9 25.1 48.5 74.2 74.2 75.2 23.3 15.3 99.0 78.0 49.7 Muitos_Capões_(843_m) -999.9 -999.9 -999.9 -999.9 -999.9 19.8 15.1 243.4 Rio_Grande_do_Sul WU UTC_2026-09-21_18:44 0.0 -999.9
-28.262828 -51.258699 IMUITO3 2026-09-21_15:49 15.4 -999.9 -999.9 99.0 -999.9 -999.9 15.2 -999.9 -999.9 -999.9 -999.9 -999.9 1.0 42 3.6 7.9 9.9 25.1 48.5 74.2 74.2 75.2 23.3 15.3 99.0 78.0 49.7 Muitos_Capões_(843_m) -999.9 -999.9 -999.9 -999.9 -999.9 19.8 15.1 243.4 Rio_Grande_do_Sul WU UTC_2026-09-21_18:49 0.0 -999.9
-28.262828 -51.258699 IMUITO3 2026-09-21_15:54 15.4 -999.9 -999.9 99.0 -999.9 -999.9 15.2 -999.9 -999.9 -999.9 -999.9 -999.9 0.3 43 3.6 8.0 9.9 25.1 48.5 74.2 74.2 75.2 23.3 15.3 99.0 78.0 49.7 Muitos_Capões_(843_m) -999.9 -999.9 -999.9 -999.9 -999.9 19.8 15.1 243.4 Rio_Grande_do_Sul WU UTC_2026-09-21_18:54 0.0 -999.9
-28.262828 -51.258699 IMUITO3 2026-09-21_15:59 15.4 -999.9 -999.9 99.0 -999.9 -999.9 15.2 -999.9 -999.9 -999.9 -999.9 -999.9 0.0 43 0.0 8.5 9.9 25.1 48.5 74.2 74.2 75.2 23.3 15.3 99.0 78.0 49.7 Muitos_Capões_(843_m) -999.9 -999.9 -999.9 -999.9 -999.9 19.8 15.1 243.4 Rio_Grande_do_Sul WU UTC_2026-09-21_18:59 0.0 -999.9
-28.262828 -51.258699 IMUITO3 2026-09-21_16:04 15.4 -999.9 -999.9 99.0 -999.9 -999.9 15.2 -999.9 -999.9 -999.9 -999.9 -999.9 0.0 43 0.0 8.7 9.9 25.1 48.5 74.2 74.2 75.2 23.3 15.3 99.0 78.0 49.7 Muitos_Capões_(843_m) -999.9 -999.9 -999.9 -999.9 -999.9 19.8 15.1 243.4 Rio_Grande_do_Sul WU UTC_2026-09-21_19:04 0.0 -999.9
-28.262828 -51.258699 IMUITO3 2026-09-21_16:09 15.4 -999.9 -999.9 99.0 -999.9 -999.9 15.2 -999.9 -999.9 -999.9 -999.9 -999.9 0.0 43 0.0 10.4 9.9 25.1 48.5 74.2 74.2 75.2 23.3 15.3 99.0 78.0 49.7 Muitos_Capões_(843_m) -999.9 -999.9 -999.9 -999.9 -999.9 19.8 15.1 243.4 Rio_Grande_do_Sul WU UTC_2026-09-21_19:09 0.0 -999.9
-28.262828 -51.258699 IMUITO3 2026-09-21_16:14 15.4 -999.9 -999.9 99.0 -999.9 -999.9 15.2 -999.9 -999.9 -999.9 -999.9 -999.9 0.0 42 0.0 9.3 9.9 25.1 48.5 74.2 74.2 75.2 23.3 15.3 99.0 78.0 49.7 Muitos_Capões_(843_m) -999.9 -999.9 -999.9 -999.9 -999.9 19.8 15.1 243.4 Rio_Grande_do_Sul WU UTC_2026-09-21_19:14 0.0 -999.9
-28.262828 -51.258699 IMUITO3 2026-09-21_16:19 15.5 -999.9 -999.9 99.0 -999.9 -999.9 15.3 -999.9 -999.9 -999.9 -999.9 -999.9 0.0 43 0.0 6.4 9.9 25.1 48.5 74.2 74.2 75.2 23.3 15.3 99.0 78.0 49.7 Muitos_Capões_(843_m) -999.9 -999.9 -999.9 -999.9 -999.9 19.8 15.1 243.4 Rio_Grande_do_Sul WU UTC_2026-09-21_19:19 0.0 -999.9
-28.262828 -51.258699 IMUITO3 2026-09-21_16:24 15.5 -999.9 -999.9 99.0 -999.9 -999.9 15.3 -999.9 -999.9 -999.9 -999.9 -999.9 0.7 43 3.6 8.5 9.9 25.1 48.5 74.2 74.2 75.2 23.3 15.3 99.0 78.0 49.7 Muitos_Capões_(843_m) -999.9 -999.9 -999.9 -999.9 -999.9 19.8 15.1 243.4 Rio_Grande_do_Sul WU UTC_2026-09-21_19:24 0.0 -999.9
-28.262828 -51.258699 IMUITO3 2026-09-21_16:29 15.4 -999.9 -999.9 99.0 -999.9 -999.9 15.2 -999.9 -999.9 -999.9 -999.9 -999.9 1.1 43 3.6 9.3 9.9 25.1 48.5 74.2 74.2 75.2 23.3 15.3 99.0 78.0 49.7 Muitos_Capões_(843_m) -999.9 -999.9 -999.9 -999.9 -999.9 19.8 15.1 243.4 Rio_Grande_do_Sul WU UTC_2026-09-21_19:29 0.0 -999.9
-28.262828 -51.258699 IMUITO3 2026-09-21_16:34 15.4 -999.9 -999.9 99.0 -999.9 -999.9 15.2 -999.9 -999.9 -999.9 -999.9 -999.9 0.0 43 0.0 9.7 9.9 25.1 48.5 74.2 74.2 75.2 23.3 15.3 99.0 78.0 49.7 Muitos_Capões_(843_m) -999.9 -999.9 -999.9 -999.9 -999.9 19.8 15.1 243.4 Rio_Grande_do_Sul WU UTC_2026-09-21_19:34 0.0 -999.9
-28.262828 -51.258699 IMUITO3 2026-09-21_16:39 15.4 -999.9 -999.9 99.0 -999.9 -999.9 15.2 -999.9 -999.9 -999.9 -999.9 -999.9 0.0 43 0.0 13.3 9.9 25.1 48.5 74.2 74.2 75.2 23.3 15.3 99.0 78.0 49.7 Muitos_Capões_(843_m) -999.9 -999.9 -999.9 -999.9 -999.9 19.8 15.1 243.4 Rio_Grande_do_Sul WU UTC_2026-09-21_19:39 0.0 -999.9
-28.262828 -51.258699 IMUITO3 2026-09-21_16:44 15.4 -999.9 -999.9 99.0 -999.9 -999.9 15.2 -999.9 -999.9 -999.9 -999.9 -999.9 2.0 43 5.4 14.0 9.9 25.1 48.5 74.2 74.2 75.2 23.3 15.3 99.0 78.0 49.7 Muitos_Capões_(843_m) -999.9 -999.9 -999.9 -999.9 -999.9 19.8 15.1 243.4 Rio_Grande_do_Sul WU UTC_2026-09-21_19:44 0.0 -999.9
-28.262828 -51.258699 IMUITO3 2026-09-21_16:49 15.4 -999.9 -999.9 99.0 -999.9 -999.9 15.2 -999.9 -999.9 -999.9 -999.9 -999.9 4.3 43 5.4 17.4 9.9 25.1 48.5 74.2 74.2 75.2 23.3 15.3 99.0 78.0 49.7 Muitos_Capões_(843_m) -999.9 -999.9 -999.9 -999.9 -999.9 19.8 15.1 243.4 Rio_Grande_do_Sul WU UTC_2026-09-21_19:49 0.0 -999.9
-28.262828 -51.258699 IMUITO3 2026-09-21_16:54 15.5 -999.9 -999.9 99.0 -999.9 -999.9 15.3 -999.9 -999.9 -999.9 -999.9 -999.9 2.5 43 5.4 19.2 9.9 25.1 48.5 74.2 74.2 75.2 23.3 15.3 99.0 78.0 49.7 Muitos_Capões_(843_m) -999.9 -999.9 -999.9 -999.9 -999.9 19.8 15.1 243.4 Rio_Grande_do_Sul WU UTC_2026-09-21_19:54 0.0 -999.9
-28.262828 -51.258699 IMUITO3 2026-09-21_16:59 15.5 -999.9 -999.9 99.0 -999.9 -999.9 15.3 -999.9 -999.9 -999.9 -999.9 -999.9 0.8 43 3.6 19.0 9.9 25.1 48.5 74.2 74.2 75.2 23.3 15.3 99.0 78.0 49.7 Muitos_Capões_(843_m) -999.9 -999.9 -999.9 -999.9 -999.9 19.8 15.1 243.4 Rio_Grande_do_Sul WU UTC_2026-09-21_19:59 0.0 -999.9
-28.262828 -51.258699 IMUITO3 2026-09-21_17:04 15.6 -999.9 -999.9 99.0 -999.9 -999.9 15.3 -999.9 -999.9 -999.9 -999.9 -999.9 0.0 43 0.0 25.3 9.9 25.1 48.5 74.2 74.2 75.2 23.3 15.3 99.0 78.0 49.7 Muitos_Capões_(843_m) -999.9 -999.9 -999.9 -999.9 -999.9 19.8 15.1 243.4 Rio_Grande_do_Sul WU UTC_2026-09-21_20:04 0.0 -999.9
-28.262828 -51.258699 IMUITO3 2026-09-21_17:09 15.6 -999.9 -999.9 99.0 -999.9 -999.9 15.4 -999.9 -999.9 -999.9 -999.9 -999.9 0.0 43 0.0 20.9 9.9 25.1 48.5 74.2 74.2 75.2 23.3 15.3 99.0 78.0 49.7 Muitos_Capões_(843_m) -999.9 -999.9 -999.9 -999.9 -999.9 19.8 15.1 243.4 Rio_Grande_do_Sul WU UTC_2026-09-21_20:09 0.0 -999.9
-28.262828 -51.258699 IMUITO3 2026-09-21_17:14 15.6 -999.9 -999.9 99.0 -999.9 -999.9 15.4 -999.9 -999.9 -999.9 -999.9 -999.9 0.0 43 0.0 20.1 9.9 25.1 48.5 74.2 74.2 75.2 23.3 15.3 99.0 78.0 49.7 Muitos_Capões_(843_m) -999.9 -999.9 -999.9 -999.9 -999.9 19.8 15.1 243.4 Rio_Grande_do_Sul WU UTC_2026-09-21_20:14 0.0 -999.9
-28.262828 -51.258699 IMUITO3 2026-09-21_17:19 15.7 -999.9 -999.9 99.0 -999.9 -999.9 15.5 -999.9 -999.9 -999.9 -999.9 -999.9 0.0 43 0.0 11.8 9.9 25.1 48.5 74.2 74.2 75.2 23.3 15.3 99.0 78.0 49.7 Muitos_Capões_(843_m) -999.9 -999.9 -999.9 -999.9 -999.9 19.8 15.1 243.4 Rio_Grande_do_Sul WU UTC_2026-09-21_20:19 0.0 -999.9
-28.262828 -51.258699 IMUITO3 2026-09-21_17:24 15.7 -999.9 -999.9 99.0 -999.9 -999.9 15.5 -999.9 -999.9 -999.9 -999.9 -999.9 0.0 43 0.0 8.0 9.9 25.1 48.5 74.2 74.2 75.2 23.3 15.3 99.0 78.0 49.7 Muitos_Capões_(843_m) -999.9 -999.9 -999.9 -999.9 -999.9 19.8 15.1 243.4 Rio_Grande_do_Sul WU UTC_2026-09-21_20:24 0.0 -999.9
-28.262828 -51.258699 IMUITO3 2026-09-21_17:29 15.6 -999.9 -999.9 99.0 -999.9 -999.9 15.4 -999.9 -999.9 -999.9 -999.9 -999.9 0.5 43 3.6 5.3 9.9 25.1 48.5 74.2 74.2 75.2 23.3 15.3 99.0 78.0 49.7 Muitos_Capões_(843_m) -999.9 -999.9 -999.9 -999.9 -999.9 19.8 15.1 243.4 Rio_Grande_do_Sul WU UTC_2026-09-21_20:29 0.0 -999.9
-28.262828 -51.258699 IMUITO3 2026-09-21_17:34 15.6 -999.9 -999.9 99.0 -999.9 -999.9 15.4 -999.9 -999.9 -999.9 -999.9 -999.9 0.4 43 1.8 4.3 9.9 25.1 48.5 74.2 74.2 75.2 23.3 15.3 99.0 78.0 49.7 Muitos_Capões_(843_m) -999.9 -999.9 -999.9 -999.9 -999.9 19.8 15.1 243.4 Rio_Grande_do_Sul WU UTC_2026-09-21_20:34 0.0 -999.9
-28.262828 -51.258699 IMUITO3 2026-09-21_17:39 15.6 -999.9 -999.9 99.0 -999.9 -999.9 15.4 -999.9 -999.9 -999.9 -999.9 -999.9 0.1 43 1.8 4.3 9.9 25.1 48.5 74.2 74.2 75.2 23.3 15.3 99.0 78.0 49.7 Muitos_Capões_(843_m) -999.9 -999.9 -999.9 -999.9 -999.9 19.8 15.1 243.4 Rio_Grande_do_Sul WU UTC_2026-09-21_20:39 0.0 -999.9
-28.262828 -51.258699 IMUITO3 2026-09-21_17:44 15.7 -999.9 -999.9 99.0 -999.9 -999.9 15.5 -999.9 -999.9 -999.9 -999.9 -999.9 0.0 43 0.0 3.6 9.9 25.1 48.5 74.2 74.2 75.2 23.3 15.3 99.0 78.0 49.7 Muitos_Capões_(843_m) -999.9 -999.9 -999.9 -999.9 -999.9 19.8 15.1 243.4 Rio_Grande_do_Sul WU UTC_2026-09-21_20:44 0.0 -999.9
-28.262828 -51.258699 IMUITO3 2026-09-21_17:49 15.7 -999.9 -999.9 99.0 -999.9 -999.9 15.5 -999.9 -999.9 -999.9 -999.9 -999.9 0.0 43 0.0 2.9 9.9 25.1 48.5 74.2 74.2 75.2 23.3 15.3 99.0 78.0 49.7 Muitos_Capões_(843_m) -999.9 -999.9 -999.9 -999.9 -999.9 19.8 15.1 243.4 Rio_Grande_do_Sul WU UTC_2026-09-21_20:49 0.0 -999.9
-28.262828 -51.258699 IMUITO3 2026-09-21_17:54 15.6 -999.9 -999.9 99.0 -999.9 -999.9 15.4 -999.9 -999.9 -999.9 -999.9 -999.9 0.0 43 0.0 2.2 9.9 25.1 48.5 74.2 74.2 75.2 23.3 15.3 99.0 78.0 49.7 Muitos_Capões_(843_m) -999.9 -999.9 -999.9 -999.9 -999.9 19.8 15.1 243.4 Rio_Grande_do_Sul WU UTC_2026-09-21_20:54 0.0 -999.9
-28.262828 -51.258699 IMUITO3 2026-09-21_17:59 15.6 -999.9 -999.9 99.0 -999.9 -999.9 15.4 -999.9 -999.9 -999.9 -999.9 -999.9 0.8 221 5.4 1.9 9.9 25.1 48.5 74.2 74.2 75.2 23.3 15.3 99.0 78.0 49.7 Muitos_Capões_(843_m) -999.9 -999.9 -999.9 -999.9 -999.9 19.8 15.1 243.4 Rio_Grande_do_Sul WU UTC_2026-09-21_20:59 0.0 -999.9
-28.262828 -51.258699 IMUITO3 2026-09-21_18:04 15.6 -999.9 -999.9 99.0 -999.9 -999.9 15.4 -999.9 -999.9 -999.9 -999.9 -999.9 3.2 225 7.2 1.2 9.9 25.1 48.5 74.2 74.2 75.2 23.3 15.3 99.0 78.0 49.7 Muitos_Capões_(843_m) -999.9 -999.9 -999.9 -999.9 -999.9 19.8 15.1 243.4 Rio_Grande_do_Sul WU UTC_2026-09-21_21:04 0.0 -999.9
-28.262828 -51.258699 IMUITO3 2026-09-21_18:09 15.7 -999.9 -999.9 99.0 -999.9 -999.9 15.5 -999.9 -999.9 -999.9 -999.9 -999.9 6.9 244 11.2 0.3 9.9 27.900000000000002 48.5 74.2 74.2 75.2 23.3 15.3 99.0 78.0 49.7 Muitos_Capões_(843_m) -999.9 -999.9 -999.9 -999.9 -999.9 19.8 15.1 243.4 Rio_Grande_do_Sul WU UTC_2026-09-21_21:09 2.8 -999.9
-28.262828 -51.258699 IMUITO3 2026-09-21_18:14 15.7 -999.9 -999.9 99.0 -999.9 -999.9 15.5 -999.9 -999.9 -999.9 -999.9 -999.9 6.4 229 11.2 0.3 9.9 29.700000000000003 48.5 74.2 74.2 75.2 23.3 15.3 99.0 78.0 49.7 Muitos_Capões_(843_m) -999.9 -999.9 -999.9 -999.9 -999.9 19.8 15.1 243.4 Rio_Grande_do_Sul WU UTC_2026-09-21_21:14 1.8 -999.9
-28.262828 -51.258699 IMUITO3 2026-09-21_18:19 15.5 -999.9 -999.9 99.0 -999.9 -999.9 15.3 -999.9 -999.9 -999.9 -999.9 -999.9 5.6 231 9.4 0.3 9.9 30.400000000000002 48.5 74.2 74.2 75.2 23.3 15.3 99.0 78.0 49.7 Muitos_Capões_(843_m) -999.9 -999.9 -999.9 -999.9 -999.9 19.8 15.1 243.4 Rio_Grande_do_Sul WU UTC_2026-09-21_21:19 0.7 -999.9
-28.262828 -51.258699 IMUITO3 2026-09-21_18:24 15.5 -999.9 -999.9 99.0 -999.9 -999.9 15.3 -999.9 -999.9 -999.9 -999.9 -999.9 4.9 220 9.4 0.2 9.9 31.200000000000003 48.5 74.2 74.2 75.2 23.3 15.3 99.0 78.0 49.7 Muitos_Capões_(843_m) -999.9 -999.9 -999.9 -999.9 -999.9 19.8 15.1 243.4 Rio_Grande_do_Sul WU UTC_2026-09-21_21:24 0.8 -999.9
-28.262828 -51.258699 IMUITO3 2026-09-21_18:29 15.4 -999.9 -999.9 99.0 -999.9 -999.9 15.2 -999.9 -999.9 -999.9 -999.9 -999.9 6.3 222 11.2 0.2 9.9 33.0 48.5 74.2 74.2 75.2 23.3 15.3 99.0 78.0 49.7 Muitos_Capões_(843_m) -999.9 -999.9 -999.9 -999.9 -999.9 19.8 15.1 243.4 Rio_Grande_do_Sul WU UTC_2026-09-21_21:29 1.8 -999.9
-28.262828 -51.258699 IMUITO3 2026-09-21_18:34 15.4 -999.9 -999.9 99.0 -999.9 -999.9 15.2 -999.9 -999.9 -999.9 -999.9 -999.9 3.1 233 11.2 0.2 9.9 34.5 48.5 74.2 74.2 75.2 23.3 15.3 99.0 78.0 49.7 Muitos_Capões_(843_m) -999.9 -999.9 -999.9 -999.9 -999.9 19.8 15.1 243.4 Rio_Grande_do_Sul WU UTC_2026-09-21_21:34 1.5 -999.9
-28.262828 -51.258699 IMUITO3 2026-09-21_18:39 15.4 -999.9 -999.9 99.0 -999.9 -999.9 15.2 -999.9 -999.9 -999.9 -999.9 -999.9 2.2 222 7.2 0.2 9.9 34.8 48.5 74.2 74.2 75.2 23.3 15.3 99.0 78.0 49.7 Muitos_Capões_(843_m) -999.9 -999.9 -999.9 -999.9 -999.9 19.8 15.1 243.4 Rio_Grande_do_Sul WU UTC_2026-09-21_21:39 0.3 -999.9
-28.262828 -51.258699 IMUITO3 2026-09-21_18:44 15.3 -999.9 -999.9 99.0 -999.9 -999.9 15.1 -999.9 -999.9 -999.9 -999.9 -999.9 0.6 193 3.6 0.2 9.9 35.0 48.5 74.2 74.2 75.2 23.3 15.3 99.0 78.0 49.7 Muitos_Capões_(843_m) -999.9 -999.9 -999.9 -999.9 -999.9 19.8 15.1 243.4 Rio_Grande_do_Sul WU UTC_2026-09-21_21:44 0.2 -999.9
-28.262828 -51.258699 IMUITO3 2026-09-21_18:56 15.2 -999.9 -999.9 99.0 -999.9 -999.9 15.0 -999.9 -999.9 -999.9 -999.9 -999.9 2.5 235 5.4 0.2 9.9 35.0 48.5 74.2 74.2 75.2 23.3 15.3 99.0 78.0 49.7 Muitos_Capões_(843_m) -999.9 -999.9 -999.9 -999.9 -999.9 19.8 15.1 243.4 Rio_Grande_do_Sul WU UTC_2026-09-21_21:56 0.2 -999.9
