-28.995701 -51.754700 DCRS-00057 2026-09-22_00:00 15.9 -999.9 -999.9 96.5 -999.9 -999.9 15.3 -999.9 -999.9 1002.2 -999.9 -999.9 0.0 -999.9 0.0 0.0 0.0 0.0 25.6 25.6 34.4 34.4 15.9 15.9 96.5 96.5 0.0 DCRS_-_Cotiporã_-_Dois_Lajeados_(110_m) -999.9 -999.9 1002.2 1002.2 1002.2 15.3 15.3 0.0 Rio_Grande_do_Sul DCRS -999.9 0.0 0.0 98.46 98.46 98.46 -1 -0.13 100.75 100.75 100.75 100.75
-28.995701 -51.754700 DCRS-00057 2026-09-22_00:01 15.9 -999.9 -999.9 96.6 -999.9 -999.9 15.4 -999.9 -999.9 1002.2 -999.9 -999.9 0.0 -999.9 0.0 0.0 0.0 0.0 25.6 25.6 34.4 34.4 15.9 15.9 96.6 96.5 0.0 DCRS_-_Cotiporã_-_Dois_Lajeados_(110_m) -999.9 -999.9 1002.2 1002.2 1002.2 15.4 15.3 0.0 Rio_Grande_do_Sul DCRS -999.9 0.0 0.0 98.46 98.46 98.46 -1 -0.09 100.75 100.75 100.75 100.75
-28.995701 -51.754700 DCRS-00057 2026-09-22_00:02 15.9 -999.9 -999.9 96.6 -999.9 -999.9 15.4 -999.9 -999.9 1002.3 -999.9 -999.9 0.0 -999.9 0.0 0.0 0.0 0.0 25.6 25.6 34.4 34.4 15.9 15.9 96.6 96.5 0.0 DCRS_-_Cotiporã_-_Dois_Lajeados_(110_m) -999.9 -999.9 1002.3 1002.2 1002.3 15.4 15.3 0.0 Rio_Grande_do_Sul DCRS -999.9 0.0 0.0 98.47 98.47 98.46 -1 -0.15 100.75 100.75 100.75 100.75
-28.995701 -51.754700 DCRS-00057 2026-09-22_00:03 15.9 -999.9 -999.9 96.6 -999.9 -999.9 15.4 -999.9 -999.9 1002.3 -999.9 -999.9 0.0 -999.9 0.0 0.0 0.0 0.0 25.6 25.6 34.4 34.4 15.9 15.9 96.6 96.5 0.0 DCRS_-_Cotiporã_-_Dois_Lajeados_(110_m) -999.9 -999.9 1002.3 1002.2 1002.3 15.4 15.3 0.0 Rio_Grande_do_Sul DCRS -999.9 0.0 0.0 98.48 98.48 98.46 -1 -0.13 100.75 100.75 100.75 100.75
-28.995701 -51.754700 DCRS-00057 2026-09-22_00:04 15.9 -999.9 -999.9 96.6 -999.9 -999.9 15.4 -999.9 -999.9 1002.4 -999.9 -999.9 0.0 -999.9 0.0 0.0 0.0 0.0 25.6 25.6 34.4 34.4 15.9 15.9 96.6 96.5 0.0 DCRS_-_Cotiporã_-_Dois_Lajeados_(110_m) -999.9 -999.9 1002.4 1002.2 1002.4 15.4 15.3 0.0 Rio_Grande_do_Sul DCRS -999.9 0.0 0.0 98.36 98.48 98.36 -1 -0.27 100.75 100.75 100.75 100.75
-28.995701 -51.754700 DCRS-00057 2026-09-22_00:05 15.9 -999.9 -999.9 96.6 -999.9 -999.9 15.4 -999.9 -999.9 1002.4 -999.9 -999.9 0.0 -999.9 0.0 0.0 0.0 0.0 25.6 25.6 34.4 34.4 15.9 15.9 96.6 96.5 0.0 DCRS_-_Cotiporã_-_Dois_Lajeados_(110_m) -999.9 -999.9 1002.4 1002.2 1002.4 15.4 15.3 0.0 Rio_Grande_do_Sul DCRS -999.9 0.0 0.0 98.45 98.48 98.36 -1 -0.14 100.75 100.75 100.75 100.75
-28.995701 -51.754700 DCRS-00057 2026-09-22_00:06 15.9 -999.9 -999.9 96.7 -999.9 -999.9 15.4 -999.9 -999.9 1002.5 -999.9 -999.9 0.0 -999.9 0.0 0.0 0.0 0.0 25.6 25.6 34.4 34.4 15.9 15.9 96.7 96.5 0.0 DCRS_-_Cotiporã_-_Dois_Lajeados_(110_m) -999.9 -999.9 1002.5 1002.2 1002.5 15.4 15.3 0.0 Rio_Grande_do_Sul DCRS -999.9 0.0 0.0 98.41 98.48 98.36 -1 -0.18 100.75 100.75 100.75 100.75
-28.995701 -51.754700 DCRS-00057 2026-09-22_00:07 15.9 -999.9 -999.9 96.7 -999.9 -999.9 15.4 -999.9 -999.9 1002.5 -999.9 -999.9 0.0 -999.9 0.0 0.0 0.0 0.0 25.6 25.6 34.4 34.4 15.9 15.9 96.7 96.5 0.0 DCRS_-_Cotiporã_-_Dois_Lajeados_(110_m) -999.9 -999.9 1002.5 1002.2 1002.5 15.4 15.3 0.0 Rio_Grande_do_Sul DCRS -999.9 0.0 0.0 98.49 98.49 98.36 -1 -0.12 100.75 100.75 100.75 100.75
-28.995701 -51.754700 DCRS-00057 2026-09-22_00:08 15.9 -999.9 -999.9 96.6 -999.9 -999.9 15.4 -999.9 -999.9 1002.5 -999.9 -999.9 0.0 -999.9 0.0 0.0 0.0 0.0 25.6 25.6 34.4 34.4 15.9 15.9 96.7 96.5 0.0 DCRS_-_Cotiporã_-_Dois_Lajeados_(110_m) -999.9 -999.9 1002.5 1002.2 1002.5 15.4 15.3 0.0 Rio_Grande_do_Sul DCRS -999.9 0.0 0.0 98.41 98.49 98.36 -1 -0.22 100.75 100.75 100.75 100.75
-28.995701 -51.754700 DCRS-00057 2026-09-22_00:09 15.9 -999.9 -999.9 96.6 -999.9 -999.9 15.4 -999.9 -999.9 1002.6 -999.9 -999.9 0.0 -999.9 0.0 0.0 0.0 0.0 25.6 25.6 34.4 34.4 15.9 15.9 96.7 96.5 0.0 DCRS_-_Cotiporã_-_Dois_Lajeados_(110_m) -999.9 -999.9 1002.6 1002.2 1002.6 15.4 15.3 0.0 Rio_Grande_do_Sul DCRS -999.9 0.0 0.0 98.31 98.49 98.31 -1 -0.32 100.75 100.75 100.75 100.75
-28.995701 -51.754700 DCRS-00057 2026-09-22_00:10 15.9 -999.9 -999.9 96.5 -999.9 -999.9 15.3 -999.9 -999.9 1002.6 -999.9 -999.9 0.0 -999.9 0.0 0.0 0.0 0.0 25.6 25.6 34.4 34.4 15.9 15.9 96.7 96.5 0.0 DCRS_-_Cotiporã_-_Dois_Lajeados_(110_m) -999.9 -999.9 1002.6 1002.2 1002.6 15.4 15.3 0.0 Rio_Grande_do_Sul DCRS -999.9 0.0 0.0 98.47 98.49 98.31 -1 -0.19 100.75 100.75 100.75 100.75
-28.995701 -51.754700 DCRS-00057 2026-09-22_00:11 15.9 -999.9 -999.9 96.6 -999.9 -999.9 15.4 -999.9 -999.9 1002.7 -999.9 -999.9 0.0 -999.9 0.0 0.0 0.0 0.0 25.6 25.6 34.4 34.4 15.9 15.9 96.7 96.5 0.0 DCRS_-_Cotiporã_-_Dois_Lajeados_(110_m) -999.9 -999.9 1002.7 1002.2 1002.7 15.4 15.3 0.0 Rio_Grande_do_Sul DCRS -999.9 0.0 0.0 98.46 98.49 98.31 -1 -0.11 100.75 100.75 100.75 100.75
-28.995701 -51.754700 DCRS-00057 2026-09-22_00:12 15.8 -999.9 -999.9 96.6 -999.9 -999.9 15.3 -999.9 -999.9 1002.7 -999.9 -999.9 0.0 -999.9 0.0 0.0 0.0 0.0 25.6 25.6 34.4 34.4 15.9 15.8 96.7 96.5 0.0 DCRS_-_Cotiporã_-_Dois_Lajeados_(110_m) -999.9 -999.9 1002.7 1002.2 1002.7 15.4 15.3 0.0 Rio_Grande_do_Sul DCRS -999.9 0.0 0.0 98.42 98.49 98.31 -1 -0.14 100.75 100.75 100.75 100.75
-28.995701 -51.754700 DCRS-00057 2026-09-22_00:13 15.9 -999.9 -999.9 96.6 -999.9 -999.9 15.4 -999.9 -999.9 1002.7 -999.9 -999.9 0.0 -999.9 0.0 0.0 0.0 0.0 25.6 25.6 34.4 34.4 15.9 15.8 96.7 96.5 0.0 DCRS_-_Cotiporã_-_Dois_Lajeados_(110_m) -999.9 -999.9 1002.7 1002.2 1002.7 15.4 15.3 0.0 Rio_Grande_do_Sul DCRS -999.9 0.0 0.0 98.4 98.49 98.31 -1 -0.19 100.75 100.75 100.75 100.75
-28.995701 -51.754700 DCRS-00057 2026-09-22_00:14 15.9 -999.9 -999.9 96.5 -999.9 -999.9 15.3 -999.9 -999.9 1002.7 -999.9 -999.9 0.0 -999.9 0.0 0.0 0.0 0.0 25.6 25.6 34.4 34.4 15.9 15.8 96.7 96.5 0.0 DCRS_-_Cotiporã_-_Dois_Lajeados_(110_m) -999.9 -999.9 1002.7 1002.2 1002.7 15.4 15.3 0.0 Rio_Grande_do_Sul DCRS -999.9 0.0 0.0 98.32 98.49 98.31 -1 -0.3 100.75 100.75 100.75 100.75
-28.995701 -51.754700 DCRS-00057 2026-09-22_00:15 15.8 -999.9 -999.9 96.5 -999.9 -999.9 15.2 -999.9 -999.9 1002.7 -999.9 -999.9 0.0 -999.9 0.0 0.0 0.0 0.0 25.6 25.6 34.4 34.4 15.9 15.8 96.7 96.5 0.0 DCRS_-_Cotiporã_-_Dois_Lajeados_(110_m) -999.9 -999.9 1002.7 1002.2 1002.7 15.4 15.2 0.0 Rio_Grande_do_Sul DCRS -999.9 0.0 0.0 98.39 98.49 98.31 -1 -0.23 100.75 100.75 100.75 100.75
-28.995701 -51.754700 DCRS-00057 2026-09-22_00:16 15.8 -999.9 -999.9 96.5 -999.9 -999.9 15.2 -999.9 -999.9 1002.7 -999.9 -999.9 0.0 -999.9 0.0 0.0 0.0 0.0 25.6 25.6 34.4 34.4 15.9 15.8 96.7 96.5 0.0 DCRS_-_Cotiporã_-_Dois_Lajeados_(110_m) -999.9 -999.9 1002.7 1002.2 1002.7 15.4 15.2 0.0 Rio_Grande_do_Sul DCRS -999.9 0.0 0.0 98.4 98.49 98.31 -1 -0.14 100.75 100.75 100.75 100.75
-28.995701 -51.754700 DCRS-00057 2026-09-22_00:17 15.9 -999.9 -999.9 96.6 -999.9 -999.9 15.4 -999.9 -999.9 1002.7 -999.9 -999.9 0.0 -999.9 0.0 0.0 0.0 0.0 25.6 25.6 34.4 34.4 15.9 15.8 96.7 96.5 0.0 DCRS_-_Cotiporã_-_Dois_Lajeados_(110_m) -999.9 -999.9 1002.7 1002.2 1002.7 15.4 15.2 0.0 Rio_Grande_do_Sul DCRS -999.9 0.0 0.0 98.36 98.49 98.31 -1 -0.22 100.75 100.75 100.75 100.75
-28.995701 -51.754700 DCRS-00057 2026-09-22_00:18 15.8 -999.9 -999.9 96.5 -999.9 -999.9 15.2 -999.9 -999.9 1002.7 -999.9 -999.9 0.0 -999.9 0.0 0.0 0.0 0.0 25.6 25.6 34.4 34.4 15.9 15.8 96.7 96.5 0.0 DCRS_-_Cotiporã_-_Dois_Lajeados_(110_m) -999.9 -999.9 1002.7 1002.2 1002.7 15.4 15.2 0.0 Rio_Grande_do_Sul DCRS -999.9 0.0 0.0 98.39 98.49 98.31 -1 -0.21 100.75 100.75 100.75 100.75
-28.995701 -51.754700 DCRS-00057 2026-09-22_00:19 15.8 -999.9 -999.9 96.6 -999.9 -999.9 15.3 -999.9 -999.9 1002.7 -999.9 -999.9 0.0 -999.9 0.0 0.0 0.0 0.0 25.6 25.6 34.4 34.4 15.9 15.8 96.7 96.5 0.0 DCRS_-_Cotiporã_-_Dois_Lajeados_(110_m) -999.9 -999.9 1002.7 1002.2 1002.7 15.4 15.2 0.0 Rio_Grande_do_Sul DCRS -999.9 0.0 0.0 98.41 98.49 98.31 -1 -0.19 100.75 100.75 100.75 100.75
-28.995701 -51.754700 DCRS-00057 2026-09-22_00:20 15.8 -999.9 -999.9 96.5 -999.9 -999.9 15.2 -999.9 -999.9 1002.7 -999.9 -999.9 0.0 -999.9 0.0 0.0 0.0 0.0 25.6 25.6 34.4 34.4 15.9 15.8 96.7 96.5 0.0 DCRS_-_Cotiporã_-_Dois_Lajeados_(110_m) -999.9 -999.9 1002.7 1002.2 1002.7 15.4 15.2 0.0 Rio_Grande_do_Sul DCRS -999.9 0.0 0.0 98.43 98.49 98.31 -1 -0.1 100.75 100.75 100.75 100.75
-28.995701 -51.754700 DCRS-00057 2026-09-22_00:21 15.8 -999.9 -999.9 96.5 -999.9 -999.9 15.2 -999.9 -999.9 1002.7 -999.9 -999.9 0.0 -999.9 0.0 0.0 0.0 0.0 25.6 25.6 34.4 34.4 15.9 15.8 96.7 96.5 0.0 DCRS_-_Cotiporã_-_Dois_Lajeados_(110_m) -999.9 -999.9 1002.7 1002.2 1002.7 15.4 15.2 0.0 Rio_Grande_do_Sul DCRS -999.9 0.0 0.0 98.39 98.49 98.31 -1 -0.18 100.75 100.75 100.75 100.75
-28.995701 -51.754700 DCRS-00057 2026-09-22_00:22 15.8 -999.9 -999.9 96.5 -999.9 -999.9 15.2 -999.9 -999.9 1002.7 -999.9 -999.9 0.0 -999.9 0.0 0.0 0.0 0.0 25.6 25.6 34.4 34.4 15.9 15.8 96.7 96.5 0.0 DCRS_-_Cotiporã_-_Dois_Lajeados_(110_m) -999.9 -999.9 1002.7 1002.2 1002.7 15.4 15.2 0.0 Rio_Grande_do_Sul DCRS -999.9 0.0 0.0 98.32 98.49 98.31 -1 -0.22 100.75 100.75 100.75 100.75
-28.995701 -51.754700 DCRS-00057 2026-09-22_00:23 15.9 -999.9 -999.9 96.5 -999.9 -999.9 15.3 -999.9 -999.9 1002.7 -999.9 -999.9 0.0 -999.9 0.0 0.0 0.0 0.0 25.6 25.6 34.4 34.4 15.9 15.8 96.7 96.5 0.0 DCRS_-_Cotiporã_-_Dois_Lajeados_(110_m) -999.9 -999.9 1002.7 1002.2 1002.7 15.4 15.2 0.0 Rio_Grande_do_Sul DCRS -999.9 0.0 0.0 98.41 98.49 98.31 -1 -0.06 100.75 100.75 100.75 100.75
-28.995701 -51.754700 DCRS-00057 2026-09-22_00:24 15.8 -999.9 -999.9 96.5 -999.9 -999.9 15.2 -999.9 -999.9 1002.6 -999.9 -999.9 0.0 -999.9 0.0 0.0 0.0 0.0 25.6 25.6 34.4 34.4 15.9 15.8 96.7 96.5 0.0 DCRS_-_Cotiporã_-_Dois_Lajeados_(110_m) -999.9 -999.9 1002.7 1002.2 1002.6 15.4 15.2 0.0 Rio_Grande_do_Sul DCRS -999.9 0.0 0.0 98.38 98.49 98.31 -1 -0.09 100.75 100.75 100.75 100.75
-28.995701 -51.754700 DCRS-00057 2026-09-22_00:25 15.9 -999.9 -999.9 96.5 -999.9 -999.9 15.3 -999.9 -999.9 1002.6 -999.9 -999.9 0.0 -999.9 0.0 0.0 0.0 0.0 25.6 25.6 34.4 34.4 15.9 15.8 96.7 96.5 0.0 DCRS_-_Cotiporã_-_Dois_Lajeados_(110_m) -999.9 -999.9 1002.7 1002.2 1002.6 15.4 15.2 0.0 Rio_Grande_do_Sul DCRS -999.9 0.0 0.0 98.42 98.49 98.31 -1 -0.14 100.75 100.75 100.75 100.75
-28.995701 -51.754700 DCRS-00057 2026-09-22_00:26 15.9 -999.9 -999.9 96.7 -999.9 -999.9 15.4 -999.9 -999.9 1002.6 -999.9 -999.9 0.0 -999.9 0.0 0.0 0.0 0.0 25.6 25.6 34.4 34.4 15.9 15.8 96.7 96.5 0.0 DCRS_-_Cotiporã_-_Dois_Lajeados_(110_m) -999.9 -999.9 1002.7 1002.2 1002.6 15.4 15.2 0.0 Rio_Grande_do_Sul DCRS -999.9 0.0 0.0 98.33 98.49 98.31 -1 -0.19 100.75 100.75 100.75 100.75
-28.995701 -51.754700 DCRS-00057 2026-09-22_00:27 15.9 -999.9 -999.9 96.7 -999.9 -999.9 15.4 -999.9 -999.9 1002.7 -999.9 -999.9 0.0 -999.9 0.0 0.0 0.0 0.0 25.6 25.6 34.4 34.4 15.9 15.8 96.7 96.5 0.0 DCRS_-_Cotiporã_-_Dois_Lajeados_(110_m) -999.9 -999.9 1002.7 1002.2 1002.7 15.4 15.2 0.0 Rio_Grande_do_Sul DCRS -999.9 0.0 0.0 98.38 98.49 98.31 -1 -0.11 100.75 100.75 100.75 100.75
-28.995701 -51.754700 DCRS-00057 2026-09-22_00:28 15.9 -999.9 -999.9 96.7 -999.9 -999.9 15.4 -999.9 -999.9 1002.7 -999.9 -999.9 0.0 -999.9 0.0 0.0 0.0 0.0 25.6 25.6 34.4 34.4 15.9 15.8 96.7 96.5 0.0 DCRS_-_Cotiporã_-_Dois_Lajeados_(110_m) -999.9 -999.9 1002.7 1002.2 1002.7 15.4 15.2 0.0 Rio_Grande_do_Sul DCRS -999.9 0.0 0.0 98.39 98.49 98.31 -1 -0.1 100.75 100.75 100.75 100.75
-28.995701 -51.754700 DCRS-00057 2026-09-22_00:29 15.9 -999.9 -999.9 96.7 -999.9 -999.9 15.4 -999.9 -999.9 1002.8 -999.9 -999.9 0.0 -999.9 0.0 0.0 0.0 0.0 25.6 25.6 34.4 34.4 15.9 15.8 96.7 96.5 0.0 DCRS_-_Cotiporã_-_Dois_Lajeados_(110_m) -999.9 -999.9 1002.8 1002.2 1002.8 15.4 15.2 0.0 Rio_Grande_do_Sul DCRS -999.9 0.0 0.0 98.41 98.49 98.31 -1 -0.09 100.75 100.75 100.75 100.75
-28.995701 -51.754700 DCRS-00057 2026-09-22_00:30 15.9 -999.9 -999.9 96.8 -999.9 -999.9 15.4 -999.9 -999.9 1002.8 -999.9 -999.9 0.0 -999.9 0.0 0.0 0.0 0.0 25.6 25.6 34.4 34.4 15.9 15.8 96.8 96.5 0.0 DCRS_-_Cotiporã_-_Dois_Lajeados_(110_m) -999.9 -999.9 1002.8 1002.2 1002.8 15.4 15.2 0.0 Rio_Grande_do_Sul DCRS -999.9 0.0 0.0 98.39 98.49 98.31 -1 -0.11 100.75 100.75 100.75 100.75
-28.995701 -51.754700 DCRS-00057 2026-09-22_00:31 15.9 -999.9 -999.9 96.8 -999.9 -999.9 15.4 -999.9 -999.9 1002.8 -999.9 -999.9 0.0 -999.9 0.0 0.0 0.0 0.0 25.6 25.6 34.4 34.4 15.9 15.8 96.8 96.5 0.0 DCRS_-_Cotiporã_-_Dois_Lajeados_(110_m) -999.9 -999.9 1002.8 1002.2 1002.8 15.4 15.2 0.0 Rio_Grande_do_Sul DCRS -999.9 0.0 0.0 98.38 98.49 98.31 -1 -0.09 100.75 100.75 100.75 100.75
-28.995701 -51.754700 DCRS-00057 2026-09-22_00:32 15.9 -999.9 -999.9 96.7 -999.9 -999.9 15.4 -999.9 -999.9 1002.8 -999.9 -999.9 0.0 -999.9 0.0 0.0 0.0 0.0 25.6 25.6 34.4 34.4 15.9 15.8 96.8 96.5 0.0 DCRS_-_Cotiporã_-_Dois_Lajeados_(110_m) -999.9 -999.9 1002.8 1002.2 1002.8 15.4 15.2 0.0 Rio_Grande_do_Sul DCRS -999.9 0.0 0.0 98.41 98.49 98.31 -1 -0.09 100.75 100.75 100.75 100.75
-28.995701 -51.754700 DCRS-00057 2026-09-22_00:33 15.9 -999.9 -999.9 96.7 -999.9 -999.9 15.4 -999.9 -999.9 1002.7 -999.9 -999.9 0.0 -999.9 0.0 0.0 0.0 0.0 25.6 25.6 34.4 34.4 15.9 15.8 96.8 96.5 0.0 DCRS_-_Cotiporã_-_Dois_Lajeados_(110_m) -999.9 -999.9 1002.8 1002.2 1002.7 15.4 15.2 0.0 Rio_Grande_do_Sul DCRS -999.9 0.0 0.0 98.36 98.49 98.31 -1 -0.14 100.75 100.75 100.75 100.75
-28.995701 -51.754700 DCRS-00057 2026-09-22_00:34 15.9 -999.9 -999.9 96.7 -999.9 -999.9 15.4 -999.9 -999.9 1002.7 -999.9 -999.9 0.0 -999.9 0.0 0.0 0.0 0.0 25.6 25.6 34.4 34.4 15.9 15.8 96.8 96.5 0.0 DCRS_-_Cotiporã_-_Dois_Lajeados_(110_m) -999.9 -999.9 1002.8 1002.2 1002.7 15.4 15.2 0.0 Rio_Grande_do_Sul DCRS -999.9 0.0 0.0 98.4 98.49 98.31 -1 -0.14 100.75 100.75 100.75 100.75
-28.995701 -51.754700 DCRS-00057 2026-09-22_00:35 15.9 -999.9 -999.9 96.8 -999.9 -999.9 15.4 -999.9 -999.9 1002.7 -999.9 -999.9 0.0 -999.9 0.0 0.0 0.0 0.0 25.6 25.6 34.4 34.4 15.9 15.8 96.8 96.5 0.0 DCRS_-_Cotiporã_-_Dois_Lajeados_(110_m) -999.9 -999.9 1002.8 1002.2 1002.7 15.4 15.2 0.0 Rio_Grande_do_Sul DCRS -999.9 0.0 0.0 98.45 98.49 98.31 -1 0.0 100.75 100.75 100.75 100.75
-28.995701 -51.754700 DCRS-00057 2026-09-22_00:36 15.9 -999.9 -999.9 96.8 -999.9 -999.9 15.4 -999.9 -999.9 1002.7 -999.9 -999.9 0.0 -999.9 0.0 0.0 0.0 0.0 25.6 25.6 34.4 34.4 15.9 15.8 96.8 96.5 0.0 DCRS_-_Cotiporã_-_Dois_Lajeados_(110_m) -999.9 -999.9 1002.8 1002.2 1002.7 15.4 15.2 0.0 Rio_Grande_do_Sul DCRS -999.9 0.0 0.0 98.4 98.49 98.31 -1 -0.07 100.75 100.75 100.75 100.75
-28.995701 -51.754700 DCRS-00057 2026-09-22_00:37 15.9 -999.9 -999.9 96.7 -999.9 -999.9 15.4 -999.9 -999.9 1002.6 -999.9 -999.9 0.0 -999.9 0.0 0.0 0.0 0.0 25.6 25.6 34.4 34.4 15.9 15.8 96.8 96.5 0.0 DCRS_-_Cotiporã_-_Dois_Lajeados_(110_m) -999.9 -999.9 1002.8 1002.2 1002.6 15.4 15.2 0.0 Rio_Grande_do_Sul DCRS -999.9 0.0 0.0 98.44 98.49 98.31 -1 -0.04 100.75 100.75 100.75 100.75
-28.995701 -51.754700 DCRS-00057 2026-09-22_00:38 15.9 -999.9 -999.9 96.7 -999.9 -999.9 15.4 -999.9 -999.9 1002.6 -999.9 -999.9 0.0 -999.9 0.0 0.0 0.0 0.0 25.6 25.6 34.4 34.4 15.9 15.8 96.8 96.5 0.0 DCRS_-_Cotiporã_-_Dois_Lajeados_(110_m) -999.9 -999.9 1002.8 1002.2 1002.6 15.4 15.2 0.0 Rio_Grande_do_Sul DCRS -999.9 0.0 0.0 98.37 98.49 98.31 -1 -0.12 100.75 100.75 100.75 100.75
-28.995701 -51.754700 DCRS-00057 2026-09-22_00:39 15.9 -999.9 -999.9 96.7 -999.9 -999.9 15.4 -999.9 -999.9 1002.6 -999.9 -999.9 0.0 -999.9 0.0 0.0 0.0 0.0 25.6 25.6 34.4 34.4 15.9 15.8 96.8 96.5 0.0 DCRS_-_Cotiporã_-_Dois_Lajeados_(110_m) -999.9 -999.9 1002.8 1002.2 1002.6 15.4 15.2 0.0 Rio_Grande_do_Sul DCRS -999.9 0.0 0.0 98.36 98.49 98.31 -1 -0.15 100.75 100.75 100.75 100.75
-28.995701 -51.754700 DCRS-00057 2026-09-22_00:40 15.9 -999.9 -999.9 96.8 -999.9 -999.9 15.4 -999.9 -999.9 1002.6 -999.9 -999.9 0.0 -999.9 0.0 0.0 0.0 0.0 25.6 25.6 34.4 34.4 15.9 15.8 96.8 96.5 0.0 DCRS_-_Cotiporã_-_Dois_Lajeados_(110_m) -999.9 -999.9 1002.8 1002.2 1002.6 15.4 15.2 0.0 Rio_Grande_do_Sul DCRS -999.9 0.0 0.0 98.33 98.49 98.31 -1 -0.11 100.75 100.75 100.75 100.75
-28.995701 -51.754700 DCRS-00057 2026-09-22_00:41 15.9 -999.9 -999.9 96.6 -999.9 -999.9 15.4 -999.9 -999.9 1002.6 -999.9 -999.9 0.0 -999.9 0.0 0.0 0.0 0.0 25.6 25.6 34.4 34.4 15.9 15.8 96.8 96.5 0.0 DCRS_-_Cotiporã_-_Dois_Lajeados_(110_m) -999.9 -999.9 1002.8 1002.2 1002.6 15.4 15.2 0.0 Rio_Grande_do_Sul DCRS -999.9 0.0 0.0 98.39 98.49 98.31 -1 -0.09 100.75 100.75 100.75 100.75
-28.995701 -51.754700 DCRS-00057 2026-09-22_00:42 15.9 -999.9 -999.9 96.7 -999.9 -999.9 15.4 -999.9 -999.9 1002.6 -999.9 -999.9 0.0 -999.9 0.0 0.0 0.0 0.0 25.6 25.6 34.4 34.4 15.9 15.8 96.8 96.5 0.0 DCRS_-_Cotiporã_-_Dois_Lajeados_(110_m) -999.9 -999.9 1002.8 1002.2 1002.6 15.4 15.2 0.0 Rio_Grande_do_Sul DCRS -999.9 0.0 0.0 98.4 98.49 98.31 -1 -0.1 100.75 100.75 100.75 100.75
-28.995701 -51.754700 DCRS-00057 2026-09-22_00:43 15.9 -999.9 -999.9 96.7 -999.9 -999.9 15.4 -999.9 -999.9 1002.6 -999.9 -999.9 0.0 -999.9 0.0 0.0 0.0 0.0 25.6 25.6 34.4 34.4 15.9 15.8 96.8 96.5 0.0 DCRS_-_Cotiporã_-_Dois_Lajeados_(110_m) -999.9 -999.9 1002.8 1002.2 1002.6 15.4 15.2 0.0 Rio_Grande_do_Sul DCRS -999.9 0.0 0.0 98.37 98.49 98.31 -1 -0.11 100.75 100.75 100.75 100.75
-28.995701 -51.754700 DCRS-00057 2026-09-22_00:44 15.9 -999.9 -999.9 96.6 -999.9 -999.9 15.4 -999.9 -999.9 1002.6 -999.9 -999.9 0.0 -999.9 0.0 0.0 0.0 0.0 25.6 25.6 34.4 34.4 15.9 15.8 96.8 96.5 0.0 DCRS_-_Cotiporã_-_Dois_Lajeados_(110_m) -999.9 -999.9 1002.8 1002.2 1002.6 15.4 15.2 0.0 Rio_Grande_do_Sul DCRS -999.9 0.0 0.0 98.43 98.49 98.31 -1 0.0 100.75 100.75 100.75 100.75
-28.995701 -51.754700 DCRS-00057 2026-09-22_00:45 15.9 -999.9 -999.9 96.8 -999.9 -999.9 15.4 -999.9 -999.9 1002.6 -999.9 -999.9 0.0 -999.9 0.0 0.0 0.0 0.0 25.6 25.6 34.4 34.4 15.9 15.8 96.8 96.5 0.0 DCRS_-_Cotiporã_-_Dois_Lajeados_(110_m) -999.9 -999.9 1002.8 1002.2 1002.6 15.4 15.2 0.0 Rio_Grande_do_Sul DCRS -999.9 0.0 0.0 98.38 98.49 98.31 -1 0.02 100.75 100.75 100.75 100.75
-28.995701 -51.754700 DCRS-00057 2026-09-22_00:46 15.9 -999.9 -999.9 96.7 -999.9 -999.9 15.4 -999.9 -999.9 1002.5 -999.9 -999.9 0.0 -999.9 0.0 0.0 0.0 0.0 25.6 25.6 34.4 34.4 15.9 15.8 96.8 96.5 0.0 DCRS_-_Cotiporã_-_Dois_Lajeados_(110_m) -999.9 -999.9 1002.8 1002.2 1002.5 15.4 15.2 0.0 Rio_Grande_do_Sul DCRS -999.9 0.0 0.0 98.49 98.49 98.31 -1 0.11 100.75 100.75 100.75 100.75
-28.995701 -51.754700 DCRS-00057 2026-09-22_00:47 15.9 -999.9 -999.9 96.6 -999.9 -999.9 15.4 -999.9 -999.9 1002.5 -999.9 -999.9 0.0 -999.9 0.0 0.0 0.0 0.0 25.6 25.6 34.4 34.4 15.9 15.8 96.8 96.5 0.0 DCRS_-_Cotiporã_-_Dois_Lajeados_(110_m) -999.9 -999.9 1002.8 1002.2 1002.5 15.4 15.2 0.0 Rio_Grande_do_Sul DCRS -999.9 0.0 0.0 98.48 98.49 98.31 -1 0.1 100.75 100.75 100.75 100.75
-28.995701 -51.754700 DCRS-00057 2026-09-22_00:48 15.9 -999.9 -999.9 96.6 -999.9 -999.9 15.4 -999.9 -999.9 1002.5 -999.9 -999.9 0.0 -999.9 0.0 0.0 0.0 0.0 25.6 25.6 34.4 34.4 15.9 15.8 96.8 96.5 0.0 DCRS_-_Cotiporã_-_Dois_Lajeados_(110_m) -999.9 -999.9 1002.8 1002.2 1002.5 15.4 15.2 0.0 Rio_Grande_do_Sul DCRS -999.9 0.0 0.0 98.43 98.49 98.31 -1 -0.05 100.75 100.75 100.75 100.75
-28.995701 -51.754700 DCRS-00057 2026-09-22_00:49 15.9 -999.9 -999.9 96.5 -999.9 -999.9 15.3 -999.9 -999.9 1002.5 -999.9 -999.9 0.0 -999.9 0.0 0.0 0.0 0.0 25.6 25.6 34.4 34.4 15.9 15.8 96.8 96.5 0.0 DCRS_-_Cotiporã_-_Dois_Lajeados_(110_m) -999.9 -999.9 1002.8 1002.2 1002.5 15.4 15.2 0.0 Rio_Grande_do_Sul DCRS -999.9 0.0 0.0 98.5 98.5 98.31 -1 0.11 100.75 100.75 100.75 100.75
-28.995701 -51.754700 DCRS-00057 2026-09-22_00:50 15.9 -999.9 -999.9 96.6 -999.9 -999.9 15.4 -999.9 -999.9 1002.5 -999.9 -999.9 0.0 -999.9 0.0 0.0 0.0 0.0 25.6 25.6 34.4 34.4 15.9 15.8 96.8 96.5 0.0 DCRS_-_Cotiporã_-_Dois_Lajeados_(110_m) -999.9 -999.9 1002.8 1002.2 1002.5 15.4 15.2 0.0 Rio_Grande_do_Sul DCRS -999.9 0.0 0.0 98.48 98.5 98.31 -1 0.02 100.75 100.75 100.75 100.75
-28.995701 -51.754700 DCRS-00057 2026-09-22_00:51 15.9 -999.9 -999.9 96.6 -999.9 -999.9 15.4 -999.9 -999.9 1002.4 -999.9 -999.9 0.0 -999.9 0.0 0.0 0.0 0.0 25.6 25.6 34.4 34.4 15.9 15.8 96.8 96.5 0.0 DCRS_-_Cotiporã_-_Dois_Lajeados_(110_m) -999.9 -999.9 1002.8 1002.2 1002.4 15.4 15.2 0.0 Rio_Grande_do_Sul DCRS -999.9 0.0 0.0 98.48 98.5 98.31 -1 0.05 100.75 100.75 100.75 100.75
-28.995701 -51.754700 DCRS-00057 2026-09-22_00:52 15.9 -999.9 -999.9 96.6 -999.9 -999.9 15.4 -999.9 -999.9 1002.4 -999.9 -999.9 0.0 -999.9 0.0 0.0 0.0 0.0 25.6 25.6 34.4 34.4 15.9 15.8 96.8 96.5 0.0 DCRS_-_Cotiporã_-_Dois_Lajeados_(110_m) -999.9 -999.9 1002.8 1002.2 1002.4 15.4 15.2 0.0 Rio_Grande_do_Sul DCRS -999.9 0.0 0.0 98.51 98.51 98.31 -1 0.06 100.75 100.75 100.75 100.75
-28.995701 -51.754700 DCRS-00057 2026-09-22_00:53 15.9 -999.9 -999.9 96.6 -999.9 -999.9 15.4 -999.9 -999.9 1002.4 -999.9 -999.9 0.0 -999.9 0.0 0.0 0.0 0.0 25.6 25.6 34.4 34.4 15.9 15.8 96.8 96.5 0.0 DCRS_-_Cotiporã_-_Dois_Lajeados_(110_m) -999.9 -999.9 1002.8 1002.2 1002.4 15.4 15.2 0.0 Rio_Grande_do_Sul DCRS -999.9 0.0 0.0 98.47 98.51 98.31 -1 0.0 100.75 100.75 100.75 100.75
-28.995701 -51.754700 DCRS-00057 2026-09-22_00:54 15.9 -999.9 -999.9 96.6 -999.9 -999.9 15.4 -999.9 -999.9 1002.5 -999.9 -999.9 0.0 -999.9 0.0 0.0 0.0 0.0 25.6 25.6 34.4 34.4 15.9 15.8 96.8 96.5 0.0 DCRS_-_Cotiporã_-_Dois_Lajeados_(110_m) -999.9 -999.9 1002.8 1002.2 1002.5 15.4 15.2 0.0 Rio_Grande_do_Sul DCRS -999.9 0.0 0.0 98.47 98.51 98.31 0 -0.02 100.75 100.75 100.75 100.75
-28.995701 -51.754700 DCRS-00057 2026-09-22_00:55 15.9 -999.9 -999.9 96.6 -999.9 -999.9 15.4 -999.9 -999.9 1002.5 -999.9 -999.9 0.0 -999.9 0.0 0.0 0.0 0.0 25.6 25.6 34.4 34.4 15.9 15.8 96.8 96.5 0.0 DCRS_-_Cotiporã_-_Dois_Lajeados_(110_m) -999.9 -999.9 1002.8 1002.2 1002.5 15.4 15.2 0.0 Rio_Grande_do_Sul DCRS -999.9 0.0 0.0 98.49 98.51 98.31 1 0.07 100.75 100.75 100.75 100.75
-28.995701 -51.754700 DCRS-00057 2026-09-22_00:56 15.9 -999.9 -999.9 96.6 -999.9 -999.9 15.4 -999.9 -999.9 1002.5 -999.9 -999.9 0.0 -999.9 0.0 0.0 0.0 0.0 25.6 25.6 34.4 34.4 15.9 15.8 96.8 96.5 0.0 DCRS_-_Cotiporã_-_Dois_Lajeados_(110_m) -999.9 -999.9 1002.8 1002.2 1002.5 15.4 15.2 0.0 Rio_Grande_do_Sul DCRS -999.9 0.0 0.0 98.43 98.51 98.31 1 0.01 100.75 100.75 100.75 100.75
-28.995701 -51.754700 DCRS-00057 2026-09-22_00:57 15.9 -999.9 -999.9 96.7 -999.9 -999.9 15.4 -999.9 -999.9 1002.6 -999.9 -999.9 0.0 -999.9 0.0 0.0 0.0 0.0 25.6 25.6 34.4 34.4 15.9 15.8 96.8 96.5 0.0 DCRS_-_Cotiporã_-_Dois_Lajeados_(110_m) -999.9 -999.9 1002.8 1002.2 1002.6 15.4 15.2 0.0 Rio_Grande_do_Sul DCRS -999.9 0.0 0.0 98.39 98.51 98.31 1 -0.03 100.75 100.75 100.75 100.75
-28.995701 -51.754700 DCRS-00057 2026-09-22_00:58 15.9 -999.9 -999.9 96.7 -999.9 -999.9 15.4 -999.9 -999.9 1002.5 -999.9 -999.9 0.0 -999.9 0.0 0.0 0.0 0.0 25.6 25.6 34.4 34.4 15.9 15.8 96.8 96.5 0.0 DCRS_-_Cotiporã_-_Dois_Lajeados_(110_m) -999.9 -999.9 1002.8 1002.2 1002.5 15.4 15.2 0.0 Rio_Grande_do_Sul DCRS -999.9 0.0 0.0 98.41 98.51 98.31 1 -0.01 100.75 100.75 100.75 100.75
-28.995701 -51.754700 DCRS-00057 2026-09-22_00:59 15.9 -999.9 -999.9 96.7 -999.9 -999.9 15.4 -999.9 -999.9 1002.5 -999.9 -999.9 0.0 -999.9 0.0 0.0 0.0 0.0 25.6 25.6 34.4 34.4 15.9 15.8 96.8 96.5 0.0 DCRS_-_Cotiporã_-_Dois_Lajeados_(110_m) -999.9 -999.9 1002.8 1002.2 1002.5 15.4 15.2 0.0 Rio_Grande_do_Sul DCRS -999.9 0.0 0.0 98.47 98.51 98.31 1 0.03 100.75 100.75 100.75 100.75
-28.995701 -51.754700 DCRS-00057 2026-09-22_01:00 15.9 -999.9 -999.9 96.7 -999.9 -999.9 15.4 -999.9 -999.9 1002.5 -999.9 -999.9 0.0 -999.9 0.0 0.0 0.0 0.0 25.6 25.6 34.4 34.4 15.9 15.8 96.8 96.5 0.0 DCRS_-_Cotiporã_-_Dois_Lajeados_(110_m) -999.9 -999.9 1002.8 1002.2 1002.5 15.4 15.2 0.0 Rio_Grande_do_Sul DCRS -999.9 0.0 0.0 98.47 98.51 98.31 1 0.01 100.75 100.75 100.75 100.75
-28.995701 -51.754700 DCRS-00057 2026-09-22_01:01 15.9 -999.9 -999.9 96.7 -999.9 -999.9 15.4 -999.9 -999.9 1002.5 -999.9 -999.9 0.0 -999.9 0.0 0.0 0.0 0.0 25.6 25.6 34.4 34.4 15.9 15.8 96.8 96.5 0.0 DCRS_-_Cotiporã_-_Dois_Lajeados_(110_m) -999.9 -999.9 1002.8 1002.2 1002.5 15.4 15.2 0.0 Rio_Grande_do_Sul DCRS -999.9 0.0 0.0 98.53 98.53 98.31 1 0.06 100.75 100.75 100.75 100.75
-28.995701 -51.754700 DCRS-00057 2026-09-22_01:02 15.9 -999.9 -999.9 96.7 -999.9 -999.9 15.4 -999.9 -999.9 1002.5 -999.9 -999.9 0.0 -999.9 0.0 0.0 0.0 0.0 25.6 25.6 34.4 34.4 15.9 15.8 96.8 96.5 0.0 DCRS_-_Cotiporã_-_Dois_Lajeados_(110_m) -999.9 -999.9 1002.8 1002.2 1002.5 15.4 15.2 0.0 Rio_Grande_do_Sul DCRS -999.9 0.0 0.0 98.46 98.53 98.31 1 -0.01 100.75 100.75 100.75 100.75
-28.995701 -51.754700 DCRS-00057 2026-09-22_01:03 15.9 -999.9 -999.9 96.7 -999.9 -999.9 15.4 -999.9 -999.9 1002.5 -999.9 -999.9 0.0 -999.9 0.0 0.0 0.0 0.0 25.6 25.6 34.4 34.4 15.9 15.8 96.8 96.5 0.0 DCRS_-_Cotiporã_-_Dois_Lajeados_(110_m) -999.9 -999.9 1002.8 1002.2 1002.5 15.4 15.2 0.0 Rio_Grande_do_Sul DCRS -999.9 0.0 0.0 98.45 98.53 98.31 1 -0.03 100.75 100.75 100.75 100.75
-28.995701 -51.754700 DCRS-00057 2026-09-22_01:04 15.9 -999.9 -999.9 96.7 -999.9 -999.9 15.4 -999.9 -999.9 1002.5 -999.9 -999.9 0.0 -999.9 0.0 0.0 0.0 0.0 25.6 25.6 34.4 34.4 15.9 15.8 96.8 96.5 0.0 DCRS_-_Cotiporã_-_Dois_Lajeados_(110_m) -999.9 -999.9 1002.8 1002.2 1002.5 15.4 15.2 0.0 Rio_Grande_do_Sul DCRS -999.9 0.0 0.0 98.46 98.53 98.31 1 0.1 100.75 100.75 100.75 100.75
-28.995701 -51.754700 DCRS-00057 2026-09-22_01:05 15.9 -999.9 -999.9 96.6 -999.9 -999.9 15.4 -999.9 -999.9 1002.5 -999.9 -999.9 0.0 -999.9 0.0 0.0 0.0 0.0 25.6 25.6 34.4 34.4 15.9 15.8 96.8 96.5 0.0 DCRS_-_Cotiporã_-_Dois_Lajeados_(110_m) -999.9 -999.9 1002.8 1002.2 1002.5 15.4 15.2 0.0 Rio_Grande_do_Sul DCRS -999.9 0.0 0.0 98.46 98.53 98.31 1 0.01 100.75 100.75 100.75 100.75
-28.995701 -51.754700 DCRS-00057 2026-09-22_01:06 15.9 -999.9 -999.9 96.6 -999.9 -999.9 15.4 -999.9 -999.9 1002.5 -999.9 -999.9 0.0 -999.9 0.0 0.0 0.0 0.0 25.6 25.6 34.4 34.4 15.9 15.8 96.8 96.5 0.0 DCRS_-_Cotiporã_-_Dois_Lajeados_(110_m) -999.9 -999.9 1002.8 1002.2 1002.5 15.4 15.2 0.0 Rio_Grande_do_Sul DCRS -999.9 0.0 0.0 98.54 98.54 98.31 1 0.13 100.75 100.75 100.75 100.75
-28.995701 -51.754700 DCRS-00057 2026-09-22_01:07 15.9 -999.9 -999.9 96.5 -999.9 -999.9 15.3 -999.9 -999.9 1002.4 -999.9 -999.9 0.0 -999.9 0.0 0.0 0.0 0.0 25.6 25.6 34.4 34.4 15.9 15.8 96.8 96.5 0.0 DCRS_-_Cotiporã_-_Dois_Lajeados_(110_m) -999.9 -999.9 1002.8 1002.2 1002.4 15.4 15.2 0.0 Rio_Grande_do_Sul DCRS -999.9 0.0 0.0 98.5 98.54 98.31 1 0.01 100.75 100.75 100.75 100.75
-28.995701 -51.754700 DCRS-00057 2026-09-22_01:08 15.9 -999.9 -999.9 96.5 -999.9 -999.9 15.3 -999.9 -999.9 1002.3 -999.9 -999.9 0.0 -999.9 0.0 0.0 0.0 0.0 25.6 25.6 34.4 34.4 15.9 15.8 96.8 96.5 0.0 DCRS_-_Cotiporã_-_Dois_Lajeados_(110_m) -999.9 -999.9 1002.8 1002.2 1002.3 15.4 15.2 0.0 Rio_Grande_do_Sul DCRS -999.9 0.0 0.0 98.56 98.56 98.31 1 0.15 100.75 100.75 100.75 100.75
-28.995701 -51.754700 DCRS-00057 2026-09-22_01:09 15.8 -999.9 -999.9 96.5 -999.9 -999.9 15.2 -999.9 -999.9 1002.3 -999.9 -999.9 0.0 -999.9 0.0 0.0 0.0 0.0 25.6 25.6 34.4 34.4 15.9 15.8 96.8 96.5 0.0 DCRS_-_Cotiporã_-_Dois_Lajeados_(110_m) -999.9 -999.9 1002.8 1002.2 1002.3 15.4 15.2 0.0 Rio_Grande_do_Sul DCRS -999.9 0.0 0.0 98.48 98.56 98.31 1 0.17 100.75 100.75 100.75 100.75
-28.995701 -51.754700 DCRS-00057 2026-09-22_01:10 15.9 -999.9 -999.9 96.5 -999.9 -999.9 15.3 -999.9 -999.9 1002.3 -999.9 -999.9 0.0 -999.9 0.0 0.0 0.0 0.0 25.6 25.6 34.4 34.4 15.9 15.8 96.8 96.5 0.0 DCRS_-_Cotiporã_-_Dois_Lajeados_(110_m) -999.9 -999.9 1002.8 1002.2 1002.3 15.4 15.2 0.0 Rio_Grande_do_Sul DCRS -999.9 0.0 0.0 98.47 98.56 98.31 1 0.01 100.75 100.75 100.75 100.75
-28.995701 -51.754700 DCRS-00057 2026-09-22_01:11 15.9 -999.9 -999.9 96.5 -999.9 -999.9 15.3 -999.9 -999.9 1002.3 -999.9 -999.9 0.0 -999.9 0.0 0.0 0.0 0.0 25.6 25.6 34.4 34.4 15.9 15.8 96.8 96.5 0.0 DCRS_-_Cotiporã_-_Dois_Lajeados_(110_m) -999.9 -999.9 1002.8 1002.2 1002.3 15.4 15.2 0.0 Rio_Grande_do_Sul DCRS -999.9 0.0 0.0 98.43 98.56 98.31 1 -0.03 100.75 100.75 100.75 100.75
-28.995701 -51.754700 DCRS-00057 2026-09-22_01:12 15.9 -999.9 -999.9 96.5 -999.9 -999.9 15.3 -999.9 -999.9 1002.3 -999.9 -999.9 0.0 -999.9 0.0 0.0 0.0 0.0 25.6 25.6 34.4 34.4 15.9 15.8 96.8 96.5 0.0 DCRS_-_Cotiporã_-_Dois_Lajeados_(110_m) -999.9 -999.9 1002.8 1002.2 1002.3 15.4 15.2 0.0 Rio_Grande_do_Sul DCRS -999.9 0.0 0.0 98.49 98.56 98.31 1 0.09 100.75 100.75 100.75 100.75
-28.995701 -51.754700 DCRS-00057 2026-09-22_01:13 15.8 -999.9 -999.9 96.5 -999.9 -999.9 15.2 -999.9 -999.9 1002.3 -999.9 -999.9 0.0 -999.9 0.0 0.0 0.0 0.0 25.6 25.6 34.4 34.4 15.9 15.8 96.8 96.5 0.0 DCRS_-_Cotiporã_-_Dois_Lajeados_(110_m) -999.9 -999.9 1002.8 1002.2 1002.3 15.4 15.2 0.0 Rio_Grande_do_Sul DCRS -999.9 0.0 0.0 98.51 98.56 98.31 1 0.11 100.75 100.75 100.75 100.75
-28.995701 -51.754700 DCRS-00057 2026-09-22_01:14 15.8 -999.9 -999.9 96.5 -999.9 -999.9 15.2 -999.9 -999.9 1002.3 -999.9 -999.9 0.0 -999.9 0.0 0.0 0.0 0.0 25.6 25.6 34.4 34.4 15.9 15.8 96.8 96.5 0.0 DCRS_-_Cotiporã_-_Dois_Lajeados_(110_m) -999.9 -999.9 1002.8 1002.2 1002.3 15.4 15.2 0.0 Rio_Grande_do_Sul DCRS -999.9 0.0 0.0 98.57 98.57 98.31 1 0.25 100.75 100.75 100.75 100.75
-28.995701 -51.754700 DCRS-00057 2026-09-22_01:15 15.8 -999.9 -999.9 96.6 -999.9 -999.9 15.3 -999.9 -999.9 1002.3 -999.9 -999.9 0.0 -999.9 0.0 0.0 0.0 0.0 25.6 25.6 34.4 34.4 15.9 15.8 96.8 96.5 0.0 DCRS_-_Cotiporã_-_Dois_Lajeados_(110_m) -999.9 -999.9 1002.8 1002.2 1002.3 15.4 15.2 0.0 Rio_Grande_do_Sul DCRS -999.9 0.0 0.0 98.53 98.57 98.31 1 0.14 100.75 100.75 100.75 100.75
-28.995701 -51.754700 DCRS-00057 2026-09-22_01:16 15.8 -999.9 -999.9 96.5 -999.9 -999.9 15.2 -999.9 -999.9 1002.3 -999.9 -999.9 0.0 -999.9 0.0 0.0 0.0 0.0 25.6 25.6 34.4 34.4 15.9 15.8 96.8 96.5 0.0 DCRS_-_Cotiporã_-_Dois_Lajeados_(110_m) -999.9 -999.9 1002.8 1002.2 1002.3 15.4 15.2 0.0 Rio_Grande_do_Sul DCRS -999.9 0.0 0.0 98.51 98.57 98.31 1 0.11 100.75 100.75 100.75 100.75
-28.995701 -51.754700 DCRS-00057 2026-09-22_01:17 15.8 -999.9 -999.9 96.5 -999.9 -999.9 15.2 -999.9 -999.9 1002.3 -999.9 -999.9 0.0 -999.9 0.0 0.0 0.0 0.0 25.6 25.6 34.4 34.4 15.9 15.8 96.8 96.5 0.0 DCRS_-_Cotiporã_-_Dois_Lajeados_(110_m) -999.9 -999.9 1002.8 1002.2 1002.3 15.4 15.2 0.0 Rio_Grande_do_Sul DCRS -999.9 0.0 0.0 98.51 98.57 98.31 1 0.15 100.75 100.75 100.75 100.75
-28.995701 -51.754700 DCRS-00057 2026-09-22_01:18 15.8 -999.9 -999.9 96.5 -999.9 -999.9 15.2 -999.9 -999.9 1002.3 -999.9 -999.9 0.0 -999.9 0.0 0.0 0.0 0.0 25.6 25.6 34.4 34.4 15.9 15.8 96.8 96.5 0.0 DCRS_-_Cotiporã_-_Dois_Lajeados_(110_m) -999.9 -999.9 1002.8 1002.2 1002.3 15.4 15.2 0.0 Rio_Grande_do_Sul DCRS -999.9 0.0 0.0 98.47 98.57 98.31 1 0.08 100.75 100.75 100.75 100.75
-28.995701 -51.754700 DCRS-00057 2026-09-22_01:19 15.8 -999.9 -999.9 96.6 -999.9 -999.9 15.3 -999.9 -999.9 1002.3 -999.9 -999.9 0.0 -999.9 0.0 0.0 0.0 0.0 25.6 25.6 34.4 34.4 15.9 15.8 96.8 96.5 0.0 DCRS_-_Cotiporã_-_Dois_Lajeados_(110_m) -999.9 -999.9 1002.8 1002.2 1002.3 15.4 15.2 0.0 Rio_Grande_do_Sul DCRS -999.9 0.0 0.0 98.55 98.57 98.31 1 0.14 100.75 100.75 100.75 100.75
-28.995701 -51.754700 DCRS-00057 2026-09-22_01:20 15.8 -999.9 -999.9 96.6 -999.9 -999.9 15.3 -999.9 -999.9 1002.4 -999.9 -999.9 0.0 -999.9 0.0 0.0 0.0 0.0 25.6 25.6 34.4 34.4 15.9 15.8 96.8 96.5 0.0 DCRS_-_Cotiporã_-_Dois_Lajeados_(110_m) -999.9 -999.9 1002.8 1002.2 1002.4 15.4 15.2 0.0 Rio_Grande_do_Sul DCRS -999.9 0.0 0.0 98.52 98.57 98.31 1 0.09 100.75 100.75 100.75 100.75
-28.995701 -51.754700 DCRS-00057 2026-09-22_01:21 15.8 -999.9 -999.9 96.7 -999.9 -999.9 15.3 -999.9 -999.9 1002.4 -999.9 -999.9 0.0 -999.9 0.0 0.0 0.0 0.0 25.6 25.6 34.4 34.4 15.9 15.8 96.8 96.5 0.0 DCRS_-_Cotiporã_-_Dois_Lajeados_(110_m) -999.9 -999.9 1002.8 1002.2 1002.4 15.4 15.2 0.0 Rio_Grande_do_Sul DCRS -999.9 0.0 0.0 98.5 98.57 98.31 1 0.11 100.75 100.75 100.75 100.75
-28.995701 -51.754700 DCRS-00057 2026-09-22_01:22 15.8 -999.9 -999.9 96.7 -999.9 -999.9 15.3 -999.9 -999.9 1002.5 -999.9 -999.9 0.0 -999.9 0.0 0.0 0.0 0.0 25.6 25.6 34.4 34.4 15.9 15.8 96.8 96.5 0.0 DCRS_-_Cotiporã_-_Dois_Lajeados_(110_m) -999.9 -999.9 1002.8 1002.2 1002.5 15.4 15.2 0.0 Rio_Grande_do_Sul DCRS -999.9 0.0 0.0 98.45 98.57 98.31 1 0.13 100.75 100.75 100.75 100.75
-28.995701 -51.754700 DCRS-00057 2026-09-22_01:23 15.8 -999.9 -999.9 96.6 -999.9 -999.9 15.3 -999.9 -999.9 1002.6 -999.9 -999.9 0.0 -999.9 0.0 0.0 0.0 0.0 25.6 25.6 34.4 34.4 15.9 15.8 96.8 96.5 0.0 DCRS_-_Cotiporã_-_Dois_Lajeados_(110_m) -999.9 -999.9 1002.8 1002.2 1002.6 15.4 15.2 0.0 Rio_Grande_do_Sul DCRS -999.9 0.0 0.0 98.46 98.57 98.31 1 0.05 100.75 100.75 100.75 100.75
-28.995701 -51.754700 DCRS-00057 2026-09-22_01:24 15.8 -999.9 -999.9 96.6 -999.9 -999.9 15.3 -999.9 -999.9 1002.6 -999.9 -999.9 0.0 -999.9 0.0 0.0 0.0 0.0 25.6 25.6 34.4 34.4 15.9 15.8 96.8 96.5 0.0 DCRS_-_Cotiporã_-_Dois_Lajeados_(110_m) -999.9 -999.9 1002.8 1002.2 1002.6 15.4 15.2 0.0 Rio_Grande_do_Sul DCRS -999.9 0.0 0.0 98.52 98.57 98.31 1 0.1 100.75 100.75 100.75 100.75
-28.995701 -51.754700 DCRS-00057 2026-09-22_01:25 15.8 -999.9 -999.9 96.6 -999.9 -999.9 15.3 -999.9 -999.9 1002.5 -999.9 -999.9 0.0 -999.9 0.0 0.0 0.0 0.0 25.6 25.6 34.4 34.4 15.9 15.8 96.8 96.5 0.0 DCRS_-_Cotiporã_-_Dois_Lajeados_(110_m) -999.9 -999.9 1002.8 1002.2 1002.5 15.4 15.2 0.0 Rio_Grande_do_Sul DCRS -999.9 0.0 0.0 98.48 98.57 98.31 1 0.15 100.75 100.75 100.75 100.75
-28.995701 -51.754700 DCRS-00057 2026-09-22_01:26 15.8 -999.9 -999.9 96.6 -999.9 -999.9 15.3 -999.9 -999.9 1002.5 -999.9 -999.9 0.0 -999.9 0.0 0.0 0.0 0.0 25.6 25.6 34.4 34.4 15.9 15.8 96.8 96.5 0.0 DCRS_-_Cotiporã_-_Dois_Lajeados_(110_m) -999.9 -999.9 1002.8 1002.2 1002.5 15.4 15.2 0.0 Rio_Grande_do_Sul DCRS -999.9 0.0 0.0 98.51 98.57 98.31 1 0.18 100.75 100.75 100.75 100.75
-28.995701 -51.754700 DCRS-00057 2026-09-22_01:27 15.8 -999.9 -999.9 96.6 -999.9 -999.9 15.3 -999.9 -999.9 1002.5 -999.9 -999.9 0.0 -999.9 0.0 0.0 0.0 0.0 25.6 25.6 34.4 34.4 15.9 15.8 96.8 96.5 0.0 DCRS_-_Cotiporã_-_Dois_Lajeados_(110_m) -999.9 -999.9 1002.8 1002.2 1002.5 15.4 15.2 0.0 Rio_Grande_do_Sul DCRS -999.9 0.0 0.0 98.43 98.57 98.31 1 0.05 100.75 100.75 100.75 100.75
-28.995701 -51.754700 DCRS-00057 2026-09-22_01:28 15.8 -999.9 -999.9 96.6 -999.9 -999.9 15.3 -999.9 -999.9 1002.4 -999.9 -999.9 0.0 -999.9 0.0 0.0 0.0 0.0 25.6 25.6 34.4 34.4 15.9 15.8 96.8 96.5 0.0 DCRS_-_Cotiporã_-_Dois_Lajeados_(110_m) -999.9 -999.9 1002.8 1002.2 1002.4 15.4 15.2 0.0 Rio_Grande_do_Sul DCRS -999.9 0.0 0.0 98.5 98.57 98.31 1 0.11 100.75 100.75 100.75 100.75
-28.995701 -51.754700 DCRS-00057 2026-09-22_01:29 15.8 -999.9 -999.9 96.7 -999.9 -999.9 15.3 -999.9 -999.9 1002.4 -999.9 -999.9 0.0 -999.9 0.0 0.0 0.0 0.0 25.6 25.6 34.4 34.4 15.9 15.8 96.8 96.5 0.0 DCRS_-_Cotiporã_-_Dois_Lajeados_(110_m) -999.9 -999.9 1002.8 1002.2 1002.4 15.4 15.2 0.0 Rio_Grande_do_Sul DCRS -999.9 0.0 0.0 98.49 98.57 98.31 1 0.08 100.75 100.75 100.75 100.75
-28.995701 -51.754700 DCRS-00057 2026-09-22_01:30 15.8 -999.9 -999.9 96.6 -999.9 -999.9 15.3 -999.9 -999.9 1002.4 -999.9 -999.9 0.0 -999.9 0.0 0.0 0.0 0.0 25.6 25.6 34.4 34.4 15.9 15.8 96.8 96.5 0.0 DCRS_-_Cotiporã_-_Dois_Lajeados_(110_m) -999.9 -999.9 1002.8 1002.2 1002.4 15.4 15.2 0.0 Rio_Grande_do_Sul DCRS -999.9 0.0 0.0 98.48 98.57 98.31 1 0.1 100.75 100.75 100.75 100.75
-28.995701 -51.754700 DCRS-00057 2026-09-22_01:31 15.8 -999.9 -999.9 96.5 -999.9 -999.9 15.2 -999.9 -999.9 1002.4 -999.9 -999.9 0.0 -999.9 0.0 0.0 0.0 0.0 25.6 25.6 34.4 34.4 15.9 15.8 96.8 96.5 0.0 DCRS_-_Cotiporã_-_Dois_Lajeados_(110_m) -999.9 -999.9 1002.8 1002.2 1002.4 15.4 15.2 0.0 Rio_Grande_do_Sul DCRS -999.9 0.0 0.0 98.48 98.57 98.31 1 0.1 100.75 100.75 100.75 100.75
-28.995701 -51.754700 DCRS-00057 2026-09-22_01:32 15.8 -999.9 -999.9 96.6 -999.9 -999.9 15.3 -999.9 -999.9 1002.4 -999.9 -999.9 0.0 -999.9 0.0 0.0 0.0 0.0 25.6 25.6 34.4 34.4 15.9 15.8 96.8 96.5 0.0 DCRS_-_Cotiporã_-_Dois_Lajeados_(110_m) -999.9 -999.9 1002.8 1002.2 1002.4 15.4 15.2 0.0 Rio_Grande_do_Sul DCRS -999.9 0.0 0.0 98.44 98.57 98.31 1 0.03 100.75 100.75 100.75 100.75
-28.995701 -51.754700 DCRS-00057 2026-09-22_01:33 15.8 -999.9 -999.9 96.5 -999.9 -999.9 15.2 -999.9 -999.9 1002.3 -999.9 -999.9 0.0 -999.9 0.0 0.0 0.0 0.0 25.6 25.6 34.4 34.4 15.9 15.8 96.8 96.5 0.0 DCRS_-_Cotiporã_-_Dois_Lajeados_(110_m) -999.9 -999.9 1002.8 1002.2 1002.3 15.4 15.2 0.0 Rio_Grande_do_Sul DCRS -999.9 0.0 0.0 98.5 98.57 98.31 1 0.1 100.75 100.75 100.75 100.75
-28.995701 -51.754700 DCRS-00057 2026-09-22_01:34 15.8 -999.9 -999.9 96.5 -999.9 -999.9 15.2 -999.9 -999.9 1002.3 -999.9 -999.9 0.0 -999.9 0.0 0.0 0.0 0.0 25.6 25.6 34.4 34.4 15.9 15.8 96.8 96.5 0.0 DCRS_-_Cotiporã_-_Dois_Lajeados_(110_m) -999.9 -999.9 1002.8 1002.2 1002.3 15.4 15.2 0.0 Rio_Grande_do_Sul DCRS -999.9 0.0 0.0 98.44 98.57 98.31 1 0.04 100.75 100.75 100.75 100.75
-28.995701 -51.754700 DCRS-00057 2026-09-22_01:35 15.8 -999.9 -999.9 96.5 -999.9 -999.9 15.2 -999.9 -999.9 1002.3 -999.9 -999.9 0.0 -999.9 0.0 0.0 0.0 0.0 25.6 25.6 34.4 34.4 15.9 15.8 96.8 96.5 0.0 DCRS_-_Cotiporã_-_Dois_Lajeados_(110_m) -999.9 -999.9 1002.8 1002.2 1002.3 15.4 15.2 0.0 Rio_Grande_do_Sul DCRS -999.9 0.0 0.0 98.47 98.57 98.31 1 0.02 100.75 100.75 100.75 100.75
-28.995701 -51.754700 DCRS-00057 2026-09-22_01:36 15.8 -999.9 -999.9 96.5 -999.9 -999.9 15.2 -999.9 -999.9 1002.3 -999.9 -999.9 0.0 -999.9 0.0 0.0 0.0 0.0 25.6 25.6 34.4 34.4 15.9 15.8 96.8 96.5 0.0 DCRS_-_Cotiporã_-_Dois_Lajeados_(110_m) -999.9 -999.9 1002.8 1002.2 1002.3 15.4 15.2 0.0 Rio_Grande_do_Sul DCRS -999.9 0.0 0.0 98.52 98.57 98.31 1 0.08 100.75 100.75 100.75 100.75
-28.995701 -51.754700 DCRS-00057 2026-09-22_01:37 15.8 -999.9 -999.9 96.5 -999.9 -999.9 15.2 -999.9 -999.9 1002.4 -999.9 -999.9 0.0 -999.9 0.0 0.0 0.0 0.0 25.6 25.6 34.4 34.4 15.9 15.8 96.8 96.5 0.0 DCRS_-_Cotiporã_-_Dois_Lajeados_(110_m) -999.9 -999.9 1002.8 1002.2 1002.4 15.4 15.2 0.0 Rio_Grande_do_Sul DCRS -999.9 0.0 0.0 98.46 98.57 98.31 1 0.02 100.75 100.75 100.75 100.75
-28.995701 -51.754700 DCRS-00057 2026-09-22_01:38 15.9 -999.9 -999.9 96.5 -999.9 -999.9 15.3 -999.9 -999.9 1002.4 -999.9 -999.9 0.0 -999.9 0.0 0.0 0.0 0.0 25.6 25.6 34.4 34.4 15.9 15.8 96.8 96.5 0.0 DCRS_-_Cotiporã_-_Dois_Lajeados_(110_m) -999.9 -999.9 1002.8 1002.2 1002.4 15.4 15.2 0.0 Rio_Grande_do_Sul DCRS -999.9 0.0 0.0 98.49 98.57 98.31 1 0.13 100.75 100.75 100.75 100.75
-28.995701 -51.754700 DCRS-00057 2026-09-22_01:39 15.9 -999.9 -999.9 96.5 -999.9 -999.9 15.3 -999.9 -999.9 1002.4 -999.9 -999.9 0.0 -999.9 0.0 0.0 0.0 0.0 25.6 25.6 34.4 34.4 15.9 15.8 96.8 96.5 0.0 DCRS_-_Cotiporã_-_Dois_Lajeados_(110_m) -999.9 -999.9 1002.8 1002.2 1002.4 15.4 15.2 0.0 Rio_Grande_do_Sul DCRS -999.9 0.0 0.0 98.43 98.57 98.31 1 0.07 100.75 100.75 100.75 100.75
-28.995701 -51.754700 DCRS-00057 2026-09-22_01:40 15.8 -999.9 -999.9 96.6 -999.9 -999.9 15.3 -999.9 -999.9 1002.5 -999.9 -999.9 0.0 -999.9 0.0 0.0 0.0 0.0 25.6 25.6 34.4 34.4 15.9 15.8 96.8 96.5 0.0 DCRS_-_Cotiporã_-_Dois_Lajeados_(110_m) -999.9 -999.9 1002.8 1002.2 1002.5 15.4 15.2 0.0 Rio_Grande_do_Sul DCRS -999.9 0.0 0.0 98.47 98.57 98.31 1 0.14 100.75 100.75 100.75 100.75
-28.995701 -51.754700 DCRS-00057 2026-09-22_01:41 15.9 -999.9 -999.9 96.6 -999.9 -999.9 15.4 -999.9 -999.9 1002.5 -999.9 -999.9 0.0 -999.9 0.0 0.0 0.0 0.0 25.6 25.6 34.4 34.4 15.9 15.8 96.8 96.5 0.0 DCRS_-_Cotiporã_-_Dois_Lajeados_(110_m) -999.9 -999.9 1002.8 1002.2 1002.5 15.4 15.2 0.0 Rio_Grande_do_Sul DCRS -999.9 0.0 0.0 98.4 98.57 98.31 1 0.01 100.75 100.75 100.75 100.75
-28.995701 -51.754700 DCRS-00057 2026-09-22_01:42 15.9 -999.9 -999.9 96.5 -999.9 -999.9 15.3 -999.9 -999.9 1002.5 -999.9 -999.9 0.0 -999.9 0.0 0.0 0.0 0.0 25.6 25.6 34.4 34.4 15.9 15.8 96.8 96.5 0.0 DCRS_-_Cotiporã_-_Dois_Lajeados_(110_m) -999.9 -999.9 1002.8 1002.2 1002.5 15.4 15.2 0.0 Rio_Grande_do_Sul DCRS -999.9 0.0 0.0 98.55 98.57 98.31 1 0.18 100.75 100.75 100.75 100.75
-28.995701 -51.754700 DCRS-00057 2026-09-22_01:43 15.9 -999.9 -999.9 96.4 -999.9 -999.9 15.3 -999.9 -999.9 1002.5 -999.9 -999.9 0.0 -999.9 0.0 0.0 0.0 0.0 25.6 25.6 34.4 34.4 15.9 15.8 96.8 96.4 0.0 DCRS_-_Cotiporã_-_Dois_Lajeados_(110_m) -999.9 -999.9 1002.8 1002.2 1002.5 15.4 15.2 0.0 Rio_Grande_do_Sul DCRS -999.9 0.0 0.0 98.46 98.57 98.31 1 0.09 100.75 100.75 100.75 100.75
-28.995701 -51.754700 DCRS-00057 2026-09-22_01:44 15.9 -999.9 -999.9 96.5 -999.9 -999.9 15.3 -999.9 -999.9 1002.5 -999.9 -999.9 0.0 -999.9 0.0 0.0 0.0 0.0 25.6 25.6 34.4 34.4 15.9 15.8 96.8 96.4 0.0 DCRS_-_Cotiporã_-_Dois_Lajeados_(110_m) -999.9 -999.9 1002.8 1002.2 1002.5 15.4 15.2 0.0 Rio_Grande_do_Sul DCRS -999.9 0.0 0.0 98.49 98.57 98.31 1 0.06 100.75 100.75 100.75 100.75
-28.995701 -51.754700 DCRS-00057 2026-09-22_01:45 15.9 -999.9 -999.9 96.5 -999.9 -999.9 15.3 -999.9 -999.9 1002.5 -999.9 -999.9 0.0 -999.9 0.0 0.0 0.0 0.0 25.6 25.6 34.4 34.4 15.9 15.8 96.8 96.4 0.0 DCRS_-_Cotiporã_-_Dois_Lajeados_(110_m) -999.9 -999.9 1002.8 1002.2 1002.5 15.4 15.2 0.0 Rio_Grande_do_Sul DCRS -999.9 0.0 0.0 98.44 98.57 98.31 1 0.06 100.75 100.75 100.75 100.75
-28.995701 -51.754700 DCRS-00057 2026-09-22_01:46 15.9 -999.9 -999.9 96.5 -999.9 -999.9 15.3 -999.9 -999.9 1002.5 -999.9 -999.9 0.0 -999.9 0.0 0.0 0.0 0.0 25.6 25.6 34.4 34.4 15.9 15.8 96.8 96.4 0.0 DCRS_-_Cotiporã_-_Dois_Lajeados_(110_m) -999.9 -999.9 1002.8 1002.2 1002.5 15.4 15.2 0.0 Rio_Grande_do_Sul DCRS -999.9 0.0 0.0 98.43 98.57 98.31 0 -0.06 100.75 100.75 100.75 100.75
-28.995701 -51.754700 DCRS-00057 2026-09-22_01:47 15.9 -999.9 -999.9 96.4 -999.9 -999.9 15.3 -999.9 -999.9 1002.4 -999.9 -999.9 0.0 -999.9 0.0 0.0 0.0 0.0 25.6 25.6 34.4 34.4 15.9 15.8 96.8 96.4 0.0 DCRS_-_Cotiporã_-_Dois_Lajeados_(110_m) -999.9 -999.9 1002.8 1002.2 1002.4 15.4 15.2 0.0 Rio_Grande_do_Sul DCRS -999.9 0.0 0.0 98.42 98.57 98.31 0 -0.06 100.75 100.75 100.75 100.75
-28.995701 -51.754700 DCRS-00057 2026-09-22_01:48 15.9 -999.9 -999.9 96.4 -999.9 -999.9 15.3 -999.9 -999.9 1002.4 -999.9 -999.9 0.0 -999.9 0.0 0.0 0.0 0.0 25.6 25.6 34.4 34.4 15.9 15.8 96.8 96.4 0.0 DCRS_-_Cotiporã_-_Dois_Lajeados_(110_m) -999.9 -999.9 1002.8 1002.2 1002.4 15.4 15.2 0.0 Rio_Grande_do_Sul DCRS -999.9 0.0 0.0 98.55 98.57 98.31 0 0.12 100.75 100.75 100.75 100.75
-28.995701 -51.754700 DCRS-00057 2026-09-22_01:49 15.9 -999.9 -999.9 96.5 -999.9 -999.9 15.3 -999.9 -999.9 1002.3 -999.9 -999.9 0.0 -999.9 0.0 0.0 0.0 0.0 25.6 25.6 34.4 34.4 15.9 15.8 96.8 96.4 0.0 DCRS_-_Cotiporã_-_Dois_Lajeados_(110_m) -999.9 -999.9 1002.8 1002.2 1002.3 15.4 15.2 0.0 Rio_Grande_do_Sul DCRS -999.9 0.0 0.0 98.45 98.57 98.31 -1 -0.05 100.75 100.75 100.75 100.75
-28.995701 -51.754700 DCRS-00057 2026-09-22_01:50 15.8 -999.9 -999.9 96.3 -999.9 -999.9 15.2 -999.9 -999.9 1002.3 -999.9 -999.9 0.0 -999.9 1.9 0.0 0.0 0.0 25.6 25.6 34.4 34.4 15.9 15.8 96.8 96.3 1.9 DCRS_-_Cotiporã_-_Dois_Lajeados_(110_m) -999.9 -999.9 1002.8 1002.2 1002.3 15.4 15.2 0.0 Rio_Grande_do_Sul DCRS -999.9 0.0 0.0 98.51 98.57 98.31 0 0.03 100.75 100.75 100.75 100.75
-28.995701 -51.754700 DCRS-00057 2026-09-22_01:51 15.9 -999.9 -999.9 96.3 -999.9 -999.9 15.3 -999.9 -999.9 1002.4 -999.9 -999.9 0.0 -999.9 1.9 0.0 0.0 0.0 25.6 25.6 34.4 34.4 15.9 15.8 96.8 96.3 1.9 DCRS_-_Cotiporã_-_Dois_Lajeados_(110_m) -999.9 -999.9 1002.8 1002.2 1002.4 15.4 15.2 0.0 Rio_Grande_do_Sul DCRS -999.9 0.0 0.0 98.43 98.57 98.31 0 -0.05 100.75 100.75 100.75 100.75
-28.995701 -51.754700 DCRS-00057 2026-09-22_01:52 15.8 -999.9 -999.9 96.3 -999.9 -999.9 15.2 -999.9 -999.9 1002.4 -999.9 -999.9 0.0 -999.9 1.9 0.0 0.0 0.0 25.6 25.6 34.4 34.4 15.9 15.8 96.8 96.3 1.9 DCRS_-_Cotiporã_-_Dois_Lajeados_(110_m) -999.9 -999.9 1002.8 1002.2 1002.4 15.4 15.2 0.0 Rio_Grande_do_Sul DCRS -999.9 0.0 0.0 98.43 98.57 98.31 0 -0.04 100.75 100.75 100.75 100.75
-28.995701 -51.754700 DCRS-00057 2026-09-22_01:53 15.8 -999.9 -999.9 96.3 -999.9 -999.9 15.2 -999.9 -999.9 1002.3 -999.9 -999.9 0.0 -999.9 1.9 0.0 0.0 0.0 25.6 25.6 34.4 34.4 15.9 15.8 96.8 96.3 1.9 DCRS_-_Cotiporã_-_Dois_Lajeados_(110_m) -999.9 -999.9 1002.8 1002.2 1002.3 15.4 15.2 0.0 Rio_Grande_do_Sul DCRS -999.9 0.0 0.0 98.4 98.57 98.31 -1 -0.07 100.75 100.75 100.75 100.75
-28.995701 -51.754700 DCRS-00057 2026-09-22_01:54 15.8 -999.9 -999.9 96.3 -999.9 -999.9 15.2 -999.9 -999.9 1002.3 -999.9 -999.9 0.0 -999.9 1.9 0.0 0.0 0.0 25.6 25.6 34.4 34.4 15.9 15.8 96.8 96.3 1.9 DCRS_-_Cotiporã_-_Dois_Lajeados_(110_m) -999.9 -999.9 1002.8 1002.2 1002.3 15.4 15.2 0.0 Rio_Grande_do_Sul DCRS -999.9 0.0 0.0 98.46 98.57 98.31 -1 -0.01 100.75 100.75 100.75 100.75
-28.995701 -51.754700 DCRS-00057 2026-09-22_01:55 15.8 -999.9 -999.9 96.3 -999.9 -999.9 15.2 -999.9 -999.9 1002.3 -999.9 -999.9 0.0 -999.9 0.0 0.0 0.0 0.0 25.6 25.6 34.4 34.4 15.9 15.8 96.8 96.3 1.9 DCRS_-_Cotiporã_-_Dois_Lajeados_(110_m) -999.9 -999.9 1002.8 1002.2 1002.3 15.4 15.2 0.0 Rio_Grande_do_Sul DCRS -999.9 0.0 0.0 98.44 98.57 98.31 -1 -0.05 100.75 100.75 100.75 100.75
-28.995701 -51.754700 DCRS-00057 2026-09-22_01:56 15.8 -999.9 -999.9 96.3 -999.9 -999.9 15.2 -999.9 -999.9 1002.2 -999.9 -999.9 0.0 -999.9 0.0 0.0 0.0 0.0 25.6 25.6 34.4 34.4 15.9 15.8 96.8 96.3 1.9 DCRS_-_Cotiporã_-_Dois_Lajeados_(110_m) -999.9 -999.9 1002.8 1002.2 1002.2 15.4 15.2 0.0 Rio_Grande_do_Sul DCRS -999.9 0.0 0.0 98.41 98.57 98.31 -1 -0.02 100.75 100.75 100.75 100.75
-28.995701 -51.754700 DCRS-00057 2026-09-22_01:57 15.9 -999.9 -999.9 96.3 -999.9 -999.9 15.3 -999.9 -999.9 1002.3 -999.9 -999.9 0.0 -999.9 0.0 0.0 0.0 0.0 25.6 25.6 34.4 34.4 15.9 15.8 96.8 96.3 1.9 DCRS_-_Cotiporã_-_Dois_Lajeados_(110_m) -999.9 -999.9 1002.8 1002.2 1002.3 15.4 15.2 0.0 Rio_Grande_do_Sul DCRS -999.9 0.0 0.0 98.44 98.57 98.31 -1 0.03 100.75 100.75 100.75 100.75
-28.995701 -51.754700 DCRS-00057 2026-09-22_01:58 15.8 -999.9 -999.9 96.4 -999.9 -999.9 15.2 -999.9 -999.9 1002.3 -999.9 -999.9 0.0 -999.9 0.0 0.0 0.0 0.0 25.6 25.6 34.4 34.4 15.9 15.8 96.8 96.3 1.9 DCRS_-_Cotiporã_-_Dois_Lajeados_(110_m) -999.9 -999.9 1002.8 1002.2 1002.3 15.4 15.2 0.0 Rio_Grande_do_Sul DCRS -999.9 0.0 0.0 98.46 98.57 98.31 -1 0.05 100.75 100.75 100.75 100.75
-28.995701 -51.754700 DCRS-00057 2026-09-22_01:59 15.9 -999.9 -999.9 96.5 -999.9 -999.9 15.3 -999.9 -999.9 1002.4 -999.9 -999.9 0.0 -999.9 0.0 0.0 0.0 0.0 25.6 25.6 34.4 34.4 15.9 15.8 96.8 96.3 1.9 DCRS_-_Cotiporã_-_Dois_Lajeados_(110_m) -999.9 -999.9 1002.8 1002.2 1002.4 15.4 15.2 0.0 Rio_Grande_do_Sul DCRS -999.9 0.0 0.0 98.43 98.57 98.31 -1 -0.04 100.75 100.75 100.75 100.75
-28.995701 -51.754700 DCRS-00057 2026-09-22_02:00 15.9 -999.9 -999.9 96.4 -999.9 -999.9 15.3 -999.9 -999.9 1002.4 -999.9 -999.9 0.0 -999.9 2.1 0.0 0.0 0.0 25.6 25.6 34.4 34.4 15.9 15.8 96.8 96.3 2.1 DCRS_-_Cotiporã_-_Dois_Lajeados_(110_m) -999.9 -999.9 1002.8 1002.2 1002.4 15.4 15.2 0.0 Rio_Grande_do_Sul DCRS -999.9 0.0 0.0 98.49 98.57 98.31 -1 0.02 100.75 100.75 100.75 100.75
-28.995701 -51.754700 DCRS-00057 2026-09-22_02:01 15.9 -999.9 -999.9 96.5 -999.9 -999.9 15.3 -999.9 -999.9 1002.5 -999.9 -999.9 0.0 -999.9 2.1 0.0 0.0 0.0 25.6 25.6 34.4 34.4 15.9 15.8 96.8 96.3 2.1 DCRS_-_Cotiporã_-_Dois_Lajeados_(110_m) -999.9 -999.9 1002.8 1002.2 1002.5 15.4 15.2 0.0 Rio_Grande_do_Sul DCRS -999.9 0.0 0.0 98.44 98.57 98.31 -1 -0.09 100.75 100.75 100.75 100.75
-28.995701 -51.754700 DCRS-00057 2026-09-22_02:02 15.9 -999.9 -999.9 96.4 -999.9 -999.9 15.3 -999.9 -999.9 1002.4 -999.9 -999.9 0.0 -999.9 2.1 0.0 0.0 0.0 25.6 25.6 34.4 34.4 15.9 15.8 96.8 96.3 2.1 DCRS_-_Cotiporã_-_Dois_Lajeados_(110_m) -999.9 -999.9 1002.8 1002.2 1002.4 15.4 15.2 0.0 Rio_Grande_do_Sul DCRS -999.9 0.0 0.0 98.43 98.57 98.31 -1 -0.03 100.75 100.75 100.75 100.75
-28.995701 -51.754700 DCRS-00057 2026-09-22_02:03 15.9 -999.9 -999.9 96.4 -999.9 -999.9 15.3 -999.9 -999.9 1002.4 -999.9 -999.9 0.0 -999.9 2.1 0.0 0.0 0.0 25.6 25.6 34.4 34.4 15.9 15.8 96.8 96.3 2.1 DCRS_-_Cotiporã_-_Dois_Lajeados_(110_m) -999.9 -999.9 1002.8 1002.2 1002.4 15.4 15.2 0.0 Rio_Grande_do_Sul DCRS -999.9 0.0 0.0 98.45 98.57 98.31 -1 0.0 100.75 100.75 100.75 100.75
-28.995701 -51.754700 DCRS-00057 2026-09-22_02:04 15.8 -999.9 -999.9 96.4 -999.9 -999.9 15.2 -999.9 -999.9 1002.3 -999.9 -999.9 0.0 -999.9 2.1 0.0 0.0 0.0 25.6 25.6 34.4 34.4 15.9 15.8 96.8 96.3 2.1 DCRS_-_Cotiporã_-_Dois_Lajeados_(110_m) -999.9 -999.9 1002.8 1002.2 1002.3 15.4 15.2 0.0 Rio_Grande_do_Sul DCRS -999.9 0.0 0.0 98.52 98.57 98.31 -1 0.06 100.75 100.75 100.75 100.75
-28.995701 -51.754700 DCRS-00057 2026-09-22_02:05 15.9 -999.9 -999.9 96.4 -999.9 -999.9 15.3 -999.9 -999.9 1002.4 -999.9 -999.9 0.0 -999.9 0.0 0.0 0.0 0.0 25.6 25.6 34.4 34.4 15.9 15.8 96.8 96.3 2.1 DCRS_-_Cotiporã_-_Dois_Lajeados_(110_m) -999.9 -999.9 1002.8 1002.2 1002.4 15.4 15.2 0.0 Rio_Grande_do_Sul DCRS -999.9 0.0 0.0 98.47 98.57 98.31 -1 0.01 100.75 100.75 100.75 100.75
-28.995701 -51.754700 DCRS-00057 2026-09-22_02:06 15.8 -999.9 -999.9 96.2 -999.9 -999.9 15.2 -999.9 -999.9 1002.4 -999.9 -999.9 -999.9 -999.9 0.0 0.0 0.0 0.0 25.6 25.6 34.4 34.4 15.9 15.8 96.8 96.2 2.1 DCRS_-_Cotiporã_-_Dois_Lajeados_(110_m) -999.9 -999.9 1002.8 1002.2 1002.4 15.4 15.2 0.0 Rio_Grande_do_Sul DCRS -999.9 0.0 0.0 98.43 98.57 98.31 -1 -0.07 100.75 100.75 100.75 100.75
-28.995701 -51.754700 DCRS-00057 2026-09-22_02:07 15.8 -999.9 -999.9 96.1 -999.9 -999.9 15.2 -999.9 -999.9 1002.4 -999.9 -999.9 0.0 -999.9 0.0 0.0 0.0 0.0 25.6 25.6 34.4 34.4 15.9 15.8 96.8 96.1 2.1 DCRS_-_Cotiporã_-_Dois_Lajeados_(110_m) -999.9 -999.9 1002.8 1002.2 1002.4 15.4 15.2 0.0 Rio_Grande_do_Sul DCRS -999.9 0.0 0.0 98.44 98.57 98.31 -1 -0.06 100.75 100.75 100.75 100.75
-28.995701 -51.754700 DCRS-00057 2026-09-22_02:08 15.7 -999.9 -999.9 96.1 -999.9 -999.9 15.1 -999.9 -999.9 1002.4 -999.9 -999.9 0.0 -999.9 0.0 0.0 0.0 0.0 25.6 25.6 34.4 34.4 15.9 15.7 96.8 96.1 2.1 DCRS_-_Cotiporã_-_Dois_Lajeados_(110_m) -999.9 -999.9 1002.8 1002.2 1002.4 15.4 15.1 0.0 Rio_Grande_do_Sul DCRS -999.9 0.0 0.0 98.49 98.57 98.31 -1 -0.07 100.75 100.75 100.75 100.75
-28.995701 -51.754700 DCRS-00057 2026-09-22_02:09 15.8 -999.9 -999.9 96.1 -999.9 -999.9 15.2 -999.9 -999.9 1002.4 -999.9 -999.9 0.0 -999.9 0.0 0.0 0.0 0.0 25.6 25.6 34.4 34.4 15.9 15.7 96.8 96.1 2.1 DCRS_-_Cotiporã_-_Dois_Lajeados_(110_m) -999.9 -999.9 1002.8 1002.2 1002.4 15.4 15.1 0.0 Rio_Grande_do_Sul DCRS -999.9 0.0 0.0 98.36 98.57 98.31 -1 -0.12 100.75 100.75 100.75 100.75
-28.995701 -51.754700 DCRS-00057 2026-09-22_02:10 15.8 -999.9 -999.9 96.1 -999.9 -999.9 15.2 -999.9 -999.9 1002.4 -999.9 -999.9 0.0 -999.9 3.7 0.0 0.0 0.0 25.6 25.6 34.4 34.4 15.9 15.7 96.8 96.1 3.7 DCRS_-_Cotiporã_-_Dois_Lajeados_(110_m) -999.9 -999.9 1002.8 1002.2 1002.4 15.4 15.1 0.0 Rio_Grande_do_Sul DCRS -999.9 0.0 0.0 98.5 98.57 98.31 -1 0.03 100.75 100.75 100.75 100.75
-28.995701 -51.754700 DCRS-00057 2026-09-22_02:11 15.8 -999.9 -999.9 96.0 -999.9 -999.9 15.2 -999.9 -999.9 1002.5 -999.9 -999.9 0.0 -999.9 3.7 0.0 0.0 0.0 25.6 25.6 34.4 34.4 15.9 15.7 96.8 96.0 3.7 DCRS_-_Cotiporã_-_Dois_Lajeados_(110_m) -999.9 -999.9 1002.8 1002.2 1002.5 15.4 15.1 0.0 Rio_Grande_do_Sul DCRS -999.9 0.0 0.0 98.44 98.57 98.31 -1 -0.05 100.75 100.75 100.75 100.75
-28.995701 -51.754700 DCRS-00057 2026-09-22_02:12 15.8 -999.9 -999.9 96.0 -999.9 -999.9 15.2 -999.9 -999.9 1002.5 -999.9 -999.9 0.0 -999.9 3.7 0.0 0.0 0.0 25.6 25.6 34.4 34.4 15.9 15.7 96.8 96.0 3.7 DCRS_-_Cotiporã_-_Dois_Lajeados_(110_m) -999.9 -999.9 1002.8 1002.2 1002.5 15.4 15.1 0.0 Rio_Grande_do_Sul DCRS -999.9 0.0 0.0 98.42 98.57 98.31 -1 -0.07 100.75 100.75 100.75 100.75
-28.995701 -51.754700 DCRS-00057 2026-09-22_02:13 15.8 -999.9 -999.9 95.9 -999.9 -999.9 15.1 -999.9 -999.9 1002.5 -999.9 -999.9 0.0 -999.9 3.7 0.0 0.0 0.0 25.6 25.6 34.4 34.4 15.9 15.7 96.8 95.9 3.7 DCRS_-_Cotiporã_-_Dois_Lajeados_(110_m) -999.9 -999.9 1002.8 1002.2 1002.5 15.4 15.1 0.0 Rio_Grande_do_Sul DCRS -999.9 0.0 0.0 98.48 98.57 98.31 -1 -0.03 100.75 100.75 100.75 100.75
-28.995701 -51.754700 DCRS-00057 2026-09-22_02:14 15.8 -999.9 -999.9 96.0 -999.9 -999.9 15.2 -999.9 -999.9 1002.6 -999.9 -999.9 0.0 -999.9 3.7 0.0 0.0 0.0 25.6 25.6 34.4 34.4 15.9 15.7 96.8 95.9 3.7 DCRS_-_Cotiporã_-_Dois_Lajeados_(110_m) -999.9 -999.9 1002.8 1002.2 1002.6 15.4 15.1 0.0 Rio_Grande_do_Sul DCRS -999.9 0.0 0.0 98.42 98.57 98.31 -1 -0.15 100.75 100.75 100.75 100.75
-28.995701 -51.754700 DCRS-00057 2026-09-22_02:15 15.8 -999.9 -999.9 95.9 -999.9 -999.9 15.1 -999.9 -999.9 1002.7 -999.9 -999.9 -999.9 -999.9 0.0 0.0 0.0 0.0 25.6 25.6 34.4 34.4 15.9 15.7 96.8 95.9 3.7 DCRS_-_Cotiporã_-_Dois_Lajeados_(110_m) -999.9 -999.9 1002.8 1002.2 1002.7 15.4 15.1 0.0 Rio_Grande_do_Sul DCRS -999.9 0.0 0.0 98.45 98.57 98.31 -1 -0.06 100.75 100.75 100.75 100.75
-28.995701 -51.754700 DCRS-00057 2026-09-22_02:16 15.8 -999.9 -999.9 95.9 -999.9 -999.9 15.1 -999.9 -999.9 1002.7 -999.9 -999.9 -999.9 -999.9 0.0 0.0 0.0 0.0 25.6 25.6 34.4 34.4 15.9 15.7 96.8 95.9 3.7 DCRS_-_Cotiporã_-_Dois_Lajeados_(110_m) -999.9 -999.9 1002.8 1002.2 1002.7 15.4 15.1 0.0 Rio_Grande_do_Sul DCRS -999.9 0.0 0.0 98.5 98.57 98.31 -1 -0.01 100.75 100.75 100.75 100.75
-28.995701 -51.754700 DCRS-00057 2026-09-22_02:17 15.7 -999.9 -999.9 95.7 -999.9 -999.9 15.0 -999.9 -999.9 1002.7 -999.9 -999.9 -999.9 -999.9 0.0 0.0 0.0 0.0 25.6 25.6 34.4 34.4 15.9 15.7 96.8 95.7 3.7 DCRS_-_Cotiporã_-_Dois_Lajeados_(110_m) -999.9 -999.9 1002.8 1002.2 1002.7 15.4 15.0 0.0 Rio_Grande_do_Sul DCRS -999.9 0.0 0.0 98.49 98.57 98.31 -1 0.02 100.75 100.75 100.75 100.75
-28.995701 -51.754700 DCRS-00057 2026-09-22_02:18 15.7 -999.9 -999.9 95.6 -999.9 -999.9 15.0 -999.9 -999.9 1002.8 -999.9 -999.9 -999.9 -999.9 0.0 0.0 0.0 0.0 25.6 25.6 34.4 34.4 15.9 15.7 96.8 95.6 3.7 DCRS_-_Cotiporã_-_Dois_Lajeados_(110_m) -999.9 -999.9 1002.8 1002.2 1002.8 15.4 15.0 0.0 Rio_Grande_do_Sul DCRS -999.9 0.0 0.0 98.45 98.57 98.31 -1 -0.1 100.75 100.75 100.75 100.75
-28.995701 -51.754700 DCRS-00057 2026-09-22_02:19 15.6 -999.9 -999.9 95.2 -999.9 -999.9 14.8 -999.9 -999.9 1002.7 -999.9 -999.9 -999.9 -999.9 0.0 0.0 0.0 0.0 25.6 25.6 34.4 34.4 15.9 15.6 96.8 95.2 3.7 DCRS_-_Cotiporã_-_Dois_Lajeados_(110_m) -999.9 -999.9 1002.8 1002.2 1002.7 15.4 14.8 0.0 Rio_Grande_do_Sul DCRS -999.9 0.0 0.0 98.45 98.57 98.31 -1 -0.1 100.75 100.75 100.75 100.75
-28.995701 -51.754700 DCRS-00057 2026-09-22_02:20 15.6 -999.9 -999.9 95.0 -999.9 -999.9 14.8 -999.9 -999.9 1002.7 -999.9 -999.9 0.0 -999.9 8.6 0.0 0.0 0.0 25.6 25.6 34.4 34.4 15.9 15.6 96.8 95.0 8.6 DCRS_-_Cotiporã_-_Dois_Lajeados_(110_m) -999.9 -999.9 1002.8 1002.2 1002.7 15.4 14.8 0.0 Rio_Grande_do_Sul DCRS -999.9 0.0 0.0 98.41 98.57 98.31 -1 -0.11 100.75 100.75 100.75 100.75
-28.995701 -51.754700 DCRS-00057 2026-09-22_02:21 15.5 -999.9 -999.9 94.8 -999.9 -999.9 14.7 -999.9 -999.9 1002.7 -999.9 -999.9 0.0 -999.9 8.6 0.0 0.0 0.0 25.6 25.6 34.4 34.4 15.9 15.5 96.8 94.8 8.6 DCRS_-_Cotiporã_-_Dois_Lajeados_(110_m) -999.9 -999.9 1002.8 1002.2 1002.7 15.4 14.7 0.0 Rio_Grande_do_Sul DCRS -999.9 0.0 0.0 98.48 98.57 98.31 -1 0.03 100.75 100.75 100.75 100.75
-28.995701 -51.754700 DCRS-00057 2026-09-22_02:22 15.5 -999.9 -999.9 94.8 -999.9 -999.9 14.7 -999.9 -999.9 1002.7 -999.9 -999.9 2.6 -999.9 8.6 0.0 0.0 0.0 25.6 25.6 34.4 34.4 15.9 15.5 96.8 94.8 8.6 DCRS_-_Cotiporã_-_Dois_Lajeados_(110_m) -999.9 -999.9 1002.8 1002.2 1002.7 15.4 14.7 0.0 Rio_Grande_do_Sul DCRS -999.9 0.0 0.0 98.42 98.57 98.31 -1 -0.03 100.75 100.75 100.75 100.75
-28.995701 -51.754700 DCRS-00057 2026-09-22_02:23 15.6 -999.9 -999.9 94.8 -999.9 -999.9 14.8 -999.9 -999.9 1002.8 -999.9 -999.9 0.0 -999.9 8.6 0.0 0.0 0.0 25.6 25.6 34.4 34.4 15.9 15.5 96.8 94.8 8.6 DCRS_-_Cotiporã_-_Dois_Lajeados_(110_m) -999.9 -999.9 1002.8 1002.2 1002.8 15.4 14.7 0.0 Rio_Grande_do_Sul DCRS -999.9 0.0 0.0 98.38 98.57 98.31 -1 -0.08 100.75 100.75 100.75 100.75
-28.995701 -51.754700 DCRS-00057 2026-09-22_02:24 15.6 -999.9 -999.9 94.6 -999.9 -999.9 14.7 -999.9 -999.9 1002.8 -999.9 -999.9 0.0 -999.9 8.6 0.0 0.0 0.0 25.6 25.6 34.4 34.4 15.9 15.5 96.8 94.6 8.6 DCRS_-_Cotiporã_-_Dois_Lajeados_(110_m) -999.9 -999.9 1002.8 1002.2 1002.8 15.4 14.7 0.0 Rio_Grande_do_Sul DCRS -999.9 0.0 0.0 98.44 98.57 98.31 -1 -0.08 100.75 100.75 100.75 100.75
-28.995701 -51.754700 DCRS-00057 2026-09-22_02:25 15.6 -999.9 -999.9 94.6 -999.9 -999.9 14.7 -999.9 -999.9 1002.7 -999.9 -999.9 2.0 -999.9 3.8 0.0 0.0 0.0 25.6 25.6 34.4 34.4 15.9 15.5 96.8 94.6 8.6 DCRS_-_Cotiporã_-_Dois_Lajeados_(110_m) -999.9 -999.9 1002.8 1002.2 1002.7 15.4 14.7 0.0 Rio_Grande_do_Sul DCRS -999.9 0.0 0.0 98.46 98.57 98.31 -1 -0.02 100.75 100.75 100.75 100.75
-28.995701 -51.754700 DCRS-00057 2026-09-22_02:26 15.6 -999.9 -999.9 94.8 -999.9 -999.9 14.8 -999.9 -999.9 1002.7 -999.9 -999.9 0.0 -999.9 3.8 0.0 0.0 0.0 25.6 25.6 34.4 34.4 15.9 15.5 96.8 94.6 8.6 DCRS_-_Cotiporã_-_Dois_Lajeados_(110_m) -999.9 -999.9 1002.8 1002.2 1002.7 15.4 14.7 0.0 Rio_Grande_do_Sul DCRS -999.9 0.0 0.0 98.53 98.57 98.31 -1 0.02 100.75 100.75 100.75 100.75
-28.995701 -51.754700 DCRS-00057 2026-09-22_02:27 15.6 -999.9 -999.9 94.8 -999.9 -999.9 14.8 -999.9 -999.9 1002.7 -999.9 -999.9 0.0 -999.9 3.8 0.0 0.0 0.0 25.6 25.6 34.4 34.4 15.9 15.5 96.8 94.6 8.6 DCRS_-_Cotiporã_-_Dois_Lajeados_(110_m) -999.9 -999.9 1002.8 1002.2 1002.7 15.4 14.7 0.0 Rio_Grande_do_Sul DCRS -999.9 0.0 0.0 98.45 98.57 98.31 -1 0.02 100.75 100.75 100.75 100.75
-28.995701 -51.754700 DCRS-00057 2026-09-22_02:28 15.6 -999.9 -999.9 94.8 -999.9 -999.9 14.8 -999.9 -999.9 1002.7 -999.9 -999.9 0.0 -999.9 3.8 0.0 0.0 0.0 25.6 25.6 34.4 34.4 15.9 15.5 96.8 94.6 8.6 DCRS_-_Cotiporã_-_Dois_Lajeados_(110_m) -999.9 -999.9 1002.8 1002.2 1002.7 15.4 14.7 0.0 Rio_Grande_do_Sul DCRS -999.9 0.0 0.0 98.46 98.57 98.31 -1 -0.04 100.75 100.75 100.75 100.75
-28.995701 -51.754700 DCRS-00057 2026-09-22_02:29 15.5 -999.9 -999.9 94.8 -999.9 -999.9 14.7 -999.9 -999.9 1002.7 -999.9 -999.9 0.0 -999.9 3.8 0.0 0.0 0.0 25.6 25.6 34.4 34.4 15.9 15.5 96.8 94.6 8.6 DCRS_-_Cotiporã_-_Dois_Lajeados_(110_m) -999.9 -999.9 1002.8 1002.2 1002.7 15.4 14.7 0.0 Rio_Grande_do_Sul DCRS -999.9 0.0 0.0 98.47 98.57 98.31 -1 -0.02 100.75 100.75 100.75 100.75
-28.995701 -51.754700 DCRS-00057 2026-09-22_02:30 15.4 -999.9 -999.9 94.6 -999.9 -999.9 14.5 -999.9 -999.9 1002.7 -999.9 -999.9 0.0 -999.9 2.2 0.0 0.0 0.0 25.6 25.6 34.4 34.4 15.9 15.4 96.8 94.6 8.6 DCRS_-_Cotiporã_-_Dois_Lajeados_(110_m) -999.9 -999.9 1002.8 1002.2 1002.7 15.4 14.5 0.0 Rio_Grande_do_Sul DCRS -999.9 0.0 0.0 98.43 98.57 98.31 -1 -0.05 100.75 100.75 100.75 100.75
-28.995701 -51.754700 DCRS-00057 2026-09-22_02:31 15.4 -999.9 -999.9 94.5 -999.9 -999.9 14.5 -999.9 -999.9 1002.7 -999.9 -999.9 0.0 -999.9 2.2 0.0 0.0 0.0 25.6 25.6 34.4 34.4 15.9 15.4 96.8 94.5 8.6 DCRS_-_Cotiporã_-_Dois_Lajeados_(110_m) -999.9 -999.9 1002.8 1002.2 1002.7 15.4 14.5 0.0 Rio_Grande_do_Sul DCRS -999.9 0.0 0.0 98.46 98.57 98.31 -1 0.02 100.75 100.75 100.75 100.75
-28.995701 -51.754700 DCRS-00057 2026-09-22_02:32 15.4 -999.9 -999.9 94.4 -999.9 -999.9 14.5 -999.9 -999.9 1002.7 -999.9 -999.9 0.0 -999.9 2.2 0.0 0.0 0.0 25.6 25.6 34.4 34.4 15.9 15.4 96.8 94.4 8.6 DCRS_-_Cotiporã_-_Dois_Lajeados_(110_m) -999.9 -999.9 1002.8 1002.2 1002.7 15.4 14.5 0.0 Rio_Grande_do_Sul DCRS -999.9 0.0 0.0 98.47 98.57 98.31 -1 0.03 100.75 100.75 100.75 100.75
-28.995701 -51.754700 DCRS-00057 2026-09-22_02:33 15.3 -999.9 -999.9 94.1 -999.9 -999.9 14.3 -999.9 -999.9 1002.7 -999.9 -999.9 -999.9 -999.9 2.2 0.0 0.0 0.0 25.6 25.6 34.4 34.4 15.9 15.3 96.8 94.1 8.6 DCRS_-_Cotiporã_-_Dois_Lajeados_(110_m) -999.9 -999.9 1002.8 1002.2 1002.7 15.4 14.3 0.0 Rio_Grande_do_Sul DCRS -999.9 0.0 0.0 98.4 98.57 98.31 -1 -0.1 100.75 100.75 100.75 100.75
-28.995701 -51.754700 DCRS-00057 2026-09-22_02:34 15.4 -999.9 -999.9 93.6 -999.9 -999.9 14.4 -999.9 -999.9 1002.7 -999.9 -999.9 -999.9 -999.9 2.2 0.0 0.0 0.0 25.6 25.6 34.4 34.4 15.9 15.3 96.8 93.6 8.6 DCRS_-_Cotiporã_-_Dois_Lajeados_(110_m) -999.9 -999.9 1002.8 1002.2 1002.7 15.4 14.3 0.0 Rio_Grande_do_Sul DCRS -999.9 0.0 0.0 98.43 98.57 98.31 -1 -0.01 100.75 100.75 100.75 100.75
-28.995701 -51.754700 DCRS-00057 2026-09-22_02:35 15.3 -999.9 -999.9 92.7 -999.9 -999.9 14.1 -999.9 -999.9 1002.6 -999.9 -999.9 0.0 -999.9 4.3 0.0 0.0 0.0 25.6 25.6 34.4 34.4 15.9 15.3 96.8 92.7 8.6 DCRS_-_Cotiporã_-_Dois_Lajeados_(110_m) -999.9 -999.9 1002.8 1002.2 1002.6 15.4 14.1 0.0 Rio_Grande_do_Sul DCRS -999.9 0.0 0.0 98.38 98.57 98.31 -1 -0.14 100.75 100.75 100.75 100.75
-28.995701 -51.754700 DCRS-00057 2026-09-22_02:36 15.3 -999.9 -999.9 92.7 -999.9 -999.9 14.1 -999.9 -999.9 1002.6 -999.9 -999.9 0.0 -999.9 4.3 0.0 0.0 0.0 25.6 25.6 34.4 34.4 15.9 15.3 96.8 92.7 8.6 DCRS_-_Cotiporã_-_Dois_Lajeados_(110_m) -999.9 -999.9 1002.8 1002.2 1002.6 15.4 14.1 0.0 Rio_Grande_do_Sul DCRS -999.9 0.0 0.0 98.39 98.57 98.31 -1 -0.13 100.75 100.75 100.75 100.75
-28.995701 -51.754700 DCRS-00057 2026-09-22_02:37 15.3 -999.9 -999.9 92.7 -999.9 -999.9 14.1 -999.9 -999.9 1002.6 -999.9 -999.9 0.0 -999.9 4.3 0.0 0.0 0.0 25.6 25.6 34.4 34.4 15.9 15.3 96.8 92.7 8.6 DCRS_-_Cotiporã_-_Dois_Lajeados_(110_m) -999.9 -999.9 1002.8 1002.2 1002.6 15.4 14.1 0.0 Rio_Grande_do_Sul DCRS -999.9 0.0 0.0 98.43 98.57 98.31 -1 -0.03 100.75 100.75 100.75 100.75
-28.995701 -51.754700 DCRS-00057 2026-09-22_02:38 15.3 -999.9 -999.9 92.7 -999.9 -999.9 14.1 -999.9 -999.9 1002.6 -999.9 -999.9 0.0 -999.9 4.3 0.0 0.0 0.0 25.6 25.6 34.4 34.4 15.9 15.3 96.8 92.7 8.6 DCRS_-_Cotiporã_-_Dois_Lajeados_(110_m) -999.9 -999.9 1002.8 1002.2 1002.6 15.4 14.1 0.0 Rio_Grande_do_Sul DCRS -999.9 0.0 0.0 98.47 98.57 98.31 -1 -0.02 100.75 100.75 100.75 100.75
-28.995701 -51.754700 DCRS-00057 2026-09-22_02:39 15.2 -999.9 -999.9 92.3 -999.9 -999.9 13.9 -999.9 -999.9 1002.6 -999.9 -999.9 0.0 -999.9 4.3 0.0 0.0 0.0 25.6 25.6 34.4 34.4 15.9 15.2 96.8 92.3 8.6 DCRS_-_Cotiporã_-_Dois_Lajeados_(110_m) -999.9 -999.9 1002.8 1002.2 1002.6 15.4 13.9 0.0 Rio_Grande_do_Sul DCRS -999.9 0.0 0.0 98.41 98.57 98.31 -1 -0.02 100.75 100.75 100.75 100.75
-28.995701 -51.754700 DCRS-00057 2026-09-22_02:40 15.2 -999.9 -999.9 92.2 -999.9 -999.9 13.9 -999.9 -999.9 1002.6 -999.9 -999.9 0.0 -999.9 3.6 0.0 0.0 0.0 25.6 25.6 34.4 34.4 15.9 15.2 96.8 92.2 8.6 DCRS_-_Cotiporã_-_Dois_Lajeados_(110_m) -999.9 -999.9 1002.8 1002.2 1002.6 15.4 13.9 0.0 Rio_Grande_do_Sul DCRS -999.9 0.0 0.0 98.39 98.57 98.31 -1 -0.08 100.75 100.75 100.75 100.75
-28.995701 -51.754700 DCRS-00057 2026-09-22_02:41 15.2 -999.9 -999.9 92.0 -999.9 -999.9 13.9 -999.9 -999.9 1002.6 -999.9 -999.9 0.0 -999.9 3.6 0.0 0.0 0.0 25.6 25.6 34.4 34.4 15.9 15.2 96.8 92.0 8.6 DCRS_-_Cotiporã_-_Dois_Lajeados_(110_m) -999.9 -999.9 1002.8 1002.2 1002.6 15.4 13.9 0.0 Rio_Grande_do_Sul DCRS -999.9 0.0 0.0 98.38 98.57 98.31 -1 -0.17 100.75 100.75 100.75 100.75
-28.995701 -51.754700 DCRS-00057 2026-09-22_02:42 15.2 -999.9 -999.9 90.8 -999.9 -999.9 13.7 -999.9 -999.9 1002.5 -999.9 -999.9 2.3 -999.9 3.6 0.0 0.0 0.0 25.6 25.6 34.4 34.4 15.9 15.2 96.8 90.8 8.6 DCRS_-_Cotiporã_-_Dois_Lajeados_(110_m) -999.9 -999.9 1002.8 1002.2 1002.5 15.4 13.7 0.0 Rio_Grande_do_Sul DCRS -999.9 0.0 0.0 98.49 98.57 98.31 -1 0.03 100.75 100.75 100.75 100.75
-28.995701 -51.754700 DCRS-00057 2026-09-22_02:43 15.1 -999.9 -999.9 91.0 -999.9 -999.9 13.6 -999.9 -999.9 1002.5 -999.9 -999.9 3.0 -999.9 3.6 0.0 0.0 0.0 25.6 25.6 34.4 34.4 15.9 15.1 96.8 90.8 8.6 DCRS_-_Cotiporã_-_Dois_Lajeados_(110_m) -999.9 -999.9 1002.8 1002.2 1002.5 15.4 13.6 0.0 Rio_Grande_do_Sul DCRS -999.9 0.0 0.0 98.44 98.57 98.31 -1 -0.02 100.75 100.75 100.75 100.75
-28.995701 -51.754700 DCRS-00057 2026-09-22_02:44 15.1 -999.9 -999.9 89.7 -999.9 -999.9 13.4 -999.9 -999.9 1002.4 -999.9 -999.9 3.1 -999.9 3.6 0.0 0.0 0.0 25.6 25.6 34.4 34.4 15.9 15.1 96.8 89.7 8.6 DCRS_-_Cotiporã_-_Dois_Lajeados_(110_m) -999.9 -999.9 1002.8 1002.2 1002.4 15.4 13.4 0.0 Rio_Grande_do_Sul DCRS -999.9 0.0 0.0 98.41 98.57 98.31 -1 -0.03 100.75 100.75 100.75 100.75
-28.995701 -51.754700 DCRS-00057 2026-09-22_02:45 15.0 -999.9 -999.9 90.0 -999.9 -999.9 13.4 -999.9 -999.9 1002.3 -999.9 -999.9 0.0 -999.9 7.2 0.0 0.0 0.0 25.6 25.6 34.4 34.4 15.9 15.0 96.8 89.7 8.6 DCRS_-_Cotiporã_-_Dois_Lajeados_(110_m) -999.9 -999.9 1002.8 1002.2 1002.3 15.4 13.4 0.0 Rio_Grande_do_Sul DCRS -999.9 0.0 0.0 98.4 98.57 98.31 -1 -0.04 100.75 100.75 100.75 100.75
-28.995701 -51.754700 DCRS-00057 2026-09-22_02:46 15.0 -999.9 -999.9 89.7 -999.9 -999.9 13.3 -999.9 -999.9 1002.3 -999.9 -999.9 3.0 -999.9 7.2 0.0 0.0 0.0 25.6 25.6 34.4 34.4 15.9 15.0 96.8 89.7 8.6 DCRS_-_Cotiporã_-_Dois_Lajeados_(110_m) -999.9 -999.9 1002.8 1002.2 1002.3 15.4 13.3 0.0 Rio_Grande_do_Sul DCRS -999.9 0.0 0.0 98.45 98.57 98.31 -1 0.02 100.75 100.75 100.75 100.75
-28.995701 -51.754700 DCRS-00057 2026-09-22_02:47 15.0 -999.9 -999.9 89.8 -999.9 -999.9 13.3 -999.9 -999.9 1002.2 -999.9 -999.9 0.0 -999.9 7.2 0.0 0.0 0.0 25.6 25.6 34.4 34.4 15.9 15.0 96.8 89.7 8.6 DCRS_-_Cotiporã_-_Dois_Lajeados_(110_m) -999.9 -999.9 1002.8 1002.2 1002.2 15.4 13.3 0.0 Rio_Grande_do_Sul DCRS -999.9 0.0 0.0 98.3 98.57 98.3 -1 -0.12 100.75 100.75 100.75 100.75
-28.995701 -51.754700 DCRS-00057 2026-09-22_02:48 15.0 -999.9 -999.9 90.0 -999.9 -999.9 13.4 -999.9 -999.9 1002.3 -999.9 -999.9 0.0 -999.9 7.2 0.0 0.0 0.0 25.6 25.6 34.4 34.4 15.9 15.0 96.8 89.7 8.6 DCRS_-_Cotiporã_-_Dois_Lajeados_(110_m) -999.9 -999.9 1002.8 1002.2 1002.3 15.4 13.3 0.0 Rio_Grande_do_Sul DCRS -999.9 0.0 0.0 98.51 98.57 98.3 -1 0.06 100.75 100.75 100.75 100.75
-28.995701 -51.754700 DCRS-00057 2026-09-22_02:49 14.8 -999.9 -999.9 89.2 -999.9 -999.9 13.0 -999.9 -999.9 1002.2 -999.9 -999.9 0.0 -999.9 7.2 0.0 0.0 0.0 25.6 25.6 34.4 34.4 15.9 14.8 96.8 89.2 8.6 DCRS_-_Cotiporã_-_Dois_Lajeados_(110_m) -999.9 -999.9 1002.8 1002.2 1002.2 15.4 13.0 0.0 Rio_Grande_do_Sul DCRS -999.9 0.0 0.0 98.33 98.57 98.3 -1 -0.18 100.75 100.75 100.75 100.75
-28.995701 -51.754700 DCRS-00057 2026-09-22_02:50 14.9 -999.9 -999.9 88.4 -999.9 -999.9 13.0 -999.9 -999.9 1002.2 -999.9 -999.9 2.6 -999.9 3.1 0.0 0.0 0.0 25.6 25.6 34.4 34.4 15.9 14.8 96.8 88.4 8.6 DCRS_-_Cotiporã_-_Dois_Lajeados_(110_m) -999.9 -999.9 1002.8 1002.2 1002.2 15.4 13.0 0.0 Rio_Grande_do_Sul DCRS -999.9 0.0 0.0 98.3 98.57 98.3 -1 -0.21 100.75 100.75 100.75 100.75
-28.995701 -51.754700 DCRS-00057 2026-09-22_02:51 14.8 -999.9 -999.9 88.7 -999.9 -999.9 12.9 -999.9 -999.9 1002.3 -999.9 -999.9 0.0 -999.9 3.1 0.0 0.0 0.0 25.6 25.6 34.4 34.4 15.9 14.8 96.8 88.4 8.6 DCRS_-_Cotiporã_-_Dois_Lajeados_(110_m) -999.9 -999.9 1002.8 1002.2 1002.3 15.4 12.9 0.0 Rio_Grande_do_Sul DCRS -999.9 0.0 0.0 98.39 98.57 98.3 -1 -0.04 100.75 100.75 100.75 100.75
-28.995701 -51.754700 DCRS-00057 2026-09-22_02:52 14.8 -999.9 -999.9 89.3 -999.9 -999.9 13.0 -999.9 -999.9 1002.4 -999.9 -999.9 0.0 -999.9 3.1 0.0 0.0 0.0 25.6 25.6 34.4 34.4 15.9 14.8 96.8 88.4 8.6 DCRS_-_Cotiporã_-_Dois_Lajeados_(110_m) -999.9 -999.9 1002.8 1002.2 1002.4 15.4 12.9 0.0 Rio_Grande_do_Sul DCRS -999.9 0.0 0.0 98.3 98.57 98.3 -1 -0.13 100.75 100.75 100.75 100.75
-28.995701 -51.754700 DCRS-00057 2026-09-22_02:53 14.8 -999.9 -999.9 90.1 -999.9 -999.9 13.2 -999.9 -999.9 1002.6 -999.9 -999.9 0.0 -999.9 3.1 0.0 0.0 0.0 25.6 25.6 34.4 34.4 15.9 14.8 96.8 88.4 8.6 DCRS_-_Cotiporã_-_Dois_Lajeados_(110_m) -999.9 -999.9 1002.8 1002.2 1002.6 15.4 12.9 0.0 Rio_Grande_do_Sul DCRS -999.9 0.0 0.0 98.37 98.57 98.3 -1 -0.03 100.75 100.75 100.75 100.75
-28.995701 -51.754700 DCRS-00057 2026-09-22_02:54 14.8 -999.9 -999.9 90.5 -999.9 -999.9 13.2 -999.9 -999.9 1002.6 -999.9 -999.9 0.0 -999.9 3.1 0.0 0.0 0.0 25.6 25.6 34.4 34.4 15.9 14.8 96.8 88.4 8.6 DCRS_-_Cotiporã_-_Dois_Lajeados_(110_m) -999.9 -999.9 1002.8 1002.2 1002.6 15.4 12.9 0.0 Rio_Grande_do_Sul DCRS -999.9 0.0 0.0 98.38 98.57 98.3 -1 -0.06 100.75 100.75 100.75 100.75
-28.995701 -51.754700 DCRS-00057 2026-09-22_02:55 14.7 -999.9 -999.9 89.7 -999.9 -999.9 13.0 -999.9 -999.9 1002.6 -999.9 -999.9 0.0 -999.9 2.7 0.0 0.0 0.0 25.6 25.6 34.4 34.4 15.9 14.7 96.8 88.4 8.6 DCRS_-_Cotiporã_-_Dois_Lajeados_(110_m) -999.9 -999.9 1002.8 1002.2 1002.6 15.4 12.9 0.0 Rio_Grande_do_Sul DCRS -999.9 0.0 0.0 98.33 98.57 98.3 -1 -0.11 100.75 100.75 100.75 100.75
-28.995701 -51.754700 DCRS-00057 2026-09-22_02:56 14.6 -999.9 -999.9 90.5 -999.9 -999.9 13.0 -999.9 -999.9 1002.6 -999.9 -999.9 -999.9 -999.9 2.7 0.0 0.0 0.0 25.6 25.6 34.4 34.4 15.9 14.6 96.8 88.4 8.6 DCRS_-_Cotiporã_-_Dois_Lajeados_(110_m) -999.9 -999.9 1002.8 1002.2 1002.6 15.4 12.9 0.0 Rio_Grande_do_Sul DCRS -999.9 0.0 0.0 98.34 98.57 98.3 -1 -0.07 100.75 100.75 100.75 100.75
-28.995701 -51.754700 DCRS-00057 2026-09-22_02:57 14.6 -999.9 -999.9 90.3 -999.9 -999.9 13.0 -999.9 -999.9 1002.6 -999.9 -999.9 0.0 -999.9 2.7 0.0 0.0 0.0 25.6 25.6 34.4 34.4 15.9 14.6 96.8 88.4 8.6 DCRS_-_Cotiporã_-_Dois_Lajeados_(110_m) -999.9 -999.9 1002.8 1002.2 1002.6 15.4 12.9 0.0 Rio_Grande_do_Sul DCRS -999.9 0.0 0.0 98.32 98.57 98.3 -1 -0.12 100.75 100.75 100.75 100.75
-28.995701 -51.754700 DCRS-00057 2026-09-22_02:58 14.6 -999.9 -999.9 90.5 -999.9 -999.9 13.0 -999.9 -999.9 1002.6 -999.9 -999.9 0.0 -999.9 2.7 0.0 0.0 0.0 25.6 25.6 34.4 34.4 15.9 14.6 96.8 88.4 8.6 DCRS_-_Cotiporã_-_Dois_Lajeados_(110_m) -999.9 -999.9 1002.8 1002.2 1002.6 15.4 12.9 0.0 Rio_Grande_do_Sul DCRS -999.9 0.0 0.0 98.37 98.57 98.3 -1 -0.06 100.75 100.75 100.75 100.75
-28.995701 -51.754700 DCRS-00057 2026-09-22_02:59 14.6 -999.9 -999.9 90.5 -999.9 -999.9 13.0 -999.9 -999.9 1002.6 -999.9 -999.9 -999.9 -999.9 2.7 0.0 0.0 0.0 25.6 25.6 34.4 34.4 15.9 14.6 96.8 88.4 8.6 DCRS_-_Cotiporã_-_Dois_Lajeados_(110_m) -999.9 -999.9 1002.8 1002.2 1002.6 15.4 12.9 0.0 Rio_Grande_do_Sul DCRS -999.9 0.0 0.0 98.34 98.57 98.3 -1 -0.09 100.75 100.75 100.75 100.75
-28.995701 -51.754700 DCRS-00057 2026-09-22_03:00 14.5 -999.9 -999.9 88.7 -999.9 -999.9 12.6 -999.9 -999.9 1002.3 -999.9 -999.9 0.0 -999.9 5.5 0.0 0.0 0.0 25.6 25.6 34.4 34.4 15.9 14.5 96.8 88.4 8.6 DCRS_-_Cotiporã_-_Dois_Lajeados_(110_m) -999.9 -999.9 1002.8 1002.2 1002.3 15.4 12.6 0.0 Rio_Grande_do_Sul DCRS -999.9 0.0 0.0 98.27 98.57 98.27 -1 -0.22 100.75 100.75 100.75 100.75
-28.995701 -51.754700 DCRS-00057 2026-09-22_03:01 14.6 -999.9 -999.9 88.4 -999.9 -999.9 12.7 -999.9 -999.9 1002.3 -999.9 -999.9 0.0 -999.9 5.5 0.0 0.0 0.0 25.6 25.6 34.4 34.4 15.9 14.5 96.8 88.4 8.6 DCRS_-_Cotiporã_-_Dois_Lajeados_(110_m) -999.9 -999.9 1002.8 1002.2 1002.3 15.4 12.6 0.0 Rio_Grande_do_Sul DCRS -999.9 0.0 0.0 98.31 98.57 98.27 -1 -0.13 100.75 100.75 100.75 100.75
-28.995701 -51.754700 DCRS-00057 2026-09-22_03:02 14.6 -999.9 -999.9 87.6 -999.9 -999.9 12.5 -999.9 -999.9 1002.2 -999.9 -999.9 0.0 -999.9 5.5 0.0 0.0 0.0 25.6 25.6 34.4 34.4 15.9 14.5 96.8 87.6 8.6 DCRS_-_Cotiporã_-_Dois_Lajeados_(110_m) -999.9 -999.9 1002.8 1002.2 1002.2 15.4 12.5 0.0 Rio_Grande_do_Sul DCRS -999.9 0.0 0.0 98.32 98.57 98.27 -1 -0.11 100.75 100.75 100.75 100.75
-28.995701 -51.754700 DCRS-00057 2026-09-22_03:03 14.5 -999.9 -999.9 88.9 -999.9 -999.9 12.7 -999.9 -999.9 1002.4 -999.9 -999.9 0.0 -999.9 5.5 0.0 0.0 0.0 25.6 25.6 34.4 34.4 15.9 14.5 96.8 87.6 8.6 DCRS_-_Cotiporã_-_Dois_Lajeados_(110_m) -999.9 -999.9 1002.8 1002.2 1002.4 15.4 12.5 0.0 Rio_Grande_do_Sul DCRS -999.9 0.0 0.0 98.32 98.57 98.27 -1 -0.2 100.75 100.75 100.75 100.75
