-27.902787 -49.127203 DCSC-00126 2026-09-21_12:07 -999.9 -999.9 -999.9 -999.9 -999.9 -999.9 -999.9 -999.9 -999.9 -999.9 -999.9 -999.9 -999.9 -999.9 -999.9 -999.9 0.0 0.0 13.8 14.6 14.6 14.6 -999.9 -999.9 -999.9 -999.9 -999.9 DCSC_-_Anitápolis_(449_m) -999.9 -999.9 -999.9 -999.9 -999.9 -999.9 -999.9 -999.9 Santa_Catarina DCSC -999.9 0.0 0.0 430.22 430.31 430.21 0 -0.04 431.23 431.23 431.23 21474836.0
-27.199863 -49.073984 DCSC-00027 2026-09-21_12:07 25.3 -999.9 -999.9 61.1 -999.9 -999.9 17.3 -999.9 -999.9 1010.8 -999.9 -999.9 2.4 -999.9 10.4 -999.9 0.0 0.1 44.7 53.3 53.5 53.6 25.9 19.3 100.0 59.3 27.5 DCSC_-_Botuverá_2_(71_m) -999.9 -999.9 1011.9 1006.4 1010.8 21.4 16.7 -999.9 Santa_Catarina DCSC -999.9 0.0 0.1 -999.9 -999.9 -999.9 0 -999.9 -999.9 -999.9 -999.9 -999.9
-27.087688 -52.710391 DCSC-00118 2026-09-21_12:07 29.7 -999.9 -999.9 57.7 -999.9 -999.9 20.5 -999.9 -999.9 -999.9 -999.9 -999.9 40.1 -999.9 55.1 -999.9 0.0 0.0 23.6 34.8 34.8 34.8 29.9 21.7 81.4 55.8 57.9 DCSC_-_Chapecó_(650_m) -999.9 -999.9 -999.9 -999.9 -999.9 21.6 18.3 -999.9 Santa_Catarina DCSC -999.9 0.0 0.0 -999.9 -999.9 -999.9 0 -999.9 -999.9 -999.9 -999.9 -999.9
-26.821388 -53.383609 DCSC-00169 2026-09-21_12:07 -999.9 -999.9 -999.9 -999.9 -999.9 -999.9 -999.9 -999.9 -999.9 -999.9 -999.9 -999.9 -999.9 -999.9 -999.9 -999.9 0.0 0.0 22.2 35.6 35.6 35.6 -999.9 -999.9 -999.9 -999.9 -999.9 DCSC_-_Iraceminha_(237_m) -999.9 -999.9 -999.9 -999.9 -999.9 -999.9 -999.9 -999.9 Santa_Catarina DCSC -999.9 0.0 0.0 226.53 226.71 226.47 -1 -0.05 226.71 226.71 226.71 226.71
-26.968138 -48.642797 DCSC-00161 2026-09-21_12:07 24.1 -999.9 -999.9 64.4 -999.9 -999.9 16.9 -999.9 -999.9 1006.4 -999.9 -999.9 16.5 -999.9 25.3 -999.9 0.0 0.0 50.6 53.2 53.2 53.2 27.0 19.8 93.6 61.7 27.4 DCSC_-_Balneário_Camboriú_-_Av._Das_Gaivotas_(38_m) -999.9 -999.9 1007.6 1000.3 1006.4 21.1 16.7 -999.9 Santa_Catarina DCSC -999.9 0.0 0.0 -999.9 -999.9 -999.9 0 -999.9 -999.9 -999.9 -999.9 -999.9
-29.198988 -49.945891 DCSC-00081 2026-09-21_12:07 -999.9 -999.9 -999.9 -999.9 -999.9 -999.9 -999.9 -999.9 -999.9 -999.9 -999.9 -999.9 -999.9 -999.9 -999.9 -999.9 8.4 48.6 82.2 84.8 84.8 86.6 -999.9 -999.9 -999.9 -999.9 -999.9 DCSC_-_Praia_Grande_(41_m) -999.9 -999.9 -999.9 -999.9 -999.9 -999.9 -999.9 -999.9 Santa_Catarina DCSC -999.9 0.0 48.6 35.8 35.8 34.89 1 0.25 35.8 35.8 35.8 35.8
-27.257987 -49.712203 DCSC-00001 2026-09-21_12:07 -999.9 -999.9 -999.9 -999.9 -999.9 -999.9 -999.9 -999.9 -999.9 -999.9 -999.9 -999.9 -999.9 -999.9 -999.9 -999.9 0.0 0.0 24.6 29.8 30.2 33.0 -999.9 -999.9 -999.9 -999.9 -999.9 DCSC_-_Agronômica_(337_m) -999.9 -999.9 -999.9 -999.9 -999.9 -999.9 -999.9 -999.9 Santa_Catarina DCSC -999.9 0.0 0.0 3.98 4.88 3.98 -1 -0.06 5.3 5.3 5.3 5.3
-27.286674 -48.933084 DCSC-00157 2026-09-21_12:07 -999.9 -999.9 -999.9 -999.9 -999.9 -999.9 -999.9 -999.9 -999.9 -999.9 -999.9 -999.9 -999.9 -999.9 -999.9 -999.9 0.0 0.0 37.0 46.8 46.8 46.8 -999.9 -999.9 -999.9 -999.9 -999.9 DCSC_-_Nova_Trento_(28_m) -999.9 -999.9 -999.9 -999.9 -999.9 -999.9 -999.9 -999.9 Santa_Catarina DCSC -999.9 0.0 0.0 20.64 21.06 20.6 -1 -0.05 21.58 21.58 21.58 21474836.0
-28.709488 -49.508484 DCSC-00137 2026-09-21_12:07 -999.9 -999.9 -999.9 -999.9 -999.9 -999.9 -999.9 -999.9 -999.9 -999.9 -999.9 -999.9 -999.9 -999.9 -999.9 -999.9 37.2 102.6 109.8 112.2 112.2 112.4 -999.9 -999.9 -999.9 -999.9 -999.9 DCSC_-_Nova_Veneza_(34_m) -999.9 -999.9 -999.9 -999.9 -999.9 -999.9 -999.9 -999.9 Santa_Catarina DCSC -999.9 0.0 102.6 31.88 31.89 31.13 1 0.32 31.89 31.89 31.89 31.89
-28.972487 -49.637516 DCSC-00079 2026-09-21_12:07 -999.9 -999.9 -999.9 -999.9 -999.9 -999.9 -999.9 -999.9 -999.9 -999.9 -999.9 -999.9 -999.9 -999.9 -999.9 -999.9 12.4 60.0 81.4 83.8 83.8 85.2 -999.9 -999.9 -999.9 -999.9 -999.9 DCSC_-_Ermo_/_Turvo_(12_m) -999.9 -999.9 -999.9 -999.9 -999.9 -999.9 -999.9 -999.9 Santa_Catarina DCSC -999.9 0.0 60.0 7.21 7.21 6.5 1 0.3 7.21 7.21 7.21 7.21
-27.507687 -50.112984 DCSC-00083 2026-09-21_12:07 -999.9 -999.9 -999.9 -999.9 -999.9 -999.9 -999.9 -999.9 -999.9 -999.9 -999.9 -999.9 -999.9 -999.9 -999.9 -999.9 0.0 0.2 47.4 57.4 57.4 58.0 -999.9 -999.9 -999.9 -999.9 -999.9 DCSC_-_Otacílio_Costa_(836_m) -999.9 -999.9 -999.9 -999.9 -999.9 -999.9 -999.9 -999.9 Santa_Catarina DCSC -999.9 0.0 0.2 829.22 829.24 829.21 0 -0.01 829.24 829.27 829.38 829.47
-26.896413 -51.572797 DCSC-00094 2026-09-21_12:07 25.1 -999.9 -999.9 65.9 -999.9 -999.9 18.3 -999.9 -999.9 -999.9 -999.9 -999.9 37.9 -999.9 56.8 -999.9 0.0 0.0 23.6 31.2 31.2 31.4 25.8 17.9 90.8 61.1 74.6 DCSC_-_Água_Doce_(1251_m) -999.9 -999.9 -999.9 -999.9 -999.9 18.5 16.0 -999.9 Santa_Catarina DCSC -999.9 0.0 0.0 -999.9 -999.9 -999.9 0 -999.9 -999.9 -999.9 -999.9 -999.9
-27.690362 -49.345078 DCSC-00016 2026-09-21_12:07 -999.9 -999.9 -999.9 -999.9 -999.9 -999.9 -999.9 -999.9 -999.9 -999.9 -999.9 -999.9 -999.9 -999.9 -999.9 -999.9 0.0 0.0 37.6 41.2 41.2 41.2 -999.9 -999.9 -999.9 -999.9 -999.9 DCSC_-_Alfredo_Wagner_(455_m) -999.9 -999.9 -999.9 -999.9 -999.9 -999.9 -999.9 -999.9 Santa_Catarina DCSC -999.9 0.0 0.0 -999.9 -999.9 -999.9 0 -999.9 -999.9 -999.9 -999.9 -999.9
-27.305287 -50.578984 DCSC-00082 2026-09-21_12:07 27.8 -999.9 -999.9 55.9 -999.9 -999.9 18.2 -999.9 -999.9 -999.9 -999.9 -999.9 32.9 -999.9 52.1 -999.9 0.0 0.0 26.8 31.2 31.2 31.2 28.0 18.4 88.1 54.4 52.1 DCSC_-_Curitibanos_(1029_m) -999.9 -999.9 -999.9 -999.9 -999.9 18.8 15.8 -999.9 Santa_Catarina DCSC -999.9 0.0 0.0 -999.9 -999.9 -999.9 0 -999.9 -999.9 -999.9 -999.9 -999.9
-26.597738 -49.476672 DCSC-00012 2026-09-21_12:07 26.3 -999.9 -999.9 64.6 -999.9 -999.9 19.1 -999.9 -999.9 1013.4 -999.9 -999.9 7.9 -999.9 25.7 -999.9 0.0 0.1 37.1 49.0 49.0 49.0 27.2 18.2 85.6 57.6 60.7 DCSC_-_Rio_dos_Cedros_2_(794_m) -999.9 -999.9 1015.0 1009.7 1013.4 19.5 15.6 -999.9 Santa_Catarina DCSC -999.9 0.0 0.1 -999.9 -999.9 -999.9 0 -999.9 -999.9 -999.9 -999.9 -999.9
-27.116338 -50.000266 DCSC-00041 2026-09-21_12:07 -999.9 -999.9 -999.9 -999.9 -999.9 -999.9 -999.9 -999.9 -999.9 -999.9 -999.9 -999.9 -999.9 -999.9 -999.9 -999.9 0.0 0.0 42.8 49.3 49.3 49.3 -999.9 -999.9 -999.9 -999.9 -999.9 DCSC_-_Taió_(345_m) -999.9 -999.9 -999.9 -999.9 -999.9 -999.9 -999.9 -999.9 Santa_Catarina DCSC -999.9 0.0 0.0 3.02 3.98 3.02 -1 -0.06 5.43 5.43 5.76 6.09
-26.837537 -49.270766 DCSC-00023 2026-09-21_12:07 -999.9 -999.9 -999.9 -999.9 -999.9 -999.9 -999.9 -999.9 -999.9 -999.9 -999.9 -999.9 -999.9 -999.9 -999.9 -999.9 0.0 0.0 42.9 47.2 47.2 47.3 -999.9 -999.9 -999.9 -999.9 -999.9 DCSC_-_Timbó_1_(60_m) -999.9 -999.9 -999.9 -999.9 -999.9 -999.9 -999.9 -999.9 Santa_Catarina DCSC -999.9 0.0 0.0 1.85 2.33 1.85 -1 -0.02 2.9 2.9 2.9 2.9
-27.089512 -53.384484 DCSC-00109 2026-09-21_12:07 -999.9 -999.9 -999.9 -999.9 -999.9 -999.9 -999.9 -999.9 -999.9 -999.9 -999.9 -999.9 -999.9 -999.9 -999.9 -999.9 0.0 0.0 32.2 47.6 47.6 47.8 -999.9 -999.9 -999.9 -999.9 -999.9 DCSC_-_Mondaí_(200_m) -999.9 -999.9 -999.9 -999.9 -999.9 -999.9 -999.9 -999.9 Santa_Catarina DCSC -999.9 0.0 0.0 193.73 194.02 193.63 1 0.04 194.02 194.02 194.02 194.28
-27.229712 -52.023891 DCSC-00096 2026-09-21_12:07 -999.9 -999.9 -999.9 -999.9 -999.9 -999.9 -999.9 -999.9 -999.9 -999.9 -999.9 -999.9 -999.9 -999.9 -999.9 -999.9 0.0 4.6 28.4 35.8 35.8 35.8 -999.9 -999.9 -999.9 -999.9 -999.9 DCSC_-_Concórdia_(564_m) -999.9 -999.9 -999.9 -999.9 -999.9 -999.9 -999.9 -999.9 Santa_Catarina DCSC -999.9 0.0 4.6 559.69 559.87 559.65 -1 -0.04 560.1 560.1 560.1 560.1
-27.535812 -49.696984 DCSC-00146 2026-09-21_12:07 -999.9 -999.9 -999.9 -999.9 -999.9 -999.9 -999.9 -999.9 -999.9 -999.9 -999.9 -999.9 -999.9 -999.9 -999.9 -999.9 0.0 0.0 45.6 52.0 52.0 52.2 -999.9 -999.9 -999.9 -999.9 -999.9 DCSC_-_Petrolândia_(427_m) -999.9 -999.9 -999.9 -999.9 -999.9 -999.9 -999.9 -999.9 Santa_Catarina DCSC -999.9 0.0 0.0 450.47 450.57 450.43 0 0.0 450.92 450.92 450.92 21474836.0
-26.169387 -50.389203 DCSC-00172 2026-09-21_12:07 -999.9 -999.9 -999.9 -999.9 -999.9 -999.9 -999.9 -999.9 -999.9 -999.9 -999.9 -999.9 -999.9 -999.9 -999.9 -999.9 0.0 0.0 15.2 21.4 21.4 23.2 -999.9 -999.9 -999.9 -999.9 -999.9 DCSC_-_Canoinhas_(761_m) -999.9 -999.9 -999.9 -999.9 -999.9 -999.9 -999.9 -999.9 Santa_Catarina DCSC -999.9 0.0 0.0 760.52 760.59 760.51 0 -0.01 760.68 760.73 760.78 760.85
-27.056987 -49.519953 DCSC-00020 2026-09-21_12:07 -999.9 -999.9 -999.9 -999.9 -999.9 -999.9 -999.9 -999.9 -999.9 -999.9 -999.9 -999.9 -999.9 -999.9 -999.9 -999.9 0.0 0.0 32.6 38.2 38.2 38.2 -999.9 -999.9 -999.9 -999.9 -999.9 DCSC_-_Ibirama_(154_m) -999.9 -999.9 -999.9 -999.9 -999.9 -999.9 -999.9 -999.9 Santa_Catarina DCSC -999.9 0.0 0.0 2.56 2.56 2.25 1 0.31 2.92 2.92 2.92 2.92
-26.921888 -49.374016 DCSC-00166 2026-09-21_12:07 29.2 -999.9 -999.9 61.8 -999.9 -999.9 21.1 -999.9 -999.9 999.2 -999.9 -999.9 13.3 -999.9 19.3 -999.9 0.0 0.0 37.6 51.6 51.6 51.6 30.4 20.0 97.1 58.5 26.6 DCSC_-_Rodeio_(82_m) -999.9 -999.9 1001.1 995.8 999.2 22.2 19.4 -999.9 Santa_Catarina DCSC -999.9 0.0 0.0 -999.9 -999.9 -999.9 0 -999.9 -999.9 -999.9 -999.9 -999.9
-27.482913 -50.072703 DCSC-00084 2026-09-21_12:07 24.3 -999.9 -999.9 79.9 -999.9 -999.9 20.6 -999.9 -999.9 -999.9 -999.9 -999.9 19.8 -999.9 36.4 -999.9 0.0 0.0 37.6 45.2 45.2 45.4 24.3 15.3 98.8 77.6 38.6 DCSC_-_Otacílio_Costa_(852_m) -999.9 -999.9 -999.9 -999.9 -999.9 20.7 14.9 -999.9 Santa_Catarina DCSC -999.9 0.0 0.0 -999.9 -999.9 -999.9 0 -999.9 -999.9 -999.9 -999.9 -999.9
-27.982012 -48.685109 DCSC-00170 2026-09-21_12:07 19.9 -999.9 -999.9 89.2 -999.9 -999.9 18.1 -999.9 -999.9 1009.7 -999.9 -999.9 4.6 -999.9 8.0 -999.9 1.2 1.2 27.0 37.8 37.8 38.0 25.6 19.6 94.6 66.4 72.7 DCSC_-_Paulo_Lopes_(5_m) -999.9 -999.9 1012.6 1000.3 1009.7 20.3 15.7 -999.9 Santa_Catarina DCSC -999.9 0.0 1.2 -999.9 -999.9 -999.9 0 -999.9 -999.9 -999.9 -999.9 -999.9
-26.822938 -49.275234 DCSC-00034 2026-09-21_12:07 27.7 -999.9 -999.9 67.3 -999.9 -999.9 21.1 -999.9 -999.9 1009.6 -999.9 -999.9 6.2 -999.9 21.1 -999.9 0.0 0.0 45.8 50.5 50.6 50.5 28.2 19.2 100.0 63.8 21.1 DCSC_-_Timbó_2_(68_m) -999.9 -999.9 1011.3 1005.5 1009.6 21.7 19.2 -999.9 Santa_Catarina DCSC -999.9 0.0 0.0 -999.9 -999.9 -999.9 0 -999.9 -999.9 -999.9 -999.9 -999.9
-28.845312 -49.456391 DCSC-00078 2026-09-21_12:07 -999.9 -999.9 -999.9 -999.9 -999.9 -999.9 -999.9 -999.9 -999.9 -999.9 -999.9 -999.9 -999.9 -999.9 -999.9 -999.9 11.4 70.2 86.0 88.2 88.8 94.2 -999.9 -999.9 -999.9 -999.9 -999.9 DCSC_-_Maracajá_(11_m) -999.9 -999.9 -999.9 -999.9 -999.9 -999.9 -999.9 -999.9 Santa_Catarina DCSC -999.9 0.0 70.2 2.74 2.74 2.09 1 0.31 2.74 2.74 2.74 2.74
-28.936588 -49.495797 DCSC-00127 2026-09-21_12:07 -999.9 -999.9 -999.9 -999.9 -999.9 -999.9 -999.9 -999.9 -999.9 -999.9 -999.9 -999.9 -999.9 -999.9 -999.9 -999.9 8.2 55.4 77.4 80.8 80.8 82.8 -999.9 -999.9 -999.9 -999.9 -999.9 DCSC_-_Araranguá_(4_m) -999.9 -999.9 -999.9 -999.9 -999.9 -999.9 -999.9 -999.9 Santa_Catarina DCSC -999.9 0.0 55.4 0.32 0.54 -0.11 -1 -0.01 0.54 0.54 0.54 0.74
-26.895862 -50.155078 DCSC-00010 2026-09-21_12:07 -999.9 -999.9 -999.9 -999.9 -999.9 -999.9 -999.9 -999.9 -999.9 -999.9 -999.9 -999.9 -999.9 -999.9 -999.9 -999.9 0.0 0.0 51.1 58.0 58.6 59.2 -999.9 -999.9 -999.9 -999.9 -999.9 DCSC_-_Rio_do_Campo_(588_m) -999.9 -999.9 -999.9 -999.9 -999.9 -999.9 -999.9 -999.9 Santa_Catarina DCSC -999.9 0.0 0.0 -999.9 -999.9 -999.9 0 -999.9 -999.9 -999.9 -999.9 -999.9
-26.894437 -48.824766 DCSC-00030 2026-09-21_12:07 -999.9 -999.9 -999.9 -999.9 -999.9 -999.9 -999.9 -999.9 -999.9 -999.9 -999.9 -999.9 -999.9 -999.9 -999.9 -999.9 0.0 0.1 51.7 55.0 55.1 57.0 -999.9 -999.9 -999.9 -999.9 -999.9 DCSC_-_Ilhota_(1_m) -999.9 -999.9 -999.9 -999.9 -999.9 -999.9 -999.9 -999.9 Santa_Catarina DCSC -999.9 0.0 0.1 9.53 9.77 9.37 1 0.14 9.77 9.77 9.77 9.88
-26.607012 -51.096016 DCSC-00089 2026-09-21_12:07 24.9 -999.9 -999.9 64.7 -999.9 -999.9 17.8 -999.9 -999.9 -999.9 -999.9 -999.9 16.2 -999.9 44.8 -999.9 0.0 0.0 29.6 43.8 43.8 43.8 25.9 15.9 95.4 61.0 46.8 DCSC_-_Calmon_(1178_m) -999.9 -999.9 -999.9 -999.9 -999.9 18.6 14.9 -999.9 Santa_Catarina DCSC -999.9 0.0 0.0 -999.9 -999.9 -999.9 0 -999.9 -999.9 -999.9 -999.9 -999.9
-26.915737 -49.839578 DCSC-00015 2026-09-21_12:07 26.7 -999.9 -999.9 67.1 -999.9 -999.9 20.1 -999.9 -999.9 1010.1 -999.9 -999.9 12.6 -999.9 14.0 -999.9 0.0 0.0 55.9 60.9 60.9 60.9 26.7 19.7 86.6 65.8 54.2 DCSC_-_Witmarsum_(615_m) -999.9 -999.9 1012.5 1007.6 1010.1 20.4 16.8 -999.9 Santa_Catarina DCSC -999.9 0.0 0.0 -999.9 -999.9 -999.9 0 -999.9 -999.9 -999.9 -999.9 -999.9
-26.629313 -48.683578 DCSC-00168 2026-09-21_12:07 20.7 -999.9 -999.9 84.8 -999.9 -999.9 18.0 -999.9 -999.9 1011.0 -999.9 -999.9 17.6 -999.9 27.1 -999.9 0.6 0.6 17.6 19.0 19.0 19.0 25.3 19.4 94.8 69.3 50.3 DCSC_-_Barra_Velha_(2_m) -999.9 -999.9 1011.7 1004.7 1011.0 21.1 17.4 -999.9 Santa_Catarina DCSC -999.9 0.0 0.6 -999.9 -999.9 -999.9 0 -999.9 -999.9 -999.9 -999.9 -999.9
-28.259588 -49.014984 DCSC-00077 2026-09-21_12:07 -999.9 -999.9 -999.9 -999.9 -999.9 -999.9 -999.9 -999.9 -999.9 -999.9 -999.9 -999.9 -999.9 -999.9 -999.9 -999.9 0.0 0.0 0.0 0.0 0.0 0.0 -999.9 -999.9 -999.9 -999.9 -999.9 DCSC_-_Armazém_(21_m) -999.9 -999.9 -999.9 -999.9 -999.9 -999.9 -999.9 -999.9 Santa_Catarina DCSC -999.9 0.0 0.0 12.66 12.68 12.37 -1 -0.01 12.68 12.68 12.68 12.68
-26.615913 -50.681109 DCSC-00088 2026-09-21_12:07 27.5 -999.9 -999.9 60.0 -999.9 -999.9 19.0 -999.9 -999.9 -999.9 -999.9 -999.9 16.3 -999.9 30.9 -999.9 0.0 0.2 42.8 56.8 56.8 57.2 27.6 16.4 96.2 58.5 46.2 DCSC_-_Timbó_Grande_(990_m) -999.9 -999.9 -999.9 -999.9 -999.9 19.4 15.7 -999.9 Santa_Catarina DCSC -999.9 0.0 0.2 -999.9 -999.9 -999.9 0 -999.9 -999.9 -999.9 -999.9 -999.9
-27.529888 -49.125203 DCSC-00158 2026-09-21_12:07 -999.9 -999.9 -999.9 -999.9 -999.9 -999.9 -999.9 -999.9 -999.9 -999.9 -999.9 -999.9 -999.9 -999.9 -999.9 -999.9 0.0 0.0 37.4 43.0 43.0 43.0 -999.9 -999.9 -999.9 -999.9 -999.9 DCSC_-_Angelina_-_Barra_Clara_(474_m) -999.9 -999.9 -999.9 -999.9 -999.9 -999.9 -999.9 -999.9 Santa_Catarina DCSC -999.9 0.0 0.0 464.61 464.66 464.55 0 0.01 465.32 465.32 465.32 465.32
-26.618787 -53.672797 DCSC-00149 2026-09-21_12:07 31.9 -999.9 -999.9 51.2 -999.9 -999.9 20.6 -999.9 -999.9 -999.9 -999.9 -999.9 21.3 -999.9 51.2 -999.9 0.0 0.0 19.4 38.0 38.0 38.2 31.9 23.2 77.6 50.9 55.9 DCSC_-_Paraíso_(514_m) -999.9 -999.9 -999.9 -999.9 -999.9 21.4 18.9 -999.9 Santa_Catarina DCSC -999.9 0.0 0.0 -999.9 -999.9 -999.9 0 -999.9 -999.9 -999.9 -999.9 -999.9
-27.097437 -50.038797 DCSC-00040 2026-09-21_12:07 -999.9 -999.9 -999.9 -999.9 -999.9 -999.9 -999.9 -999.9 -999.9 -999.9 -999.9 -999.9 -999.9 -999.9 -999.9 -999.9 0.0 0.0 23.4 27.2 27.2 27.2 -999.9 -999.9 -999.9 -999.9 -999.9 DCSC_-_Barragem_Oeste_Taió_(350_m) -999.9 -999.9 -999.9 -999.9 -999.9 -999.9 -999.9 -999.9 Santa_Catarina DCSC -999.9 0.0 0.0 12.54 12.54 12.04 1 0.03 12.54 12.61 14.36 18.78
-28.329087 -49.174797 DCSC-00122 2026-09-21_12:07 -999.9 -999.9 -999.9 -999.9 -999.9 -999.9 -999.9 -999.9 -999.9 -999.9 -999.9 -999.9 -999.9 -999.9 -999.9 -999.9 0.2 0.6 12.4 18.6 18.6 18.6 -999.9 -999.9 -999.9 -999.9 -999.9 DCSC_-_São_Ludgero_(48_m) -999.9 -999.9 -999.9 -999.9 -999.9 -999.9 -999.9 -999.9 Santa_Catarina DCSC -999.9 0.0 0.6 40.18 40.39 40.13 -1 -0.01 40.56 40.56 40.56 40.56
-27.319788 -49.121891 DCSC-00156 2026-09-21_12:07 -999.9 -999.9 -999.9 -999.9 -999.9 -999.9 -999.9 -999.9 -999.9 -999.9 -999.9 -999.9 -999.9 -999.9 -999.9 -999.9 0.0 0.4 35.4 52.4 52.4 53.0 -999.9 -999.9 -999.9 -999.9 -999.9 DCSC_-_Nova_Trento_-_Agutí_(220_m) -999.9 -999.9 -999.9 -999.9 -999.9 -999.9 -999.9 -999.9 Santa_Catarina DCSC -999.9 0.0 0.4 199.99 200.14 199.98 0 -0.02 200.55 200.55 200.55 200.55
-27.566987 -48.801828 DCSC-00049 2026-09-21_12:07 -999.9 -999.9 -999.9 -999.9 -999.9 -999.9 -999.9 -999.9 -999.9 -999.9 -999.9 -999.9 -999.9 -999.9 -999.9 -999.9 0.0 0.0 69.4 84.8 84.8 84.8 -999.9 -999.9 -999.9 -999.9 -999.9 DCSC_-_Sao_Pedro_de_Alcantara_(210_m) -999.9 -999.9 -999.9 -999.9 -999.9 -999.9 -999.9 -999.9 Santa_Catarina DCSC -999.9 0.0 0.0 -999.9 -999.9 -999.9 0 -999.9 -999.9 -999.9 -999.9 -999.9
-26.248262 -48.630953 DCSC-00069 2026-09-21_12:07 26.0 -999.9 -999.9 58.9 -999.9 -999.9 17.3 -999.9 -999.9 1007.9 -999.9 -999.9 14.0 -999.9 42.3 -999.9 0.0 0.0 17.2 20.2 20.4 21.8 29.3 20.6 90.7 58.5 47.5 DCSC_-_São_Francisco_do_Sul_(25_m) -999.9 -999.9 1008.1 1001.2 1007.9 22.1 17.3 -999.9 Santa_Catarina DCSC -999.9 0.0 0.0 -999.9 -999.9 -999.9 0 -999.9 -999.9 -999.9 -999.9 -999.9
-26.654187 -49.987391 DCSC-00064 2026-09-21_12:07 28.7 -999.9 -999.9 57.4 -999.9 -999.9 19.5 -999.9 -999.9 -999.9 -999.9 -999.9 15.2 -999.9 46.3 -999.9 0.0 0.0 24.0 29.4 29.4 29.8 29.5 17.9 92.0 55.5 46.3 DCSC_-_Santa_Terezinha_(789_m) -999.9 -999.9 -999.9 -999.9 -999.9 20.5 16.5 -999.9 Santa_Catarina DCSC -999.9 0.0 0.0 -999.9 -999.9 -999.9 0 -999.9 -999.9 -999.9 -999.9 -999.9
-28.592388 -49.427703 DCSC-00138 2026-09-21_12:07 17.9 -999.9 -999.9 94.3 -999.9 -999.9 17.0 -999.9 -999.9 998.2 -999.9 -999.9 3.3 -999.9 10.0 -999.9 7.8 47.8 54.2 57.8 57.8 57.8 29.0 17.6 94.6 54.6 63.9 DCSC_-_Siderópolis_(104_m) -999.9 -999.9 1000.8 988.4 998.2 20.7 15.4 -999.9 Santa_Catarina DCSC -999.9 0.0 47.8 -999.9 -999.9 -999.9 0 -999.9 -999.9 -999.9 -999.9 -999.9
-28.042763 -49.143859 DCSC-00045 2026-09-21_12:07 19.9 -999.9 -999.9 77.0 -999.9 -999.9 15.7 -999.9 -999.9 964.2 -999.9 -999.9 5.0 -999.9 9.9 -999.9 0.0 0.0 8.2 11.4 11.4 11.4 27.9 18.1 80.8 53.6 49.3 DCSC_-_Santa_Rosa_de_Lima_(390_m) -999.9 -999.9 966.8 956.6 964.2 19.7 14.1 -999.9 Santa_Catarina DCSC -999.9 0.0 0.0 -999.9 -999.9 -999.9 0 -999.9 -999.9 -999.9 -999.9 -999.9
-26.780012 -51.016797 DCSC-00092 2026-09-21_12:07 -999.9 -999.9 -999.9 -999.9 -999.9 -999.9 -999.9 -999.9 -999.9 -999.9 -999.9 -999.9 -999.9 -999.9 -999.9 -999.9 0.0 0.0 20.4 29.0 29.0 29.0 -999.9 -999.9 -999.9 -999.9 -999.9 DCSC_-_Caçador_(890_m) -999.9 -999.9 -999.9 -999.9 -999.9 -999.9 -999.9 -999.9 Santa_Catarina DCSC -999.9 0.0 0.0 883.14 883.45 883.14 -1 -0.02 883.95 883.95 883.95 883.95
-27.694288 -50.562516 DCSC-00099 2026-09-21_12:07 26.5 -999.9 -999.9 64.0 -999.9 -999.9 19.1 -999.9 -999.9 -999.9 -999.9 -999.9 19.0 -999.9 30.2 -999.9 0.0 0.0 28.4 34.2 34.2 34.4 26.6 19.2 87.0 63.7 39.5 DCSC_-_São_José_Do_Cerrito_(885_m) -999.9 -999.9 -999.9 -999.9 -999.9 19.9 16.8 -999.9 Santa_Catarina DCSC -999.9 0.0 0.0 -999.9 -999.9 -999.9 0 -999.9 -999.9 -999.9 -999.9 -999.9
-26.728912 -52.725797 DCSC-00117 2026-09-21_12:07 31.4 -999.9 -999.9 54.8 -999.9 -999.9 21.2 -999.9 -999.9 -999.9 -999.9 -999.9 15.6 -999.9 29.3 -999.9 0.0 0.0 15.2 28.2 28.2 28.2 32.1 23.6 75.7 52.2 50.5 DCSC_-_Quilombo_(534_m) -999.9 -999.9 -999.9 -999.9 -999.9 22.0 18.5 -999.9 Santa_Catarina DCSC -999.9 0.0 0.0 -999.9 -999.9 -999.9 0 -999.9 -999.9 -999.9 -999.9 -999.9
-27.514087 -48.654703 DCSC-00057 2026-09-21_12:07 21.5 -999.9 -999.9 77.0 -999.9 -999.9 17.3 -999.9 -999.9 1010.8 -999.9 -999.9 7.9 -999.9 20.6 -999.9 0.0 0.0 37.0 53.6 53.6 53.6 24.7 19.0 98.5 68.1 47.2 DCSC_-_Biguacu_(6_m) -999.9 -999.9 1012.1 1003.5 1010.8 20.8 16.7 -999.9 Santa_Catarina DCSC -999.9 0.0 0.0 -999.9 -999.9 -999.9 0 -999.9 -999.9 -999.9 -999.9 -999.9
-26.665512 -53.422516 DCSC-00108 2026-09-21_12:07 -999.9 -999.9 -999.9 -999.9 -999.9 -999.9 -999.9 -999.9 -999.9 -999.9 -999.9 -999.9 -999.9 -999.9 -999.9 -999.9 0.0 0.0 20.4 42.0 42.0 42.4 -999.9 -999.9 -999.9 -999.9 -999.9 DCSC_-_Barra_Bonita_(302_m) -999.9 -999.9 -999.9 -999.9 -999.9 -999.9 -999.9 -999.9 Santa_Catarina DCSC -999.9 0.0 0.0 293.02 293.31 293.0 -1 -0.02 293.39 293.39 293.39 293.39
-26.419912 -53.093891 DCSC-00112 2026-09-21_12:07 27.6 -999.9 -999.9 64.5 -999.9 -999.9 20.3 -999.9 -999.9 -999.9 -999.9 -999.9 10.8 -999.9 38.6 -999.9 0.0 0.0 18.4 42.2 42.2 48.8 28.0 18.5 93.1 63.3 44.3 DCSC_-_Campo_Erê_(928_m) -999.9 -999.9 -999.9 -999.9 -999.9 20.9 17.3 -999.9 Santa_Catarina DCSC -999.9 0.0 0.0 -999.9 -999.9 -999.9 0 -999.9 -999.9 -999.9 -999.9 -999.9
-26.922438 -49.135422 DCSC-00026 2026-09-21_12:07 26.4 -999.9 -999.9 63.0 -999.9 -999.9 18.8 -999.9 -999.9 994.7 -999.9 -999.9 4.3 -999.9 8.1 -999.9 0.0 0.0 40.3 49.8 50.6 67.3 26.9 19.2 96.8 61.9 9.4 DCSC_-_Blumenau_(112_m) -999.9 -999.9 995.6 989.9 994.7 21.9 18.5 -999.9 Santa_Catarina DCSC -999.9 0.0 0.0 -999.9 -999.9 -999.9 0 -999.9 -999.9 -999.9 -999.9 -999.9
-28.534913 -49.300547 DCSC-00075 2026-09-21_12:07 -999.9 -999.9 -999.9 -999.9 -999.9 -999.9 -999.9 -999.9 -999.9 -999.9 -999.9 -999.9 -999.9 -999.9 -999.9 -999.9 3.2 14.0 20.8 25.6 25.6 25.6 -999.9 -999.9 -999.9 -999.9 -999.9 DCSC_-_Urussanga_(35_m) -999.9 -999.9 -999.9 -999.9 -999.9 -999.9 -999.9 -999.9 Santa_Catarina DCSC -999.9 0.0 14.0 26.02 26.05 25.68 1 0.09 26.05 26.05 26.05 26.05
-27.899763 -49.583578 DCSC-00002 2026-09-21_12:07 16.3 -999.9 -999.9 98.7 -999.9 -999.9 16.1 -999.9 -999.9 1012.1 -999.9 -999.9 27.5 -999.9 54.7 -999.9 0.0 0.0 110.3 120.8 120.7 120.8 19.2 15.9 100.0 81.7 64.2 DCSC_-_Bom_Retiro_(1232_m) -999.9 -999.9 1014.6 1009.4 1012.1 17.5 15.7 -999.9 Santa_Catarina DCSC -999.9 0.0 0.0 -999.9 -999.9 -999.9 0 -999.9 -999.9 -999.9 -999.9 -999.9
-26.757288 -53.183609 DCSC-00113 2026-09-21_12:07 30.4 -999.9 -999.9 54.0 -999.9 -999.9 20.1 -999.9 -999.9 -999.9 -999.9 -999.9 40.0 -999.9 49.1 -999.9 0.0 0.0 28.8 42.0 42.0 42.0 30.4 23.4 76.6 53.9 57.1 DCSC_-_Maravilha_(625_m) -999.9 -999.9 -999.9 -999.9 -999.9 21.5 18.6 -999.9 Santa_Catarina DCSC -999.9 0.0 0.0 -999.9 -999.9 -999.9 0 -999.9 -999.9 -999.9 -999.9 -999.9
-27.184613 -52.047391 DCSC-00105 2026-09-21_12:07 29.9 -999.9 -999.9 53.5 -999.9 -999.9 19.5 -999.9 -999.9 -999.9 -999.9 -999.9 33.6 -999.9 50.7 -999.9 0.0 1.2 26.6 33.0 33.0 33.0 29.9 22.9 76.3 53.5 60.3 DCSC_-_Concórdia_(737_m) -999.9 -999.9 -999.9 -999.9 -999.9 20.7 17.8 -999.9 Santa_Catarina DCSC -999.9 0.0 1.2 -999.9 -999.9 -999.9 0 -999.9 -999.9 -999.9 -999.9 -999.9
-27.512812 -48.758609 DCSC-00155 2026-09-21_12:07 -999.9 -999.9 -999.9 -999.9 -999.9 -999.9 -999.9 -999.9 -999.9 -999.9 -999.9 -999.9 -999.9 -999.9 -999.9 -999.9 0.0 0.0 47.6 60.8 60.8 60.8 -999.9 -999.9 -999.9 -999.9 -999.9 DCSC_-_Antônio_Carlos_(15_m) -999.9 -999.9 -999.9 -999.9 -999.9 -999.9 -999.9 -999.9 Santa_Catarina DCSC -999.9 0.0 0.0 9.62 9.8 9.61 0 -0.01 10.97 10.97 10.97 10.97
-26.714237 -49.485047 DCSC-00028 2026-09-21_12:07 -999.9 -999.9 -999.9 -999.9 -999.9 -999.9 -999.9 -999.9 -999.9 -999.9 -999.9 -999.9 -999.9 -999.9 -999.9 -999.9 0.0 0.0 28.8 34.0 34.0 34.0 -999.9 -999.9 -999.9 -999.9 -999.9 DCSC_-_Doutor_Pedrinho_(521_m) -999.9 -999.9 -999.9 -999.9 -999.9 -999.9 -999.9 -999.9 Santa_Catarina DCSC -999.9 0.0 0.0 1.75 1.96 1.75 1 -0.02 2.46 2.46 2.46 2.46
-26.195812 -48.912484 DCSC-00123 2026-09-21_12:07 -999.9 -999.9 -999.9 -999.9 -999.9 -999.9 -999.9 -999.9 -999.9 -999.9 -999.9 -999.9 -999.9 -999.9 -999.9 -999.9 0.0 0.0 11.6 34.4 34.6 35.8 -999.9 -999.9 -999.9 -999.9 -999.9 DCSC_-_Joinville_(25_m) -999.9 -999.9 -999.9 -999.9 -999.9 -999.9 -999.9 -999.9 Santa_Catarina DCSC -999.9 0.0 0.0 20.86 20.9 20.81 0 0.01 21.1 21.1 21.1 21.1
-26.256287 -49.516609 DCSC-00124 2026-09-21_12:07 -999.9 -999.9 -999.9 -999.9 -999.9 -999.9 -999.9 -999.9 -999.9 -999.9 -999.9 -999.9 -999.9 -999.9 -999.9 -999.9 0.2 0.4 15.4 17.0 17.0 17.6 -999.9 -999.9 -999.9 -999.9 -999.9 DCSC_-_Rio_Negrinho_(791_m) -999.9 -999.9 -999.9 -999.9 -999.9 -999.9 -999.9 -999.9 Santa_Catarina DCSC -999.9 0.0 0.4 782.07 782.15 782.05 0 0.0 782.25 782.25 21474836.0 21474836.0
-27.482238 -49.582484 DCSC-00039 2026-09-21_12:07 -999.9 -999.9 -999.9 -999.9 -999.9 -999.9 -999.9 -999.9 -999.9 -999.9 -999.9 -999.9 -999.9 -999.9 -999.9 -999.9 0.0 0.0 46.8 51.1 51.1 51.1 -999.9 -999.9 -999.9 -999.9 -999.9 DCSC_-_Ituporanga_(372_m) -999.9 -999.9 -999.9 -999.9 -999.9 -999.9 -999.9 -999.9 Santa_Catarina DCSC -999.9 0.0 0.0 1.04 1.04 1.04 0 0.0 3.15 3.15 3.15 3.75
-27.100687 -48.917234 DCSC-00019 2026-09-21_12:07 -999.9 -999.9 -999.9 -999.9 -999.9 -999.9 -999.9 -999.9 -999.9 -999.9 -999.9 -999.9 -999.9 -999.9 -999.9 -999.9 0.0 0.0 50.0 59.0 59.0 59.0 -999.9 -999.9 -999.9 -999.9 -999.9 DCSC_-_Brusque_(13_m) -999.9 -999.9 -999.9 -999.9 -999.9 -999.9 -999.9 -999.9 Santa_Catarina DCSC -999.9 0.0 0.0 1.85 2.54 1.85 -1 -0.02 2.96 2.96 2.96 2.96
-26.958787 -51.781891 DCSC-00093 2026-09-21_12:07 26.2 -999.9 -999.9 60.3 -999.9 -999.9 17.9 -999.9 -999.9 -999.9 -999.9 -999.9 51.2 -999.9 66.2 -999.9 0.0 0.0 21.6 33.0 33.0 33.2 26.8 19.5 84.8 59.5 93.3 DCSC_-_Vargem_Bonita_(1073_m) -999.9 -999.9 -999.9 -999.9 -999.9 19.0 16.7 -999.9 Santa_Catarina DCSC -999.9 0.0 0.0 -999.9 -999.9 -999.9 0 -999.9 -999.9 -999.9 -999.9 -999.9
-27.453387 -51.557203 DCSC-00101 2026-09-21_12:07 27.8 -999.9 -999.9 60.0 -999.9 -999.9 19.3 -999.9 -999.9 -999.9 -999.9 -999.9 27.6 -999.9 49.6 -999.9 0.0 1.2 33.4 44.4 44.4 44.6 27.8 21.9 79.2 60.0 50.0 DCSC_-_Zortéa_(661_m) -999.9 -999.9 -999.9 -999.9 -999.9 19.9 17.8 -999.9 Santa_Catarina DCSC -999.9 0.0 1.2 -999.9 -999.9 -999.9 0 -999.9 -999.9 -999.9 -999.9 -999.9
-27.400613 -49.717984 DCSC-00086 2026-09-21_12:07 -999.9 -999.9 -999.9 -999.9 -999.9 -999.9 -999.9 -999.9 -999.9 -999.9 -999.9 -999.9 -999.9 -999.9 -999.9 -999.9 0.0 0.0 29.8 32.2 32.2 32.2 -999.9 -999.9 -999.9 -999.9 -999.9 DCSC_-_Atalanta_(461_m) -999.9 -999.9 -999.9 -999.9 -999.9 -999.9 -999.9 -999.9 Santa_Catarina DCSC -999.9 0.0 0.0 453.57 453.86 453.56 -1 -0.01 454.91 21474836.0 21474836.0 21474836.0
-27.098188 -50.036984 DCSC-00171 2026-09-21_12:07 -999.9 -999.9 -999.9 -999.9 -999.9 -999.9 -999.9 -999.9 -999.9 -999.9 -999.9 -999.9 -999.9 -999.9 -999.9 -999.9 0.0 0.0 23.0 26.0 26.0 26.0 -999.9 -999.9 -999.9 -999.9 -999.9 DCSC_-_Taió_(350_m) -999.9 -999.9 -999.9 -999.9 -999.9 -999.9 -999.9 -999.9 Santa_Catarina DCSC -999.9 0.0 0.0 340.02 340.88 340.02 -1 -0.05 344.07 344.42 344.97 345.27
-26.935688 -50.685516 DCSC-00134 2026-09-21_12:07 27.7 -999.9 -999.9 59.2 -999.9 -999.9 19.0 -999.9 -999.9 -999.9 -999.9 -999.9 16.9 -999.9 42.0 -999.9 0.0 0.0 32.8 39.4 39.4 39.8 28.0 17.8 87.8 57.8 51.9 DCSC_-_Lebon_Régis_(1010_m) -999.9 -999.9 -999.9 -999.9 -999.9 19.4 15.6 -999.9 Santa_Catarina DCSC -999.9 0.0 0.0 -999.9 -999.9 -999.9 0 -999.9 -999.9 -999.9 -999.9 -999.9
-26.715312 -48.909859 DCSC-00062 2026-09-21_12:07 -999.9 -999.9 -999.9 -999.9 -999.9 -999.9 -999.9 -999.9 -999.9 -999.9 -999.9 -999.9 -999.9 -999.9 -999.9 -999.9 0.0 0.0 29.8 40.0 40.0 40.0 -999.9 -999.9 -999.9 -999.9 -999.9 DCSC_-_Luiz_Alves_(57_m) -999.9 -999.9 -999.9 -999.9 -999.9 -999.9 -999.9 -999.9 Santa_Catarina DCSC -999.9 0.0 0.0 52.24 52.38 52.24 0 -0.02 53.04 53.05 53.05 53.05
-27.036077 -49.393355 DCSC-00178 2026-09-21_12:07 -999.9 -999.9 -999.9 -999.9 -999.9 -999.9 -999.9 -999.9 -999.9 -999.9 -999.9 -999.9 -999.9 -999.9 -999.9 -999.9 0.0 0.0 32.0 36.6 36.6 36.6 -999.9 -999.9 -999.9 -999.9 -999.9 DCSC_-_Apiúna_(83_m) -999.9 -999.9 -999.9 -999.9 -999.9 -999.9 -999.9 -999.9 Santa_Catarina DCSC -999.9 0.0 0.0 81.32 81.64 81.31 -1 -0.02 81.93 81.93 81.93 81.93
-26.046412 -48.841484 DCSC-00070 2026-09-21_12:07 25.8 -999.9 -999.9 62.2 -999.9 -999.9 18.0 -999.9 -999.9 1010.5 -999.9 -999.9 15.0 -999.9 27.3 -999.9 0.0 0.0 16.6 42.0 42.0 43.6 30.2 18.3 97.6 60.6 52.2 DCSC_-_Garuva_(10_m) -999.9 -999.9 1010.7 1001.8 1010.5 23.0 17.7 -999.9 Santa_Catarina DCSC -999.9 0.0 0.0 -999.9 -999.9 -999.9 0 -999.9 -999.9 -999.9 -999.9 -999.9
-26.479913 -49.080203 DCSC-00074 2026-09-21_12:07 -999.9 -999.9 -999.9 -999.9 -999.9 -999.9 -999.9 -999.9 -999.9 -999.9 -999.9 -999.9 -999.9 -999.9 -999.9 -999.9 0.0 0.0 19.6 44.8 52.0 45.0 -999.9 -999.9 -999.9 -999.9 -999.9 DCSC_-_Jaraguá_do_Sul_(31_m) -999.9 -999.9 -999.9 -999.9 -999.9 -999.9 -999.9 -999.9 Santa_Catarina DCSC -999.9 0.0 0.0 23.87 24.01 23.85 0 0.0 24.13 24.13 24.13 21474836.0
-28.659913 -49.486203 DCSC-00121 2026-09-21_12:07 -999.9 -999.9 -999.9 -999.9 -999.9 -999.9 -999.9 -999.9 -999.9 -999.9 -999.9 -999.9 -999.9 -999.9 -999.9 -999.9 31.6 66.0 75.0 78.8 78.8 79.4 -999.9 -999.9 -999.9 -999.9 -999.9 DCSC_-_Nova_Veneza_-_Mãe_Luzia_(42_m) -999.9 -999.9 -999.9 -999.9 -999.9 -999.9 -999.9 -999.9 Santa_Catarina DCSC -999.9 0.0 66.0 41.98 41.99 41.43 1 0.3 41.99 41.99 41.99 41.99
-27.385487 -49.358141 DCSC-00024 2026-09-21_12:07 -999.9 -999.9 -999.9 -999.9 -999.9 -999.9 -999.9 -999.9 -999.9 -999.9 -999.9 -999.9 -999.9 -999.9 -999.9 -999.9 0.0 0.0 29.6 32.2 32.2 32.2 -999.9 -999.9 -999.9 -999.9 -999.9 DCSC_-_Vidal_Ramos_(328_m) -999.9 -999.9 -999.9 -999.9 -999.9 -999.9 -999.9 -999.9 Santa_Catarina DCSC -999.9 0.0 0.0 2.56 2.63 2.54 -1 0.0 3.36 3.36 3.36 3.36
-27.503863 -49.553609 DCSC-00038 2026-09-21_12:07 -999.9 -999.9 -999.9 -999.9 -999.9 -999.9 -999.9 -999.9 -999.9 -999.9 -999.9 -999.9 -999.9 -999.9 -999.9 -999.9 0.0 0.0 49.7 53.7 53.7 53.7 -999.9 -999.9 -999.9 -999.9 -999.9 DCSC_-_Barragem_Sul_Ituporanga_(399_m) -999.9 -999.9 -999.9 -999.9 -999.9 -999.9 -999.9 -999.9 Santa_Catarina DCSC -999.9 0.0 0.0 19.34 19.34 18.29 1 0.07 19.34 19.34 19.34 19.34
-28.700713 -49.749703 DCSC-00136 2026-09-21_12:07 17.5 -999.9 -999.9 95.5 -999.9 -999.9 16.8 -999.9 -999.9 985.1 -999.9 -999.9 8.2 -999.9 15.6 -999.9 18.6 89.2 104.6 108.2 108.2 109.6 28.7 17.4 95.9 55.4 54.8 DCSC_-_Morro_Grande_-_Três_Barras_(211_m) -999.9 -999.9 987.7 976.1 985.1 20.0 15.7 -999.9 Santa_Catarina DCSC -999.9 0.0 89.2 -999.9 -999.9 -999.9 0 -999.9 -999.9 -999.9 -999.9 -999.9
-26.091188 -49.260297 DCSC-00071 2026-09-21_12:07 29.7 -999.9 -999.9 53.5 -999.9 -999.9 19.3 -999.9 -999.9 -999.9 -999.9 -999.9 16.5 -999.9 21.2 -999.9 0.0 0.0 10.0 10.4 10.4 11.0 30.1 18.0 88.8 51.2 42.7 DCSC_-_Campo_Alegre_(839_m) -999.9 -999.9 -999.9 -999.9 -999.9 20.8 15.9 -999.9 Santa_Catarina DCSC -999.9 0.0 0.0 -999.9 -999.9 -999.9 0 -999.9 -999.9 -999.9 -999.9 -999.9
-26.982712 -50.011016 DCSC-00065 2026-09-21_12:07 -999.9 -999.9 -999.9 -999.9 -999.9 -999.9 -999.9 -999.9 -999.9 -999.9 -999.9 -999.9 -999.9 -999.9 -999.9 -999.9 0.0 0.0 36.4 40.0 40.0 40.0 -999.9 -999.9 -999.9 -999.9 -999.9 DCSC_-_Salete_(405_m) -999.9 -999.9 -999.9 -999.9 -999.9 -999.9 -999.9 -999.9 Santa_Catarina DCSC -999.9 0.0 0.0 399.86 399.92 399.82 0 0.0 400.64 400.64 400.64 400.64
-26.816813 -52.736141 DCSC-00132 2026-09-21_12:07 -999.9 -999.9 -999.9 -999.9 -999.9 -999.9 -999.9 -999.9 -999.9 -999.9 -999.9 -999.9 -999.9 -999.9 -999.9 -999.9 0.0 0.0 17.4 27.6 27.8 27.8 -999.9 -999.9 -999.9 -999.9 -999.9 DCSC_-_Quilombo_(325_m) -999.9 -999.9 -999.9 -999.9 -999.9 -999.9 -999.9 -999.9 Santa_Catarina DCSC -999.9 0.0 0.0 319.93 320.14 319.93 -1 -0.01 320.14 320.14 320.14 320.61
-27.842312 -50.316891 DCSC-00131 2026-09-21_12:07 -999.9 -999.9 -999.9 -999.9 -999.9 -999.9 -999.9 -999.9 -999.9 -999.9 -999.9 -999.9 -999.9 -999.9 -999.9 -999.9 -999.9 0.2 39.6 50.8 50.8 55.0 -999.9 -999.9 -999.9 -999.9 -999.9 DCSC_-_Lages_(879_m) -999.9 -999.9 -999.9 -999.9 -999.9 -999.9 -999.9 -999.9 Santa_Catarina DCSC -999.9 0.0 0.2 21474836.0 21474836.0 21474836.0 0 0.0 21474836.0 21474836.0 21474836.0 21474836.0
-27.415962 -49.603703 DCSC-00085 2026-09-21_12:07 -999.9 -999.9 -999.9 -999.9 -999.9 -999.9 -999.9 -999.9 -999.9 -999.9 -999.9 -999.9 -999.9 -999.9 -999.9 -999.9 0.0 0.0 24.6 28.6 28.6 29.4 -999.9 -999.9 -999.9 -999.9 -999.9 DCSC_-_Ituporanga_(370_m) -999.9 -999.9 -999.9 -999.9 -999.9 -999.9 -999.9 -999.9 Santa_Catarina DCSC -999.9 0.0 0.0 361.16 361.24 361.16 0 -0.01 362.23 362.23 21474836.0 21474836.0
-26.355113 -48.835703 DCSC-00165 2026-09-21_12:07 25.7 -999.9 -999.9 61.7 -999.9 -999.9 17.8 -999.9 -999.9 1008.0 -999.9 -999.9 12.7 -999.9 23.4 -999.9 0.0 0.0 16.4 29.8 30.4 31.4 28.9 19.9 90.6 57.2 46.2 DCSC_-_Joinville_-_Feira_(31_m) -999.9 -999.9 1008.3 1001.0 1008.0 21.6 16.8 -999.9 Santa_Catarina DCSC -999.9 0.0 0.0 -999.9 -999.9 -999.9 0 -999.9 -999.9 -999.9 -999.9 -999.9
-27.198629 -49.786545 DCSC-00179 2026-09-21_12:07 -999.9 -999.9 -999.9 -999.9 -999.9 -999.9 -999.9 -999.9 -999.9 -999.9 -999.9 -999.9 -999.9 -999.9 -999.9 -999.9 0.0 0.0 22.0 26.0 26.0 26.0 -999.9 -999.9 -999.9 -999.9 -999.9 DCSC_-_Rio_do_Oeste_(344_m) -999.9 -999.9 -999.9 -999.9 -999.9 -999.9 -999.9 -999.9 Santa_Catarina DCSC -999.9 0.0 0.0 336.16 336.9 336.16 -1 -0.08 336.98 336.98 336.98 337.21
-26.212988 -49.339516 DCSC-00167 2026-09-21_12:07 29.3 -999.9 -999.9 52.5 -999.9 -999.9 18.6 -999.9 -999.9 -999.9 -999.9 -999.9 19.2 -999.9 31.5 -999.9 0.0 0.0 11.2 11.6 11.6 12.2 29.6 17.9 88.1 51.4 38.9 DCSC_-_São_Bento_do_Sul_(855_m) -999.9 -999.9 -999.9 -999.9 -999.9 19.8 15.6 -999.9 Santa_Catarina DCSC -999.9 0.0 0.0 -999.9 -999.9 -999.9 0 -999.9 -999.9 -999.9 -999.9 -999.9
-27.117912 -48.924359 DCSC-00044 2026-09-21_12:07 27.1 -999.9 -999.9 56.8 -999.9 -999.9 17.8 -999.9 -999.9 1000.0 -999.9 -999.9 8.3 -999.9 15.0 -999.9 0.0 0.0 51.4 62.8 62.8 62.8 27.9 19.2 98.1 55.0 16.4 DCSC_-_Brusque_(85_m) -999.9 -999.9 1001.1 995.4 1000.0 21.8 17.5 -999.9 Santa_Catarina DCSC -999.9 0.0 0.0 -999.9 -999.9 -999.9 0 -999.9 -999.9 -999.9 -999.9 -999.9
-26.940912 -50.144016 DCSC-00125 2026-09-21_12:07 -999.9 -999.9 -999.9 -999.9 -999.9 -999.9 -999.9 -999.9 -999.9 -999.9 -999.9 -999.9 -999.9 -999.9 -999.9 -999.9 0.0 0.0 38.6 43.4 43.8 46.4 -999.9 -999.9 -999.9 -999.9 -999.9 DCSC_-_Rio_do_Campo_(582_m) -999.9 -999.9 -999.9 -999.9 -999.9 -999.9 -999.9 -999.9 Santa_Catarina DCSC -999.9 0.0 0.0 576.11 576.24 576.08 -1 -0.04 21474836.0 21474836.0 21474836.0 21474836.0
-28.354988 -49.272609 DCSC-00046 2026-09-21_12:07 18.8 -999.9 -999.9 86.6 -999.9 -999.9 16.5 -999.9 -999.9 988.5 -999.9 -999.9 5.8 -999.9 7.4 -999.9 0.0 0.2 8.6 14.0 14.0 14.0 28.1 18.2 93.6 59.0 38.7 DCSC_-_Orleans_(194_m) -999.9 -999.9 991.2 978.6 988.5 20.3 15.4 -999.9 Santa_Catarina DCSC -999.9 0.0 0.2 -999.9 -999.9 -999.9 0 -999.9 -999.9 -999.9 -999.9 -999.9
-27.200713 -50.070609 DCSC-00162 2026-09-21_12:07 -999.9 -999.9 -999.9 -999.9 -999.9 -999.9 -999.9 -999.9 -999.9 -999.9 -999.9 -999.9 -999.9 -999.9 -999.9 -999.9 0.0 0.0 33.6 41.4 41.4 41.6 -999.9 -999.9 -999.9 -999.9 -999.9 DCSC_-_Mirim_Doce_(356_m) -999.9 -999.9 -999.9 -999.9 -999.9 -999.9 -999.9 -999.9 Santa_Catarina DCSC -999.9 0.0 0.0 348.83 348.92 348.82 -1 -0.02 349.16 349.16 349.16 349.16
-26.910913 -49.269953 DCSC-00006 2026-09-21_12:07 -999.9 -999.9 -999.9 -999.9 -999.9 -999.9 -999.9 -999.9 -999.9 -999.9 -999.9 -999.9 -999.9 -999.9 -999.9 -999.9 0.2 0.5 52.3 58.4 58.7 62.3 -999.9 -999.9 -999.9 -999.9 -999.9 DCSC_-_Indaial_(68_m) -999.9 -999.9 -999.9 -999.9 -999.9 -999.9 -999.9 -999.9 Santa_Catarina DCSC -999.9 0.0 0.5 6.05 6.32 6.04 -1 -0.02 6.42 6.42 6.42 6.42
-28.395612 -49.396203 DCSC-00054 2026-09-21_12:07 -999.9 -999.9 -999.9 -999.9 -999.9 -999.9 -999.9 -999.9 -999.9 -999.9 -999.9 -999.9 -999.9 -999.9 -999.9 -999.9 0.0 1.2 12.2 18.6 18.6 18.6 -999.9 -999.9 -999.9 -999.9 -999.9 DCSC_-_Lauro_Muller_(206_m) -999.9 -999.9 -999.9 -999.9 -999.9 -999.9 -999.9 -999.9 Santa_Catarina DCSC -999.9 0.0 1.2 191.15 191.21 191.08 1 0.02 191.37 191.37 191.37 191.37
-26.880637 -49.839609 DCSC-00036 2026-09-21_12:07 28.7 -999.9 -999.9 59.4 -999.9 -999.9 20.0 -999.9 -999.9 1008.9 -999.9 -999.9 12.0 -999.9 17.5 -999.9 0.0 0.2 49.7 55.0 55.1 55.3 28.7 19.7 86.2 58.9 55.1 DCSC_-_Vitor_Meireles_(417_m) -999.9 -999.9 1011.4 1006.6 1008.9 20.6 17.2 -999.9 Santa_Catarina DCSC -999.9 0.0 0.2 -999.9 -999.9 -999.9 0 -999.9 -999.9 -999.9 -999.9 -999.9
-28.670462 -49.416328 DCSC-00053 2026-09-21_12:07 17.8 -999.9 -999.9 95.8 -999.9 -999.9 17.1 -999.9 -999.9 1005.1 -999.9 -999.9 8.3 -999.9 17.6 -999.9 27.2 79.2 89.0 92.0 92.0 92.4 25.3 17.7 96.2 71.8 61.1 DCSC_-_Criciuma_Centro_(37_m) -999.9 -999.9 1007.9 996.1 1005.1 20.9 15.9 -999.9 Santa_Catarina DCSC -999.9 0.0 79.2 -999.9 -999.9 -999.9 0 -999.9 -999.9 -999.9 -999.9 -999.9
-27.222687 -49.731734 DCSC-00031 2026-09-21_12:07 -999.9 -999.9 -999.9 -999.9 -999.9 -999.9 -999.9 -999.9 -999.9 -999.9 -999.9 -999.9 -999.9 -999.9 -999.9 -999.9 0.0 0.0 21.6 25.8 25.8 25.8 -999.9 -999.9 -999.9 -999.9 -999.9 DCSC_-_Laurentino_(339_m) -999.9 -999.9 -999.9 -999.9 -999.9 -999.9 -999.9 -999.9 Santa_Catarina DCSC -999.9 0.0 0.0 4.22 4.89 4.22 -1 -0.05 5.03 5.03 5.03 5.03
-27.416412 -51.764484 DCSC-00130 2026-09-21_12:07 -999.9 -999.9 -999.9 -999.9 -999.9 -999.9 -999.9 -999.9 -999.9 -999.9 -999.9 -999.9 -999.9 -999.9 -999.9 -999.9 0.2 2.6 27.8 37.8 37.8 37.8 -999.9 -999.9 -999.9 -999.9 -999.9 DCSC_-_Ipira_(405_m) -999.9 -999.9 -999.9 -999.9 -999.9 -999.9 -999.9 -999.9 Santa_Catarina DCSC -999.9 0.0 2.6 393.22 393.68 393.15 1 0.05 393.68 393.68 393.68 655.35
-27.400887 -51.222797 DCSC-00135 2026-09-21_12:07 28.9 -999.9 -999.9 54.0 -999.9 -999.9 18.7 -999.9 -999.9 -999.9 -999.9 -999.9 23.0 -999.9 38.9 -999.9 0.0 0.0 27.6 34.6 34.6 35.0 28.9 19.3 86.7 52.7 48.0 DCSC_-_Campos_Novos_(929_m) -999.9 -999.9 -999.9 -999.9 -999.9 19.1 16.8 -999.9 Santa_Catarina DCSC -999.9 0.0 0.0 -999.9 -999.9 -999.9 0 -999.9 -999.9 -999.9 -999.9 -999.9
-26.888713 -52.872016 DCSC-00106 2026-09-21_12:07 -999.9 -999.9 -999.9 -999.9 -999.9 -999.9 -999.9 -999.9 -999.9 -999.9 -999.9 -999.9 -999.9 -999.9 -999.9 -999.9 0.0 0.0 15.0 30.0 30.0 30.2 -999.9 -999.9 -999.9 -999.9 -999.9 DCSC_-_Águas_Frias/Nova_Erechim_(286_m) -999.9 -999.9 -999.9 -999.9 -999.9 -999.9 -999.9 -999.9 Santa_Catarina DCSC -999.9 0.0 0.0 277.42 277.44 277.32 0 0.0 277.48 277.48 277.48 277.55
-27.625512 -51.025828 DCSC-00100 2026-09-21_12:07 28.4 -999.9 -999.9 56.6 -999.9 -999.9 19.0 -999.9 -999.9 -999.9 -999.9 -999.9 17.5 -999.9 27.1 -999.9 0.0 0.0 35.0 43.4 43.4 43.4 28.5 17.2 96.6 55.8 45.0 DCSC_-_Abdon_Batista_(720_m) -999.9 -999.9 -999.9 -999.9 -999.9 21.2 16.5 -999.9 Santa_Catarina DCSC -999.9 0.0 0.0 -999.9 -999.9 -999.9 0 -999.9 -999.9 -999.9 -999.9 -999.9
-27.412537 -49.832672 DCSC-00025 2026-09-21_12:07 -999.9 -999.9 -999.9 -999.9 -999.9 -999.9 -999.9 -999.9 -999.9 -999.9 -999.9 -999.9 -999.9 -999.9 -999.9 -999.9 0.0 0.0 52.3 59.5 59.4 59.5 -999.9 -999.9 -999.9 -999.9 -999.9 DCSC_-_Agrolândia_(396_m) -999.9 -999.9 -999.9 -999.9 -999.9 -999.9 -999.9 -999.9 Santa_Catarina DCSC -999.9 0.0 0.0 1.03 1.14 1.03 0 -0.02 1.4 1.4 1.4 1.4
-27.612313 -48.674484 DCSC-00076 2026-09-21_12:07 21.8 -999.9 -999.9 77.9 -999.9 -999.9 17.8 -999.9 -999.9 1010.8 -999.9 -999.9 3.2 -999.9 11.1 -999.9 0.0 0.0 61.2 76.2 76.2 76.2 25.9 18.5 98.4 68.3 50.9 DCSC_-_Palhoça_(6_m) -999.9 -999.9 1011.8 1003.3 1010.8 21.6 16.8 -999.9 Santa_Catarina DCSC -999.9 0.0 0.0 -999.9 -999.9 -999.9 0 -999.9 -999.9 -999.9 -999.9 -999.9
-28.162913 -50.519516 DCSC-00139 2026-09-21_12:00 20.4 -999.9 -999.9 83.6 -999.9 -999.9 17.5 -999.9 -999.9 -999.9 -999.9 -999.9 36.8 -999.9 40.3 -999.9 0.2 0.4 31.8 39.4 39.4 39.4 21.0 17.8 92.3 79.1 61.7 DCSC_-_Capão_Alto_(1059_m) -999.9 -999.9 -999.9 -999.9 -999.9 18.2 16.2 -999.9 Santa_Catarina DCSC -999.9 0.0 0.4 -999.9 -999.9 -999.9 0 -999.9 -999.9 -999.9 -999.9 -999.9
-27.075713 -52.992297 DCSC-00107 2026-09-21_12:07 -999.9 -999.9 -999.9 -999.9 -999.9 -999.9 -999.9 -999.9 -999.9 -999.9 -999.9 -999.9 -999.9 -999.9 -999.9 -999.9 0.0 0.0 23.8 38.0 38.0 38.0 -999.9 -999.9 -999.9 -999.9 -999.9 DCSC_-_São_Carlos/Águas_de_Chapecó_(223_m) -999.9 -999.9 -999.9 -999.9 -999.9 -999.9 -999.9 -999.9 Santa_Catarina DCSC -999.9 0.0 0.0 232.7 232.76 232.56 -1 -0.04 232.76 232.76 232.76 233.21
-27.006412 -48.636203 DCSC-00160 2026-09-21_12:07 23.9 -999.9 -999.9 67.6 -999.9 -999.9 17.5 -999.9 -999.9 1010.4 -999.9 -999.9 13.1 -999.9 29.4 -999.9 0.0 0.0 52.4 55.6 55.6 55.6 27.1 19.0 96.8 63.5 31.1 DCSC_-_Balneário_Camboriú_-_Hospital_Ruth_Cardoso_(4_m) -999.9 -999.9 1011.5 1004.6 1010.4 22.1 16.9 -999.9 Santa_Catarina DCSC -999.9 0.0 0.0 -999.9 -999.9 -999.9 0 -999.9 -999.9 -999.9 -999.9 -999.9
-27.780938 -48.529328 DCSC-00059 2026-09-21_12:07 20.8 -999.9 -999.9 81.4 -999.9 -999.9 17.5 -999.9 -999.9 1009.7 -999.9 -999.9 3.3 -999.9 9.7 -999.9 0.0 1.8 68.0 78.4 78.4 78.4 27.6 19.5 92.5 59.4 72.9 DCSC_-_Florianopolis_Sul_(10_m) -999.9 -999.9 1011.7 1000.4 1009.7 20.7 16.1 -999.9 Santa_Catarina DCSC -999.9 0.0 1.8 -999.9 -999.9 -999.9 0 -999.9 -999.9 -999.9 -999.9 -999.9
-27.339512 -51.611703 DCSC-00097 2026-09-21_12:07 -999.9 -999.9 -999.9 -999.9 -999.9 -999.9 -999.9 -999.9 -999.9 -999.9 -999.9 -999.9 -999.9 -999.9 -999.9 -999.9 0.0 0.0 32.0 41.8 41.8 41.8 -999.9 -999.9 -999.9 -999.9 -999.9 DCSC_-_Capinzal_-_Ouro_(458_m) -999.9 -999.9 -999.9 -999.9 -999.9 -999.9 -999.9 -999.9 Santa_Catarina DCSC -999.9 0.0 0.0 442.58 442.69 442.45 -1 -0.02 442.69 442.69 442.69 442.69
-27.357287 -49.639859 DCSC-00008 2026-09-21_12:07 26.0 -999.9 -999.9 67.0 -999.9 -999.9 19.4 -999.9 -999.9 1009.4 -999.9 -999.9 22.0 -999.9 39.3 -999.9 0.0 0.0 42.2 47.9 47.9 47.9 26.0 19.0 91.0 62.8 39.3 DCSC_-_Aurora_(593_m) -999.9 -999.9 1012.2 1008.0 1009.4 19.6 16.8 -999.9 Santa_Catarina DCSC -999.9 0.0 0.0 -999.9 -999.9 -999.9 0 -999.9 -999.9 -999.9 -999.9 -999.9
-27.045488 -49.624297 DCSC-00043 2026-09-21_12:07 -999.9 -999.9 -999.9 -999.9 -999.9 -999.9 -999.9 -999.9 -999.9 -999.9 -999.9 -999.9 -999.9 -999.9 -999.9 -999.9 0.0 0.0 29.8 33.0 33.0 33.0 -999.9 -999.9 -999.9 -999.9 -999.9 DCSC_-_Presidente_Getúlio_(262_m) -999.9 -999.9 -999.9 -999.9 -999.9 -999.9 -999.9 -999.9 Santa_Catarina DCSC -999.9 0.0 0.0 2.06 2.25 2.06 -1 -0.02 2.92 2.92 2.92 2.92
-26.580462 -52.312516 DCSC-00120 2026-09-21_12:07 28.4 -999.9 -999.9 57.0 -999.9 -999.9 19.1 -999.9 -999.9 -999.9 -999.9 -999.9 26.3 -999.9 40.4 -999.9 0.0 0.0 33.0 55.0 55.0 55.0 29.1 20.5 82.5 55.9 55.3 DCSC_-_Abelardo_Luz_(775_m) -999.9 -999.9 -999.9 -999.9 -999.9 20.4 17.3 -999.9 Santa_Catarina DCSC -999.9 0.0 0.0 -999.9 -999.9 -999.9 0 -999.9 -999.9 -999.9 -999.9 -999.9
-26.961288 -49.372891 DCSC-00003 2026-09-21_12:07 -999.9 -999.9 -999.9 -999.9 -999.9 -999.9 -999.9 -999.9 -999.9 -999.9 -999.9 -999.9 -999.9 -999.9 -999.9 -999.9 0.0 0.0 41.9 47.0 46.9 47.0 -999.9 -999.9 -999.9 -999.9 -999.9 DCSC_-_Ascurra_(75_m) -999.9 -999.9 -999.9 -999.9 -999.9 -999.9 -999.9 -999.9 Santa_Catarina DCSC -999.9 0.0 0.0 7.7 8.11 7.68 1 0.01 8.35 8.35 8.35 8.35
-26.565713 -52.536703 DCSC-00104 2026-09-21_12:07 -999.9 -999.9 -999.9 -999.9 -999.9 -999.9 -999.9 -999.9 -999.9 -999.9 -999.9 -999.9 -999.9 -999.9 -999.9 -999.9 0.0 0.0 23.0 43.2 43.2 43.2 -999.9 -999.9 -999.9 -999.9 -999.9 DCSC_-_São_Domingos_(618_m) -999.9 -999.9 -999.9 -999.9 -999.9 -999.9 -999.9 -999.9 Santa_Catarina DCSC -999.9 0.0 0.0 611.63 611.69 611.61 0 0.01 611.97 611.97 611.97 611.97
-27.207213 -49.633484 DCSC-00013 2026-09-21_12:07 -999.9 -999.9 -999.9 -999.9 -999.9 -999.9 -999.9 -999.9 -999.9 -999.9 -999.9 -999.9 -999.9 -999.9 -999.9 -999.9 0.0 0.2 40.8 46.4 46.6 47.9 -999.9 -999.9 -999.9 -999.9 -999.9 DCSC_-_Rio_do_Sul_(339_m) -999.9 -999.9 -999.9 -999.9 -999.9 -999.9 -999.9 -999.9 Santa_Catarina DCSC -999.9 0.0 0.2 4.26 4.95 4.25 -1 -0.04 5.44 5.44 5.44 5.44
-28.137763 -49.333297 DCSC-00151 2026-09-21_12:07 19.8 -999.9 -999.9 77.7 -999.9 -999.9 15.8 -999.9 -999.9 971.0 -999.9 -999.9 3.4 -999.9 11.3 -999.9 0.0 0.0 13.6 16.2 16.4 16.4 28.6 18.5 82.4 55.2 67.0 DCSC_-_Grão_Pará_(354_m) -999.9 -999.9 973.6 961.2 971.0 19.9 14.8 -999.9 Santa_Catarina DCSC -999.9 0.0 0.0 -999.9 -999.9 -999.9 0 -999.9 -999.9 -999.9 -999.9 -999.9
-26.823663 -52.989578 DCSC-00115 2026-09-21_12:07 31.6 -999.9 -999.9 53.6 -999.9 -999.9 21.1 -999.9 -999.9 -999.9 -999.9 -999.9 9.5 -999.9 42.8 -999.9 0.0 0.0 25.6 37.0 37.0 37.0 31.7 23.1 78.0 52.5 54.8 DCSC_-_Pinhalzinho_(560_m) -999.9 -999.9 -999.9 -999.9 -999.9 21.6 18.7 -999.9 Santa_Catarina DCSC -999.9 0.0 0.0 -999.9 -999.9 -999.9 0 -999.9 -999.9 -999.9 -999.9 -999.9
-27.701213 -49.336203 DCSC-00087 2026-09-21_12:07 -999.9 -999.9 -999.9 -999.9 -999.9 -999.9 -999.9 -999.9 -999.9 -999.9 -999.9 -999.9 -999.9 -999.9 -999.9 -999.9 0.0 0.0 39.8 42.8 42.8 42.8 -999.9 -999.9 -999.9 -999.9 -999.9 DCSC_-_Alfredo_Wagner_(468_m) -999.9 -999.9 -999.9 -999.9 -999.9 -999.9 -999.9 -999.9 Santa_Catarina DCSC -999.9 0.0 0.0 455.64 455.88 455.64 -1 -0.1 457.31 457.31 457.31 457.31
-27.026312 -51.380266 DCSC-00090 2026-09-21_12:07 29.1 -999.9 -999.9 54.0 -999.9 -999.9 18.9 -999.9 -999.9 -999.9 -999.9 -999.9 30.2 -999.9 52.1 -999.9 0.0 0.0 38.2 49.6 49.6 49.6 30.0 21.0 82.5 50.4 69.4 DCSC_-_Treze_Tilias_(851_m) -999.9 -999.9 -999.9 -999.9 -999.9 19.3 17.3 -999.9 Santa_Catarina DCSC -999.9 0.0 0.0 -999.9 -999.9 -999.9 0 -999.9 -999.9 -999.9 -999.9 -999.9
-27.690987 -48.777359 DCSC-00060 2026-09-21_12:07 -999.9 -999.9 -999.9 -999.9 -999.9 -999.9 -999.9 -999.9 -999.9 -999.9 -999.9 -999.9 -999.9 -999.9 -999.9 -999.9 0.0 0.0 64.4 78.2 78.2 78.2 -999.9 -999.9 -999.9 -999.9 -999.9 DCSC_-_Santo_Amaro_da_Imperatriz_(17_m) -999.9 -999.9 -999.9 -999.9 -999.9 -999.9 -999.9 -999.9 Santa_Catarina DCSC -999.9 0.0 0.0 50.4 50.63 50.37 0 -0.05 51.94 51.94 51.94 51.94
-27.359613 -49.882891 DCSC-00129 2026-09-21_12:07 26.0 -999.9 -999.9 72.6 -999.9 -999.9 20.7 -999.9 -999.9 -999.9 -999.9 -999.9 5.4 -999.9 22.3 -999.9 0.0 0.0 44.0 54.2 54.2 54.4 26.0 16.7 99.2 72.5 22.5 DCSC_-_Braço_do_Trombudo_(403_m) -999.9 -999.9 -999.9 -999.9 -999.9 21.2 16.3 -999.9 Santa_Catarina DCSC -999.9 0.0 0.0 -999.9 -999.9 -999.9 0 -999.9 -999.9 -999.9 -999.9 -999.9
-26.788013 -53.509984 DCSC-00110 2026-09-21_12:07 30.9 -999.9 -999.9 55.7 -999.9 -999.9 21.0 -999.9 -999.9 -999.9 -999.9 -999.9 10.7 -999.9 57.8 -999.9 0.0 0.0 21.2 37.8 37.8 37.8 30.9 23.4 77.5 53.8 58.3 DCSC_-_São_Miguel_do_Oeste_(653_m) -999.9 -999.9 -999.9 -999.9 -999.9 21.3 18.7 -999.9 Santa_Catarina DCSC -999.9 0.0 0.0 -999.9 -999.9 -999.9 0 -999.9 -999.9 -999.9 -999.9 -999.9
-26.666512 -53.323109 DCSC-00111 2026-09-21_12:07 -999.9 -999.9 -999.9 -999.9 -999.9 -999.9 -999.9 -999.9 -999.9 -999.9 -999.9 -999.9 -999.9 -999.9 -999.9 -999.9 0.0 0.0 25.2 42.8 42.8 42.8 -999.9 -999.9 -999.9 -999.9 -999.9 DCSC_-_Romelândia_(390_m) -999.9 -999.9 -999.9 -999.9 -999.9 -999.9 -999.9 -999.9 Santa_Catarina DCSC -999.9 0.0 0.0 377.84 377.92 377.83 0 0.0 378.17 378.17 378.17 378.17
-26.571462 -49.822422 DCSC-00009 2026-09-21_12:07 27.0 -999.9 -999.9 58.2 -999.9 -999.9 18.1 -999.9 -999.9 1010.7 -999.9 -999.9 19.0 -999.9 46.5 -999.9 0.0 0.1 14.1 20.4 20.4 20.4 27.0 18.6 85.7 56.3 65.1 DCSC_-_Itaiópolis_(824_m) -999.9 -999.9 1012.4 1007.6 1010.7 18.3 15.6 -999.9 Santa_Catarina DCSC -999.9 0.0 0.1 -999.9 -999.9 -999.9 0 -999.9 -999.9 -999.9 -999.9 -999.9
-29.223188 -49.811703 DCSC-00141 2026-09-21_12:07 -999.9 -999.9 -999.9 -999.9 -999.9 -999.9 -999.9 -999.9 -999.9 -999.9 -999.9 -999.9 -999.9 -999.9 -999.9 -999.9 7.4 35.4 64.2 65.6 65.6 66.8 -999.9 -999.9 -999.9 -999.9 -999.9 DCSC_-_São_João_do_Sul_(6_m) -999.9 -999.9 -999.9 -999.9 -999.9 -999.9 -999.9 -999.9 Santa_Catarina DCSC -999.9 0.0 35.4 1.02 1.04 0.83 1 0.01 1.07 1.07 1.07 1.07
-26.555712 -52.329797 DCSC-00103 2026-09-21_12:07 -999.9 -999.9 -999.9 -999.9 -999.9 -999.9 -999.9 -999.9 -999.9 -999.9 -999.9 -999.9 -999.9 -999.9 -999.9 -999.9 0.0 0.0 28.0 54.8 54.8 55.0 -999.9 -999.9 -999.9 -999.9 -999.9 DCSC_-_Abelardo_Luz_(737_m) -999.9 -999.9 -999.9 -999.9 -999.9 -999.9 -999.9 -999.9 Santa_Catarina DCSC -999.9 0.0 0.0 735.15 735.18 735.07 0 -0.01 735.18 735.18 735.18 735.25
-26.283812 -49.888797 DCSC-00063 2026-09-21_12:07 28.5 -999.9 -999.9 57.0 -999.9 -999.9 19.2 -999.9 -999.9 -999.9 -999.9 -999.9 28.9 -999.9 47.7 -999.9 0.0 0.0 19.8 23.4 23.4 23.6 28.5 16.8 93.4 56.1 58.0 DCSC_-_Itaiopolis_(948_m) -999.9 -999.9 -999.9 -999.9 -999.9 20.1 15.6 -999.9 Santa_Catarina DCSC -999.9 0.0 0.0 -999.9 -999.9 -999.9 0 -999.9 -999.9 -999.9 -999.9 -999.9
-26.926412 -48.964297 DCSC-00005 2026-09-21_12:07 -999.9 -999.9 -999.9 -999.9 -999.9 -999.9 -999.9 -999.9 -999.9 -999.9 -999.9 -999.9 -999.9 -999.9 -999.9 -999.9 0.0 0.0 36.8 46.8 46.8 46.8 -999.9 -999.9 -999.9 -999.9 -999.9 DCSC_-_Gaspar_(10_m) -999.9 -999.9 -999.9 -999.9 -999.9 -999.9 -999.9 -999.9 Santa_Catarina DCSC -999.9 0.0 0.0 -999.9 -999.9 -999.9 0 -999.9 -999.9 -999.9 -999.9 -999.9
-29.151187 -49.574109 DCSC-00051 2026-09-21_12:07 17.9 -999.9 -999.9 97.2 -999.9 -999.9 17.4 -999.9 -999.9 1008.5 -999.9 -999.9 6.5 -999.9 18.4 -999.9 8.4 41.8 62.2 63.8 63.8 65.0 28.2 16.8 97.4 63.8 58.8 DCSC_-_Balneario_Gaivota_(7_m) -999.9 -999.9 1010.9 999.9 1008.5 21.4 15.8 -999.9 Santa_Catarina DCSC -999.9 0.0 41.8 -999.9 -999.9 -999.9 0 -999.9 -999.9 -999.9 -999.9 -999.9
-27.427212 -48.442078 DCSC-00058 2026-09-21_12:07 21.1 -999.9 -999.9 80.3 -999.9 -999.9 17.6 -999.9 -999.9 1011.3 -999.9 -999.9 7.2 -999.9 15.1 -999.9 0.2 2.6 37.4 41.2 41.2 41.2 26.5 20.0 94.8 64.1 44.8 DCSC_-_Florianopolis_Norte_(2_m) -999.9 -999.9 1012.9 1004.0 1011.3 21.3 16.5 -999.9 Santa_Catarina DCSC -999.9 0.0 2.6 -999.9 -999.9 -999.9 0 -999.9 -999.9 -999.9 -999.9 -999.9
-28.649237 -49.213922 DCSC-00047 2026-09-21_12:07 17.9 -999.9 -999.9 98.9 -999.9 -999.9 17.7 -999.9 -999.9 1006.0 -999.9 -999.9 6.3 -999.9 15.1 -999.9 13.6 61.2 72.6 77.0 77.0 77.0 26.4 17.5 98.9 74.0 52.2 DCSC_-_Morro_da_Fumaca_(60_m) -999.9 -999.9 1007.5 995.1 1006.0 21.4 16.2 -999.9 Santa_Catarina DCSC -999.9 0.0 61.2 -999.9 -999.9 -999.9 0 -999.9 -999.9 -999.9 -999.9 -999.9
-27.186187 -49.120609 DCSC-00018 2026-09-21_12:07 -999.9 -999.9 -999.9 -999.9 -999.9 -999.9 -999.9 -999.9 -999.9 -999.9 -999.9 -999.9 -999.9 -999.9 -999.9 -999.9 0.0 0.0 32.6 39.0 39.1 39.1 -999.9 -999.9 -999.9 -999.9 -999.9 DCSC_-_Botuverá_1_(91_m) -999.9 -999.9 -999.9 -999.9 -999.9 -999.9 -999.9 -999.9 Santa_Catarina DCSC -999.9 0.0 0.0 3.19 3.42 3.17 0 0.0 4.17 4.17 4.17 4.17
-28.800313 -49.714109 DCSC-00154 2026-09-21_12:07 -999.9 -999.9 -999.9 -999.9 -999.9 -999.9 -999.9 -999.9 -999.9 -999.9 -999.9 -999.9 -999.9 -999.9 -999.9 -999.9 16.2 96.2 112.8 117.0 117.0 117.8 -999.9 -999.9 -999.9 -999.9 -999.9 DCSC_-_Morro_Grande_(78_m) -999.9 -999.9 -999.9 -999.9 -999.9 -999.9 -999.9 -999.9 Santa_Catarina DCSC -999.9 0.0 96.2 73.73 73.73 72.37 1 0.58 73.73 73.73 73.73 73.73
-27.678545 -49.042169 DCSC-00152 2026-09-21_12:07 -999.9 -999.9 -999.9 -999.9 -999.9 -999.9 -999.9 -999.9 -999.9 -999.9 -999.9 -999.9 -999.9 -999.9 -999.9 -999.9 0.0 0.0 62.0 82.6 82.6 83.0 -999.9 18.5 94.8 88.7 -999.9 DCSC_-_Rancho_Queimado_(873_m) -999.9 -999.9 -999.9 -999.9 -999.9 18.6 -999.9 -999.9 Santa_Catarina DCSC -999.9 0.0 0.0 -999.9 -999.9 -999.9 0 -999.9 -999.9 -999.9 -999.9 -999.9
-27.178187 -48.502984 DCSC-00143 2026-09-21_12:07 22.4 -999.9 -999.9 74.2 -999.9 -999.9 17.6 -999.9 -999.9 1011.7 -999.9 -999.9 12.9 -999.9 22.6 -999.9 0.0 0.0 35.0 36.0 36.0 36.0 26.4 19.1 96.0 65.2 33.1 DCSC_-_Bombinhas_(6_m) -999.9 -999.9 1013.1 1004.7 1011.7 21.0 16.4 -999.9 Santa_Catarina DCSC -999.9 0.0 0.0 -999.9 -999.9 -999.9 0 -999.9 -999.9 -999.9 -999.9 -999.9
-26.602113 -49.910109 DCSC-00153 2026-09-21_12:07 -999.9 -999.9 -999.9 -999.9 -999.9 -999.9 -999.9 -999.9 -999.9 -999.9 -999.9 -999.9 -999.9 -999.9 -999.9 -999.9 0.0 0.2 22.6 30.2 30.2 30.6 -999.9 -999.9 -999.9 -999.9 -999.9 DCSC_-_Santa_Terezinha_-_Itaiópolis_(400_m) -999.9 -999.9 -999.9 -999.9 -999.9 -999.9 -999.9 -999.9 Santa_Catarina DCSC -999.9 0.0 0.2 391.0 391.21 390.97 -1 -0.01 391.67 391.67 391.67 391.67
-28.833188 -49.623141 DCSC-00055 2026-09-21_12:07 -999.9 -999.9 -999.9 -999.9 -999.9 -999.9 -999.9 -999.9 -999.9 -999.9 -999.9 -999.9 -999.9 -999.9 -999.9 -999.9 15.6 80.4 94.6 98.6 98.6 100.8 -999.9 -999.9 -999.9 -999.9 -999.9 DCSC_-_Meleiro_(26_m) -999.9 -999.9 -999.9 -999.9 -999.9 -999.9 -999.9 -999.9 Santa_Catarina DCSC -999.9 0.0 80.4 23.45 23.45 22.1 1 0.64 23.45 23.45 23.45 23.45
-27.257487 -49.941422 DCSC-00033 2026-09-21_12:07 -999.9 -999.9 -999.9 -999.9 -999.9 -999.9 -999.9 -999.9 -999.9 -999.9 -999.9 -999.9 -999.9 -999.9 -999.9 -999.9 0.0 0.0 25.4 30.6 30.6 30.6 -999.9 -999.9 -999.9 -999.9 -999.9 DCSC_-_Pouso_Redondo_(354_m) -999.9 -999.9 -999.9 -999.9 -999.9 -999.9 -999.9 -999.9 Santa_Catarina DCSC -999.9 0.0 0.0 2.28 21474836.0 2.28 -1 -0.01 21474836.0 21474836.0 21474836.0 21474836.0
-27.280387 -52.348797 DCSC-00140 2026-09-21_12:07 30.8 -999.9 -999.9 57.1 -999.9 -999.9 21.3 -999.9 -999.9 -999.9 -999.9 -999.9 14.7 -999.9 36.7 -999.9 0.6 0.8 28.2 39.4 39.4 39.4 30.8 24.4 73.8 55.8 52.3 DCSC_-_Itá_(504_m) -999.9 -999.9 -999.9 -999.9 -999.9 21.8 18.4 -999.9 Santa_Catarina DCSC -999.9 0.0 0.8 -999.9 -999.9 -999.9 0 -999.9 -999.9 -999.9 -999.9 -999.9
-27.274338 -48.852547 DCSC-00050 2026-09-21_12:07 -999.9 -999.9 -999.9 -999.9 -999.9 -999.9 -999.9 -999.9 -999.9 -999.9 -999.9 -999.9 -999.9 -999.9 -999.9 -999.9 0.0 0.0 46.2 54.0 54.0 54.0 -999.9 -999.9 -999.9 -999.9 -999.9 DCSC_-_Sao_Joao_Batista_(15_m) -999.9 -999.9 -999.9 -999.9 -999.9 -999.9 -999.9 -999.9 Santa_Catarina DCSC -999.9 0.0 0.0 10.78 11.99 10.77 -1 -0.04 12.57 12.57 12.57 12.57
-26.860388 -52.397609 DCSC-00102 2026-09-21_12:07 -999.9 -999.9 -999.9 -999.9 -999.9 -999.9 -999.9 -999.9 -999.9 -999.9 -999.9 -999.9 -999.9 -999.9 -999.9 -999.9 0.0 0.0 29.8 40.2 40.2 40.2 -999.9 -999.9 -999.9 -999.9 -999.9 DCSC_-_Xanxerê_(787_m) -999.9 -999.9 -999.9 -999.9 -999.9 -999.9 -999.9 -999.9 Santa_Catarina DCSC -999.9 0.0 0.0 783.72 783.78 783.7 0 -0.03 784.08 784.08 784.08 784.08
-27.274812 -49.811391 DCSC-00014 2026-09-21_12:07 26.4 -999.9 -999.9 65.3 -999.9 -999.9 19.4 -999.9 -999.9 1008.6 -999.9 -999.9 16.0 -999.9 31.2 -999.9 0.0 0.0 36.6 43.6 43.6 43.6 26.6 18.6 96.2 63.8 40.3 DCSC_-_Trombudo_Central_1_(488_m) -999.9 -999.9 1011.5 1007.0 1008.6 20.1 17.4 -999.9 Santa_Catarina DCSC -999.9 0.0 0.0 -999.9 -999.9 -999.9 0 -999.9 -999.9 -999.9 -999.9 -999.9
-27.165712 -49.546328 DCSC-00032 2026-09-21_12:07 -999.9 -999.9 -999.9 -999.9 -999.9 -999.9 -999.9 -999.9 -999.9 -999.9 -999.9 -999.9 -999.9 -999.9 -999.9 -999.9 0.0 0.0 21.6 25.8 25.8 25.8 -999.9 -999.9 -999.9 -999.9 -999.9 DCSC_-_Lontras_(330_m) -999.9 -999.9 -999.9 -999.9 -999.9 -999.9 -999.9 -999.9 Santa_Catarina DCSC -999.9 0.0 0.0 4.22 4.89 4.22 -1 -0.05 5.03 5.03 5.03 5.03
-26.954838 -49.633578 DCSC-00021 2026-09-21_12:07 -999.9 -999.9 -999.9 -999.9 -999.9 -999.9 -999.9 -999.9 -999.9 -999.9 -999.9 -999.9 -999.9 -999.9 -999.9 -999.9 0.2 0.2 35.2 37.4 37.4 37.4 -999.9 -999.9 -999.9 -999.9 -999.9 DCSC_-_José_Boiteux_(255_m) -999.9 -999.9 -999.9 -999.9 -999.9 -999.9 -999.9 -999.9 Santa_Catarina DCSC -999.9 0.0 0.2 2.62 2.65 2.62 0 -0.01 2.92 2.92 2.92 2.99
-27.279312 -49.388609 DCSC-00068 2026-09-21_12:07 -999.9 -999.9 -999.9 -999.9 -999.9 -999.9 -999.9 -999.9 -999.9 -999.9 -999.9 -999.9 -999.9 -999.9 -999.9 -999.9 0.0 0.0 31.4 37.6 37.6 37.6 -999.9 -999.9 -999.9 -999.9 -999.9 DCSC_-_Presidente_Nereu_(388_m) -999.9 -999.9 -999.9 -999.9 -999.9 -999.9 -999.9 -999.9 Santa_Catarina DCSC -999.9 0.0 0.0 384.45 384.53 384.45 0 -0.02 385.03 385.03 385.03 21474836.0
-26.966812 -48.799203 DCSC-00163 2026-09-21_12:07 -999.9 -999.9 -999.9 -999.9 -999.9 -999.9 -999.9 -999.9 -999.9 -999.9 -999.9 -999.9 -999.9 -999.9 -999.9 -999.9 0.0 0.0 59.0 61.6 61.6 61.6 -999.9 -999.9 -999.9 -999.9 -999.9 DCSC_-_Ilhota_-_Arraial_dos_Cunhas_(5_m) -999.9 -999.9 -999.9 -999.9 -999.9 -999.9 -999.9 -999.9 Santa_Catarina DCSC -999.9 0.0 0.0 1.25 1.94 1.1 1 -0.02 2.62 2.62 2.62 2.62
-26.892588 -53.171516 DCSC-00150 2026-09-21_12:07 30.5 -999.9 -999.9 57.2 -999.9 -999.9 21.1 -999.9 -999.9 -999.9 -999.9 -999.9 19.4 -999.9 42.9 -999.9 0.0 0.0 26.6 40.8 40.8 40.8 30.6 23.4 76.3 54.8 59.8 DCSC_-_Cunha_Porã_(519_m) -999.9 -999.9 -999.9 -999.9 -999.9 21.6 18.6 -999.9 Santa_Catarina DCSC -999.9 0.0 0.0 -999.9 -999.9 -999.9 0 -999.9 -999.9 -999.9 -999.9 -999.9
-28.747912 -49.475203 DCSC-00056 2026-09-21_12:07 -999.9 -999.9 -999.9 -999.9 -999.9 -999.9 -999.9 -999.9 -999.9 -999.9 -999.9 -999.9 -999.9 -999.9 -999.9 -999.9 29.2 102.0 112.2 115.0 115.0 115.8 -999.9 -999.9 -999.9 -999.9 -999.9 DCSC_-_Forquilhinha_(18_m) -999.9 -999.9 -999.9 -999.9 -999.9 -999.9 -999.9 -999.9 Santa_Catarina DCSC -999.9 0.0 102.0 17.46 17.46 16.62 1 0.32 17.46 17.46 17.46 17.46
-27.312162 -49.796766 DCSC-00035 2026-09-21_12:07 -999.9 -999.9 -999.9 -999.9 -999.9 -999.9 -999.9 -999.9 -999.9 -999.9 -999.9 -999.9 -999.9 -999.9 -999.9 -999.9 0.0 0.0 26.2 30.4 30.4 30.4 -999.9 -999.9 -999.9 -999.9 -999.9 DCSC_-_Trombudo_Central_2_(352_m) -999.9 -999.9 -999.9 -999.9 -999.9 -999.9 -999.9 -999.9 Santa_Catarina DCSC -999.9 0.0 0.0 1.19 21474836.0 1.18 1 -0.01 21474836.0 21474836.0 21474836.0 21474836.0
-26.712988 -50.287297 DCSC-00173 2026-09-21_12:07 26.8 -999.9 -999.9 65.7 -999.9 -999.9 19.8 -999.9 -999.9 -999.9 -999.9 -999.9 9.9 -999.9 25.7 -999.9 0.0 0.0 45.2 53.0 53.0 53.0 28.5 17.0 93.7 59.3 36.2 DCSC_-_Monte_Castelo_(836_m) -999.9 -999.9 -999.9 -999.9 -999.9 20.9 15.8 -999.9 Santa_Catarina DCSC -999.9 0.0 0.0 -999.9 -999.9 -999.9 0 -999.9 -999.9 -999.9 -999.9 -999.9
-26.476163 -48.989234 DCSC-00073 2026-09-21_12:07 -999.9 -999.9 -999.9 -999.9 -999.9 -999.9 -999.9 -999.9 -999.9 -999.9 -999.9 -999.9 -999.9 -999.9 -999.9 -999.9 0.0 0.0 15.8 42.0 42.2 42.6 -999.9 -999.9 -999.9 -999.9 -999.9 DCSC_-_Guaramirim_(22_m) -999.9 -999.9 -999.9 -999.9 -999.9 -999.9 -999.9 -999.9 Santa_Catarina DCSC -999.9 0.0 0.0 14.76 14.87 14.73 0 0.03 15.18 15.18 15.18 15.18
-27.018413 -48.652516 DCSC-00061 2026-09-21_12:07 -999.9 -999.9 -999.9 -999.9 -999.9 -999.9 -999.9 -999.9 -999.9 -999.9 -999.9 -999.9 -999.9 -999.9 -999.9 -999.9 0.0 0.0 55.0 55.4 55.4 55.4 -999.9 -999.9 -999.9 -999.9 -999.9 DCSC_-_Camboriu_(3_m) -999.9 -999.9 -999.9 -999.9 -999.9 -999.9 -999.9 -999.9 Santa_Catarina DCSC -999.9 0.0 0.0 0.37 0.6 -0.33 1 -0.05 0.6 0.6 0.6 0.81
-27.086787 -48.977391 DCSC-00029 2026-09-21_12:07 -999.9 -999.9 -999.9 -999.9 -999.9 -999.9 -999.9 -999.9 -999.9 -999.9 -999.9 -999.9 -999.9 -999.9 -999.9 -999.9 0.0 0.0 47.2 53.8 53.8 53.8 -999.9 -999.9 -999.9 -999.9 -999.9 DCSC_-_Guabiruba_(29_m) -999.9 -999.9 -999.9 -999.9 -999.9 -999.9 -999.9 -999.9 Santa_Catarina DCSC -999.9 0.0 0.0 0.69 0.78 0.69 -1 -0.02 1.96 1.96 24.78 24.81
-27.411887 -48.950109 DCSC-00128 2026-09-21_12:07 -999.9 -999.9 -999.9 -999.9 -999.9 -999.9 -999.9 -999.9 -999.9 -999.9 -999.9 -999.9 -999.9 -999.9 -999.9 -999.9 0.0 0.0 55.2 73.8 74.0 74.0 -999.9 -999.9 -999.9 -999.9 -999.9 DCSC_-_Major_Gercino_(37_m) -999.9 -999.9 -999.9 -999.9 -999.9 -999.9 -999.9 -999.9 Santa_Catarina DCSC -999.9 0.0 0.0 35.07 35.32 35.05 0 0.0 36.12 36.12 36.12 36.12
-26.423288 -49.236703 DCSC-00072 2026-09-21_12:07 -999.9 -999.9 -999.9 -999.9 -999.9 -999.9 -999.9 -999.9 -999.9 -999.9 -999.9 -999.9 -999.9 -999.9 -999.9 -999.9 0.0 0.2 14.8 25.8 25.8 25.8 -999.9 -999.9 -999.9 -999.9 -999.9 DCSC_-_Corupá_(61_m) -999.9 -999.9 -999.9 -999.9 -999.9 -999.9 -999.9 -999.9 Santa_Catarina DCSC -999.9 0.0 0.2 55.43 55.55 55.29 0 0.01 55.69 55.69 55.69 55.69
-26.781937 -49.365328 DCSC-00004 2026-09-21_12:07 -999.9 -999.9 -999.9 -999.9 -999.9 -999.9 -999.9 -999.9 -999.9 -999.9 -999.9 -999.9 -999.9 -999.9 -999.9 -999.9 0.0 0.0 40.3 44.8 44.8 44.8 -999.9 -999.9 -999.9 -999.9 -999.9 DCSC_-_Benedito_Novo_(140_m) -999.9 -999.9 -999.9 -999.9 -999.9 -999.9 -999.9 -999.9 Santa_Catarina DCSC -999.9 0.0 0.0 3.65 3.96 3.63 -1 0.0 4.6 4.6 4.6 4.6
-27.095063 -51.647797 DCSC-00095 2026-09-21_12:07 28.5 -999.9 -999.9 54.0 -999.9 -999.9 18.3 -999.9 -999.9 -999.9 -999.9 -999.9 53.3 -999.9 68.9 -999.9 0.0 0.0 0.0 0.0 0.0 0.2 28.5 20.5 80.8 54.0 70.4 DCSC_-_Catanduvas_(1005_m) -999.9 -999.9 -999.9 -999.9 -999.9 18.9 16.7 -999.9 Santa_Catarina DCSC -999.9 0.0 0.0 -999.9 -999.9 -999.9 0 -999.9 -999.9 -999.9 -999.9 -999.9
-26.732837 -49.175797 DCSC-00007 2026-09-21_12:07 -999.9 -999.9 -999.9 -999.9 -999.9 -999.9 -999.9 -999.9 -999.9 -999.9 -999.9 -999.9 -999.9 -999.9 -999.9 -999.9 0.0 0.0 27.2 30.2 30.2 30.2 -999.9 -999.9 -999.9 -999.9 -999.9 DCSC_-_Pomerode_(60_m) -999.9 -999.9 -999.9 -999.9 -999.9 -999.9 -999.9 -999.9 Santa_Catarina DCSC -999.9 0.0 0.0 0.78 0.84 0.78 0 0.0 1.2 1.26 1.26 1.26
-26.453187 -53.502297 DCSC-00148 2026-09-21_12:07 30.8 -999.9 -999.9 54.2 -999.9 -999.9 20.5 -999.9 -999.9 -999.9 -999.9 -999.9 19.7 -999.9 42.0 -999.9 0.0 0.0 9.6 37.4 37.4 40.8 30.8 22.0 81.9 54.2 57.9 DCSC_-_São_José_do_Cedro_(698_m) -999.9 -999.9 -999.9 -999.9 -999.9 21.3 18.4 -999.9 Santa_Catarina DCSC -999.9 0.0 0.0 -999.9 -999.9 -999.9 0 -999.9 -999.9 -999.9 -999.9 -999.9
-28.438688 -49.084359 DCSC-00048 2026-09-21_12:07 -999.9 -999.9 -999.9 -999.9 -999.9 -999.9 -999.9 -999.9 -999.9 -999.9 -999.9 -999.9 -999.9 -999.9 -999.9 -999.9 5.8 7.2 26.8 34.0 34.0 34.6 -999.9 -999.9 -999.9 -999.9 -999.9 DCSC_-_Tubarao_(Guarda)_(5_m) -999.9 -999.9 -999.9 -999.9 -999.9 -999.9 -999.9 -999.9 Santa_Catarina DCSC -999.9 0.0 7.2 4.14 4.55 4.08 -1 0.01 4.6 4.6 4.6 4.6
-27.067113 -53.172422 DCSC-00145 2026-09-21_12:07 31.6 -999.9 -999.9 54.4 -999.9 -999.9 21.3 -999.9 -999.9 950.6 -999.9 -999.9 42.0 -999.9 48.0 -999.9 0.0 0.0 19.0 31.8 31.8 31.8 31.8 24.6 75.3 52.6 65.7 DCSC_-_Palmitos_(472_m) -999.9 -999.9 951.8 -999.9 950.6 22.0 19.3 -999.9 Santa_Catarina DCSC -999.9 0.0 0.0 -999.9 -999.9 -999.9 0 -999.9 -999.9 -999.9 -999.9 -999.9
-26.745812 -52.966891 DCSC-00114 2026-09-21_12:07 -999.9 -999.9 -999.9 -999.9 -999.9 -999.9 -999.9 -999.9 -999.9 -999.9 -999.9 -999.9 -999.9 -999.9 -999.9 -999.9 0.0 0.0 17.0 31.2 31.2 31.4 -999.9 -999.9 -999.9 -999.9 -999.9 DCSC_-_Sul_Brasil/Modelo_(367_m) -999.9 -999.9 -999.9 -999.9 -999.9 -999.9 -999.9 -999.9 Santa_Catarina DCSC -999.9 0.0 0.0 358.36 358.51 358.25 0 0.04 358.55 358.55 358.55 358.55
-26.065587 -48.623016 DCSC-00164 2026-09-21_12:07 28.2 -999.9 -999.9 54.4 -999.9 -999.9 18.1 -999.9 -999.9 1010.4 -999.9 -999.9 23.2 -999.9 36.3 -999.9 0.0 0.0 13.0 22.2 22.4 23.4 30.4 21.8 85.6 53.1 41.3 DCSC_-_Itapoá_(8_m) -999.9 -999.9 1010.6 1004.1 1010.4 21.8 17.7 -999.9 Santa_Catarina DCSC -999.9 0.0 0.0 -999.9 -999.9 -999.9 0 -999.9 -999.9 -999.9 -999.9 -999.9
-28.832187 -49.851203 DCSC-00080 2026-09-21_12:07 -999.9 -999.9 -999.9 -999.9 -999.9 -999.9 -999.9 -999.9 -999.9 -999.9 -999.9 -999.9 -999.9 -999.9 -999.9 -999.9 24.0 111.8 132.2 136.6 136.8 141.6 -999.9 -999.9 -999.9 -999.9 -999.9 DCSC_-_Timbé_do_Sul_(128_m) -999.9 -999.9 -999.9 -999.9 -999.9 -999.9 -999.9 -999.9 Santa_Catarina DCSC -999.9 0.0 111.8 126.3 126.67 123.62 1 -0.14 126.67 126.67 126.67 126.67
-26.926513 -53.007484 DCSC-00116 2026-09-21_12:07 -999.9 -999.9 -999.9 -999.9 -999.9 -999.9 -999.9 -999.9 -999.9 -999.9 -999.9 -999.9 -999.9 -999.9 -999.9 -999.9 0.0 0.0 27.0 41.2 41.2 41.2 -999.9 -999.9 -999.9 -999.9 -999.9 DCSC_-_Saudades_(272_m) -999.9 -999.9 -999.9 -999.9 -999.9 -999.9 -999.9 -999.9 Santa_Catarina DCSC -999.9 0.0 0.0 264.46 264.57 264.46 -1 -0.04 264.95 264.95 264.95 264.95
-28.201912 -48.676109 DCSC-00147 2026-09-21_12:07 18.7 -999.9 -999.9 93.0 -999.9 -999.9 17.5 -999.9 -999.9 1004.7 -999.9 -999.9 -999.9 -999.9 9.2 -999.9 0.2 4.8 28.6 34.8 34.8 35.2 22.1 17.9 93.9 77.6 61.2 DCSC_-_Imbituba_(75_m) -999.9 -999.9 1006.8 995.3 1004.7 20.0 16.0 -999.9 Santa_Catarina DCSC -999.9 0.0 4.8 -999.9 -999.9 -999.9 0 -999.9 -999.9 -999.9 -999.9 -999.9
-27.178487 -51.502203 DCSC-00098 2026-09-21_12:07 -999.9 -999.9 -999.9 -999.9 -999.9 -999.9 -999.9 -999.9 -999.9 -999.9 -999.9 -999.9 -999.9 -999.9 -999.9 -999.9 0.0 0.0 24.0 34.8 34.8 34.8 -999.9 -999.9 -999.9 -999.9 -999.9 DCSC_-_Joaçaba_-_Herval_do_Oeste_(513_m) -999.9 -999.9 -999.9 -999.9 -999.9 -999.9 -999.9 -999.9 Santa_Catarina DCSC -999.9 0.0 0.0 504.59 504.7 504.49 1 0.04 504.74 504.74 504.74 504.74
-27.075513 -52.459703 DCSC-00133 2026-09-21_12:07 -999.9 -999.9 -999.9 -999.9 -999.9 -999.9 -999.9 -999.9 -999.9 -999.9 -999.9 -999.9 -999.9 -999.9 -999.9 -999.9 0.0 0.8 27.6 38.4 38.6 38.8 -999.9 -999.9 -999.9 -999.9 -999.9 DCSC_-_Arvoredo/Xaxim_(342_m) -999.9 -999.9 -999.9 -999.9 -999.9 -999.9 -999.9 -999.9 Santa_Catarina DCSC -999.9 0.0 0.8 333.51 333.68 333.48 -1 -0.03 333.73 333.73 333.73 333.9
-27.005662 -51.155453 DCSC-00091 2026-09-21_12:07 -999.9 -999.9 -999.9 -999.9 -999.9 -999.9 -999.9 -999.9 -999.9 -999.9 -999.9 -999.9 -999.9 -999.9 -999.9 -999.9 0.0 0.0 28.2 36.8 36.8 36.8 -999.9 -999.9 -999.9 -999.9 -999.9 DCSC_-_Videira_(695_m) -999.9 -999.9 -999.9 -999.9 -999.9 -999.9 -999.9 -999.9 Santa_Catarina DCSC -999.9 0.0 0.0 687.44 687.74 687.42 -1 -0.03 687.82 687.82 687.82 687.82
-26.981701 -53.531668 DCSC-00144 2026-09-21_12:07 31.4 -999.9 -999.9 53.0 -999.9 -999.9 20.7 -999.9 -999.9 -999.9 -999.9 -999.9 24.3 -999.9 36.7 -999.9 0.0 0.0 29.2 46.4 46.4 46.4 31.4 24.0 76.3 51.8 49.6 DCSC_-_Iporã_do_Oeste_(568_m) -999.9 -999.9 -999.9 -999.9 -999.9 21.2 18.9 -999.9 Santa_Catarina DCSC -999.9 0.0 0.0 -999.9 -999.9 -999.9 0 -999.9 -999.9 -999.9 -999.9 -999.9
-27.317487 -49.638109 DCSC-00067 2026-09-21_12:07 -999.9 -999.9 -999.9 -999.9 -999.9 -999.9 -999.9 -999.9 -999.9 -999.9 -999.9 -999.9 -999.9 -999.9 -999.9 -999.9 0.0 0.0 25.6 31.2 31.2 31.4 -999.9 -999.9 -999.9 -999.9 -999.9 DCSC_-_Aurora_(345_m) -999.9 -999.9 -999.9 -999.9 -999.9 -999.9 -999.9 -999.9 Santa_Catarina DCSC -999.9 0.0 0.0 341.88 342.08 341.87 0 -0.01 342.84 342.84 21474836.0 21474836.0
-26.778987 -52.069703 DCSC-00119 2026-09-21_12:07 -999.9 -999.9 -999.9 -999.9 -999.9 -999.9 -999.9 -999.9 -999.9 -999.9 -999.9 -999.9 -999.9 -999.9 -999.9 -999.9 0.0 0.0 34.8 47.6 47.6 47.6 -999.9 -999.9 -999.9 -999.9 -999.9 DCSC_-_Passos_Maia_-_Xanxere_(785_m) -999.9 -999.9 -999.9 -999.9 -999.9 -999.9 -999.9 -999.9 Santa_Catarina DCSC -999.9 0.0 0.0 777.95 778.25 777.94 -1 -0.17 778.29 778.29 778.29 778.44
-26.784913 -48.646297 DCSC-00159 2026-09-21_12:07 -999.9 -999.9 -999.9 -999.9 -999.9 -999.9 -999.9 -999.9 -999.9 -999.9 -999.9 -999.9 -999.9 -999.9 -999.9 -999.9 0.0 0.0 22.2 23.2 23.2 23.2 -999.9 -999.9 -999.9 -999.9 -999.9 DCSC_-_Penha_(3_m) -999.9 -999.9 -999.9 -999.9 -999.9 -999.9 -999.9 -999.9 Santa_Catarina DCSC -999.9 0.0 0.0 0.46 0.54 -0.18 1 0.21 0.54 0.54 0.54 0.79
-26.740012 -49.272672 DCSC-00011 2026-09-21_12:07 -999.9 -999.9 -999.9 -999.9 -999.9 -999.9 -999.9 -999.9 -999.9 -999.9 -999.9 -999.9 -999.9 -999.9 -999.9 -999.9 0.0 0.1 29.7 32.7 32.7 32.8 -999.9 -999.9 -999.9 -999.9 -999.9 DCSC_-_Rio_dos_Cedros_1_(73_m) -999.9 -999.9 -999.9 -999.9 -999.9 -999.9 -999.9 -999.9 Santa_Catarina DCSC -999.9 0.0 0.1 1.26 1.34 1.24 0 0.0 1.75 1.75 1.75 1.75
-27.051713 -50.112703 DCSC-00066 2026-09-21_12:07 -999.9 -999.9 -999.9 -999.9 -999.9 -999.9 -999.9 -999.9 -999.9 -999.9 -999.9 -999.9 -999.9 -999.9 -999.9 -999.9 0.0 0.0 32.2 38.2 38.2 38.6 -999.9 -999.9 -999.9 -999.9 -999.9 DCSC_-_Taio_(382_m) -999.9 -999.9 -999.9 -999.9 -999.9 -999.9 -999.9 -999.9 Santa_Catarina DCSC -999.9 0.0 0.0 377.31 377.53 377.27 1 0.03 21474836.0 21474836.0 21474836.0 21474836.0
-26.985988 -49.729797 DCSC-00037 2026-09-21_12:07 -999.9 -999.9 -999.9 -999.9 -999.9 -999.9 -999.9 -999.9 -999.9 -999.9 -999.9 -999.9 -999.9 -999.9 -999.9 -999.9 0.0 0.1 45.2 50.0 50.0 50.1 -999.9 -999.9 -999.9 -999.9 -999.9 DCSC_-_Dona_Emma_(393_m) -999.9 -999.9 -999.9 -999.9 -999.9 -999.9 -999.9 -999.9 Santa_Catarina DCSC -999.9 0.0 0.1 -999.9 -999.9 -999.9 0 -999.9 -999.9 -999.9 -999.9 -999.9
