-29.40833 -50.58416 02950045 2026-09-21_10:30 -999.9 -999.9 -999.9 -999.9 -999.9 -999.9 -999.9 -999.9 -999.9 -999.9 -999.9 -999.9 -999.9 -999.9 -999.9 -999.9 0.0 0.0 0.0 0.0 0.0 0.0 -999.9 -999.9 -999.9 -999.9 -999.9 SGB/CPRM_-_Capão_dos_Coxos_(890_m) -999.9 -999.9 -999.9 -999.9 -999.9 -999.9 -999.9 -999.9 Brasil SGB/CPRM -999.9 0.0 0.0 0.01 0.09 0 -1 -0.01 0.09 0.09 0.09 0.09
-29.4614 -51.14 87189000 2026-09-21_11:00 -999.9 -999.9 -999.9 -999.9 -999.9 -999.9 -999.9 -999.9 -999.9 -999.9 -999.9 -999.9 -999.9 -999.9 -999.9 -999.9 4.2 100.8 123.2 136.4 136.4 136.4 -999.9 -999.9 -999.9 -999.9 -999.9 SGB/CPRM_-_Picada_Café_(75_m) -999.9 -999.9 -999.9 -999.9 -999.9 -999.9 -999.9 -999.9 Brasil SGB/CPRM -999.9 4.2 100.8 5.99 6.02 3.86 1 0.05 6.02 6.02 6.02 6.02
-29.9803 -50.7439 87398750 2026-09-21_10:00 -999.9 -999.9 -999.9 -999.9 -999.9 -999.9 -999.9 -999.9 -999.9 -999.9 -999.9 -999.9 -999.9 -999.9 -999.9 -999.9 0.0 0.8 0.8 0.8 0.8 0.8 -999.9 -999.9 -999.9 -999.9 -999.9 SGB/CPRM_-_4_Irmãos_Canal_Gravataí_(4_m) -999.9 -999.9 -999.9 -999.9 -999.9 -999.9 -999.9 -999.9 Brasil SGB/CPRM -999.9 0.0 0.8 2.41 2.41 1.48 1 0.14 2.41 2.41 2.41 2.41
-29.455 -51.30611 87165001 2026-09-21_11:00 -999.9 -999.9 -999.9 -999.9 -999.9 -999.9 -999.9 -999.9 -999.9 -999.9 -999.9 -999.9 -999.9 -999.9 -999.9 -999.9 4.4 74.6 89.8 101.0 101.0 101.0 -999.9 -999.9 -999.9 -999.9 -999.9 SGB/CPRM_-_Feliz_(25_m) -999.9 -999.9 -999.9 -999.9 -999.9 -999.9 -999.9 -999.9 Brasil SGB/CPRM -999.9 1.0 74.6 6.35 6.35 2.13 1 1 6.35 6.35 6.35 6.35
-29.86464 -51.36369 87300000 2026-09-21_11:00 -999.9 -999.9 -999.9 -999.9 -999.9 -999.9 -999.9 -999.9 -999.9 -999.9 -999.9 -999.9 -999.9 -999.9 -999.9 -999.9 5.0 61.4 68.4 76.8 76.8 76.8 -999.9 -999.9 -999.9 -999.9 -999.9 SGB/CPRM_-_Passo_do_Caí_(3_m) -999.9 -999.9 -999.9 -999.9 -999.9 -999.9 -999.9 -999.9 Brasil SGB/CPRM -999.9 1.0 61.4 1.64 1.64 1.46 1 0.02 1.64 1.64 1.66 1.94
-29.38277 -51.36888 87168000 2026-09-21_11:30 -999.9 -999.9 -999.9 -999.9 -999.9 -999.9 -999.9 -999.9 -999.9 -999.9 -999.9 -999.9 -999.9 -999.9 -999.9 -999.9 2.6 77.6 86.4 101.0 101.0 101.0 -999.9 -999.9 -999.9 -999.9 -999.9 SGB/CPRM_-_São_Vendelino_(72_m) -999.9 -999.9 -999.9 -999.9 -999.9 -999.9 -999.9 -999.9 Brasil SGB/CPRM -999.9 0.2 77.6 3.38 3.63 0.84 0 -0.01 3.63 3.63 3.63 3.63
-28.84444 -51.87916 02851044 2026-09-21_11:30 -999.9 -999.9 -999.9 -999.9 -999.9 -999.9 -999.9 -999.9 -999.9 -999.9 -999.9 -999.9 -999.9 -999.9 -999.9 -999.9 0.0 0.0 0.0 0.0 0.0 0.0 -999.9 -999.9 -999.9 -999.9 -999.9 SGB/CPRM_-_Guaporé_(525_m) -999.9 -999.9 -999.9 -999.9 -999.9 -999.9 -999.9 -999.9 Brasil SGB/CPRM -999.9 0.0 0.0 0 0.2 0 -1 -0.04 0.2 0.2 0.2 0.2
-29.39972 -51.25361 87163000 2026-09-21_10:00 -999.9 -999.9 -999.9 -999.9 -999.9 -999.9 -999.9 -999.9 -999.9 -999.9 -999.9 -999.9 -999.9 -999.9 -999.9 -999.9 9.2 68.6 74.2 90.4 90.4 91.4 -999.9 -999.9 -999.9 -999.9 -999.9 SGB/CPRM_-_Vale_Real_(47_m) -999.9 -999.9 -999.9 -999.9 -999.9 -999.9 -999.9 -999.9 Brasil SGB/CPRM -999.9 4.0 68.6 8.16 8.16 3.29 1 1.16 8.16 8.16 8.16 8.16
-11.6181 -50.6625 SF 2026-09-21_11:15 -999.9 -999.9 -999.9 -999.9 -999.9 -999.9 -999.9 -999.9 -999.9 -999.9 -999.9 -999.9 -999.9 -999.9 -999.9 -999.9 0.0 0.0 0.0 0.0 0.0 0.0 -999.9 -999.9 -999.9 -999.9 -999.9 SGB/CPRM_-_São_Félix_do_Araguaia_(226_m) -999.9 -999.9 -999.9 -999.9 -999.9 -999.9 -999.9 -999.9 Brasil SGB/CPRM -999.9 0.0 0.0 3.17 3.17 3.16 0 0 3.17 3.17 3.18 3.18
-30.00777 -53.01555 85642000 2026-09-21_11:00 -999.9 -999.9 -999.9 -999.9 -999.9 -999.9 -999.9 -999.9 -999.9 -999.9 -999.9 -999.9 -999.9 -999.9 -999.9 -999.9 0.8 75.2 75.6 88.8 88.8 88.8 -999.9 -999.9 -999.9 -999.9 -999.9 SGB/CPRM_-_Passo_São_Lourenço_(28_m) -999.9 -999.9 -999.9 -999.9 -999.9 -999.9 -999.9 -999.9 Brasil SGB/CPRM -999.9 0.6 75.2 2.24 2.24 2.01 1 0.11 2.64 2.77 2.98 4.35
-29.22388 -52.16222 86780000 2026-09-21_10:45 -999.9 -999.9 -999.9 -999.9 -999.9 -999.9 -999.9 -999.9 -999.9 -999.9 -999.9 -999.9 -999.9 -999.9 -999.9 -999.9 4.0 99.4 102.8 112.4 112.4 112.4 -999.9 -999.9 -999.9 -999.9 -999.9 SGB/CPRM_-_Barra_do_Fão_(76_m) -999.9 -999.9 -999.9 -999.9 -999.9 -999.9 -999.9 -999.9 Brasil SGB/CPRM -999.9 0.0 99.4 3.13 3.14 1.51 1 0.03 3.14 3.14 3.14 3.14
-8.8028 -49.5555 AC 2026-09-21_10:30 -999.9 -999.9 -999.9 -999.9 -999.9 -999.9 -999.9 -999.9 -999.9 -999.9 -999.9 -999.9 -999.9 -999.9 -999.9 -999.9 0.0 0.0 0.0 0.0 0.0 0.0 -999.9 -999.9 -999.9 -999.9 -999.9 SGB/CPRM_-_Araguacema_(168_m) -999.9 -999.9 -999.9 -999.9 -999.9 -999.9 -999.9 -999.9 Brasil SGB/CPRM -999.9 0.0 0.0 2.22 2.22 2.2 0 0.01 2.22 2.22 2.22 2.22
-29.69222 -51.97 86895000 2026-09-21_11:30 -999.9 -999.9 -999.9 -999.9 -999.9 -999.9 -999.9 -999.9 -999.9 -999.9 -999.9 -999.9 -999.9 -999.9 -999.9 -999.9 3.6 67.2 67.8 76.8 76.8 76.8 -999.9 -999.9 -999.9 -999.9 -999.9 SGB/CPRM_-_Porto_Mariante_(3_m) -999.9 -999.9 -999.9 -999.9 -999.9 -999.9 -999.9 -999.9 Brasil SGB/CPRM -999.9 1.6 67.2 4.99 4.99 2.93 1 0.22 4.99 4.99 4.99 4.99
-29.59 -51.38333 87170000 2026-09-21_11:30 -999.9 -999.9 -999.9 -999.9 -999.9 -999.9 -999.9 -999.9 -999.9 -999.9 -999.9 -999.9 -999.9 -999.9 -999.9 -999.9 2.8 72.6 78.0 86.2 86.2 86.2 -999.9 -999.9 -999.9 -999.9 -999.9 SGB/CPRM_-_Barca_do_Caí_(7_m) -999.9 -999.9 -999.9 -999.9 -999.9 -999.9 -999.9 -999.9 Brasil SGB/CPRM -999.9 0.2 72.6 8.19 8.19 5.02 1 0.93 8.19 8.19 8.19 8.19
-30.1075 -51.3111 87242000 2026-09-21_10:45 -999.9 -999.9 -999.9 -999.9 -999.9 -999.9 -999.9 -999.9 -999.9 -999.9 -999.9 -999.9 -999.9 -999.9 -999.9 -999.9 5.4 43.2 48.2 54.8 54.8 54.8 -999.9 -999.9 -999.9 -999.9 -999.9 SGB/CPRM_-_Terminal_CATSUL_Guaíba_(1_m) -999.9 -999.9 -999.9 -999.9 -999.9 -999.9 -999.9 -999.9 Brasil SGB/CPRM -999.9 1.6 43.2 1.2 1.35 1.17 -1 -0.04 1.35 1.36 1.43 1.6
-28.38111 -51.63305 02851072 2026-09-21_10:45 -999.9 -999.9 -999.9 -999.9 -999.9 -999.9 -999.9 -999.9 -999.9 -999.9 -999.9 -999.9 -999.9 -999.9 -999.9 -999.9 0.0 0.0 0.0 0.0 0.0 0.0 -999.9 -999.9 -999.9 -999.9 -999.9 SGB/CPRM_-_Ibiraiaras_(837_m) -999.9 -999.9 -999.9 -999.9 -999.9 -999.9 -999.9 -999.9 Brasil SGB/CPRM -999.9 0.0 0.0 -999.9 -999.9 -999.9 0 0 0.04 0.04 0.04 0.04
-29.80694 -51.87583 86950000 2026-09-21_10:45 -999.9 -999.9 -999.9 -999.9 -999.9 -999.9 -999.9 -999.9 -999.9 -999.9 -999.9 -999.9 -999.9 -999.9 -999.9 -999.9 3.8 70.0 74.6 81.4 81.4 81.6 -999.9 -999.9 -999.9 -999.9 -999.9 SGB/CPRM_-_Taquari_(4_m) -999.9 -999.9 -999.9 -999.9 -999.9 -999.9 -999.9 -999.9 Brasil SGB/CPRM -999.9 0.6 70.0 3.36 3.36 3.04 1 0.13 3.36 3.36 3.37 3.75
-29.52888 -51.03694 02951142 2026-09-21_10:45 -999.9 -999.9 -999.9 -999.9 -999.9 -999.9 -999.9 -999.9 -999.9 -999.9 -999.9 -999.9 -999.9 -999.9 -999.9 -999.9 0.0 0.0 0.0 0.0 0.0 0.0 -999.9 -999.9 -999.9 -999.9 -999.9 SGB/CPRM_-_Morro_Reuter_(673_m) -999.9 -999.9 -999.9 -999.9 -999.9 -999.9 -999.9 -999.9 Brasil SGB/CPRM -999.9 0.0 0.0 0.02 0.13 0.01 0 0 0.13 0.13 0.13 0.13
-5.6344 -48.1297 AT 2026-09-21_11:30 -999.9 -999.9 -999.9 -999.9 -999.9 -999.9 -999.9 -999.9 -999.9 -999.9 -999.9 -999.9 -999.9 -999.9 -999.9 -999.9 0.0 0.0 0.0 0.0 0.0 0.0 -999.9 -999.9 -999.9 -999.9 -999.9 SGB/CPRM_-_Araguatins_(98_m) -999.9 -999.9 -999.9 -999.9 -999.9 -999.9 -999.9 -999.9 Brasil SGB/CPRM -999.9 0.0 0.0 2.4 2.43 2.39 1 0.01 2.43 2.44 2.45 2.46
-15.7381 -51.8281 AR 2026-09-21_11:15 -999.9 -999.9 -999.9 -999.9 -999.9 -999.9 -999.9 -999.9 -999.9 -999.9 -999.9 -999.9 -999.9 -999.9 -999.9 -999.9 0.0 0.0 0.0 0.0 0.0 0.0 -999.9 -999.9 -999.9 -999.9 -999.9 SGB/CPRM_-_Araguaiana_(279_m) -999.9 -999.9 -999.9 -999.9 -999.9 -999.9 -999.9 -999.9 Brasil SGB/CPRM -999.9 0.0 0.0 1.39 1.4 1.39 0 0 1.45 1.47 1.47 1.81
-29.69166 -51.04611 8738000 2026-09-21_11:00 -999.9 -999.9 -999.9 -999.9 -999.9 -999.9 -999.9 -999.9 -999.9 -999.9 -999.9 -999.9 -999.9 -999.9 -999.9 -999.9 6.6 62.0 77.0 84.8 85.0 85.0 -999.9 -999.9 -999.9 -999.9 -999.9 SGB/CPRM_-_Campo_Bom_(11_m) -999.9 -999.9 -999.9 -999.9 -999.9 -999.9 -999.9 -999.9 Brasil SGB/CPRM -999.9 1.6 62.0 5 5 4.25 1 0.08 5 5 5 5.51
-29.9683 -51.0367 87401750 2026-09-21_11:00 -999.9 -999.9 -999.9 -999.9 -999.9 -999.9 -999.9 -999.9 -999.9 -999.9 -999.9 -999.9 -999.9 -999.9 -999.9 -999.9 5.4 48.2 57.6 67.2 67.2 67.2 -999.9 -999.9 -999.9 -999.9 -999.9 SGB/CPRM_-_CORSAN_Alvorada_(3_m) -999.9 -999.9 -999.9 -999.9 -999.9 -999.9 -999.9 -999.9 Brasil SGB/CPRM -999.9 5.4 48.2 2.87 2.87 2.71 1 0.03 2.87 2.87 2.87 2.87
-29.47333 -51.96222 86879300 2026-09-21_11:30 -999.9 -999.9 -999.9 -999.9 -999.9 -999.9 -999.9 -999.9 -999.9 -999.9 -999.9 -999.9 -999.9 -999.9 -999.9 -999.9 1.6 69.0 70.0 79.6 79.6 79.6 -999.9 -999.9 -999.9 -999.9 -999.9 SGB/CPRM_-_Estrela_(16_m) -999.9 -999.9 -999.9 -999.9 -999.9 -999.9 -999.9 -999.9 Brasil SGB/CPRM -999.9 0.4 69.0 14.3 14.3 12.81 1 0.53 14.3 14.3 14.3 14.3
-5.338 -49.124 MB 2026-09-21_11:15 -999.9 -999.9 -999.9 -999.9 -999.9 -999.9 -999.9 -999.9 -999.9 -999.9 -999.9 -999.9 -999.9 -999.9 -999.9 -999.9 0.0 0.0 0.0 0.0 0.0 0.0 -999.9 -999.9 -999.9 -999.9 -999.9 SGB/CPRM_-_Marabá_(70_m) -999.9 -999.9 -999.9 -999.9 -999.9 -999.9 -999.9 -999.9 Brasil SGB/CPRM -999.9 0.0 0.0 2.08 2.14 2.08 0 0 2.16 2.16 2.16 2.16
-29.60805 -51.95111 86881000 2026-09-21_11:30 -999.9 -999.9 -999.9 -999.9 -999.9 -999.9 -999.9 -999.9 -999.9 -999.9 -999.9 -999.9 -999.9 -999.9 -999.9 -999.9 2.2 73.4 73.8 82.4 82.4 82.4 -999.9 -999.9 -999.9 -999.9 -999.9 SGB/CPRM_-_Bom_Retiro_do_Sul_Montante_(15_m) -999.9 -999.9 -999.9 -999.9 -999.9 -999.9 -999.9 -999.9 Brasil SGB/CPRM -999.9 0.4 73.4 6.9 6.9 3.58 1 0.96 6.9 6.9 6.9 6.9
-29.3075 -50.99583 87150000 2026-09-21_10:45 -999.9 -999.9 -999.9 -999.9 -999.9 -999.9 -999.9 -999.9 -999.9 -999.9 -999.9 -999.9 -999.9 -999.9 -999.9 -999.9 3.6 82.8 104.8 111.8 111.8 112.2 -999.9 -999.9 -999.9 -999.9 -999.9 SGB/CPRM_-_Linha_Gonzaga_(142_m) -999.9 -999.9 -999.9 -999.9 -999.9 -999.9 -999.9 -999.9 Brasil SGB/CPRM -999.9 1.0 82.8 4.51 4.51 1.63 1 1.14 4.51 4.51 4.51 4.51
-5.128 -49.324 IT 2026-09-21_11:15 -999.9 -999.9 -999.9 -999.9 -999.9 -999.9 -999.9 -999.9 -999.9 -999.9 -999.9 -999.9 -999.9 -999.9 -999.9 -999.9 0.0 0.0 0.0 0.0 0.0 0.0 -999.9 -999.9 -999.9 -999.9 -999.9 SGB/CPRM_-_Itupiranga_(66_m) -999.9 -999.9 -999.9 -999.9 -999.9 -999.9 -999.9 -999.9 Brasil SGB/CPRM -999.9 0.0 0.0 4.95 4.98 4.95 0 -0.01 5.01 5.01 5.01 5.98
-29.62694 -53.35277 85400000 2026-09-21_10:45 -999.9 -999.9 -999.9 -999.9 -999.9 -999.9 -999.9 -999.9 -999.9 -999.9 -999.9 -999.9 -999.9 -999.9 -999.9 -999.9 0.0 0.0 0.0 0.0 0.0 0.0 -999.9 -999.9 -999.9 -999.9 -999.9 SGB/CPRM_-_Dona_Francisca_(42_m) -999.9 -999.9 -999.9 -999.9 -999.9 -999.9 -999.9 -999.9 Brasil SGB/CPRM -999.9 0.0 0.0 2.93 2.93 2.05 1 0.08 2.93 3.38 3.55 4.13
-28.91222 -51.95305 86560000 2026-09-21_10:45 -999.9 -999.9 -999.9 -999.9 -999.9 -999.9 -999.9 -999.9 -999.9 -999.9 -999.9 -999.9 -999.9 -999.9 -999.9 -999.9 3.0 37.2 46.6 59.4 59.4 59.4 -999.9 -999.9 -999.9 -999.9 -999.9 SGB/CPRM_-_Linha_Colombo_(216_m) -999.9 -999.9 -999.9 -999.9 -999.9 -999.9 -999.9 -999.9 Brasil SGB/CPRM -999.9 1.2 37.2 1.9 1.9 1.67 1 0.13 1.9 1.9 1.9 1.9
-29.17805 -51.73222 86472600 2026-09-21_10:45 -999.9 -999.9 -999.9 -999.9 -999.9 -999.9 -999.9 -999.9 -999.9 -999.9 -999.9 -999.9 -999.9 -999.9 -999.9 -999.9 8.4 145.2 156.2 171.2 171.2 171.2 -999.9 -999.9 -999.9 -999.9 -999.9 SGB/CPRM_-_Santa_Tereza_(74_m) -999.9 -999.9 -999.9 -999.9 -999.9 -999.9 -999.9 -999.9 Brasil SGB/CPRM -999.9 2.2 145.2 5.91 5.91 3.75 1 0.45 5.91 5.91 5.91 5.91
-30.0211 -51.2211 87450004 2026-09-21_11:00 -999.9 -999.9 -999.9 -999.9 -999.9 -999.9 -999.9 -999.9 -999.9 -999.9 -999.9 -999.9 -999.9 -999.9 -999.9 -999.9 3.4 46.0 53.8 63.0 63.0 63.0 -999.9 -999.9 -999.9 -999.9 -999.9 SGB/CPRM_-_Cais_Mauá_C6_(3_m) -999.9 -999.9 -999.9 -999.9 -999.9 -999.9 -999.9 -999.9 Brasil SGB/CPRM -999.9 3.4 46.0 1.23 1.35 1.2 -1 -0.03 1.35 1.38 1.45 1.63
-29.5072 -51.3556 87168590 2026-09-21_11:00 -999.9 -999.9 -999.9 -999.9 -999.9 -999.9 -999.9 -999.9 -999.9 -999.9 -999.9 -999.9 -999.9 -999.9 -999.9 -999.9 5.0 89.4 96.2 112.8 112.8 112.8 -999.9 -999.9 -999.9 -999.9 -999.9 SGB/CPRM_-_Bom_Princípio_(23_m) -999.9 -999.9 -999.9 -999.9 -999.9 -999.9 -999.9 -999.9 Brasil SGB/CPRM -999.9 1.4 89.4 10.67 10.67 4.7 1 1.56 10.67 10.67 10.67 10.67
-15.8916 -52.228 BG 2026-09-21_11:30 -999.9 -999.9 -999.9 -999.9 -999.9 -999.9 -999.9 -999.9 -999.9 -999.9 -999.9 -999.9 -999.9 -999.9 -999.9 -999.9 0.0 0.0 0.0 0.0 0.0 0.0 -999.9 -999.9 -999.9 -999.9 -999.9 SGB/CPRM_-_Barra_do_Garças_(290_m) -999.9 -999.9 -999.9 -999.9 -999.9 -999.9 -999.9 -999.9 Brasil SGB/CPRM -999.9 0.0 0.0 0.79 0.81 0.79 -1 -0.01 0.83 0.83 0.85 0.92
-29.70111 -51.44111 87270000 2026-09-21_11:15 -999.9 -999.9 -999.9 -999.9 -999.9 -999.9 -999.9 -999.9 -999.9 -999.9 -999.9 -999.9 -999.9 -999.9 -999.9 -999.9 4.8 79.6 86.8 95.8 95.8 95.8 -999.9 -999.9 -999.9 -999.9 -999.9 SGB/CPRM_-_Passo_Montenegro_(10_m) -999.9 -999.9 -999.9 -999.9 -999.9 -999.9 -999.9 -999.9 Brasil SGB/CPRM -999.9 1.0 79.6 3.46 3.46 2.47 1 0.28 3.46 3.46 3.46 3.46
-29.59055 -51.31361 87230000 2026-09-21_11:30 -999.9 -999.9 -999.9 -999.9 -999.9 -999.9 -999.9 -999.9 -999.9 -999.9 -999.9 -999.9 -999.9 -999.9 -999.9 -999.9 4.6 81.8 89.8 97.2 97.4 97.4 -999.9 -999.9 -999.9 -999.9 -999.9 SGB/CPRM_-_Costa_do_Rio_Cadeia_Montante_(12_m) -999.9 -999.9 -999.9 -999.9 -999.9 -999.9 -999.9 -999.9 Brasil SGB/CPRM -999.9 1.2 81.8 5.84 5.84 3.16 1 0.3 5.84 5.84 5.84 5.84
-28.80388 -52.38166 02852004 2026-09-21_10:45 -999.9 -999.9 -999.9 -999.9 -999.9 -999.9 -999.9 -999.9 -999.9 -999.9 -999.9 -999.9 -999.9 -999.9 -999.9 -999.9 0.0 0.0 0.0 0.0 0.0 0.0 -999.9 -999.9 -999.9 -999.9 -999.9 SGB/CPRM_-_Auler_(676_m) -999.9 -999.9 -999.9 -999.9 -999.9 -999.9 -999.9 -999.9 Brasil SGB/CPRM -999.9 0.0 0.0 0.06 0.14 0 -1 0.01 0.14 0.14 0.14 0.14
-30.1942 -53.5633 85623010 2026-09-21_10:45 -999.9 -999.9 -999.9 -999.9 -999.9 -999.9 -999.9 -999.9 -999.9 -999.9 -999.9 -999.9 -999.9 -999.9 -999.9 -999.9 0.0 0.0 0.2 0.4 0.4 0.4 -999.9 -999.9 -999.9 -999.9 -999.9 SGB/CPRM_-_Camping_São_Sepé_CPRM_(75_m) -999.9 -999.9 -999.9 -999.9 -999.9 -999.9 -999.9 -999.9 Brasil SGB/CPRM -999.9 0.0 0.0 4.5 4.5 1.02 1 0.17 4.5 4.5 4.5 4.5
-5.7894 -47.4689 DT 2026-09-21_11:15 -999.9 -999.9 -999.9 -999.9 -999.9 -999.9 -999.9 -999.9 -999.9 -999.9 -999.9 -999.9 -999.9 -999.9 -999.9 -999.9 0.0 0.0 0.0 0.0 0.0 0.0 -999.9 -999.9 -999.9 -999.9 -999.9 SGB/CPRM_-_Descarreto_(158_m) -999.9 -999.9 -999.9 -999.9 -999.9 -999.9 -999.9 -999.9 Brasil SGB/CPRM -999.9 0.0 0.0 0.64 0.7 0.64 -1 -0.01 0.83 0.87 1.23 1.29
-14.9122 -51.0822 AU 2026-09-21_11:00 -999.9 -999.9 -999.9 -999.9 -999.9 -999.9 -999.9 -999.9 -999.9 -999.9 -999.9 -999.9 -999.9 -999.9 -999.9 -999.9 0.0 0.0 0.0 0.0 0.0 0.0 -999.9 -999.9 -999.9 -999.9 -999.9 SGB/CPRM_-_Aruanã_(277_m) -999.9 -999.9 -999.9 -999.9 -999.9 -999.9 -999.9 -999.9 Brasil SGB/CPRM -999.9 0.0 0.0 1.25 1.25 1.24 0 0 1.26 1.34 1.39 1.58
-13.69 -50.8013 BD 2026-09-21_11:00 -999.9 -999.9 -999.9 -999.9 -999.9 -999.9 -999.9 -999.9 -999.9 -999.9 -999.9 -999.9 -999.9 -999.9 -999.9 -999.9 0.0 0.0 0.0 0.0 0.0 14.4 -999.9 -999.9 -999.9 -999.9 -999.9 SGB/CPRM_-_Bandeirantes_(276_m) -999.9 -999.9 -999.9 -999.9 -999.9 -999.9 -999.9 -999.9 Brasil SGB/CPRM -999.9 0.0 0.0 3.29 3.32 3.29 -1 -0.01 3.38 3.44 3.46 3.46
-29.33555 -51.18888 87160000 2026-09-21_11:30 -999.9 -999.9 -999.9 -999.9 -999.9 -999.9 -999.9 -999.9 -999.9 -999.9 -999.9 -999.9 -999.9 -999.9 -999.9 -999.9 6.2 104.6 115.8 129.2 129.2 129.2 -999.9 -999.9 -999.9 -999.9 -999.9 SGB/CPRM_-_Nova_Palmira_(52_m) -999.9 -999.9 -999.9 -999.9 -999.9 -999.9 -999.9 -999.9 Brasil SGB/CPRM -999.9 1.6 104.6 5.77 5.77 1.89 1 0.37 5.77 5.77 5.77 5.77
-29.23444 -51.855 86720000 2026-09-21_11:30 -999.9 -999.9 -999.9 -999.9 -999.9 -999.9 -999.9 -999.9 -999.9 -999.9 -999.9 -999.9 -999.9 -999.9 -999.9 -999.9 1.0 80.4 81.2 92.6 92.6 92.6 -999.9 -999.9 -999.9 -999.9 -999.9 SGB/CPRM_-_Encantado_(43_m) -999.9 -999.9 -999.9 -999.9 -999.9 -999.9 -999.9 -999.9 Brasil SGB/CPRM -999.9 0.0 80.4 5.18 5.18 1.75 1 0.74 5.18 5.18 5.18 5.18
-8.2694 -49.2594 CA 2026-09-21_11:15 -999.9 -999.9 -999.9 -999.9 -999.9 -999.9 -999.9 -999.9 -999.9 -999.9 -999.9 -999.9 -999.9 -999.9 -999.9 -999.9 0.0 0.0 0.0 0.0 0.0 0.0 -999.9 -999.9 -999.9 -999.9 -999.9 SGB/CPRM_-_Conceição_do_Araguaia_(141_m) -999.9 -999.9 -999.9 -999.9 -999.9 -999.9 -999.9 -999.9 Brasil SGB/CPRM -999.9 0.0 0.0 1.88 1.88 1.87 0 0 1.9 1.9 1.91 1.91
-28.84888 -51.8325 86500000 2026-09-21_11:30 -999.9 -999.9 -999.9 -999.9 -999.9 -999.9 -999.9 -999.9 -999.9 -999.9 -999.9 -999.9 -999.9 -999.9 -999.9 -999.9 6.4 88.0 88.6 120.6 120.6 120.6 -999.9 -999.9 -999.9 -999.9 -999.9 SGB/CPRM_-_Passo_Carreiro_(259_m) -999.9 -999.9 -999.9 -999.9 -999.9 -999.9 -999.9 -999.9 Brasil SGB/CPRM -999.9 0.2 88.0 3.34 3.34 1.74 1 0.58 3.34 3.34 3.34 3.34
-6.413 -48.536 XA 2026-09-21_11:15 -999.9 -999.9 -999.9 -999.9 -999.9 -999.9 -999.9 -999.9 -999.9 -999.9 -999.9 -999.9 -999.9 -999.9 -999.9 -999.9 0.0 0.0 0.0 0.0 0.0 0.0 -999.9 -999.9 -999.9 -999.9 -999.9 SGB/CPRM_-_Xambioá_(118_m) -999.9 -999.9 -999.9 -999.9 -999.9 -999.9 -999.9 -999.9 Brasil SGB/CPRM -999.9 0.0 0.0 1.35 1.4 1.34 0 0.01 1.42 1.44 1.46 1.51
-29.9419 -51.6942 87010000 2026-09-21_11:00 -999.9 -999.9 -999.9 -999.9 -999.9 -999.9 -999.9 -999.9 -999.9 -999.9 -999.9 -999.9 -999.9 -999.9 -999.9 -999.9 3.4 76.6 82.8 94.4 94.4 94.4 -999.9 -999.9 -999.9 -999.9 -999.9 SGB/CPRM_-_Triunfo_(4_m) -999.9 -999.9 -999.9 -999.9 -999.9 -999.9 -999.9 -999.9 Brasil SGB/CPRM -999.9 3.4 76.6 1.93 1.93 1.75 1 0.03 1.93 2 2.06 2.25
-28.86805 -50.45611 86160000 2026-09-21_10:45 -999.9 -999.9 -999.9 -999.9 -999.9 -999.9 -999.9 -999.9 -999.9 -999.9 -999.9 -999.9 -999.9 -999.9 -999.9 -999.9 29.6 79.8 94.0 108.6 108.6 108.8 -999.9 -999.9 -999.9 -999.9 -999.9 SGB/CPRM_-_Passo_Tainhas_(634_m) -999.9 -999.9 -999.9 -999.9 -999.9 -999.9 -999.9 -999.9 Brasil SGB/CPRM -999.9 7.2 79.8 4.99 4.99 1.43 1 1.54 4.99 4.99 4.99 4.99
-29.09777 -51.69972 86472000 2026-09-21_11:30 -999.9 -999.9 -999.9 -999.9 -999.9 -999.9 -999.9 -999.9 -999.9 -999.9 -999.9 -999.9 -999.9 -999.9 -999.9 -999.9 8.8 118.8 122.2 146.6 146.6 146.6 -999.9 -999.9 -999.9 -999.9 -999.9 SGB/CPRM_-_Linha_José_Júlio_(82_m) -999.9 -999.9 -999.9 -999.9 -999.9 -999.9 -999.9 -999.9 Brasil SGB/CPRM -999.9 0.6 118.8 6.92 6.92 5.06 -1 0.02 6.92 6.92 6.92 6.92
-29.75888 -51.14833 8738200 2026-09-21_11:15 -999.9 -999.9 -999.9 -999.9 -999.9 -999.9 -999.9 -999.9 -999.9 -999.9 -999.9 -999.9 -999.9 -999.9 -999.9 -999.9 5.0 65.2 73.4 79.6 79.6 79.6 -999.9 -999.9 -999.9 -999.9 -999.9 SGB/CPRM_-_São_Leopoldo_(6_m) -999.9 -999.9 -999.9 -999.9 -999.9 -999.9 -999.9 -999.9 Brasil SGB/CPRM -999.9 0.8 65.2 3.2 3.2 2.76 1 0.04 3.2 3.2 3.41 3.66
-29.791 -50.4338 87318000 2026-09-21_10:00 -999.9 -999.9 -999.9 -999.9 -999.9 -999.9 -999.9 -999.9 -999.9 -999.9 -999.9 -999.9 -999.9 -999.9 -999.9 -999.9 6.4 39.2 60.8 68.4 68.4 68.4 -999.9 -999.9 -999.9 -999.9 -999.9 SGB/CPRM_-_Arroio_Caraá_(39_m) -999.9 -999.9 -999.9 -999.9 -999.9 -999.9 -999.9 -999.9 Brasil SGB/CPRM -999.9 6.4 39.2 2.82 2.82 1.59 1 0.16 2.82 2.82 2.82 2.82
-29.6858 -50.8122 87376000 2026-09-21_09:00 -999.9 -999.9 -999.9 -999.9 -999.9 -999.9 -999.9 -999.9 -999.9 -999.9 -999.9 -999.9 -999.9 -999.9 -999.9 -999.9 0.0 0.0 0.0 0.0 0.0 0.0 -999.9 -999.9 -999.9 -999.9 -999.9 SGB/CPRM_-_Foz_do_Paranhana_(16_m) -999.9 -999.9 -999.9 -999.9 -999.9 -999.9 -999.9 -999.9 Brasil SGB/CPRM -999.9 0.0 0.0 3.78 3.78 1.91 1 0.33 3.78 3.78 3.78 3.78
-29.16722 -51.86861 86510000 2026-09-21_11:15 -999.9 -999.9 -999.9 -999.9 -999.9 -999.9 -999.9 -999.9 -999.9 -999.9 -999.9 -999.9 -999.9 -999.9 -999.9 -999.9 2.2 113.0 116.4 129.4 129.4 129.4 -999.9 -999.9 -999.9 -999.9 -999.9 SGB/CPRM_-_Muçum_(57_m) -999.9 -999.9 -999.9 -999.9 -999.9 -999.9 -999.9 -999.9 Brasil SGB/CPRM -999.9 0.2 113.0 6.65 6.65 3.92 1 0.63 6.65 6.65 6.65 6.65
-29.96444 -50.97777 8739900 2026-09-21_11:15 -999.9 -999.9 -999.9 -999.9 -999.9 -999.9 -999.9 -999.9 -999.9 -999.9 -999.9 -999.9 -999.9 -999.9 -999.9 -999.9 4.8 44.2 51.2 61.6 61.6 61.6 -999.9 -999.9 -999.9 -999.9 -999.9 SGB/CPRM_-_Passo_das_Canoas_Auxiliar_(3_m) -999.9 -999.9 -999.9 -999.9 -999.9 -999.9 -999.9 -999.9 Brasil SGB/CPRM -999.9 0.8 44.2 3.02 3.02 2.86 1 0.04 3.02 3.02 3.02 3.02
-28.48972 -50.93611 02850045 2026-09-21_10:45 -999.9 -999.9 -999.9 -999.9 -999.9 -999.9 -999.9 -999.9 -999.9 -999.9 -999.9 -999.9 -999.9 -999.9 -999.9 -999.9 0.0 0.0 0.0 0.0 0.0 0.0 -999.9 -999.9 -999.9 -999.9 -999.9 SGB/CPRM_-_Vacaria_(958_m) -999.9 -999.9 -999.9 -999.9 -999.9 -999.9 -999.9 -999.9 Brasil SGB/CPRM -999.9 0.0 0.0 0 0.01 0 0 -0.01 0.04 0.04 0.04 0.04
-30.03472 -51.24194 87450020 2026-09-21_11:15 -999.9 -999.9 -999.9 -999.9 -999.9 -999.9 -999.9 -999.9 -999.9 -999.9 -999.9 -999.9 -999.9 -999.9 -999.9 -999.9 3.0 53.8 58.4 69.8 69.8 69.8 -999.9 -999.9 -999.9 -999.9 -999.9 SGB/CPRM_-_Usina_do_Gasômetro_(0_m) -999.9 -999.9 -999.9 -999.9 -999.9 -999.9 -999.9 -999.9 Brasil SGB/CPRM -999.9 0.8 53.8 0.8 0.96 0.76 0 -0.01 0.96 0.96 1.02 1.21
