-28.478 -50.965 7377 2026-09-21_00:20 -999.9 -999.9 -999.9 -999.9 -999.9 -999.9 -999.9 -999.9 -999.9 -999.9 -999.9 -999.9 -999.9 -999.9 -999.9 -999.9 -999.9 0.0 36.4 36.4 36.4 -999.9 -999.9 -999.9 -999.9 -999.9 -999.9 CEMADEN_-_Vacaria_-_Centro_(941_m) -999.9 -999.9 -999.9 -999.9 -999.9 -999.9 -999.9 -999.9 Rio_Grande_do_Sul CEMADEN -999.9 0.0 -999.9
-28.478 -50.965 7377 2026-09-21_01:20 -999.9 -999.9 -999.9 -999.9 -999.9 -999.9 -999.9 -999.9 -999.9 -999.9 -999.9 -999.9 -999.9 -999.9 -999.9 -999.9 -999.9 0.0 36.4 36.4 36.4 -999.9 -999.9 -999.9 -999.9 -999.9 -999.9 CEMADEN_-_Vacaria_-_Centro_(941_m) -999.9 -999.9 -999.9 -999.9 -999.9 -999.9 -999.9 -999.9 Rio_Grande_do_Sul CEMADEN -999.9 0.0 -999.9
-28.478 -50.965 7377 2026-09-21_02:20 -999.9 -999.9 -999.9 -999.9 -999.9 -999.9 -999.9 -999.9 -999.9 -999.9 -999.9 -999.9 -999.9 -999.9 -999.9 -999.9 -999.9 0.0 36.4 36.4 36.4 -999.9 -999.9 -999.9 -999.9 -999.9 -999.9 CEMADEN_-_Vacaria_-_Centro_(941_m) -999.9 -999.9 -999.9 -999.9 -999.9 -999.9 -999.9 -999.9 Rio_Grande_do_Sul CEMADEN -999.9 0.0 -999.9
-28.478 -50.965 7377 2026-09-21_03:20 -999.9 -999.9 -999.9 -999.9 -999.9 -999.9 -999.9 -999.9 -999.9 -999.9 -999.9 -999.9 -999.9 -999.9 -999.9 -999.9 -999.9 0.0 35.6 36.4 36.4 -999.9 -999.9 -999.9 -999.9 -999.9 -999.9 CEMADEN_-_Vacaria_-_Centro_(941_m) -999.9 -999.9 -999.9 -999.9 -999.9 -999.9 -999.9 -999.9 Rio_Grande_do_Sul CEMADEN -999.9 0.0 -999.9
-28.478 -50.965 7377 2026-09-21_04:20 -999.9 -999.9 -999.9 -999.9 -999.9 -999.9 -999.9 -999.9 -999.9 -999.9 -999.9 -999.9 -999.9 -999.9 -999.9 -999.9 -999.9 0.0 33.6 36.4 36.4 -999.9 -999.9 -999.9 -999.9 -999.9 -999.9 CEMADEN_-_Vacaria_-_Centro_(941_m) -999.9 -999.9 -999.9 -999.9 -999.9 -999.9 -999.9 -999.9 Rio_Grande_do_Sul CEMADEN -999.9 0.0 -999.9
-28.478 -50.965 7377 2026-09-21_05:20 -999.9 -999.9 -999.9 -999.9 -999.9 -999.9 -999.9 -999.9 -999.9 -999.9 -999.9 -999.9 -999.9 -999.9 -999.9 -999.9 -999.9 0.0 33.2 36.4 36.4 -999.9 -999.9 -999.9 -999.9 -999.9 -999.9 CEMADEN_-_Vacaria_-_Centro_(941_m) -999.9 -999.9 -999.9 -999.9 -999.9 -999.9 -999.9 -999.9 Rio_Grande_do_Sul CEMADEN -999.9 0.0 -999.9
-28.478 -50.965 7377 2026-09-21_06:20 -999.9 -999.9 -999.9 -999.9 -999.9 -999.9 -999.9 -999.9 -999.9 -999.9 -999.9 -999.9 -999.9 -999.9 -999.9 -999.9 -999.9 0.0 33.2 36.4 36.4 -999.9 -999.9 -999.9 -999.9 -999.9 -999.9 CEMADEN_-_Vacaria_-_Centro_(941_m) -999.9 -999.9 -999.9 -999.9 -999.9 -999.9 -999.9 -999.9 Rio_Grande_do_Sul CEMADEN -999.9 0.0 -999.9
-28.478 -50.965 7377 2026-09-21_07:20 -999.9 -999.9 -999.9 -999.9 -999.9 -999.9 -999.9 -999.9 -999.9 -999.9 -999.9 -999.9 -999.9 -999.9 -999.9 -999.9 0.2 0.2 33.4 36.6 36.6 -999.9 -999.9 -999.9 -999.9 -999.9 -999.9 CEMADEN_-_Vacaria_-_Centro_(941_m) -999.9 -999.9 -999.9 -999.9 -999.9 -999.9 -999.9 -999.9 Rio_Grande_do_Sul CEMADEN -999.9 0.2 -999.9
-28.478 -50.965 7377 2026-09-21_07:50 -999.9 -999.9 -999.9 -999.9 -999.9 -999.9 -999.9 -999.9 -999.9 -999.9 -999.9 -999.9 -999.9 -999.9 -999.9 -999.9 1.0 1.0 34.2 37.4 37.4 -999.9 -999.9 -999.9 -999.9 -999.9 -999.9 CEMADEN_-_Vacaria_-_Centro_(941_m) -999.9 -999.9 -999.9 -999.9 -999.9 -999.9 -999.9 -999.9 Rio_Grande_do_Sul CEMADEN -999.9 0.8 -999.9
-28.478 -50.965 7377 2026-09-21_08:00 -999.9 -999.9 -999.9 -999.9 -999.9 -999.9 -999.9 -999.9 -999.9 -999.9 -999.9 -999.9 -999.9 -999.9 -999.9 -999.9 1.4 1.4 34.6 37.8 37.8 -999.9 -999.9 -999.9 -999.9 -999.9 -999.9 CEMADEN_-_Vacaria_-_Centro_(941_m) -999.9 -999.9 -999.9 -999.9 -999.9 -999.9 -999.9 -999.9 Rio_Grande_do_Sul CEMADEN -999.9 0.4 -999.9
-28.478 -50.965 7377 2026-09-21_08:20 -999.9 -999.9 -999.9 -999.9 -999.9 -999.9 -999.9 -999.9 -999.9 -999.9 -999.9 -999.9 -999.9 -999.9 -999.9 -999.9 -999.9 1.4 32.8 37.8 37.8 -999.9 -999.9 -999.9 -999.9 -999.9 -999.9 CEMADEN_-_Vacaria_-_Centro_(941_m) -999.9 -999.9 -999.9 -999.9 -999.9 -999.9 -999.9 -999.9 Rio_Grande_do_Sul CEMADEN -999.9 0.0 -999.9
-28.478 -50.965 7377 2026-09-21_09:20 -999.9 -999.9 -999.9 -999.9 -999.9 -999.9 -999.9 -999.9 -999.9 -999.9 -999.9 -999.9 -999.9 -999.9 -999.9 -999.9 1.0 2.4 33.6 38.8 38.8 -999.9 -999.9 -999.9 -999.9 -999.9 -999.9 CEMADEN_-_Vacaria_-_Centro_(941_m) -999.9 -999.9 -999.9 -999.9 -999.9 -999.9 -999.9 -999.9 Rio_Grande_do_Sul CEMADEN -999.9 1.0 -999.9
-28.478 -50.965 7377 2026-09-21_10:20 -999.9 -999.9 -999.9 -999.9 -999.9 -999.9 -999.9 -999.9 -999.9 -999.9 -999.9 -999.9 -999.9 -999.9 -999.9 -999.9 -999.9 2.4 31.0 38.8 38.8 -999.9 -999.9 -999.9 -999.9 -999.9 -999.9 CEMADEN_-_Vacaria_-_Centro_(941_m) -999.9 -999.9 -999.9 -999.9 -999.9 -999.9 -999.9 -999.9 Rio_Grande_do_Sul CEMADEN -999.9 0.0 -999.9
-28.478 -50.965 7377 2026-09-21_11:20 -999.9 -999.9 -999.9 -999.9 -999.9 -999.9 -999.9 -999.9 -999.9 -999.9 -999.9 -999.9 -999.9 -999.9 -999.9 -999.9 -999.9 2.4 30.6 38.8 38.8 -999.9 -999.9 -999.9 -999.9 -999.9 -999.9 CEMADEN_-_Vacaria_-_Centro_(941_m) -999.9 -999.9 -999.9 -999.9 -999.9 -999.9 -999.9 -999.9 Rio_Grande_do_Sul CEMADEN -999.9 0.0 -999.9
-28.478 -50.965 7377 2026-09-21_11:30 -999.9 -999.9 -999.9 -999.9 -999.9 -999.9 -999.9 -999.9 -999.9 -999.9 -999.9 -999.9 -999.9 -999.9 -999.9 -999.9 0.2 2.6 30.4 39.0 39.0 -999.9 -999.9 -999.9 -999.9 -999.9 -999.9 CEMADEN_-_Vacaria_-_Centro_(941_m) -999.9 -999.9 -999.9 -999.9 -999.9 -999.9 -999.9 -999.9 Rio_Grande_do_Sul CEMADEN -999.9 0.2 -999.9
-28.478 -50.965 7377 2026-09-21_11:50 -999.9 -999.9 -999.9 -999.9 -999.9 -999.9 -999.9 -999.9 -999.9 -999.9 -999.9 -999.9 -999.9 -999.9 -999.9 -999.9 0.4 2.8 30.6 39.2 39.2 -999.9 -999.9 -999.9 -999.9 -999.9 -999.9 CEMADEN_-_Vacaria_-_Centro_(941_m) -999.9 -999.9 -999.9 -999.9 -999.9 -999.9 -999.9 -999.9 Rio_Grande_do_Sul CEMADEN -999.9 0.2 -999.9
-28.478 -50.965 7377 2026-09-21_12:10 -999.9 -999.9 -999.9 -999.9 -999.9 -999.9 -999.9 -999.9 -999.9 -999.9 -999.9 -999.9 -999.9 -999.9 -999.9 -999.9 6.8 9.2 37.0 45.6 45.6 -999.9 -999.9 -999.9 -999.9 -999.9 -999.9 CEMADEN_-_Vacaria_-_Centro_(941_m) -999.9 -999.9 -999.9 -999.9 -999.9 -999.9 -999.9 -999.9 Rio_Grande_do_Sul CEMADEN -999.9 6.4 -999.9
-28.478 -50.965 7377 2026-09-21_12:20 -999.9 -999.9 -999.9 -999.9 -999.9 -999.9 -999.9 -999.9 -999.9 -999.9 -999.9 -999.9 -999.9 -999.9 -999.9 -999.9 7.2 9.6 37.2 46.0 46.0 -999.9 -999.9 -999.9 -999.9 -999.9 -999.9 CEMADEN_-_Vacaria_-_Centro_(941_m) -999.9 -999.9 -999.9 -999.9 -999.9 -999.9 -999.9 -999.9 Rio_Grande_do_Sul CEMADEN -999.9 0.4 -999.9
