-28.966499 -51.046101 ISOMAR20 2026-09-23_00:04 -999.9 -999.9 -999.9 89.0 -999.9 -999.9 5.6 -999.9 -999.9 1020.0 -999.9 -999.9 1.1 45.0 2.6 -999.9 0.0 0.0 0.0 115.8 119.9 139.7 -999.9 5.5 95.0 57.0 15.4 São_Marcos_-_São_José_(788_m) -999.9 -999.9 1020.32 1018.63 1020.0 8.3 4.6 -999.9 Rio_Grande_do_Sul WU UTC_2026-09-23_03:04 0.0 -999.9
-28.966499 -51.046101 ISOMAR20 2026-09-23_00:09 -999.9 -999.9 -999.9 89.4 -999.9 -999.9 5.6 -999.9 -999.9 1019.8 -999.9 -999.9 0.8 45.0 2.6 -999.9 0.0 0.0 0.0 115.8 119.9 139.7 -999.9 5.5 95.0 57.0 15.4 São_Marcos_-_São_José_(788_m) -999.9 -999.9 1020.32 1018.63 1019.8 8.3 4.6 -999.9 Rio_Grande_do_Sul WU UTC_2026-09-23_03:09 0.0 -999.9
-28.966499 -51.046101 ISOMAR20 2026-09-23_00:14 -999.9 -999.9 -999.9 90.0 -999.9 -999.9 5.6 -999.9 -999.9 1019.8 -999.9 -999.9 0.6 42.0 2.6 -999.9 0.0 0.0 0.0 115.8 119.9 139.7 -999.9 5.5 95.0 57.0 15.4 São_Marcos_-_São_José_(788_m) -999.9 -999.9 1020.32 1018.63 1019.8 8.3 4.6 -999.9 Rio_Grande_do_Sul WU UTC_2026-09-23_03:14 0.0 -999.9
-28.966499 -51.046101 ISOMAR20 2026-09-23_00:19 -999.9 -999.9 -999.9 90.6 -999.9 -999.9 5.7 -999.9 -999.9 1019.8 -999.9 -999.9 0.3 9.0 1.1 -999.9 0.0 0.0 0.0 115.8 119.9 139.7 -999.9 5.5 95.0 57.0 15.4 São_Marcos_-_São_José_(788_m) -999.9 -999.9 1020.32 1018.63 1019.8 8.3 4.6 -999.9 Rio_Grande_do_Sul WU UTC_2026-09-23_03:19 0.0 -999.9
-28.966499 -51.046101 ISOMAR20 2026-09-23_00:24 -999.9 -999.9 -999.9 91.0 -999.9 -999.9 5.8 -999.9 -999.9 1019.8 -999.9 -999.9 0.0 45.0 0.0 -999.9 0.0 0.0 0.0 115.8 119.9 139.7 -999.9 5.5 95.0 57.0 15.4 São_Marcos_-_São_José_(788_m) -999.9 -999.9 1020.32 1018.63 1019.8 8.3 4.6 -999.9 Rio_Grande_do_Sul WU UTC_2026-09-23_03:24 0.0 -999.9
-28.966499 -51.046101 ISOMAR20 2026-09-23_00:29 -999.9 -999.9 -999.9 91.0 -999.9 -999.9 5.6 -999.9 -999.9 1019.8 -999.9 -999.9 0.9 24.0 4.7 -999.9 0.0 0.0 0.0 115.8 119.9 139.7 -999.9 5.5 95.0 57.0 15.4 São_Marcos_-_São_José_(788_m) -999.9 -999.9 1020.32 1018.63 1019.8 8.3 4.6 -999.9 Rio_Grande_do_Sul WU UTC_2026-09-23_03:29 0.0 -999.9
-28.966499 -51.046101 ISOMAR20 2026-09-23_00:34 -999.9 -999.9 -999.9 91.4 -999.9 -999.9 5.6 -999.9 -999.9 1020.0 -999.9 -999.9 0.7 26.0 2.6 -999.9 0.0 0.0 0.0 115.8 119.9 139.7 -999.9 5.5 95.0 57.0 15.4 São_Marcos_-_São_José_(788_m) -999.9 -999.9 1020.32 1018.63 1020.0 8.3 4.6 -999.9 Rio_Grande_do_Sul WU UTC_2026-09-23_03:34 0.0 -999.9
-28.966499 -51.046101 ISOMAR20 2026-09-23_00:39 -999.9 -999.9 -999.9 92.0 -999.9 -999.9 5.7 -999.9 -999.9 1020.0 -999.9 -999.9 0.6 0.0 3.5 -999.9 0.0 0.0 0.0 115.8 119.9 139.7 -999.9 5.5 95.0 57.0 15.4 São_Marcos_-_São_José_(788_m) -999.9 -999.9 1020.32 1018.63 1020.0 8.3 4.6 -999.9 Rio_Grande_do_Sul WU UTC_2026-09-23_03:39 0.0 -999.9
-28.966499 -51.046101 ISOMAR20 2026-09-23_00:44 -999.9 -999.9 -999.9 92.0 -999.9 -999.9 5.6 -999.9 -999.9 1020.2 -999.9 -999.9 2.4 23.0 4.7 -999.9 0.0 0.0 0.0 115.8 119.9 139.7 -999.9 5.5 95.0 57.0 15.4 São_Marcos_-_São_José_(788_m) -999.9 -999.9 1020.32 1018.63 1020.2 8.3 4.6 -999.9 Rio_Grande_do_Sul WU UTC_2026-09-23_03:44 0.0 -999.9
-28.966499 -51.046101 ISOMAR20 2026-09-23_00:49 -999.9 -999.9 -999.9 92.0 -999.9 -999.9 5.5 -999.9 -999.9 1020.2 -999.9 -999.9 0.6 36.0 2.6 -999.9 0.0 0.0 0.0 115.8 119.9 139.7 -999.9 5.5 95.0 57.0 15.4 São_Marcos_-_São_José_(788_m) -999.9 -999.9 1020.32 1018.63 1020.2 8.3 4.6 -999.9 Rio_Grande_do_Sul WU UTC_2026-09-23_03:49 0.0 -999.9
-28.966499 -51.046101 ISOMAR20 2026-09-23_00:54 -999.9 -999.9 -999.9 92.2 -999.9 -999.9 5.6 -999.9 -999.9 1020.0 -999.9 -999.9 0.6 349.0 2.6 -999.9 0.0 0.0 0.0 115.8 119.9 139.7 -999.9 5.5 95.0 57.0 15.4 São_Marcos_-_São_José_(788_m) -999.9 -999.9 1020.32 1018.63 1020.0 8.3 4.6 -999.9 Rio_Grande_do_Sul WU UTC_2026-09-23_03:54 0.0 -999.9
-28.966499 -51.046101 ISOMAR20 2026-09-23_00:59 -999.9 -999.9 -999.9 93.0 -999.9 -999.9 5.7 -999.9 -999.9 1020.0 -999.9 -999.9 0.3 0.0 2.6 -999.9 0.0 0.0 0.0 115.8 119.9 139.7 -999.9 5.5 95.0 57.0 15.4 São_Marcos_-_São_José_(788_m) -999.9 -999.9 1020.32 1018.63 1020.0 8.3 4.6 -999.9 Rio_Grande_do_Sul WU UTC_2026-09-23_03:59 0.0 -999.9
-28.966499 -51.046101 ISOMAR20 2026-09-23_01:04 -999.9 -999.9 -999.9 93.0 -999.9 -999.9 5.7 -999.9 -999.9 1020.0 -999.9 -999.9 0.0 45.0 0.0 -999.9 0.0 0.0 0.0 115.8 119.9 139.7 -999.9 5.5 95.0 57.0 15.4 São_Marcos_-_São_José_(788_m) -999.9 -999.9 1020.32 1018.63 1020.0 8.3 4.6 -999.9 Rio_Grande_do_Sul WU UTC_2026-09-23_04:04 0.0 -999.9
-28.966499 -51.046101 ISOMAR20 2026-09-23_01:09 -999.9 -999.9 -999.9 93.0 -999.9 -999.9 5.7 -999.9 -999.9 1020.0 -999.9 -999.9 0.0 45.0 0.0 -999.9 0.0 0.0 0.0 115.8 119.9 139.7 -999.9 5.5 95.0 57.0 15.4 São_Marcos_-_São_José_(788_m) -999.9 -999.9 1020.32 1018.63 1020.0 8.3 4.6 -999.9 Rio_Grande_do_Sul WU UTC_2026-09-23_04:09 0.0 -999.9
-28.966499 -51.046101 ISOMAR20 2026-09-23_01:14 -999.9 -999.9 -999.9 -999.9 -999.9 -999.9 -999.9 -999.9 -999.9 1020.0 -999.9 -999.9 -999.9 -999.9 -999.9 -999.9 0.0 0.0 0.0 115.8 119.9 139.7 -999.9 5.5 95.0 57.0 15.4 São_Marcos_-_São_José_(788_m) -999.9 -999.9 1020.32 1018.63 1020.0 8.3 4.6 -999.9 Rio_Grande_do_Sul WU UTC_2026-09-23_04:14 0.0 -999.9
-28.966499 -51.046101 ISOMAR20 2026-09-23_01:19 -999.9 -999.9 -999.9 -999.9 -999.9 -999.9 -999.9 -999.9 -999.9 1019.8 -999.9 -999.9 -999.9 -999.9 -999.9 -999.9 0.0 0.0 0.0 115.8 119.9 139.7 -999.9 5.5 95.0 57.0 15.4 São_Marcos_-_São_José_(788_m) -999.9 -999.9 1020.32 1018.63 1019.8 8.3 4.6 -999.9 Rio_Grande_do_Sul WU UTC_2026-09-23_04:19 0.0 -999.9
-28.966499 -51.046101 ISOMAR20 2026-09-23_01:24 -999.9 -999.9 -999.9 -999.9 -999.9 -999.9 -999.9 -999.9 -999.9 1019.8 -999.9 -999.9 -999.9 -999.9 -999.9 -999.9 0.0 0.0 0.0 115.8 119.9 139.7 -999.9 5.5 95.0 57.0 15.4 São_Marcos_-_São_José_(788_m) -999.9 -999.9 1020.32 1018.63 1019.8 8.3 4.6 -999.9 Rio_Grande_do_Sul WU UTC_2026-09-23_04:24 0.0 -999.9
-28.966499 -51.046101 ISOMAR20 2026-09-23_01:29 -999.9 -999.9 -999.9 -999.9 -999.9 -999.9 -999.9 -999.9 -999.9 1019.8 -999.9 -999.9 -999.9 -999.9 -999.9 -999.9 0.0 0.0 0.0 115.8 119.9 139.7 -999.9 5.5 95.0 57.0 15.4 São_Marcos_-_São_José_(788_m) -999.9 -999.9 1020.32 1018.63 1019.8 8.3 4.6 -999.9 Rio_Grande_do_Sul WU UTC_2026-09-23_04:29 0.0 -999.9
-28.966499 -51.046101 ISOMAR20 2026-09-23_01:34 -999.9 -999.9 -999.9 -999.9 -999.9 -999.9 -999.9 -999.9 -999.9 1019.8 -999.9 -999.9 -999.9 -999.9 -999.9 -999.9 0.0 0.0 0.0 115.8 119.9 139.7 -999.9 5.5 95.0 57.0 15.4 São_Marcos_-_São_José_(788_m) -999.9 -999.9 1020.32 1018.63 1019.8 8.3 4.6 -999.9 Rio_Grande_do_Sul WU UTC_2026-09-23_04:34 0.0 -999.9
-28.966499 -51.046101 ISOMAR20 2026-09-23_01:39 -999.9 -999.9 -999.9 -999.9 -999.9 -999.9 -999.9 -999.9 -999.9 1019.8 -999.9 -999.9 -999.9 -999.9 -999.9 -999.9 0.0 0.0 0.0 115.8 119.9 139.7 -999.9 5.5 95.0 57.0 15.4 São_Marcos_-_São_José_(788_m) -999.9 -999.9 1020.32 1018.63 1019.8 8.3 4.6 -999.9 Rio_Grande_do_Sul WU UTC_2026-09-23_04:39 0.0 -999.9
-28.966499 -51.046101 ISOMAR20 2026-09-23_01:44 -999.9 -999.9 -999.9 -999.9 -999.9 -999.9 -999.9 -999.9 -999.9 1019.6 -999.9 -999.9 -999.9 -999.9 -999.9 -999.9 0.0 0.0 0.0 115.8 119.9 139.7 -999.9 5.5 95.0 57.0 15.4 São_Marcos_-_São_José_(788_m) -999.9 -999.9 1020.32 1018.63 1019.6 8.3 4.6 -999.9 Rio_Grande_do_Sul WU UTC_2026-09-23_04:44 0.0 -999.9
-28.966499 -51.046101 ISOMAR20 2026-09-23_01:49 -999.9 -999.9 -999.9 -999.9 -999.9 -999.9 -999.9 -999.9 -999.9 1019.6 -999.9 -999.9 -999.9 -999.9 -999.9 -999.9 0.0 0.0 0.0 115.8 119.9 139.7 -999.9 5.5 95.0 57.0 15.4 São_Marcos_-_São_José_(788_m) -999.9 -999.9 1020.32 1018.63 1019.6 8.3 4.6 -999.9 Rio_Grande_do_Sul WU UTC_2026-09-23_04:49 0.0 -999.9
-28.966499 -51.046101 ISOMAR20 2026-09-23_01:54 -999.9 -999.9 -999.9 -999.9 -999.9 -999.9 -999.9 -999.9 -999.9 1019.5 -999.9 -999.9 -999.9 -999.9 -999.9 -999.9 0.0 0.0 0.0 115.8 119.9 139.7 -999.9 5.5 95.0 57.0 15.4 São_Marcos_-_São_José_(788_m) -999.9 -999.9 1020.32 1018.63 1019.5 8.3 4.6 -999.9 Rio_Grande_do_Sul WU UTC_2026-09-23_04:54 0.0 -999.9
-28.966499 -51.046101 ISOMAR20 2026-09-23_01:59 -999.9 -999.9 -999.9 -999.9 -999.9 -999.9 -999.9 -999.9 -999.9 1019.3 -999.9 -999.9 -999.9 -999.9 -999.9 -999.9 0.0 0.0 0.0 115.8 119.9 139.7 -999.9 5.5 95.0 57.0 15.4 São_Marcos_-_São_José_(788_m) -999.9 -999.9 1020.32 1018.63 1019.3 8.3 4.6 -999.9 Rio_Grande_do_Sul WU UTC_2026-09-23_04:59 0.0 -999.9
-28.966499 -51.046101 ISOMAR20 2026-09-23_02:04 -999.9 -999.9 -999.9 -999.9 -999.9 -999.9 -999.9 -999.9 -999.9 1019.3 -999.9 -999.9 -999.9 -999.9 -999.9 -999.9 0.0 0.0 0.0 115.8 119.9 139.7 -999.9 5.5 95.0 57.0 15.4 São_Marcos_-_São_José_(788_m) -999.9 -999.9 1020.32 1018.63 1019.3 8.3 4.6 -999.9 Rio_Grande_do_Sul WU UTC_2026-09-23_05:04 0.0 -999.9
-28.966499 -51.046101 ISOMAR20 2026-09-23_02:09 -999.9 -999.9 -999.9 -999.9 -999.9 -999.9 -999.9 -999.9 -999.9 1019.5 -999.9 -999.9 -999.9 -999.9 -999.9 -999.9 0.0 0.0 0.0 115.8 119.9 139.7 -999.9 5.5 95.0 57.0 15.4 São_Marcos_-_São_José_(788_m) -999.9 -999.9 1020.32 1018.63 1019.5 8.3 4.6 -999.9 Rio_Grande_do_Sul WU UTC_2026-09-23_05:09 0.0 -999.9
-28.966499 -51.046101 ISOMAR20 2026-09-23_02:14 -999.9 -999.9 -999.9 -999.9 -999.9 -999.9 -999.9 -999.9 -999.9 1019.3 -999.9 -999.9 -999.9 -999.9 -999.9 -999.9 0.0 0.0 0.0 115.8 119.9 139.7 -999.9 5.5 95.0 57.0 15.4 São_Marcos_-_São_José_(788_m) -999.9 -999.9 1020.32 1018.63 1019.3 8.3 4.6 -999.9 Rio_Grande_do_Sul WU UTC_2026-09-23_05:14 0.0 -999.9
-28.966499 -51.046101 ISOMAR20 2026-09-23_02:19 -999.9 -999.9 -999.9 -999.9 -999.9 -999.9 -999.9 -999.9 -999.9 1019.5 -999.9 -999.9 -999.9 -999.9 -999.9 -999.9 0.0 0.0 0.0 115.8 119.9 139.7 -999.9 5.5 95.0 57.0 15.4 São_Marcos_-_São_José_(788_m) -999.9 -999.9 1020.32 1018.63 1019.5 8.3 4.6 -999.9 Rio_Grande_do_Sul WU UTC_2026-09-23_05:19 0.0 -999.9
-28.966499 -51.046101 ISOMAR20 2026-09-23_02:24 -999.9 -999.9 -999.9 -999.9 -999.9 -999.9 -999.9 -999.9 -999.9 1019.5 -999.9 -999.9 -999.9 -999.9 -999.9 -999.9 0.0 0.0 0.0 115.8 119.9 139.7 -999.9 5.5 95.0 57.0 15.4 São_Marcos_-_São_José_(788_m) -999.9 -999.9 1020.32 1018.63 1019.5 8.3 4.6 -999.9 Rio_Grande_do_Sul WU UTC_2026-09-23_05:24 0.0 -999.9
-28.966499 -51.046101 ISOMAR20 2026-09-23_02:29 -999.9 -999.9 -999.9 -999.9 -999.9 -999.9 -999.9 -999.9 -999.9 1019.1 -999.9 -999.9 -999.9 -999.9 -999.9 -999.9 0.0 0.0 0.0 115.8 119.9 139.7 -999.9 5.5 95.0 57.0 15.4 São_Marcos_-_São_José_(788_m) -999.9 -999.9 1020.32 1018.63 1019.1 8.3 4.6 -999.9 Rio_Grande_do_Sul WU UTC_2026-09-23_05:29 0.0 -999.9
-28.966499 -51.046101 ISOMAR20 2026-09-23_02:34 -999.9 -999.9 -999.9 -999.9 -999.9 -999.9 -999.9 -999.9 -999.9 1019.1 -999.9 -999.9 -999.9 -999.9 -999.9 -999.9 0.0 0.0 0.0 115.8 119.9 139.7 -999.9 5.5 95.0 57.0 15.4 São_Marcos_-_São_José_(788_m) -999.9 -999.9 1020.32 1018.63 1019.1 8.3 4.6 -999.9 Rio_Grande_do_Sul WU UTC_2026-09-23_05:34 0.0 -999.9
-28.966499 -51.046101 ISOMAR20 2026-09-23_02:39 -999.9 -999.9 -999.9 -999.9 -999.9 -999.9 -999.9 -999.9 -999.9 1019.1 -999.9 -999.9 -999.9 -999.9 -999.9 -999.9 0.0 0.0 0.0 115.8 119.9 139.7 -999.9 5.5 95.0 57.0 15.4 São_Marcos_-_São_José_(788_m) -999.9 -999.9 1020.32 1018.63 1019.1 8.3 4.6 -999.9 Rio_Grande_do_Sul WU UTC_2026-09-23_05:39 0.0 -999.9
-28.966499 -51.046101 ISOMAR20 2026-09-23_02:44 -999.9 -999.9 -999.9 -999.9 -999.9 -999.9 -999.9 -999.9 -999.9 1019.1 -999.9 -999.9 -999.9 -999.9 -999.9 -999.9 0.0 0.0 0.0 115.8 119.9 139.7 -999.9 5.5 95.0 57.0 15.4 São_Marcos_-_São_José_(788_m) -999.9 -999.9 1020.32 1018.63 1019.1 8.3 4.6 -999.9 Rio_Grande_do_Sul WU UTC_2026-09-23_05:44 0.0 -999.9
-28.966499 -51.046101 ISOMAR20 2026-09-23_02:49 -999.9 -999.9 -999.9 -999.9 -999.9 -999.9 -999.9 -999.9 -999.9 1019.1 -999.9 -999.9 -999.9 -999.9 -999.9 -999.9 0.0 0.0 0.0 115.8 119.9 139.7 -999.9 5.5 95.0 57.0 15.4 São_Marcos_-_São_José_(788_m) -999.9 -999.9 1020.32 1018.63 1019.1 8.3 4.6 -999.9 Rio_Grande_do_Sul WU UTC_2026-09-23_05:49 0.0 -999.9
-28.966499 -51.046101 ISOMAR20 2026-09-23_02:54 -999.9 -999.9 -999.9 92.0 -999.9 -999.9 5.5 -999.9 -999.9 1019.1 -999.9 -999.9 1.4 42.0 3.5 -999.9 0.0 0.0 0.0 115.8 119.9 139.7 -999.9 5.5 95.0 57.0 15.4 São_Marcos_-_São_José_(788_m) -999.9 -999.9 1020.32 1018.63 1019.1 8.3 4.6 -999.9 Rio_Grande_do_Sul WU UTC_2026-09-23_05:54 0.0 -999.9
-28.966499 -51.046101 ISOMAR20 2026-09-23_02:59 -999.9 -999.9 -999.9 92.0 -999.9 -999.9 5.4 -999.9 -999.9 1019.1 -999.9 -999.9 0.4 45.0 1.1 -999.9 0.0 0.0 0.0 115.8 119.9 139.7 -999.9 5.5 95.0 57.0 15.4 São_Marcos_-_São_José_(788_m) -999.9 -999.9 1020.32 1018.63 1019.1 8.3 4.6 -999.9 Rio_Grande_do_Sul WU UTC_2026-09-23_05:59 0.0 -999.9
-28.966499 -51.046101 ISOMAR20 2026-09-23_03:04 -999.9 -999.9 -999.9 92.0 -999.9 -999.9 5.4 -999.9 -999.9 1019.1 -999.9 -999.9 0.4 33.0 2.6 -999.9 0.0 0.0 0.0 115.8 119.9 139.7 -999.9 5.5 95.0 57.0 15.4 São_Marcos_-_São_José_(788_m) -999.9 -999.9 1020.32 1018.63 1019.1 8.3 4.6 -999.9 Rio_Grande_do_Sul WU UTC_2026-09-23_06:04 0.0 -999.9
-28.966499 -51.046101 ISOMAR20 2026-09-23_03:09 -999.9 -999.9 -999.9 92.0 -999.9 -999.9 5.4 -999.9 -999.9 1019.0 -999.9 -999.9 1.1 45.0 3.5 -999.9 0.0 0.0 0.0 115.8 119.9 139.7 -999.9 5.5 95.0 57.0 15.4 São_Marcos_-_São_José_(788_m) -999.9 -999.9 1020.32 1018.63 1019.0 8.3 4.6 -999.9 Rio_Grande_do_Sul WU UTC_2026-09-23_06:09 0.0 -999.9
-28.966499 -51.046101 ISOMAR20 2026-09-23_03:14 -999.9 -999.9 -999.9 92.0 -999.9 -999.9 5.3 -999.9 -999.9 1019.1 -999.9 -999.9 0.2 45.0 1.1 -999.9 0.0 0.0 0.0 115.8 119.9 139.7 -999.9 5.5 95.0 57.0 15.4 São_Marcos_-_São_José_(788_m) -999.9 -999.9 1020.32 1018.63 1019.1 8.3 4.6 -999.9 Rio_Grande_do_Sul WU UTC_2026-09-23_06:14 0.0 -999.9
-28.966499 -51.046101 ISOMAR20 2026-09-23_03:19 -999.9 -999.9 -999.9 93.0 -999.9 -999.9 5.6 -999.9 -999.9 1019.1 -999.9 -999.9 0.8 23.0 3.5 -999.9 0.0 0.0 0.0 115.8 119.9 139.7 -999.9 5.5 95.0 57.0 15.4 São_Marcos_-_São_José_(788_m) -999.9 -999.9 1020.32 1018.63 1019.1 8.3 4.6 -999.9 Rio_Grande_do_Sul WU UTC_2026-09-23_06:19 0.0 -999.9
-28.966499 -51.046101 ISOMAR20 2026-09-23_03:24 -999.9 -999.9 -999.9 92.6 -999.9 -999.9 5.4 -999.9 -999.9 1019.1 -999.9 -999.9 1.8 49.0 3.5 -999.9 0.0 0.0 0.0 115.8 119.9 139.7 -999.9 5.5 95.0 57.0 15.4 São_Marcos_-_São_José_(788_m) -999.9 -999.9 1020.32 1018.63 1019.1 8.3 4.6 -999.9 Rio_Grande_do_Sul WU UTC_2026-09-23_06:24 0.0 -999.9
-28.966499 -51.046101 ISOMAR20 2026-09-23_03:29 -999.9 -999.9 -999.9 92.0 -999.9 -999.9 5.3 -999.9 -999.9 1019.0 -999.9 -999.9 0.3 45.0 2.6 -999.9 0.0 0.0 0.0 115.8 119.9 139.7 -999.9 5.5 95.0 57.0 15.4 São_Marcos_-_São_José_(788_m) -999.9 -999.9 1020.32 1018.63 1019.0 8.3 4.6 -999.9 Rio_Grande_do_Sul WU UTC_2026-09-23_06:29 0.0 -999.9
-28.966499 -51.046101 ISOMAR20 2026-09-23_03:34 -999.9 -999.9 -999.9 92.0 -999.9 -999.9 5.2 -999.9 -999.9 1019.1 -999.9 -999.9 2.5 35.0 4.7 -999.9 0.0 0.0 0.0 115.8 119.9 139.7 -999.9 5.5 95.0 57.0 15.4 São_Marcos_-_São_José_(788_m) -999.9 -999.9 1020.32 1018.63 1019.1 8.3 4.6 -999.9 Rio_Grande_do_Sul WU UTC_2026-09-23_06:34 0.0 -999.9
-28.966499 -51.046101 ISOMAR20 2026-09-23_03:39 -999.9 -999.9 -999.9 92.0 -999.9 -999.9 5.2 -999.9 -999.9 1019.1 -999.9 -999.9 3.6 29.0 7.2 -999.9 0.0 0.0 0.0 115.8 119.9 139.7 -999.9 5.5 95.0 57.0 15.4 São_Marcos_-_São_José_(788_m) -999.9 -999.9 1020.32 1018.63 1019.1 8.3 4.6 -999.9 Rio_Grande_do_Sul WU UTC_2026-09-23_06:39 0.0 -999.9
-28.966499 -51.046101 ISOMAR20 2026-09-23_03:44 -999.9 -999.9 -999.9 92.4 -999.9 -999.9 5.2 -999.9 -999.9 1019.1 -999.9 -999.9 1.8 23.0 4.7 -999.9 0.0 0.0 0.0 115.8 119.9 139.7 -999.9 5.5 95.0 57.0 15.4 São_Marcos_-_São_José_(788_m) -999.9 -999.9 1020.32 1018.63 1019.1 8.3 4.6 -999.9 Rio_Grande_do_Sul WU UTC_2026-09-23_06:44 0.0 -999.9
-28.966499 -51.046101 ISOMAR20 2026-09-23_03:49 -999.9 -999.9 -999.9 93.0 -999.9 -999.9 5.1 -999.9 -999.9 1019.0 -999.9 -999.9 0.7 43.0 3.5 -999.9 0.0 0.0 0.0 115.8 119.9 139.7 -999.9 5.5 95.0 57.0 15.4 São_Marcos_-_São_José_(788_m) -999.9 -999.9 1020.32 1018.63 1019.0 8.3 4.6 -999.9 Rio_Grande_do_Sul WU UTC_2026-09-23_06:49 0.0 -999.9
-28.966499 -51.046101 ISOMAR20 2026-09-23_03:54 -999.9 -999.9 -999.9 93.0 -999.9 -999.9 4.9 -999.9 -999.9 1019.1 -999.9 -999.9 1.2 32.0 3.5 -999.9 0.0 0.0 0.0 115.8 119.9 139.7 -999.9 5.5 95.0 57.0 15.4 São_Marcos_-_São_José_(788_m) -999.9 -999.9 1020.32 1018.63 1019.1 8.3 4.6 -999.9 Rio_Grande_do_Sul WU UTC_2026-09-23_06:54 0.0 -999.9
-28.966499 -51.046101 ISOMAR20 2026-09-23_03:59 -999.9 -999.9 -999.9 93.2 -999.9 -999.9 4.7 -999.9 -999.9 1019.0 -999.9 -999.9 0.4 45.0 2.6 -999.9 0.0 0.0 0.0 115.8 119.9 139.7 -999.9 5.5 95.0 57.0 15.4 São_Marcos_-_São_José_(788_m) -999.9 -999.9 1020.32 1018.63 1019.0 8.3 4.6 -999.9 Rio_Grande_do_Sul WU UTC_2026-09-23_06:59 0.0 -999.9
-28.966499 -51.046101 ISOMAR20 2026-09-23_04:04 -999.9 -999.9 -999.9 94.0 -999.9 -999.9 4.7 -999.9 -999.9 1018.8 -999.9 -999.9 0.4 26.0 2.6 -999.9 0.0 0.0 0.0 115.8 119.9 139.7 -999.9 5.5 95.0 57.0 15.4 São_Marcos_-_São_José_(788_m) -999.9 -999.9 1020.32 1018.63 1018.8 8.3 4.6 -999.9 Rio_Grande_do_Sul WU UTC_2026-09-23_07:04 0.0 -999.9
-28.966499 -51.046101 ISOMAR20 2026-09-23_04:09 -999.9 -999.9 -999.9 94.0 -999.9 -999.9 4.6 -999.9 -999.9 1018.8 -999.9 -999.9 1.4 356.0 3.5 -999.9 0.0 0.0 0.0 115.8 119.9 139.7 -999.9 5.5 95.0 57.0 15.4 São_Marcos_-_São_José_(788_m) -999.9 -999.9 1020.32 1018.63 1018.8 8.3 4.6 -999.9 Rio_Grande_do_Sul WU UTC_2026-09-23_07:09 0.0 -999.9
-28.966499 -51.046101 ISOMAR20 2026-09-23_04:14 -999.9 -999.9 -999.9 94.0 -999.9 -999.9 4.6 -999.9 -999.9 1018.8 -999.9 -999.9 1.4 45.0 2.6 -999.9 0.0 0.0 0.0 115.8 119.9 139.7 -999.9 5.5 95.0 57.0 15.4 São_Marcos_-_São_José_(788_m) -999.9 -999.9 1020.32 1018.63 1018.8 8.3 4.6 -999.9 Rio_Grande_do_Sul WU UTC_2026-09-23_07:14 0.0 -999.9
-28.966499 -51.046101 ISOMAR20 2026-09-23_04:19 -999.9 -999.9 -999.9 94.0 -999.9 -999.9 4.6 -999.9 -999.9 1018.8 -999.9 -999.9 1.4 45.0 2.6 -999.9 0.0 0.0 0.0 115.8 119.9 139.7 -999.9 5.5 95.0 57.0 15.4 São_Marcos_-_São_José_(788_m) -999.9 -999.9 1020.32 1018.63 1018.8 8.3 4.6 -999.9 Rio_Grande_do_Sul WU UTC_2026-09-23_07:19 0.0 -999.9
-28.966499 -51.046101 ISOMAR20 2026-09-23_04:24 -999.9 -999.9 -999.9 -999.9 -999.9 -999.9 -999.9 -999.9 -999.9 1018.8 -999.9 -999.9 -999.9 -999.9 -999.9 -999.9 0.0 0.0 0.0 115.8 119.9 139.7 -999.9 5.5 95.0 57.0 15.4 São_Marcos_-_São_José_(788_m) -999.9 -999.9 1020.32 1018.63 1018.8 8.3 4.6 -999.9 Rio_Grande_do_Sul WU UTC_2026-09-23_07:24 0.0 -999.9
-28.966499 -51.046101 ISOMAR20 2026-09-23_04:29 -999.9 -999.9 -999.9 -999.9 -999.9 -999.9 -999.9 -999.9 -999.9 1018.8 -999.9 -999.9 -999.9 -999.9 -999.9 -999.9 0.0 0.0 0.0 115.8 119.9 139.7 -999.9 5.5 95.0 57.0 15.4 São_Marcos_-_São_José_(788_m) -999.9 -999.9 1020.32 1018.63 1018.8 8.3 4.6 -999.9 Rio_Grande_do_Sul WU UTC_2026-09-23_07:29 0.0 -999.9
-28.966499 -51.046101 ISOMAR20 2026-09-23_04:34 -999.9 -999.9 -999.9 -999.9 -999.9 -999.9 -999.9 -999.9 -999.9 1018.8 -999.9 -999.9 -999.9 -999.9 -999.9 -999.9 0.0 0.0 0.0 115.8 119.9 139.7 -999.9 5.5 95.0 57.0 15.4 São_Marcos_-_São_José_(788_m) -999.9 -999.9 1020.32 1018.63 1018.8 8.3 4.6 -999.9 Rio_Grande_do_Sul WU UTC_2026-09-23_07:34 0.0 -999.9
-28.966499 -51.046101 ISOMAR20 2026-09-23_04:39 -999.9 -999.9 -999.9 -999.9 -999.9 -999.9 -999.9 -999.9 -999.9 1018.6 -999.9 -999.9 -999.9 -999.9 -999.9 -999.9 0.0 0.0 0.0 115.8 119.9 139.7 -999.9 5.5 95.0 57.0 15.4 São_Marcos_-_São_José_(788_m) -999.9 -999.9 1020.32 1018.63 1018.6 8.3 4.6 -999.9 Rio_Grande_do_Sul WU UTC_2026-09-23_07:39 0.0 -999.9
-28.966499 -51.046101 ISOMAR20 2026-09-23_04:44 -999.9 -999.9 -999.9 -999.9 -999.9 -999.9 -999.9 -999.9 -999.9 1018.8 -999.9 -999.9 -999.9 -999.9 -999.9 -999.9 0.0 0.0 0.0 115.8 119.9 139.7 -999.9 5.5 95.0 57.0 15.4 São_Marcos_-_São_José_(788_m) -999.9 -999.9 1020.32 1018.63 1018.8 8.3 4.6 -999.9 Rio_Grande_do_Sul WU UTC_2026-09-23_07:44 0.0 -999.9
-28.966499 -51.046101 ISOMAR20 2026-09-23_04:49 -999.9 -999.9 -999.9 -999.9 -999.9 -999.9 -999.9 -999.9 -999.9 1018.8 -999.9 -999.9 -999.9 -999.9 -999.9 -999.9 0.0 0.0 0.0 115.8 119.9 139.7 -999.9 5.5 95.0 57.0 15.4 São_Marcos_-_São_José_(788_m) -999.9 -999.9 1020.32 1018.63 1018.8 8.3 4.6 -999.9 Rio_Grande_do_Sul WU UTC_2026-09-23_07:49 0.0 -999.9
-28.966499 -51.046101 ISOMAR20 2026-09-23_04:54 -999.9 -999.9 -999.9 -999.9 -999.9 -999.9 -999.9 -999.9 -999.9 1018.8 -999.9 -999.9 -999.9 -999.9 -999.9 -999.9 0.0 0.0 0.0 115.8 119.9 139.7 -999.9 5.5 95.0 57.0 15.4 São_Marcos_-_São_José_(788_m) -999.9 -999.9 1020.32 1018.63 1018.8 8.3 4.6 -999.9 Rio_Grande_do_Sul WU UTC_2026-09-23_07:54 0.0 -999.9
-28.966499 -51.046101 ISOMAR20 2026-09-23_04:59 -999.9 -999.9 -999.9 -999.9 -999.9 -999.9 -999.9 -999.9 -999.9 1018.8 -999.9 -999.9 -999.9 -999.9 -999.9 -999.9 0.0 0.0 0.0 115.8 119.9 139.7 -999.9 5.5 95.0 57.0 15.4 São_Marcos_-_São_José_(788_m) -999.9 -999.9 1020.32 1018.63 1018.8 8.3 4.6 -999.9 Rio_Grande_do_Sul WU UTC_2026-09-23_07:59 0.0 -999.9
-28.966499 -51.046101 ISOMAR20 2026-09-23_05:04 -999.9 -999.9 -999.9 -999.9 -999.9 -999.9 -999.9 -999.9 -999.9 1019.1 -999.9 -999.9 -999.9 -999.9 -999.9 -999.9 0.0 0.0 0.0 115.8 119.9 139.7 -999.9 5.5 95.0 57.0 15.4 São_Marcos_-_São_José_(788_m) -999.9 -999.9 1020.32 1018.63 1019.1 8.3 4.6 -999.9 Rio_Grande_do_Sul WU UTC_2026-09-23_08:04 0.0 -999.9
-28.966499 -51.046101 ISOMAR20 2026-09-23_05:09 -999.9 -999.9 -999.9 -999.9 -999.9 -999.9 -999.9 -999.9 -999.9 1019.1 -999.9 -999.9 -999.9 -999.9 -999.9 -999.9 0.0 0.0 0.0 115.8 119.9 139.7 -999.9 5.5 95.0 57.0 15.4 São_Marcos_-_São_José_(788_m) -999.9 -999.9 1020.32 1018.63 1019.1 8.3 4.6 -999.9 Rio_Grande_do_Sul WU UTC_2026-09-23_08:09 0.0 -999.9
-28.966499 -51.046101 ISOMAR20 2026-09-23_05:14 -999.9 -999.9 -999.9 -999.9 -999.9 -999.9 -999.9 -999.9 -999.9 1019.1 -999.9 -999.9 -999.9 -999.9 -999.9 -999.9 0.0 0.0 0.0 115.8 119.9 139.7 -999.9 5.5 95.0 57.0 15.4 São_Marcos_-_São_José_(788_m) -999.9 -999.9 1020.32 1018.63 1019.1 8.3 4.6 -999.9 Rio_Grande_do_Sul WU UTC_2026-09-23_08:14 0.0 -999.9
-28.966499 -51.046101 ISOMAR20 2026-09-23_05:19 -999.9 -999.9 -999.9 -999.9 -999.9 -999.9 -999.9 -999.9 -999.9 1019.1 -999.9 -999.9 -999.9 -999.9 -999.9 -999.9 0.0 0.0 0.0 115.8 119.9 139.7 -999.9 5.5 95.0 57.0 15.4 São_Marcos_-_São_José_(788_m) -999.9 -999.9 1020.32 1018.63 1019.1 8.3 4.6 -999.9 Rio_Grande_do_Sul WU UTC_2026-09-23_08:19 0.0 -999.9
-28.966499 -51.046101 ISOMAR20 2026-09-23_05:24 -999.9 -999.9 -999.9 -999.9 -999.9 -999.9 -999.9 -999.9 -999.9 1019.0 -999.9 -999.9 -999.9 -999.9 -999.9 -999.9 0.0 0.0 0.0 115.8 119.9 139.7 -999.9 5.5 95.0 57.0 15.4 São_Marcos_-_São_José_(788_m) -999.9 -999.9 1020.32 1018.63 1019.0 8.3 4.6 -999.9 Rio_Grande_do_Sul WU UTC_2026-09-23_08:24 0.0 -999.9
-28.966499 -51.046101 ISOMAR20 2026-09-23_05:29 -999.9 -999.9 -999.9 -999.9 -999.9 -999.9 -999.9 -999.9 -999.9 1019.0 -999.9 -999.9 -999.9 -999.9 -999.9 -999.9 0.0 0.0 0.0 115.8 119.9 139.7 -999.9 5.5 95.0 57.0 15.4 São_Marcos_-_São_José_(788_m) -999.9 -999.9 1020.32 1018.63 1019.0 8.3 4.6 -999.9 Rio_Grande_do_Sul WU UTC_2026-09-23_08:29 0.0 -999.9
-28.966499 -51.046101 ISOMAR20 2026-09-23_05:34 -999.9 -999.9 -999.9 -999.9 -999.9 -999.9 -999.9 -999.9 -999.9 1019.1 -999.9 -999.9 -999.9 -999.9 -999.9 -999.9 0.0 0.0 0.0 115.8 119.9 139.7 -999.9 5.5 95.0 57.0 15.4 São_Marcos_-_São_José_(788_m) -999.9 -999.9 1020.32 1018.63 1019.1 8.3 4.6 -999.9 Rio_Grande_do_Sul WU UTC_2026-09-23_08:34 0.0 -999.9
-28.966499 -51.046101 ISOMAR20 2026-09-23_05:39 -999.9 -999.9 -999.9 -999.9 -999.9 -999.9 -999.9 -999.9 -999.9 1019.1 -999.9 -999.9 -999.9 -999.9 -999.9 -999.9 0.0 0.0 0.0 115.8 119.9 139.7 -999.9 5.5 95.0 57.0 15.4 São_Marcos_-_São_José_(788_m) -999.9 -999.9 1020.32 1018.63 1019.1 8.3 4.6 -999.9 Rio_Grande_do_Sul WU UTC_2026-09-23_08:39 0.0 -999.9
-28.966499 -51.046101 ISOMAR20 2026-09-23_05:44 -999.9 -999.9 -999.9 -999.9 -999.9 -999.9 -999.9 -999.9 -999.9 1019.1 -999.9 -999.9 -999.9 -999.9 -999.9 -999.9 0.0 0.0 0.0 115.8 119.9 139.7 -999.9 5.5 95.0 57.0 15.4 São_Marcos_-_São_José_(788_m) -999.9 -999.9 1020.32 1018.63 1019.1 8.3 4.6 -999.9 Rio_Grande_do_Sul WU UTC_2026-09-23_08:44 0.0 -999.9
-28.966499 -51.046101 ISOMAR20 2026-09-23_05:49 -999.9 -999.9 -999.9 -999.9 -999.9 -999.9 -999.9 -999.9 -999.9 1019.3 -999.9 -999.9 -999.9 -999.9 -999.9 -999.9 0.0 0.0 0.0 115.8 119.9 139.7 -999.9 5.5 95.0 57.0 15.4 São_Marcos_-_São_José_(788_m) -999.9 -999.9 1020.32 1018.63 1019.3 8.3 4.6 -999.9 Rio_Grande_do_Sul WU UTC_2026-09-23_08:49 0.0 -999.9
-28.966499 -51.046101 ISOMAR20 2026-09-23_05:54 -999.9 -999.9 -999.9 -999.9 -999.9 -999.9 -999.9 -999.9 -999.9 1019.1 -999.9 -999.9 -999.9 -999.9 -999.9 -999.9 0.0 0.0 0.0 115.8 119.9 139.7 -999.9 5.5 95.0 57.0 15.4 São_Marcos_-_São_José_(788_m) -999.9 -999.9 1020.32 1018.63 1019.1 8.3 4.6 -999.9 Rio_Grande_do_Sul WU UTC_2026-09-23_08:54 0.0 -999.9
-28.966499 -51.046101 ISOMAR20 2026-09-23_05:59 -999.9 -999.9 -999.9 -999.9 -999.9 -999.9 -999.9 -999.9 -999.9 1019.1 -999.9 -999.9 -999.9 -999.9 -999.9 -999.9 0.0 0.0 0.0 115.8 119.9 139.7 -999.9 5.5 95.0 57.0 15.4 São_Marcos_-_São_José_(788_m) -999.9 -999.9 1020.32 1018.63 1019.1 8.3 4.6 -999.9 Rio_Grande_do_Sul WU UTC_2026-09-23_08:59 0.0 -999.9
-28.966499 -51.046101 ISOMAR20 2026-09-23_06:04 -999.9 -999.9 -999.9 -999.9 -999.9 -999.9 -999.9 -999.9 -999.9 1019.0 -999.9 -999.9 -999.9 -999.9 -999.9 -999.9 0.0 0.0 0.0 115.8 119.9 139.7 -999.9 5.5 95.0 57.0 15.4 São_Marcos_-_São_José_(788_m) -999.9 -999.9 1020.32 1018.63 1019.0 8.3 4.6 -999.9 Rio_Grande_do_Sul WU UTC_2026-09-23_09:04 0.0 -999.9
-28.966499 -51.046101 ISOMAR20 2026-09-23_06:09 -999.9 -999.9 -999.9 -999.9 -999.9 -999.9 -999.9 -999.9 -999.9 1019.0 -999.9 -999.9 -999.9 -999.9 -999.9 -999.9 0.0 0.0 0.0 115.8 119.9 139.7 -999.9 5.5 95.0 57.0 15.4 São_Marcos_-_São_José_(788_m) -999.9 -999.9 1020.32 1018.63 1019.0 8.3 4.6 -999.9 Rio_Grande_do_Sul WU UTC_2026-09-23_09:09 0.0 -999.9
-28.966499 -51.046101 ISOMAR20 2026-09-23_06:14 -999.9 -999.9 -999.9 -999.9 -999.9 -999.9 -999.9 -999.9 -999.9 1019.0 -999.9 -999.9 -999.9 -999.9 -999.9 -999.9 0.0 0.0 0.0 115.8 119.9 139.7 -999.9 5.5 95.0 57.0 15.4 São_Marcos_-_São_José_(788_m) -999.9 -999.9 1020.32 1018.63 1019.0 8.3 4.6 -999.9 Rio_Grande_do_Sul WU UTC_2026-09-23_09:14 0.0 -999.9
-28.966499 -51.046101 ISOMAR20 2026-09-23_06:19 -999.9 -999.9 -999.9 -999.9 -999.9 -999.9 -999.9 -999.9 -999.9 1019.1 -999.9 -999.9 -999.9 -999.9 -999.9 -999.9 0.0 0.0 0.0 115.8 119.9 139.7 -999.9 5.5 95.0 57.0 15.4 São_Marcos_-_São_José_(788_m) -999.9 -999.9 1020.32 1018.63 1019.1 8.3 4.6 -999.9 Rio_Grande_do_Sul WU UTC_2026-09-23_09:19 0.0 -999.9
-28.966499 -51.046101 ISOMAR20 2026-09-23_06:24 -999.9 -999.9 -999.9 -999.9 -999.9 -999.9 -999.9 -999.9 -999.9 1019.1 -999.9 -999.9 -999.9 -999.9 -999.9 -999.9 0.0 0.0 0.0 115.8 119.9 139.7 -999.9 5.5 95.0 57.0 15.4 São_Marcos_-_São_José_(788_m) -999.9 -999.9 1020.32 1018.63 1019.1 8.3 4.6 -999.9 Rio_Grande_do_Sul WU UTC_2026-09-23_09:24 0.0 -999.9
-28.966499 -51.046101 ISOMAR20 2026-09-23_06:29 -999.9 -999.9 -999.9 -999.9 -999.9 -999.9 -999.9 -999.9 -999.9 1019.0 -999.9 -999.9 -999.9 -999.9 -999.9 -999.9 0.0 0.0 0.0 115.8 119.9 139.7 -999.9 5.5 95.0 57.0 15.4 São_Marcos_-_São_José_(788_m) -999.9 -999.9 1020.32 1018.63 1019.0 8.3 4.6 -999.9 Rio_Grande_do_Sul WU UTC_2026-09-23_09:29 0.0 -999.9
-28.966499 -51.046101 ISOMAR20 2026-09-23_06:34 -999.9 -999.9 -999.9 -999.9 -999.9 -999.9 -999.9 -999.9 -999.9 1019.0 -999.9 -999.9 -999.9 -999.9 -999.9 -999.9 0.0 0.0 0.0 115.8 119.9 139.7 -999.9 5.5 95.0 57.0 15.4 São_Marcos_-_São_José_(788_m) -999.9 -999.9 1020.32 1018.63 1019.0 8.3 4.6 -999.9 Rio_Grande_do_Sul WU UTC_2026-09-23_09:34 0.0 -999.9
-28.966499 -51.046101 ISOMAR20 2026-09-23_06:39 -999.9 -999.9 -999.9 -999.9 -999.9 -999.9 -999.9 -999.9 -999.9 1018.8 -999.9 -999.9 -999.9 -999.9 -999.9 -999.9 0.0 0.0 0.0 115.8 119.9 139.7 -999.9 5.5 95.0 57.0 15.4 São_Marcos_-_São_José_(788_m) -999.9 -999.9 1020.32 1018.63 1018.8 8.3 4.6 -999.9 Rio_Grande_do_Sul WU UTC_2026-09-23_09:39 0.0 -999.9
-28.966499 -51.046101 ISOMAR20 2026-09-23_06:44 -999.9 -999.9 -999.9 -999.9 -999.9 -999.9 -999.9 -999.9 -999.9 1018.8 -999.9 -999.9 -999.9 -999.9 -999.9 -999.9 0.0 0.0 0.0 115.8 119.9 139.7 -999.9 5.5 95.0 57.0 15.4 São_Marcos_-_São_José_(788_m) -999.9 -999.9 1020.32 1018.63 1018.8 8.3 4.6 -999.9 Rio_Grande_do_Sul WU UTC_2026-09-23_09:44 0.0 -999.9
-28.966499 -51.046101 ISOMAR20 2026-09-23_06:49 -999.9 -999.9 -999.9 -999.9 -999.9 -999.9 -999.9 -999.9 -999.9 1018.8 -999.9 -999.9 -999.9 -999.9 -999.9 -999.9 0.0 0.0 0.0 115.8 119.9 139.7 -999.9 5.5 95.0 57.0 15.4 São_Marcos_-_São_José_(788_m) -999.9 -999.9 1020.32 1018.63 1018.8 8.3 4.6 -999.9 Rio_Grande_do_Sul WU UTC_2026-09-23_09:49 0.0 -999.9
-28.966499 -51.046101 ISOMAR20 2026-09-23_06:54 -999.9 -999.9 -999.9 -999.9 -999.9 -999.9 -999.9 -999.9 -999.9 1019.1 -999.9 -999.9 -999.9 -999.9 -999.9 -999.9 0.0 0.0 0.0 115.8 119.9 139.7 -999.9 5.5 95.0 57.0 15.4 São_Marcos_-_São_José_(788_m) -999.9 -999.9 1020.32 1018.63 1019.1 8.3 4.6 -999.9 Rio_Grande_do_Sul WU UTC_2026-09-23_09:54 0.0 -999.9
-28.966499 -51.046101 ISOMAR20 2026-09-23_06:59 -999.9 -999.9 -999.9 -999.9 -999.9 -999.9 -999.9 -999.9 -999.9 1019.1 -999.9 -999.9 -999.9 -999.9 -999.9 -999.9 0.0 0.0 0.0 115.8 119.9 139.7 -999.9 5.5 95.0 57.0 15.4 São_Marcos_-_São_José_(788_m) -999.9 -999.9 1020.32 1018.63 1019.1 8.3 4.6 -999.9 Rio_Grande_do_Sul WU UTC_2026-09-23_09:59 0.0 -999.9
-28.966499 -51.046101 ISOMAR20 2026-09-23_07:04 -999.9 -999.9 -999.9 95.0 -999.9 -999.9 6.1 -999.9 -999.9 1019.0 -999.9 -999.9 0.0 248.0 0.0 -999.9 0.0 0.0 0.0 115.8 119.9 139.7 -999.9 5.5 95.0 57.0 15.4 São_Marcos_-_São_José_(788_m) -999.9 -999.9 1020.32 1018.63 1019.0 8.3 4.6 -999.9 Rio_Grande_do_Sul WU UTC_2026-09-23_10:04 0.0 -999.9
-28.966499 -51.046101 ISOMAR20 2026-09-23_07:09 -999.9 -999.9 -999.9 95.0 -999.9 -999.9 6.1 -999.9 -999.9 1019.1 -999.9 -999.9 0.0 248.0 0.0 -999.9 0.0 0.0 0.0 115.8 119.9 139.7 -999.9 5.5 95.0 57.0 15.4 São_Marcos_-_São_José_(788_m) -999.9 -999.9 1020.32 1018.63 1019.1 8.3 4.6 -999.9 Rio_Grande_do_Sul WU UTC_2026-09-23_10:09 0.0 -999.9
-28.966499 -51.046101 ISOMAR20 2026-09-23_07:14 -999.9 -999.9 -999.9 91.8 -999.9 -999.9 5.7 -999.9 -999.9 1019.0 -999.9 -999.9 1.7 335.0 4.7 -999.9 0.0 0.0 0.0 115.8 119.9 139.7 -999.9 5.5 95.0 57.0 15.4 São_Marcos_-_São_José_(788_m) -999.9 -999.9 1020.32 1018.63 1019.0 8.3 4.6 -999.9 Rio_Grande_do_Sul WU UTC_2026-09-23_10:14 0.0 -999.9
-28.966499 -51.046101 ISOMAR20 2026-09-23_07:19 -999.9 -999.9 -999.9 88.4 -999.9 -999.9 5.6 -999.9 -999.9 1019.0 -999.9 -999.9 4.8 217.0 8.2 -999.9 0.0 0.0 0.0 115.8 119.9 139.7 -999.9 5.5 95.0 57.0 15.4 São_Marcos_-_São_José_(788_m) -999.9 -999.9 1020.32 1018.63 1019.0 8.3 4.6 -999.9 Rio_Grande_do_Sul WU UTC_2026-09-23_10:19 0.0 -999.9
-28.966499 -51.046101 ISOMAR20 2026-09-23_07:24 -999.9 -999.9 -999.9 87.8 -999.9 -999.9 5.6 -999.9 -999.9 1019.0 -999.9 -999.9 5.4 304.0 9.3 -999.9 0.0 0.0 0.0 115.8 119.9 139.7 -999.9 5.5 95.0 57.0 15.4 São_Marcos_-_São_José_(788_m) -999.9 -999.9 1020.32 1018.63 1019.0 8.3 4.6 -999.9 Rio_Grande_do_Sul WU UTC_2026-09-23_10:24 0.0 -999.9
-28.966499 -51.046101 ISOMAR20 2026-09-23_07:29 -999.9 -999.9 -999.9 87.2 -999.9 -999.9 5.8 -999.9 -999.9 1019.0 -999.9 -999.9 4.4 326.0 9.3 -999.9 0.0 0.0 0.0 115.8 119.9 139.7 -999.9 5.5 95.0 57.0 15.4 São_Marcos_-_São_José_(788_m) -999.9 -999.9 1020.32 1018.63 1019.0 8.3 4.6 -999.9 Rio_Grande_do_Sul WU UTC_2026-09-23_10:29 0.0 -999.9
-28.966499 -51.046101 ISOMAR20 2026-09-23_07:34 -999.9 -999.9 -999.9 86.8 -999.9 -999.9 6.0 -999.9 -999.9 1019.1 -999.9 -999.9 4.1 327.0 8.2 -999.9 0.0 0.0 0.0 115.8 119.9 139.7 -999.9 5.5 95.0 57.0 15.4 São_Marcos_-_São_José_(788_m) -999.9 -999.9 1020.32 1018.63 1019.1 8.3 4.6 -999.9 Rio_Grande_do_Sul WU UTC_2026-09-23_10:34 0.0 -999.9
-28.966499 -51.046101 ISOMAR20 2026-09-23_07:39 -999.9 -999.9 -999.9 85.0 -999.9 -999.9 6.1 -999.9 -999.9 1018.8 -999.9 -999.9 5.1 29.0 10.8 -999.9 0.0 0.0 0.0 115.8 119.9 139.7 -999.9 5.5 95.0 57.0 15.4 São_Marcos_-_São_José_(788_m) -999.9 -999.9 1020.32 1018.63 1018.8 8.3 4.6 -999.9 Rio_Grande_do_Sul WU UTC_2026-09-23_10:39 0.0 -999.9
-28.966499 -51.046101 ISOMAR20 2026-09-23_07:44 -999.9 -999.9 -999.9 85.0 -999.9 -999.9 5.8 -999.9 -999.9 1018.8 -999.9 -999.9 6.1 336.0 8.2 -999.9 0.0 0.0 0.0 115.8 119.9 139.7 -999.9 5.5 95.0 57.0 15.4 São_Marcos_-_São_José_(788_m) -999.9 -999.9 1020.32 1018.63 1018.8 8.3 4.6 -999.9 Rio_Grande_do_Sul WU UTC_2026-09-23_10:44 0.0 -999.9
-28.966499 -51.046101 ISOMAR20 2026-09-23_07:49 -999.9 -999.9 -999.9 85.2 -999.9 -999.9 5.7 -999.9 -999.9 1018.8 -999.9 -999.9 7.2 171.0 13.0 -999.9 0.0 0.0 0.0 115.8 119.9 139.7 -999.9 5.5 95.0 57.0 15.4 São_Marcos_-_São_José_(788_m) -999.9 -999.9 1020.32 1018.63 1018.8 8.3 4.6 -999.9 Rio_Grande_do_Sul WU UTC_2026-09-23_10:49 0.0 -999.9
-28.966499 -51.046101 ISOMAR20 2026-09-23_07:54 -999.9 -999.9 -999.9 85.6 -999.9 -999.9 5.7 -999.9 -999.9 1019.0 -999.9 -999.9 5.2 315.0 11.9 -999.9 0.0 0.0 0.0 115.8 119.9 139.7 -999.9 5.5 95.0 57.0 15.4 São_Marcos_-_São_José_(788_m) -999.9 -999.9 1020.32 1018.63 1019.0 8.3 4.6 -999.9 Rio_Grande_do_Sul WU UTC_2026-09-23_10:54 0.0 -999.9
-28.966499 -51.046101 ISOMAR20 2026-09-23_07:59 -999.9 -999.9 -999.9 85.8 -999.9 -999.9 6.0 -999.9 -999.9 1019.0 -999.9 -999.9 4.9 300.0 11.9 -999.9 0.0 0.0 0.0 115.8 119.9 139.7 -999.9 5.5 95.0 57.0 15.4 São_Marcos_-_São_José_(788_m) -999.9 -999.9 1020.32 1018.63 1019.0 8.3 4.6 -999.9 Rio_Grande_do_Sul WU UTC_2026-09-23_10:59 0.0 -999.9
-28.966499 -51.046101 ISOMAR20 2026-09-23_08:04 -999.9 -999.9 -999.9 82.6 -999.9 -999.9 6.7 -999.9 -999.9 1019.0 -999.9 -999.9 2.3 312.0 4.7 -999.9 0.0 0.0 0.0 115.8 119.9 139.7 -999.9 5.5 95.0 57.0 15.4 São_Marcos_-_São_José_(788_m) -999.9 -999.9 1020.32 1018.63 1019.0 8.3 4.6 -999.9 Rio_Grande_do_Sul WU UTC_2026-09-23_11:04 0.0 -999.9
-28.966499 -51.046101 ISOMAR20 2026-09-23_08:09 -999.9 -999.9 -999.9 78.8 -999.9 -999.9 6.6 -999.9 -999.9 1018.8 -999.9 -999.9 5.0 4.0 9.3 -999.9 0.0 0.0 0.0 115.8 119.9 139.7 -999.9 5.5 95.0 57.0 15.4 São_Marcos_-_São_José_(788_m) -999.9 -999.9 1020.32 1018.63 1018.8 8.3 4.6 -999.9 Rio_Grande_do_Sul WU UTC_2026-09-23_11:09 0.0 -999.9
-28.966499 -51.046101 ISOMAR20 2026-09-23_08:14 -999.9 -999.9 -999.9 79.6 -999.9 -999.9 6.2 -999.9 -999.9 1019.1 -999.9 -999.9 5.6 26.0 11.9 -999.9 0.0 0.0 0.0 115.8 119.9 139.7 -999.9 5.5 95.0 57.0 15.4 São_Marcos_-_São_José_(788_m) -999.9 -999.9 1020.32 1018.63 1019.1 8.3 4.6 -999.9 Rio_Grande_do_Sul WU UTC_2026-09-23_11:14 0.0 -999.9
-28.966499 -51.046101 ISOMAR20 2026-09-23_08:19 -999.9 -999.9 -999.9 79.6 -999.9 -999.9 5.9 -999.9 -999.9 1019.3 -999.9 -999.9 8.1 259.0 15.4 -999.9 0.0 0.0 0.0 115.8 119.9 139.7 -999.9 5.5 95.0 57.0 15.4 São_Marcos_-_São_José_(788_m) -999.9 -999.9 1020.32 1018.63 1019.3 8.3 4.6 -999.9 Rio_Grande_do_Sul WU UTC_2026-09-23_11:19 0.0 -999.9
-28.966499 -51.046101 ISOMAR20 2026-09-23_08:24 -999.9 -999.9 -999.9 81.2 -999.9 -999.9 6.0 -999.9 -999.9 1019.5 -999.9 -999.9 5.5 2.0 11.9 -999.9 0.0 0.0 0.0 115.8 119.9 139.7 -999.9 5.5 95.0 57.0 15.4 São_Marcos_-_São_José_(788_m) -999.9 -999.9 1020.32 1018.63 1019.5 8.3 4.6 -999.9 Rio_Grande_do_Sul WU UTC_2026-09-23_11:24 0.0 -999.9
-28.966499 -51.046101 ISOMAR20 2026-09-23_08:29 -999.9 -999.9 -999.9 78.8 -999.9 -999.9 6.4 -999.9 -999.9 1019.3 -999.9 -999.9 4.1 4.0 8.2 -999.9 0.0 0.0 0.0 115.8 119.9 139.7 -999.9 5.5 95.0 57.0 15.4 São_Marcos_-_São_José_(788_m) -999.9 -999.9 1020.32 1018.63 1019.3 8.3 4.6 -999.9 Rio_Grande_do_Sul WU UTC_2026-09-23_11:29 0.0 -999.9
-28.966499 -51.046101 ISOMAR20 2026-09-23_08:34 -999.9 -999.9 -999.9 76.6 -999.9 -999.9 6.9 -999.9 -999.9 1019.5 -999.9 -999.9 3.6 342.0 9.3 -999.9 0.0 0.0 0.0 115.8 119.9 139.7 -999.9 5.5 95.0 57.0 15.4 São_Marcos_-_São_José_(788_m) -999.9 -999.9 1020.32 1018.63 1019.5 8.3 4.6 -999.9 Rio_Grande_do_Sul WU UTC_2026-09-23_11:34 0.0 -999.9
-28.966499 -51.046101 ISOMAR20 2026-09-23_08:39 -999.9 -999.9 -999.9 76.2 -999.9 -999.9 6.5 -999.9 -999.9 1019.6 -999.9 -999.9 5.9 44.0 10.8 -999.9 0.0 0.0 0.0 115.8 119.9 139.7 -999.9 5.5 95.0 57.0 15.4 São_Marcos_-_São_José_(788_m) -999.9 -999.9 1020.32 1018.63 1019.6 8.3 4.6 -999.9 Rio_Grande_do_Sul WU UTC_2026-09-23_11:39 0.0 -999.9
-28.966499 -51.046101 ISOMAR20 2026-09-23_08:44 -999.9 -999.9 -999.9 76.4 -999.9 -999.9 6.6 -999.9 -999.9 1019.8 -999.9 -999.9 3.4 25.0 9.3 -999.9 0.0 0.0 0.0 115.8 119.9 139.7 -999.9 5.5 95.0 57.0 15.4 São_Marcos_-_São_José_(788_m) -999.9 -999.9 1020.32 1018.63 1019.8 8.3 4.6 -999.9 Rio_Grande_do_Sul WU UTC_2026-09-23_11:44 0.0 -999.9
-28.966499 -51.046101 ISOMAR20 2026-09-23_08:49 -999.9 -999.9 -999.9 77.2 -999.9 -999.9 7.1 -999.9 -999.9 1020.2 -999.9 -999.9 1.7 12.0 4.7 -999.9 0.0 0.0 0.0 115.8 119.9 139.7 -999.9 5.5 95.0 57.0 15.4 São_Marcos_-_São_José_(788_m) -999.9 -999.9 1020.32 1018.63 1020.2 8.3 4.6 -999.9 Rio_Grande_do_Sul WU UTC_2026-09-23_11:49 0.0 -999.9
-28.966499 -51.046101 ISOMAR20 2026-09-23_08:54 -999.9 -999.9 -999.9 72.6 -999.9 -999.9 7.1 -999.9 -999.9 1020.2 -999.9 -999.9 2.2 345.0 4.7 -999.9 0.0 0.0 0.0 115.8 119.9 139.7 -999.9 5.5 95.0 57.0 15.4 São_Marcos_-_São_José_(788_m) -999.9 -999.9 1020.32 1018.63 1020.2 8.3 4.6 -999.9 Rio_Grande_do_Sul WU UTC_2026-09-23_11:54 0.0 -999.9
-28.966499 -51.046101 ISOMAR20 2026-09-23_08:59 -999.9 -999.9 -999.9 68.6 -999.9 -999.9 6.9 -999.9 -999.9 1020.2 -999.9 -999.9 4.2 24.0 8.2 -999.9 0.0 0.0 0.0 115.8 119.9 139.7 -999.9 5.5 95.0 57.0 15.4 São_Marcos_-_São_José_(788_m) -999.9 -999.9 1020.32 1018.63 1020.2 8.3 4.6 -999.9 Rio_Grande_do_Sul WU UTC_2026-09-23_11:59 0.0 -999.9
-28.966499 -51.046101 ISOMAR20 2026-09-23_09:04 -999.9 -999.9 -999.9 71.0 -999.9 -999.9 6.8 -999.9 -999.9 1020.2 -999.9 -999.9 4.5 350.0 8.2 -999.9 0.0 0.0 0.0 115.8 119.9 139.7 -999.9 5.5 95.0 57.0 15.4 São_Marcos_-_São_José_(788_m) -999.9 -999.9 1020.32 1018.63 1020.2 8.3 4.6 -999.9 Rio_Grande_do_Sul WU UTC_2026-09-23_12:04 0.0 -999.9
-28.966499 -51.046101 ISOMAR20 2026-09-23_09:09 -999.9 -999.9 -999.9 70.2 -999.9 -999.9 6.6 -999.9 -999.9 1020.2 -999.9 -999.9 5.9 277.0 9.3 -999.9 0.0 0.0 0.0 115.8 119.9 139.7 -999.9 5.5 95.0 57.0 15.4 São_Marcos_-_São_José_(788_m) -999.9 -999.9 1020.32 1018.63 1020.2 8.3 4.6 -999.9 Rio_Grande_do_Sul WU UTC_2026-09-23_12:09 0.0 -999.9
-28.966499 -51.046101 ISOMAR20 2026-09-23_09:14 -999.9 -999.9 -999.9 68.2 -999.9 -999.9 7.5 -999.9 -999.9 1020.0 -999.9 -999.9 2.9 19.0 6.1 -999.9 0.0 0.0 0.0 115.8 119.9 139.7 -999.9 5.5 95.0 57.0 15.4 São_Marcos_-_São_José_(788_m) -999.9 -999.9 1020.32 1018.63 1020.0 8.3 4.6 -999.9 Rio_Grande_do_Sul WU UTC_2026-09-23_12:14 0.0 -999.9
-28.966499 -51.046101 ISOMAR20 2026-09-23_09:19 -999.9 -999.9 -999.9 67.8 -999.9 -999.9 7.3 -999.9 -999.9 1020.0 -999.9 -999.9 3.1 45.0 7.2 -999.9 0.0 0.0 0.0 115.8 119.9 139.7 -999.9 5.5 95.0 57.0 15.4 São_Marcos_-_São_José_(788_m) -999.9 -999.9 1020.32 1018.63 1020.0 8.3 4.6 -999.9 Rio_Grande_do_Sul WU UTC_2026-09-23_12:19 0.0 -999.9
-28.966499 -51.046101 ISOMAR20 2026-09-23_09:24 -999.9 -999.9 -999.9 68.0 -999.9 -999.9 6.8 -999.9 -999.9 1019.8 -999.9 -999.9 4.2 295.0 8.2 -999.9 0.0 0.0 0.0 115.8 119.9 139.7 -999.9 5.5 95.0 57.0 15.4 São_Marcos_-_São_José_(788_m) -999.9 -999.9 1020.32 1018.63 1019.8 8.3 4.6 -999.9 Rio_Grande_do_Sul WU UTC_2026-09-23_12:24 0.0 -999.9
-28.966499 -51.046101 ISOMAR20 2026-09-23_09:29 -999.9 -999.9 -999.9 67.8 -999.9 -999.9 6.8 -999.9 -999.9 1019.8 -999.9 -999.9 5.3 148.0 11.9 -999.9 0.0 0.0 0.0 115.8 119.9 139.7 -999.9 5.5 95.0 57.0 15.4 São_Marcos_-_São_José_(788_m) -999.9 -999.9 1020.32 1018.63 1019.8 8.3 4.6 -999.9 Rio_Grande_do_Sul WU UTC_2026-09-23_12:29 0.0 -999.9
-28.966499 -51.046101 ISOMAR20 2026-09-23_09:34 -999.9 -999.9 -999.9 68.8 -999.9 -999.9 7.1 -999.9 -999.9 1020.0 -999.9 -999.9 2.2 16.0 8.2 -999.9 0.0 0.0 0.0 115.8 119.9 139.7 -999.9 5.5 95.0 57.0 15.4 São_Marcos_-_São_José_(788_m) -999.9 -999.9 1020.32 1018.63 1020.0 8.3 4.6 -999.9 Rio_Grande_do_Sul WU UTC_2026-09-23_12:34 0.0 -999.9
-28.966499 -51.046101 ISOMAR20 2026-09-23_09:39 -999.9 -999.9 -999.9 67.0 -999.9 -999.9 7.2 -999.9 -999.9 1020.0 -999.9 -999.9 3.8 356.0 9.3 -999.9 0.0 0.0 0.0 115.8 119.9 139.7 -999.9 5.5 95.0 57.0 15.4 São_Marcos_-_São_José_(788_m) -999.9 -999.9 1020.32 1018.63 1020.0 8.3 4.6 -999.9 Rio_Grande_do_Sul WU UTC_2026-09-23_12:39 0.0 -999.9
-28.966499 -51.046101 ISOMAR20 2026-09-23_09:44 -999.9 -999.9 -999.9 64.8 -999.9 -999.9 6.8 -999.9 -999.9 1020.2 -999.9 -999.9 4.4 351.0 7.2 -999.9 0.0 0.0 0.0 115.8 119.9 139.7 -999.9 5.5 95.0 57.0 15.4 São_Marcos_-_São_José_(788_m) -999.9 -999.9 1020.32 1018.63 1020.2 8.3 4.6 -999.9 Rio_Grande_do_Sul WU UTC_2026-09-23_12:44 0.0 -999.9
-28.966499 -51.046101 ISOMAR20 2026-09-23_09:49 -999.9 -999.9 -999.9 63.6 -999.9 -999.9 6.7 -999.9 -999.9 1020.2 -999.9 -999.9 3.2 5.0 7.2 -999.9 0.0 0.0 0.0 115.8 119.9 139.7 -999.9 5.5 95.0 57.0 15.4 São_Marcos_-_São_José_(788_m) -999.9 -999.9 1020.32 1018.63 1020.2 8.3 4.6 -999.9 Rio_Grande_do_Sul WU UTC_2026-09-23_12:49 0.0 -999.9
-28.966499 -51.046101 ISOMAR20 2026-09-23_09:54 -999.9 -999.9 -999.9 62.2 -999.9 -999.9 7.4 -999.9 -999.9 1020.0 -999.9 -999.9 1.7 76.0 3.5 -999.9 0.0 0.0 0.0 115.8 119.9 139.7 -999.9 5.5 95.0 57.0 15.4 São_Marcos_-_São_José_(788_m) -999.9 -999.9 1020.32 1018.63 1020.0 8.3 4.6 -999.9 Rio_Grande_do_Sul WU UTC_2026-09-23_12:54 0.0 -999.9
-28.966499 -51.046101 ISOMAR20 2026-09-23_09:59 -999.9 -999.9 -999.9 62.4 -999.9 -999.9 7.1 -999.9 -999.9 1020.0 -999.9 -999.9 5.2 324.0 10.8 -999.9 0.0 0.0 0.0 115.8 119.9 139.7 -999.9 5.5 95.0 57.0 15.4 São_Marcos_-_São_José_(788_m) -999.9 -999.9 1020.32 1018.63 1020.0 8.3 4.6 -999.9 Rio_Grande_do_Sul WU UTC_2026-09-23_12:59 0.0 -999.9
-28.966499 -51.046101 ISOMAR20 2026-09-23_10:04 -999.9 -999.9 -999.9 64.0 -999.9 -999.9 7.3 -999.9 -999.9 1020.2 -999.9 -999.9 2.8 241.0 7.2 -999.9 0.0 0.0 0.0 115.8 119.9 139.7 -999.9 5.5 95.0 57.0 15.4 São_Marcos_-_São_José_(788_m) -999.9 -999.9 1020.32 1018.63 1020.2 8.3 4.6 -999.9 Rio_Grande_do_Sul WU UTC_2026-09-23_13:04 0.0 -999.9
-28.966499 -51.046101 ISOMAR20 2026-09-23_10:09 -999.9 -999.9 -999.9 60.0 -999.9 -999.9 7.0 -999.9 -999.9 1020.2 -999.9 -999.9 2.0 58.0 4.7 -999.9 0.0 0.0 0.0 115.8 119.9 139.7 -999.9 5.5 95.0 57.0 15.4 São_Marcos_-_São_José_(788_m) -999.9 -999.9 1020.32 1018.63 1020.2 8.3 4.6 -999.9 Rio_Grande_do_Sul WU UTC_2026-09-23_13:09 0.0 -999.9
-28.966499 -51.046101 ISOMAR20 2026-09-23_10:17 -999.9 -999.9 -999.9 59.0 -999.9 -999.9 7.0 -999.9 -999.9 1020.3 -999.9 -999.9 2.1 23.0 2.6 -999.9 0.0 0.0 0.0 115.8 119.9 139.7 -999.9 5.5 95.0 57.0 15.4 São_Marcos_-_São_José_(788_m) -999.9 -999.9 1020.32 1018.63 1020.3 8.3 4.6 -999.9 Rio_Grande_do_Sul WU UTC_2026-09-23_13:17 0.0 -999.9
