-29.245399 -51.560001 IGARIB3 2026-09-22_00:04 13.0 -999.9 -999.9 98.0 -999.9 -999.9 12.6 -999.9 -999.9 1013.9 -999.9 -999.9 0.0 336 0.0 -999.9 0.0 0.0 134.5 135.8 161.8 161.8 13.1 8.6 98.0 98.0 11.1 Garibaldi_-_Sítio_Ongaratto_(607_m) -999.9 -999.9 1014.9 1013.55 1013.9 12.7 8.2 -999.9 Rio_Grande_do_Sul WU UTC_2026-09-22_03:04 0.0 -999.9
-29.245399 -51.560001 IGARIB3 2026-09-22_00:09 13.0 -999.9 -999.9 98.0 -999.9 -999.9 12.5 -999.9 -999.9 1013.9 -999.9 -999.9 0.0 336 0.0 -999.9 0.0 0.0 134.5 135.8 161.8 161.8 13.1 8.6 98.0 98.0 11.1 Garibaldi_-_Sítio_Ongaratto_(607_m) -999.9 -999.9 1014.9 1013.55 1013.9 12.7 8.2 -999.9 Rio_Grande_do_Sul WU UTC_2026-09-22_03:09 0.0 -999.9
-29.245399 -51.560001 IGARIB3 2026-09-22_00:14 12.9 -999.9 -999.9 98.0 -999.9 -999.9 12.5 -999.9 -999.9 1013.9 -999.9 -999.9 0.0 336 0.0 -999.9 0.0 0.0 134.5 135.8 161.8 161.8 13.1 8.6 98.0 98.0 11.1 Garibaldi_-_Sítio_Ongaratto_(607_m) -999.9 -999.9 1014.9 1013.55 1013.9 12.7 8.2 -999.9 Rio_Grande_do_Sul WU UTC_2026-09-22_03:14 0.0 -999.9
-29.245399 -51.560001 IGARIB3 2026-09-22_00:19 13.0 -999.9 -999.9 98.0 -999.9 -999.9 12.6 -999.9 -999.9 1013.9 -999.9 -999.9 0.0 336 0.0 -999.9 0.0 0.0 134.5 135.8 161.8 161.8 13.1 8.6 98.0 98.0 11.1 Garibaldi_-_Sítio_Ongaratto_(607_m) -999.9 -999.9 1014.9 1013.55 1013.9 12.7 8.2 -999.9 Rio_Grande_do_Sul WU UTC_2026-09-22_03:19 0.0 -999.9
-29.245399 -51.560001 IGARIB3 2026-09-22_00:24 13.0 -999.9 -999.9 98.0 -999.9 -999.9 12.6 -999.9 -999.9 1013.9 -999.9 -999.9 0.0 336 0.0 -999.9 0.0 0.0 134.5 135.8 161.8 161.8 13.1 8.6 98.0 98.0 11.1 Garibaldi_-_Sítio_Ongaratto_(607_m) -999.9 -999.9 1014.9 1013.55 1013.9 12.7 8.2 -999.9 Rio_Grande_do_Sul WU UTC_2026-09-22_03:24 0.0 -999.9
-29.245399 -51.560001 IGARIB3 2026-09-22_00:29 13.0 -999.9 -999.9 98.0 -999.9 -999.9 12.6 -999.9 -999.9 1014.0 -999.9 -999.9 0.0 336 0.0 -999.9 0.0 0.0 134.5 135.8 161.8 161.8 13.1 8.6 98.0 98.0 11.1 Garibaldi_-_Sítio_Ongaratto_(607_m) -999.9 -999.9 1014.9 1013.55 1014.0 12.7 8.2 -999.9 Rio_Grande_do_Sul WU UTC_2026-09-22_03:29 0.0 -999.9
-29.245399 -51.560001 IGARIB3 2026-09-22_00:34 13.0 -999.9 -999.9 98.0 -999.9 -999.9 12.6 -999.9 -999.9 1014.2 -999.9 -999.9 0.0 72 0.0 -999.9 0.0 0.0 134.5 135.8 161.8 161.8 13.1 8.6 98.0 98.0 11.1 Garibaldi_-_Sítio_Ongaratto_(607_m) -999.9 -999.9 1014.9 1013.55 1014.2 12.7 8.2 -999.9 Rio_Grande_do_Sul WU UTC_2026-09-22_03:34 0.0 -999.9
-29.245399 -51.560001 IGARIB3 2026-09-22_00:39 13.0 -999.9 -999.9 98.0 -999.9 -999.9 12.6 -999.9 -999.9 1014.0 -999.9 -999.9 0.3 72 3.2 -999.9 0.0 0.0 134.5 135.8 161.8 161.8 13.1 8.6 98.0 98.0 11.1 Garibaldi_-_Sítio_Ongaratto_(607_m) -999.9 -999.9 1014.9 1013.55 1014.0 12.7 8.2 -999.9 Rio_Grande_do_Sul WU UTC_2026-09-22_03:39 0.0 -999.9
-29.245399 -51.560001 IGARIB3 2026-09-22_00:44 13.0 -999.9 -999.9 98.0 -999.9 -999.9 12.6 -999.9 -999.9 1014.0 -999.9 -999.9 0.0 72 0.0 -999.9 0.0 0.0 134.5 135.8 161.8 161.8 13.1 8.6 98.0 98.0 11.1 Garibaldi_-_Sítio_Ongaratto_(607_m) -999.9 -999.9 1014.9 1013.55 1014.0 12.7 8.2 -999.9 Rio_Grande_do_Sul WU UTC_2026-09-22_03:44 0.0 -999.9
-29.245399 -51.560001 IGARIB3 2026-09-22_00:49 13.1 -999.9 -999.9 98.0 -999.9 -999.9 12.7 -999.9 -999.9 1014.0 -999.9 -999.9 0.1 72 2.1 -999.9 0.0 0.0 134.5 135.8 161.8 161.8 13.1 8.6 98.0 98.0 11.1 Garibaldi_-_Sítio_Ongaratto_(607_m) -999.9 -999.9 1014.9 1013.55 1014.0 12.7 8.2 -999.9 Rio_Grande_do_Sul WU UTC_2026-09-22_03:49 0.0 -999.9
-29.245399 -51.560001 IGARIB3 2026-09-22_00:54 13.0 -999.9 -999.9 98.0 -999.9 -999.9 12.6 -999.9 -999.9 1013.9 -999.9 -999.9 0.0 72 0.0 -999.9 0.0 0.0 134.5 135.8 161.8 161.8 13.1 8.6 98.0 98.0 11.1 Garibaldi_-_Sítio_Ongaratto_(607_m) -999.9 -999.9 1014.9 1013.55 1013.9 12.7 8.2 -999.9 Rio_Grande_do_Sul WU UTC_2026-09-22_03:54 0.0 -999.9
-29.245399 -51.560001 IGARIB3 2026-09-22_00:59 13.0 -999.9 -999.9 98.0 -999.9 -999.9 12.6 -999.9 -999.9 1014.0 -999.9 -999.9 0.0 72 0.0 -999.9 0.0 0.0 134.5 135.8 161.8 161.8 13.1 8.6 98.0 98.0 11.1 Garibaldi_-_Sítio_Ongaratto_(607_m) -999.9 -999.9 1014.9 1013.55 1014.0 12.7 8.2 -999.9 Rio_Grande_do_Sul WU UTC_2026-09-22_03:59 0.0 -999.9
-29.245399 -51.560001 IGARIB3 2026-09-22_01:04 13.0 -999.9 -999.9 98.0 -999.9 -999.9 12.6 -999.9 -999.9 1014.0 -999.9 -999.9 0.0 72 0.0 -999.9 0.0 0.0 134.5 135.8 161.8 161.8 13.1 8.6 98.0 98.0 11.1 Garibaldi_-_Sítio_Ongaratto_(607_m) -999.9 -999.9 1014.9 1013.55 1014.0 12.7 8.2 -999.9 Rio_Grande_do_Sul WU UTC_2026-09-22_04:04 0.0 -999.9
-29.245399 -51.560001 IGARIB3 2026-09-22_01:09 13.0 -999.9 -999.9 98.0 -999.9 -999.9 12.6 -999.9 -999.9 1013.9 -999.9 -999.9 0.0 72 0.0 -999.9 0.0 0.0 134.5 135.8 161.8 161.8 13.1 8.6 98.0 98.0 11.1 Garibaldi_-_Sítio_Ongaratto_(607_m) -999.9 -999.9 1014.9 1013.55 1013.9 12.7 8.2 -999.9 Rio_Grande_do_Sul WU UTC_2026-09-22_04:09 0.0 -999.9
-29.245399 -51.560001 IGARIB3 2026-09-22_01:14 13.0 -999.9 -999.9 98.0 -999.9 -999.9 12.5 -999.9 -999.9 1013.7 -999.9 -999.9 0.0 72 0.0 -999.9 0.0 0.0 134.5 135.8 161.8 161.8 13.1 8.6 98.0 98.0 11.1 Garibaldi_-_Sítio_Ongaratto_(607_m) -999.9 -999.9 1014.9 1013.55 1013.7 12.7 8.2 -999.9 Rio_Grande_do_Sul WU UTC_2026-09-22_04:14 0.0 -999.9
-29.245399 -51.560001 IGARIB3 2026-09-22_01:19 12.9 -999.9 -999.9 98.0 -999.9 -999.9 12.5 -999.9 -999.9 1013.7 -999.9 -999.9 0.0 72 0.0 -999.9 0.0 0.0 134.5 135.8 161.8 161.8 13.1 8.6 98.0 98.0 11.1 Garibaldi_-_Sítio_Ongaratto_(607_m) -999.9 -999.9 1014.9 1013.55 1013.7 12.7 8.2 -999.9 Rio_Grande_do_Sul WU UTC_2026-09-22_04:19 0.0 -999.9
-29.245399 -51.560001 IGARIB3 2026-09-22_01:24 12.9 -999.9 -999.9 98.0 -999.9 -999.9 12.5 -999.9 -999.9 1013.9 -999.9 -999.9 0.0 72 0.0 -999.9 0.0 0.0 134.5 135.8 161.8 161.8 13.1 8.6 98.0 98.0 11.1 Garibaldi_-_Sítio_Ongaratto_(607_m) -999.9 -999.9 1014.9 1013.55 1013.9 12.7 8.2 -999.9 Rio_Grande_do_Sul WU UTC_2026-09-22_04:24 0.0 -999.9
-29.245399 -51.560001 IGARIB3 2026-09-22_01:29 12.9 -999.9 -999.9 98.0 -999.9 -999.9 12.5 -999.9 -999.9 1013.9 -999.9 -999.9 0.0 72 0.0 -999.9 0.0 0.0 134.5 135.8 161.8 161.8 13.1 8.6 98.0 98.0 11.1 Garibaldi_-_Sítio_Ongaratto_(607_m) -999.9 -999.9 1014.9 1013.55 1013.9 12.7 8.2 -999.9 Rio_Grande_do_Sul WU UTC_2026-09-22_04:29 0.0 -999.9
-29.245399 -51.560001 IGARIB3 2026-09-22_01:34 12.9 -999.9 -999.9 98.0 -999.9 -999.9 12.5 -999.9 -999.9 1013.7 -999.9 -999.9 0.0 72 0.0 -999.9 0.0 0.0 134.5 135.8 161.8 161.8 13.1 8.6 98.0 98.0 11.1 Garibaldi_-_Sítio_Ongaratto_(607_m) -999.9 -999.9 1014.9 1013.55 1013.7 12.7 8.2 -999.9 Rio_Grande_do_Sul WU UTC_2026-09-22_04:34 0.0 -999.9
-29.245399 -51.560001 IGARIB3 2026-09-22_01:39 12.9 -999.9 -999.9 98.0 -999.9 -999.9 12.5 -999.9 -999.9 1013.7 -999.9 -999.9 0.0 72 0.0 -999.9 0.0 0.0 134.5 135.8 161.8 161.8 13.1 8.6 98.0 98.0 11.1 Garibaldi_-_Sítio_Ongaratto_(607_m) -999.9 -999.9 1014.9 1013.55 1013.7 12.7 8.2 -999.9 Rio_Grande_do_Sul WU UTC_2026-09-22_04:39 0.0 -999.9
-29.245399 -51.560001 IGARIB3 2026-09-22_01:44 12.8 -999.9 -999.9 98.0 -999.9 -999.9 12.4 -999.9 -999.9 1013.9 -999.9 -999.9 0.0 72 0.0 -999.9 0.0 0.0 134.5 135.8 161.8 161.8 13.1 8.6 98.0 98.0 11.1 Garibaldi_-_Sítio_Ongaratto_(607_m) -999.9 -999.9 1014.9 1013.55 1013.9 12.7 8.2 -999.9 Rio_Grande_do_Sul WU UTC_2026-09-22_04:44 0.0 -999.9
-29.245399 -51.560001 IGARIB3 2026-09-22_01:49 12.8 -999.9 -999.9 98.0 -999.9 -999.9 12.4 -999.9 -999.9 1013.9 -999.9 -999.9 0.0 72 0.0 -999.9 0.0 0.0 134.5 135.8 161.8 161.8 13.1 8.6 98.0 98.0 11.1 Garibaldi_-_Sítio_Ongaratto_(607_m) -999.9 -999.9 1014.9 1013.55 1013.9 12.7 8.2 -999.9 Rio_Grande_do_Sul WU UTC_2026-09-22_04:49 0.0 -999.9
-29.245399 -51.560001 IGARIB3 2026-09-22_01:54 12.8 -999.9 -999.9 98.0 -999.9 -999.9 12.4 -999.9 -999.9 1013.7 -999.9 -999.9 0.0 72 0.0 -999.9 0.0 0.0 134.5 135.8 161.8 161.8 13.1 8.6 98.0 98.0 11.1 Garibaldi_-_Sítio_Ongaratto_(607_m) -999.9 -999.9 1014.9 1013.55 1013.7 12.7 8.2 -999.9 Rio_Grande_do_Sul WU UTC_2026-09-22_04:54 0.0 -999.9
-29.245399 -51.560001 IGARIB3 2026-09-22_01:59 12.9 -999.9 -999.9 98.0 -999.9 -999.9 12.5 -999.9 -999.9 1013.7 -999.9 -999.9 0.0 72 0.0 -999.9 0.0 0.0 134.5 135.8 161.8 161.8 13.1 8.6 98.0 98.0 11.1 Garibaldi_-_Sítio_Ongaratto_(607_m) -999.9 -999.9 1014.9 1013.55 1013.7 12.7 8.2 -999.9 Rio_Grande_do_Sul WU UTC_2026-09-22_04:59 0.0 -999.9
-29.245399 -51.560001 IGARIB3 2026-09-22_02:04 12.8 -999.9 -999.9 98.0 -999.9 -999.9 12.4 -999.9 -999.9 1013.9 -999.9 -999.9 1.5 196 7.9 -999.9 0.0 0.0 134.5 135.8 161.8 161.8 13.1 8.6 98.0 98.0 11.1 Garibaldi_-_Sítio_Ongaratto_(607_m) -999.9 -999.9 1014.9 1013.55 1013.9 12.7 8.2 -999.9 Rio_Grande_do_Sul WU UTC_2026-09-22_05:04 0.0 -999.9
-29.245399 -51.560001 IGARIB3 2026-09-22_02:09 12.1 -999.9 -999.9 98.0 -999.9 -999.9 11.7 -999.9 -999.9 1013.9 -999.9 -999.9 3.9 238 8.5 -999.9 0.0 0.0 134.5 135.8 161.8 161.8 13.1 8.6 98.0 98.0 11.1 Garibaldi_-_Sítio_Ongaratto_(607_m) -999.9 -999.9 1014.9 1013.55 1013.9 12.7 8.2 -999.9 Rio_Grande_do_Sul WU UTC_2026-09-22_05:09 0.0 -999.9
-29.245399 -51.560001 IGARIB3 2026-09-22_02:14 11.7 -999.9 -999.9 98.0 -999.9 -999.9 11.3 -999.9 -999.9 1013.9 -999.9 -999.9 4.2 178 9.3 -999.9 0.0 0.0 134.5 135.8 161.8 161.8 13.1 8.6 98.0 98.0 11.1 Garibaldi_-_Sítio_Ongaratto_(607_m) -999.9 -999.9 1014.9 1013.55 1013.9 12.7 8.2 -999.9 Rio_Grande_do_Sul WU UTC_2026-09-22_05:14 0.0 -999.9
-29.245399 -51.560001 IGARIB3 2026-09-22_02:19 11.3 -999.9 -999.9 98.0 -999.9 -999.9 11.0 -999.9 -999.9 1013.9 -999.9 -999.9 2.7 184 7.9 -999.9 0.0 0.0 134.5 135.8 161.8 161.8 13.1 8.6 98.0 98.0 11.1 Garibaldi_-_Sítio_Ongaratto_(607_m) -999.9 -999.9 1014.9 1013.55 1013.9 12.7 8.2 -999.9 Rio_Grande_do_Sul WU UTC_2026-09-22_05:19 0.0 -999.9
-29.245399 -51.560001 IGARIB3 2026-09-22_02:24 11.1 -999.9 -999.9 98.0 -999.9 -999.9 10.7 -999.9 -999.9 1014.0 -999.9 -999.9 3.1 215 9.3 -999.9 0.0 0.0 134.5 135.8 161.8 161.8 13.1 8.6 98.0 98.0 11.1 Garibaldi_-_Sítio_Ongaratto_(607_m) -999.9 -999.9 1014.9 1013.55 1014.0 12.7 8.2 -999.9 Rio_Grande_do_Sul WU UTC_2026-09-22_05:24 0.0 -999.9
-29.245399 -51.560001 IGARIB3 2026-09-22_02:29 11.0 -999.9 -999.9 98.0 -999.9 -999.9 10.5 -999.9 -999.9 1014.2 -999.9 -999.9 2.7 191 6.8 -999.9 0.0 0.0 134.5 135.8 161.8 161.8 13.1 8.6 98.0 98.0 11.1 Garibaldi_-_Sítio_Ongaratto_(607_m) -999.9 -999.9 1014.9 1013.55 1014.2 12.7 8.2 -999.9 Rio_Grande_do_Sul WU UTC_2026-09-22_05:29 0.0 -999.9
-29.245399 -51.560001 IGARIB3 2026-09-22_02:34 10.8 -999.9 -999.9 98.0 -999.9 -999.9 10.4 -999.9 -999.9 1014.0 -999.9 -999.9 1.5 110 4.7 -999.9 0.0 0.0 134.5 135.8 161.8 161.8 13.1 8.6 98.0 98.0 11.1 Garibaldi_-_Sítio_Ongaratto_(607_m) -999.9 -999.9 1014.9 1013.55 1014.0 12.7 8.2 -999.9 Rio_Grande_do_Sul WU UTC_2026-09-22_05:34 0.0 -999.9
-29.245399 -51.560001 IGARIB3 2026-09-22_02:39 10.6 -999.9 -999.9 98.0 -999.9 -999.9 10.2 -999.9 -999.9 1014.0 -999.9 -999.9 3.1 220 11.1 -999.9 0.0 0.0 134.5 135.8 161.8 161.8 13.1 8.6 98.0 98.0 11.1 Garibaldi_-_Sítio_Ongaratto_(607_m) -999.9 -999.9 1014.9 1013.55 1014.0 12.7 8.2 -999.9 Rio_Grande_do_Sul WU UTC_2026-09-22_05:39 0.0 -999.9
-29.245399 -51.560001 IGARIB3 2026-09-22_02:44 10.5 -999.9 -999.9 98.0 -999.9 -999.9 10.2 -999.9 -999.9 1014.2 -999.9 -999.9 3.5 153 7.9 -999.9 0.0 0.0 134.5 135.8 161.8 161.8 13.1 8.6 98.0 98.0 11.1 Garibaldi_-_Sítio_Ongaratto_(607_m) -999.9 -999.9 1014.9 1013.55 1014.2 12.7 8.2 -999.9 Rio_Grande_do_Sul WU UTC_2026-09-22_05:44 0.0 -999.9
-29.245399 -51.560001 IGARIB3 2026-09-22_02:49 10.5 -999.9 -999.9 98.0 -999.9 -999.9 10.2 -999.9 -999.9 1014.4 -999.9 -999.9 3.3 236 10.0 -999.9 0.0 0.0 134.5 135.8 161.8 161.8 13.1 8.6 98.0 98.0 11.1 Garibaldi_-_Sítio_Ongaratto_(607_m) -999.9 -999.9 1014.9 1013.55 1014.4 12.7 8.2 -999.9 Rio_Grande_do_Sul WU UTC_2026-09-22_05:49 0.0 -999.9
-29.245399 -51.560001 IGARIB3 2026-09-22_02:54 10.4 -999.9 -999.9 98.0 -999.9 -999.9 10.1 -999.9 -999.9 1014.4 -999.9 -999.9 1.1 312 3.5 -999.9 0.0 0.0 134.5 135.8 161.8 161.8 13.1 8.6 98.0 98.0 11.1 Garibaldi_-_Sítio_Ongaratto_(607_m) -999.9 -999.9 1014.9 1013.55 1014.4 12.7 8.2 -999.9 Rio_Grande_do_Sul WU UTC_2026-09-22_05:54 0.0 -999.9
-29.245399 -51.560001 IGARIB3 2026-09-22_02:59 10.3 -999.9 -999.9 98.0 -999.9 -999.9 9.9 -999.9 -999.9 1014.2 -999.9 -999.9 0.8 199 4.2 -999.9 0.0 0.0 134.5 135.8 161.8 161.8 13.1 8.6 98.0 98.0 11.1 Garibaldi_-_Sítio_Ongaratto_(607_m) -999.9 -999.9 1014.9 1013.55 1014.2 12.7 8.2 -999.9 Rio_Grande_do_Sul WU UTC_2026-09-22_05:59 0.0 -999.9
-29.245399 -51.560001 IGARIB3 2026-09-22_03:04 10.2 -999.9 -999.9 98.0 -999.9 -999.9 9.8 -999.9 -999.9 1014.2 -999.9 -999.9 1.8 30 8.9 -999.9 0.0 0.0 134.5 135.8 161.8 161.8 13.1 8.6 98.0 98.0 11.1 Garibaldi_-_Sítio_Ongaratto_(607_m) -999.9 -999.9 1014.9 1013.55 1014.2 12.7 8.2 -999.9 Rio_Grande_do_Sul WU UTC_2026-09-22_06:04 0.0 -999.9
-29.245399 -51.560001 IGARIB3 2026-09-22_03:09 10.1 -999.9 -999.9 98.0 -999.9 -999.9 9.7 -999.9 -999.9 1014.4 -999.9 -999.9 2.3 351 3.9 -999.9 0.0 0.0 134.5 135.8 161.8 161.8 13.1 8.6 98.0 98.0 11.1 Garibaldi_-_Sítio_Ongaratto_(607_m) -999.9 -999.9 1014.9 1013.55 1014.4 12.7 8.2 -999.9 Rio_Grande_do_Sul WU UTC_2026-09-22_06:09 0.0 -999.9
-29.245399 -51.560001 IGARIB3 2026-09-22_03:14 10.1 -999.9 -999.9 98.0 -999.9 -999.9 9.7 -999.9 -999.9 1014.4 -999.9 -999.9 1.2 49 4.2 -999.9 0.0 0.0 134.5 135.8 161.8 161.8 13.1 8.6 98.0 98.0 11.1 Garibaldi_-_Sítio_Ongaratto_(607_m) -999.9 -999.9 1014.9 1013.55 1014.4 12.7 8.2 -999.9 Rio_Grande_do_Sul WU UTC_2026-09-22_06:14 0.0 -999.9
-29.245399 -51.560001 IGARIB3 2026-09-22_03:19 10.1 -999.9 -999.9 98.0 -999.9 -999.9 9.7 -999.9 -999.9 1014.4 -999.9 -999.9 1.4 273 5.6 -999.9 0.0 0.0 134.5 135.8 161.8 161.8 13.1 8.6 98.0 98.0 11.1 Garibaldi_-_Sítio_Ongaratto_(607_m) -999.9 -999.9 1014.9 1013.55 1014.4 12.7 8.2 -999.9 Rio_Grande_do_Sul WU UTC_2026-09-22_06:19 0.0 -999.9
-29.245399 -51.560001 IGARIB3 2026-09-22_03:24 9.9 -999.9 -999.9 98.0 -999.9 -999.9 9.5 -999.9 -999.9 1014.6 -999.9 -999.9 1.9 248 3.5 -999.9 0.0 0.0 134.5 135.8 161.8 161.8 13.1 8.6 98.0 98.0 11.1 Garibaldi_-_Sítio_Ongaratto_(607_m) -999.9 -999.9 1014.9 1013.55 1014.6 12.7 8.2 -999.9 Rio_Grande_do_Sul WU UTC_2026-09-22_06:24 0.0 -999.9
-29.245399 -51.560001 IGARIB3 2026-09-22_03:29 9.5 -999.9 -999.9 98.0 -999.9 -999.9 9.1 -999.9 -999.9 1014.6 -999.9 -999.9 1.6 220 4.2 -999.9 0.0 0.0 134.5 135.8 161.8 161.8 13.1 8.6 98.0 98.0 11.1 Garibaldi_-_Sítio_Ongaratto_(607_m) -999.9 -999.9 1014.9 1013.55 1014.6 12.7 8.2 -999.9 Rio_Grande_do_Sul WU UTC_2026-09-22_06:29 0.0 -999.9
-29.245399 -51.560001 IGARIB3 2026-09-22_03:34 9.2 -999.9 -999.9 98.0 -999.9 -999.9 8.8 -999.9 -999.9 1014.6 -999.9 -999.9 2.4 253 6.8 -999.9 0.0 0.0 134.5 135.8 161.8 161.8 13.1 8.6 98.0 98.0 11.1 Garibaldi_-_Sítio_Ongaratto_(607_m) -999.9 -999.9 1014.9 1013.55 1014.6 12.7 8.2 -999.9 Rio_Grande_do_Sul WU UTC_2026-09-22_06:34 0.0 -999.9
-29.245399 -51.560001 IGARIB3 2026-09-22_03:39 9.0 -999.9 -999.9 98.0 -999.9 -999.9 8.6 -999.9 -999.9 1014.6 -999.9 -999.9 2.2 302 3.9 -999.9 0.0 0.0 134.5 135.8 161.8 161.8 13.1 8.6 98.0 98.0 11.1 Garibaldi_-_Sítio_Ongaratto_(607_m) -999.9 -999.9 1014.9 1013.55 1014.6 12.7 8.2 -999.9 Rio_Grande_do_Sul WU UTC_2026-09-22_06:39 0.0 -999.9
-29.245399 -51.560001 IGARIB3 2026-09-22_03:44 8.8 -999.9 -999.9 98.0 -999.9 -999.9 8.5 -999.9 -999.9 1014.7 -999.9 -999.9 0.5 286 3.5 -999.9 0.0 0.0 134.5 135.8 161.8 161.8 13.1 8.6 98.0 98.0 11.1 Garibaldi_-_Sítio_Ongaratto_(607_m) -999.9 -999.9 1014.9 1013.55 1014.7 12.7 8.2 -999.9 Rio_Grande_do_Sul WU UTC_2026-09-22_06:44 0.0 -999.9
-29.245399 -51.560001 IGARIB3 2026-09-22_03:49 8.6 -999.9 -999.9 98.0 -999.9 -999.9 8.2 -999.9 -999.9 1014.9 -999.9 -999.9 0.3 288 2.7 -999.9 0.0 0.0 134.5 135.8 161.8 161.8 13.1 8.6 98.0 98.0 11.1 Garibaldi_-_Sítio_Ongaratto_(607_m) -999.9 -999.9 1014.9 1013.55 1014.9 12.7 8.2 -999.9 Rio_Grande_do_Sul WU UTC_2026-09-22_06:49 0.0 -999.9
-29.245399 -51.560001 IGARIB3 2026-09-22_03:57 8.6 -999.9 -999.9 98.0 -999.9 -999.9 8.2 -999.9 -999.9 1014.6 -999.9 -999.9 0.0 258 0.0 -999.9 0.0 0.0 134.5 135.8 161.8 161.8 13.1 8.6 98.0 98.0 11.1 Garibaldi_-_Sítio_Ongaratto_(607_m) -999.9 -999.9 1014.9 1013.55 1014.6 12.7 8.2 -999.9 Rio_Grande_do_Sul WU UTC_2026-09-22_06:57 0.0 -999.9
