-29.265699 -51.528301 IGARIB14 2026-09-23_00:04 -999.9 -999.9 -999.9 89.5 -999.9 -999.9 5.2 -999.9 -999.9 1019.5 -999.9 -999.9 1.7 72 3.5 -999.9 0.0 0.0 0.0 106.2 107.7 131.6 -999.9 4.8 98.0 72.0 11.9 Garibaldi_-_Alfândega_(670_m) -999.9 -999.9 1019.98 1017.27 1019.5 8.0 4.1 405.2 Rio_Grande_do_Sul WU UTC_2026-09-23_03:04 0.0 -999.9
-29.265699 -51.528301 IGARIB14 2026-09-23_00:09 -999.9 -999.9 -999.9 89.0 -999.9 -999.9 5.1 -999.9 -999.9 1019.3 -999.9 -999.9 2.3 153 3.5 -999.9 0.0 0.0 0.0 106.2 107.7 131.6 -999.9 4.8 98.0 72.0 11.9 Garibaldi_-_Alfândega_(670_m) -999.9 -999.9 1019.98 1017.27 1019.3 8.0 4.1 405.2 Rio_Grande_do_Sul WU UTC_2026-09-23_03:09 0.0 -999.9
-29.265699 -51.528301 IGARIB14 2026-09-23_00:14 -999.9 -999.9 -999.9 89.0 -999.9 -999.9 5.1 -999.9 -999.9 1019.5 -999.9 -999.9 2.5 205 7.2 -999.9 0.0 0.0 0.0 106.2 107.7 131.6 -999.9 4.8 98.0 72.0 11.9 Garibaldi_-_Alfândega_(670_m) -999.9 -999.9 1019.98 1017.27 1019.5 8.0 4.1 405.2 Rio_Grande_do_Sul WU UTC_2026-09-23_03:14 0.0 -999.9
-29.265699 -51.528301 IGARIB14 2026-09-23_00:19 -999.9 -999.9 -999.9 89.0 -999.9 -999.9 5.1 -999.9 -999.9 1019.5 -999.9 -999.9 2.5 118 4.7 -999.9 0.0 0.0 0.0 106.2 107.7 131.6 -999.9 4.8 98.0 72.0 11.9 Garibaldi_-_Alfândega_(670_m) -999.9 -999.9 1019.98 1017.27 1019.5 8.0 4.1 405.2 Rio_Grande_do_Sul WU UTC_2026-09-23_03:19 0.0 -999.9
-29.265699 -51.528301 IGARIB14 2026-09-23_00:24 -999.9 -999.9 -999.9 89.0 -999.9 -999.9 5.1 -999.9 -999.9 1019.3 -999.9 -999.9 2.2 73 4.7 -999.9 0.0 0.0 0.0 106.2 107.7 131.6 -999.9 4.8 98.0 72.0 11.9 Garibaldi_-_Alfândega_(670_m) -999.9 -999.9 1019.98 1017.27 1019.3 8.0 4.1 405.2 Rio_Grande_do_Sul WU UTC_2026-09-23_03:24 0.0 -999.9
-29.265699 -51.528301 IGARIB14 2026-09-23_00:29 -999.9 -999.9 -999.9 89.0 -999.9 -999.9 5.0 -999.9 -999.9 1019.5 -999.9 -999.9 2.3 169 6.1 -999.9 0.0 0.0 0.0 106.2 107.7 131.6 -999.9 4.8 98.0 72.0 11.9 Garibaldi_-_Alfândega_(670_m) -999.9 -999.9 1019.98 1017.27 1019.5 8.0 4.1 405.2 Rio_Grande_do_Sul WU UTC_2026-09-23_03:29 0.0 -999.9
-29.265699 -51.528301 IGARIB14 2026-09-23_00:34 -999.9 -999.9 -999.9 89.0 -999.9 -999.9 5.0 -999.9 -999.9 1019.3 -999.9 -999.9 1.8 184 2.6 -999.9 0.0 0.0 0.0 106.2 107.7 131.6 -999.9 4.8 98.0 72.0 11.9 Garibaldi_-_Alfândega_(670_m) -999.9 -999.9 1019.98 1017.27 1019.3 8.0 4.1 405.2 Rio_Grande_do_Sul WU UTC_2026-09-23_03:34 0.0 -999.9
-29.265699 -51.528301 IGARIB14 2026-09-23_00:39 -999.9 -999.9 -999.9 89.0 -999.9 -999.9 4.9 -999.9 -999.9 1019.5 -999.9 -999.9 3.2 196 7.2 -999.9 0.0 0.0 0.0 106.2 107.7 131.6 -999.9 4.8 98.0 72.0 11.9 Garibaldi_-_Alfândega_(670_m) -999.9 -999.9 1019.98 1017.27 1019.5 8.0 4.1 405.2 Rio_Grande_do_Sul WU UTC_2026-09-23_03:39 0.0 -999.9
-29.265699 -51.528301 IGARIB14 2026-09-23_00:44 -999.9 -999.9 -999.9 89.0 -999.9 -999.9 4.9 -999.9 -999.9 1019.3 -999.9 -999.9 3.2 145 7.2 -999.9 0.0 0.0 0.0 106.2 107.7 131.6 -999.9 4.8 98.0 72.0 11.9 Garibaldi_-_Alfândega_(670_m) -999.9 -999.9 1019.98 1017.27 1019.3 8.0 4.1 405.2 Rio_Grande_do_Sul WU UTC_2026-09-23_03:44 0.0 -999.9
-29.265699 -51.528301 IGARIB14 2026-09-23_00:49 -999.9 -999.9 -999.9 89.0 -999.9 -999.9 5.0 -999.9 -999.9 1019.1 -999.9 -999.9 2.6 126 8.2 -999.9 0.0 0.0 0.0 106.2 107.7 131.6 -999.9 4.8 98.0 72.0 11.9 Garibaldi_-_Alfândega_(670_m) -999.9 -999.9 1019.98 1017.27 1019.1 8.0 4.1 405.2 Rio_Grande_do_Sul WU UTC_2026-09-23_03:49 0.0 -999.9
-29.265699 -51.528301 IGARIB14 2026-09-23_00:54 -999.9 -999.9 -999.9 89.0 -999.9 -999.9 4.9 -999.9 -999.9 1019.1 -999.9 -999.9 3.0 176 6.1 -999.9 0.0 0.0 0.0 106.2 107.7 131.6 -999.9 4.8 98.0 72.0 11.9 Garibaldi_-_Alfândega_(670_m) -999.9 -999.9 1019.98 1017.27 1019.1 8.0 4.1 405.2 Rio_Grande_do_Sul WU UTC_2026-09-23_03:54 0.0 -999.9
-29.265699 -51.528301 IGARIB14 2026-09-23_00:59 -999.9 -999.9 -999.9 89.0 -999.9 -999.9 4.9 -999.9 -999.9 1019.1 -999.9 -999.9 3.4 84 7.2 -999.9 0.0 0.0 0.0 106.2 107.7 131.6 -999.9 4.8 98.0 72.0 11.9 Garibaldi_-_Alfândega_(670_m) -999.9 -999.9 1019.98 1017.27 1019.1 8.0 4.1 405.2 Rio_Grande_do_Sul WU UTC_2026-09-23_03:59 0.0 -999.9
-29.265699 -51.528301 IGARIB14 2026-09-23_01:04 -999.9 -999.9 -999.9 89.0 -999.9 -999.9 4.8 -999.9 -999.9 1019.0 -999.9 -999.9 4.1 82 8.2 -999.9 0.0 0.0 0.0 106.2 107.7 131.6 -999.9 4.8 98.0 72.0 11.9 Garibaldi_-_Alfândega_(670_m) -999.9 -999.9 1019.98 1017.27 1019.0 8.0 4.1 405.2 Rio_Grande_do_Sul WU UTC_2026-09-23_04:04 0.0 -999.9
-29.265699 -51.528301 IGARIB14 2026-09-23_01:09 -999.9 -999.9 -999.9 89.2 -999.9 -999.9 4.9 -999.9 -999.9 1019.0 -999.9 -999.9 2.6 178 6.1 -999.9 0.0 0.0 0.0 106.2 107.7 131.6 -999.9 4.8 98.0 72.0 11.9 Garibaldi_-_Alfândega_(670_m) -999.9 -999.9 1019.98 1017.27 1019.0 8.0 4.1 405.2 Rio_Grande_do_Sul WU UTC_2026-09-23_04:09 0.0 -999.9
-29.265699 -51.528301 IGARIB14 2026-09-23_01:14 -999.9 -999.9 -999.9 90.0 -999.9 -999.9 4.9 -999.9 -999.9 1019.0 -999.9 -999.9 3.3 91 6.1 -999.9 0.0 0.0 0.0 106.2 107.7 131.6 -999.9 4.8 98.0 72.0 11.9 Garibaldi_-_Alfândega_(670_m) -999.9 -999.9 1019.98 1017.27 1019.0 8.0 4.1 405.2 Rio_Grande_do_Sul WU UTC_2026-09-23_04:14 0.0 -999.9
-29.265699 -51.528301 IGARIB14 2026-09-23_01:19 -999.9 -999.9 -999.9 90.0 -999.9 -999.9 4.9 -999.9 -999.9 1018.8 -999.9 -999.9 3.1 254 8.2 -999.9 0.0 0.0 0.0 106.2 107.7 131.6 -999.9 4.8 98.0 72.0 11.9 Garibaldi_-_Alfândega_(670_m) -999.9 -999.9 1019.98 1017.27 1018.8 8.0 4.1 405.2 Rio_Grande_do_Sul WU UTC_2026-09-23_04:19 0.0 -999.9
-29.265699 -51.528301 IGARIB14 2026-09-23_01:24 -999.9 -999.9 -999.9 90.4 -999.9 -999.9 5.0 -999.9 -999.9 1018.8 -999.9 -999.9 3.4 196 6.1 -999.9 0.0 0.0 0.0 106.2 107.7 131.6 -999.9 4.8 98.0 72.0 11.9 Garibaldi_-_Alfândega_(670_m) -999.9 -999.9 1019.98 1017.27 1018.8 8.0 4.1 405.2 Rio_Grande_do_Sul WU UTC_2026-09-23_04:24 0.0 -999.9
-29.265699 -51.528301 IGARIB14 2026-09-23_01:29 -999.9 -999.9 -999.9 91.0 -999.9 -999.9 5.0 -999.9 -999.9 1018.8 -999.9 -999.9 3.0 186 4.7 -999.9 0.0 0.0 0.0 106.2 107.7 131.6 -999.9 4.8 98.0 72.0 11.9 Garibaldi_-_Alfândega_(670_m) -999.9 -999.9 1019.98 1017.27 1018.8 8.0 4.1 405.2 Rio_Grande_do_Sul WU UTC_2026-09-23_04:29 0.0 -999.9
-29.265699 -51.528301 IGARIB14 2026-09-23_01:34 -999.9 -999.9 -999.9 91.0 -999.9 -999.9 4.9 -999.9 -999.9 1018.6 -999.9 -999.9 3.3 80 9.3 -999.9 0.0 0.0 0.0 106.2 107.7 131.6 -999.9 4.8 98.0 72.0 11.9 Garibaldi_-_Alfândega_(670_m) -999.9 -999.9 1019.98 1017.27 1018.6 8.0 4.1 405.2 Rio_Grande_do_Sul WU UTC_2026-09-23_04:34 0.0 -999.9
-29.265699 -51.528301 IGARIB14 2026-09-23_01:39 -999.9 -999.9 -999.9 91.5 -999.9 -999.9 5.0 -999.9 -999.9 1018.5 -999.9 -999.9 1.2 224 3.5 -999.9 0.0 0.0 0.0 106.2 107.7 131.6 -999.9 4.8 98.0 72.0 11.9 Garibaldi_-_Alfândega_(670_m) -999.9 -999.9 1019.98 1017.27 1018.5 8.0 4.1 405.2 Rio_Grande_do_Sul WU UTC_2026-09-23_04:39 0.0 -999.9
-29.265699 -51.528301 IGARIB14 2026-09-23_01:44 -999.9 -999.9 -999.9 92.0 -999.9 -999.9 4.9 -999.9 -999.9 1018.8 -999.9 -999.9 2.4 168 4.7 -999.9 0.0 0.0 0.0 106.2 107.7 131.6 -999.9 4.8 98.0 72.0 11.9 Garibaldi_-_Alfândega_(670_m) -999.9 -999.9 1019.98 1017.27 1018.8 8.0 4.1 405.2 Rio_Grande_do_Sul WU UTC_2026-09-23_04:44 0.0 -999.9
-29.265699 -51.528301 IGARIB14 2026-09-23_01:49 -999.9 -999.9 -999.9 92.0 -999.9 -999.9 4.9 -999.9 -999.9 1018.6 -999.9 -999.9 2.9 141 6.1 -999.9 0.0 0.0 0.0 106.2 107.7 131.6 -999.9 4.8 98.0 72.0 11.9 Garibaldi_-_Alfândega_(670_m) -999.9 -999.9 1019.98 1017.27 1018.6 8.0 4.1 405.2 Rio_Grande_do_Sul WU UTC_2026-09-23_04:49 0.0 -999.9
-29.265699 -51.528301 IGARIB14 2026-09-23_01:54 -999.9 -999.9 -999.9 92.8 -999.9 -999.9 4.9 -999.9 -999.9 1018.5 -999.9 -999.9 2.2 158 3.5 -999.9 0.0 0.0 0.0 106.2 107.7 131.6 -999.9 4.8 98.0 72.0 11.9 Garibaldi_-_Alfândega_(670_m) -999.9 -999.9 1019.98 1017.27 1018.5 8.0 4.1 405.2 Rio_Grande_do_Sul WU UTC_2026-09-23_04:54 0.0 -999.9
-29.265699 -51.528301 IGARIB14 2026-09-23_01:59 -999.9 -999.9 -999.9 93.0 -999.9 -999.9 4.9 -999.9 -999.9 1018.6 -999.9 -999.9 2.4 167 7.2 -999.9 0.0 0.0 0.0 106.2 107.7 131.6 -999.9 4.8 98.0 72.0 11.9 Garibaldi_-_Alfândega_(670_m) -999.9 -999.9 1019.98 1017.27 1018.6 8.0 4.1 405.2 Rio_Grande_do_Sul WU UTC_2026-09-23_04:59 0.0 -999.9
-29.265699 -51.528301 IGARIB14 2026-09-23_02:04 -999.9 -999.9 -999.9 93.2 -999.9 -999.9 4.9 -999.9 -999.9 1018.6 -999.9 -999.9 2.7 150 8.2 -999.9 0.0 0.0 0.0 106.2 107.7 131.6 -999.9 4.8 98.0 72.0 11.9 Garibaldi_-_Alfândega_(670_m) -999.9 -999.9 1019.98 1017.27 1018.6 8.0 4.1 405.2 Rio_Grande_do_Sul WU UTC_2026-09-23_05:04 0.0 -999.9
-29.265699 -51.528301 IGARIB14 2026-09-23_02:09 -999.9 -999.9 -999.9 94.0 -999.9 -999.9 5.0 -999.9 -999.9 1018.6 -999.9 -999.9 2.2 186 6.1 -999.9 0.0 0.0 0.0 106.2 107.7 131.6 -999.9 4.8 98.0 72.0 11.9 Garibaldi_-_Alfândega_(670_m) -999.9 -999.9 1019.98 1017.27 1018.6 8.0 4.1 405.2 Rio_Grande_do_Sul WU UTC_2026-09-23_05:09 0.0 -999.9
-29.265699 -51.528301 IGARIB14 2026-09-23_02:14 -999.9 -999.9 -999.9 94.0 -999.9 -999.9 5.0 -999.9 -999.9 1018.8 -999.9 -999.9 2.6 193 4.7 -999.9 0.0 0.0 0.0 106.2 107.7 131.6 -999.9 4.8 98.0 72.0 11.9 Garibaldi_-_Alfândega_(670_m) -999.9 -999.9 1019.98 1017.27 1018.8 8.0 4.1 405.2 Rio_Grande_do_Sul WU UTC_2026-09-23_05:14 0.0 -999.9
-29.265699 -51.528301 IGARIB14 2026-09-23_02:19 -999.9 -999.9 -999.9 94.0 -999.9 -999.9 5.0 -999.9 -999.9 1018.6 -999.9 -999.9 2.6 128 6.1 -999.9 0.0 0.0 0.0 106.2 107.7 131.6 -999.9 4.8 98.0 72.0 11.9 Garibaldi_-_Alfândega_(670_m) -999.9 -999.9 1019.98 1017.27 1018.6 8.0 4.1 405.2 Rio_Grande_do_Sul WU UTC_2026-09-23_05:19 0.0 -999.9
-29.265699 -51.528301 IGARIB14 2026-09-23_02:24 -999.9 -999.9 -999.9 94.0 -999.9 -999.9 4.9 -999.9 -999.9 1018.6 -999.9 -999.9 3.7 224 7.2 -999.9 0.0 0.0 0.0 106.2 107.7 131.6 -999.9 4.8 98.0 72.0 11.9 Garibaldi_-_Alfândega_(670_m) -999.9 -999.9 1019.98 1017.27 1018.6 8.0 4.1 405.2 Rio_Grande_do_Sul WU UTC_2026-09-23_05:24 0.0 -999.9
-29.265699 -51.528301 IGARIB14 2026-09-23_02:29 -999.9 -999.9 -999.9 94.0 -999.9 -999.9 4.8 -999.9 -999.9 1018.5 -999.9 -999.9 1.9 128 3.5 -999.9 0.0 0.0 0.0 106.2 107.7 131.6 -999.9 4.8 98.0 72.0 11.9 Garibaldi_-_Alfândega_(670_m) -999.9 -999.9 1019.98 1017.27 1018.5 8.0 4.1 405.2 Rio_Grande_do_Sul WU UTC_2026-09-23_05:29 0.0 -999.9
-29.265699 -51.528301 IGARIB14 2026-09-23_02:34 -999.9 -999.9 -999.9 94.0 -999.9 -999.9 4.8 -999.9 -999.9 1018.6 -999.9 -999.9 2.4 198 3.5 -999.9 0.0 0.0 0.0 106.2 107.7 131.6 -999.9 4.8 98.0 72.0 11.9 Garibaldi_-_Alfândega_(670_m) -999.9 -999.9 1019.98 1017.27 1018.6 8.0 4.1 405.2 Rio_Grande_do_Sul WU UTC_2026-09-23_05:34 0.0 -999.9
-29.265699 -51.528301 IGARIB14 2026-09-23_02:39 -999.9 -999.9 -999.9 94.0 -999.9 -999.9 4.7 -999.9 -999.9 1018.6 -999.9 -999.9 2.9 194 6.1 -999.9 0.0 0.0 0.0 106.2 107.7 131.6 -999.9 4.8 98.0 72.0 11.9 Garibaldi_-_Alfândega_(670_m) -999.9 -999.9 1019.98 1017.27 1018.6 8.0 4.1 405.2 Rio_Grande_do_Sul WU UTC_2026-09-23_05:39 0.0 -999.9
-29.265699 -51.528301 IGARIB14 2026-09-23_02:44 -999.9 -999.9 -999.9 94.4 -999.9 -999.9 4.7 -999.9 -999.9 1018.5 -999.9 -999.9 1.8 165 4.7 -999.9 0.0 0.0 0.0 106.2 107.7 131.6 -999.9 4.8 98.0 72.0 11.9 Garibaldi_-_Alfândega_(670_m) -999.9 -999.9 1019.98 1017.27 1018.5 8.0 4.1 405.2 Rio_Grande_do_Sul WU UTC_2026-09-23_05:44 0.0 -999.9
-29.265699 -51.528301 IGARIB14 2026-09-23_02:49 -999.9 -999.9 -999.9 95.0 -999.9 -999.9 4.8 -999.9 -999.9 1018.5 -999.9 -999.9 2.9 181 4.7 -999.9 0.0 0.0 0.0 106.2 107.7 131.6 -999.9 4.8 98.0 72.0 11.9 Garibaldi_-_Alfândega_(670_m) -999.9 -999.9 1019.98 1017.27 1018.5 8.0 4.1 405.2 Rio_Grande_do_Sul WU UTC_2026-09-23_05:49 0.0 -999.9
-29.265699 -51.528301 IGARIB14 2026-09-23_02:54 -999.9 -999.9 -999.9 95.0 -999.9 -999.9 4.7 -999.9 -999.9 1018.3 -999.9 -999.9 2.3 156 6.1 -999.9 0.0 0.0 0.0 106.2 107.7 131.6 -999.9 4.8 98.0 72.0 11.9 Garibaldi_-_Alfândega_(670_m) -999.9 -999.9 1019.98 1017.27 1018.3 8.0 4.1 405.2 Rio_Grande_do_Sul WU UTC_2026-09-23_05:54 0.0 -999.9
-29.265699 -51.528301 IGARIB14 2026-09-23_02:59 -999.9 -999.9 -999.9 95.0 -999.9 -999.9 4.7 -999.9 -999.9 1018.5 -999.9 -999.9 2.2 214 3.5 -999.9 0.0 0.0 0.0 106.2 107.7 131.6 -999.9 4.8 98.0 72.0 11.9 Garibaldi_-_Alfândega_(670_m) -999.9 -999.9 1019.98 1017.27 1018.5 8.0 4.1 405.2 Rio_Grande_do_Sul WU UTC_2026-09-23_05:59 0.0 -999.9
-29.265699 -51.528301 IGARIB14 2026-09-23_03:04 -999.9 -999.9 -999.9 95.0 -999.9 -999.9 4.6 -999.9 -999.9 1018.1 -999.9 -999.9 2.0 240 4.7 -999.9 0.0 0.0 0.0 106.2 107.7 131.6 -999.9 4.8 98.0 72.0 11.9 Garibaldi_-_Alfândega_(670_m) -999.9 -999.9 1019.98 1017.27 1018.1 8.0 4.1 405.2 Rio_Grande_do_Sul WU UTC_2026-09-23_06:04 0.0 -999.9
-29.265699 -51.528301 IGARIB14 2026-09-23_03:09 -999.9 -999.9 -999.9 95.0 -999.9 -999.9 4.6 -999.9 -999.9 1018.1 -999.9 -999.9 1.8 138 3.5 -999.9 0.0 0.0 0.0 106.2 107.7 131.6 -999.9 4.8 98.0 72.0 11.9 Garibaldi_-_Alfândega_(670_m) -999.9 -999.9 1019.98 1017.27 1018.1 8.0 4.1 405.2 Rio_Grande_do_Sul WU UTC_2026-09-23_06:09 0.0 -999.9
-29.265699 -51.528301 IGARIB14 2026-09-23_03:14 -999.9 -999.9 -999.9 95.0 -999.9 -999.9 4.5 -999.9 -999.9 1018.3 -999.9 -999.9 2.8 176 6.1 -999.9 0.0 0.0 0.0 106.2 107.7 131.6 -999.9 4.8 98.0 72.0 11.9 Garibaldi_-_Alfândega_(670_m) -999.9 -999.9 1019.98 1017.27 1018.3 8.0 4.1 405.2 Rio_Grande_do_Sul WU UTC_2026-09-23_06:14 0.0 -999.9
-29.265699 -51.528301 IGARIB14 2026-09-23_03:19 -999.9 -999.9 -999.9 95.0 -999.9 -999.9 4.5 -999.9 -999.9 1018.3 -999.9 -999.9 3.0 133 7.2 -999.9 0.0 0.0 0.0 106.2 107.7 131.6 -999.9 4.8 98.0 72.0 11.9 Garibaldi_-_Alfândega_(670_m) -999.9 -999.9 1019.98 1017.27 1018.3 8.0 4.1 405.2 Rio_Grande_do_Sul WU UTC_2026-09-23_06:19 0.0 -999.9
-29.265699 -51.528301 IGARIB14 2026-09-23_03:24 -999.9 -999.9 -999.9 95.0 -999.9 -999.9 4.5 -999.9 -999.9 1018.1 -999.9 -999.9 3.3 208 8.2 -999.9 0.0 0.0 0.0 106.2 107.7 131.6 -999.9 4.8 98.0 72.0 11.9 Garibaldi_-_Alfândega_(670_m) -999.9 -999.9 1019.98 1017.27 1018.1 8.0 4.1 405.2 Rio_Grande_do_Sul WU UTC_2026-09-23_06:24 0.0 -999.9
-29.265699 -51.528301 IGARIB14 2026-09-23_03:29 -999.9 -999.9 -999.9 95.0 -999.9 -999.9 4.5 -999.9 -999.9 1018.1 -999.9 -999.9 2.6 178 4.7 -999.9 0.0 0.0 0.0 106.2 107.7 131.6 -999.9 4.8 98.0 72.0 11.9 Garibaldi_-_Alfândega_(670_m) -999.9 -999.9 1019.98 1017.27 1018.1 8.0 4.1 405.2 Rio_Grande_do_Sul WU UTC_2026-09-23_06:29 0.0 -999.9
-29.265699 -51.528301 IGARIB14 2026-09-23_03:34 -999.9 -999.9 -999.9 95.0 -999.9 -999.9 4.4 -999.9 -999.9 1018.0 -999.9 -999.9 1.8 205 3.5 -999.9 0.0 0.0 0.0 106.2 107.7 131.6 -999.9 4.8 98.0 72.0 11.9 Garibaldi_-_Alfândega_(670_m) -999.9 -999.9 1019.98 1017.27 1018.0 8.0 4.1 405.2 Rio_Grande_do_Sul WU UTC_2026-09-23_06:34 0.0 -999.9
-29.265699 -51.528301 IGARIB14 2026-09-23_03:39 -999.9 -999.9 -999.9 95.0 -999.9 -999.9 4.4 -999.9 -999.9 1017.8 -999.9 -999.9 2.3 147 7.2 -999.9 0.0 0.0 0.0 106.2 107.7 131.6 -999.9 4.8 98.0 72.0 11.9 Garibaldi_-_Alfândega_(670_m) -999.9 -999.9 1019.98 1017.27 1017.8 8.0 4.1 405.2 Rio_Grande_do_Sul WU UTC_2026-09-23_06:39 0.0 -999.9
-29.265699 -51.528301 IGARIB14 2026-09-23_03:44 -999.9 -999.9 -999.9 95.0 -999.9 -999.9 4.3 -999.9 -999.9 1017.8 -999.9 -999.9 2.5 110 6.1 -999.9 0.0 0.0 0.0 106.2 107.7 131.6 -999.9 4.8 98.0 72.0 11.9 Garibaldi_-_Alfândega_(670_m) -999.9 -999.9 1019.98 1017.27 1017.8 8.0 4.1 405.2 Rio_Grande_do_Sul WU UTC_2026-09-23_06:44 0.0 -999.9
-29.265699 -51.528301 IGARIB14 2026-09-23_03:49 -999.9 -999.9 -999.9 95.0 -999.9 -999.9 4.3 -999.9 -999.9 1017.8 -999.9 -999.9 1.1 202 2.6 -999.9 0.0 0.0 0.0 106.2 107.7 131.6 -999.9 4.8 98.0 72.0 11.9 Garibaldi_-_Alfândega_(670_m) -999.9 -999.9 1019.98 1017.27 1017.8 8.0 4.1 405.2 Rio_Grande_do_Sul WU UTC_2026-09-23_06:49 0.0 -999.9
-29.265699 -51.528301 IGARIB14 2026-09-23_03:54 -999.9 -999.9 -999.9 95.0 -999.9 -999.9 4.3 -999.9 -999.9 1017.8 -999.9 -999.9 2.2 132 4.7 -999.9 0.0 0.0 0.0 106.2 107.7 131.6 -999.9 4.8 98.0 72.0 11.9 Garibaldi_-_Alfândega_(670_m) -999.9 -999.9 1019.98 1017.27 1017.8 8.0 4.1 405.2 Rio_Grande_do_Sul WU UTC_2026-09-23_06:54 0.0 -999.9
-29.265699 -51.528301 IGARIB14 2026-09-23_03:59 -999.9 -999.9 -999.9 95.0 -999.9 -999.9 4.2 -999.9 -999.9 1017.6 -999.9 -999.9 1.6 195 4.7 -999.9 0.0 0.0 0.0 106.2 107.7 131.6 -999.9 4.8 98.0 72.0 11.9 Garibaldi_-_Alfândega_(670_m) -999.9 -999.9 1019.98 1017.27 1017.6 8.0 4.1 405.2 Rio_Grande_do_Sul WU UTC_2026-09-23_06:59 0.0 -999.9
-29.265699 -51.528301 IGARIB14 2026-09-23_04:04 -999.9 -999.9 -999.9 95.0 -999.9 -999.9 4.2 -999.9 -999.9 1017.6 -999.9 -999.9 3.2 255 8.2 -999.9 0.0 0.0 0.0 106.2 107.7 131.6 -999.9 4.8 98.0 72.0 11.9 Garibaldi_-_Alfândega_(670_m) -999.9 -999.9 1019.98 1017.27 1017.6 8.0 4.1 405.2 Rio_Grande_do_Sul WU UTC_2026-09-23_07:04 0.0 -999.9
-29.265699 -51.528301 IGARIB14 2026-09-23_04:09 -999.9 -999.9 -999.9 95.0 -999.9 -999.9 4.2 -999.9 -999.9 1017.6 -999.9 -999.9 2.8 147 6.1 -999.9 0.0 0.0 0.0 106.2 107.7 131.6 -999.9 4.8 98.0 72.0 11.9 Garibaldi_-_Alfândega_(670_m) -999.9 -999.9 1019.98 1017.27 1017.6 8.0 4.1 405.2 Rio_Grande_do_Sul WU UTC_2026-09-23_07:09 0.0 -999.9
-29.265699 -51.528301 IGARIB14 2026-09-23_04:14 -999.9 -999.9 -999.9 95.0 -999.9 -999.9 4.2 -999.9 -999.9 1017.8 -999.9 -999.9 3.4 168 7.2 -999.9 0.0 0.0 0.0 106.2 107.7 131.6 -999.9 4.8 98.0 72.0 11.9 Garibaldi_-_Alfândega_(670_m) -999.9 -999.9 1019.98 1017.27 1017.8 8.0 4.1 405.2 Rio_Grande_do_Sul WU UTC_2026-09-23_07:14 0.0 -999.9
-29.265699 -51.528301 IGARIB14 2026-09-23_04:19 -999.9 -999.9 -999.9 94.0 -999.9 -999.9 4.1 -999.9 -999.9 1018.0 -999.9 -999.9 2.5 164 6.1 -999.9 0.0 0.0 0.0 106.2 107.7 131.6 -999.9 4.8 98.0 72.0 11.9 Garibaldi_-_Alfândega_(670_m) -999.9 -999.9 1019.98 1017.27 1018.0 8.0 4.1 405.2 Rio_Grande_do_Sul WU UTC_2026-09-23_07:19 0.0 -999.9
-29.265699 -51.528301 IGARIB14 2026-09-23_04:24 -999.9 -999.9 -999.9 94.0 -999.9 -999.9 4.3 -999.9 -999.9 1018.1 -999.9 -999.9 3.2 12 6.1 -999.9 0.0 0.0 0.0 106.2 107.7 131.6 -999.9 4.8 98.0 72.0 11.9 Garibaldi_-_Alfândega_(670_m) -999.9 -999.9 1019.98 1017.27 1018.1 8.0 4.1 405.2 Rio_Grande_do_Sul WU UTC_2026-09-23_07:24 0.0 -999.9
-29.265699 -51.528301 IGARIB14 2026-09-23_04:29 -999.9 -999.9 -999.9 94.0 -999.9 -999.9 4.3 -999.9 -999.9 1018.0 -999.9 -999.9 2.6 86 4.7 -999.9 0.0 0.0 0.0 106.2 107.7 131.6 -999.9 4.8 98.0 72.0 11.9 Garibaldi_-_Alfândega_(670_m) -999.9 -999.9 1019.98 1017.27 1018.0 8.0 4.1 405.2 Rio_Grande_do_Sul WU UTC_2026-09-23_07:29 0.0 -999.9
-29.265699 -51.528301 IGARIB14 2026-09-23_04:34 -999.9 -999.9 -999.9 94.0 -999.9 -999.9 4.3 -999.9 -999.9 1018.0 -999.9 -999.9 1.5 28 3.5 -999.9 0.0 0.0 0.0 106.2 107.7 131.6 -999.9 4.8 98.0 72.0 11.9 Garibaldi_-_Alfândega_(670_m) -999.9 -999.9 1019.98 1017.27 1018.0 8.0 4.1 405.2 Rio_Grande_do_Sul WU UTC_2026-09-23_07:34 0.0 -999.9
-29.265699 -51.528301 IGARIB14 2026-09-23_04:39 -999.9 -999.9 -999.9 94.0 -999.9 -999.9 4.3 -999.9 -999.9 1018.0 -999.9 -999.9 2.1 191 10.8 -999.9 0.0 0.0 0.0 106.2 107.7 131.6 -999.9 4.8 98.0 72.0 11.9 Garibaldi_-_Alfândega_(670_m) -999.9 -999.9 1019.98 1017.27 1018.0 8.0 4.1 405.2 Rio_Grande_do_Sul WU UTC_2026-09-23_07:39 0.0 -999.9
-29.265699 -51.528301 IGARIB14 2026-09-23_04:44 -999.9 -999.9 -999.9 94.0 -999.9 -999.9 4.2 -999.9 -999.9 1018.0 -999.9 -999.9 1.2 309 2.6 -999.9 0.0 0.0 0.0 106.2 107.7 131.6 -999.9 4.8 98.0 72.0 11.9 Garibaldi_-_Alfândega_(670_m) -999.9 -999.9 1019.98 1017.27 1018.0 8.0 4.1 405.2 Rio_Grande_do_Sul WU UTC_2026-09-23_07:44 0.0 -999.9
-29.265699 -51.528301 IGARIB14 2026-09-23_04:49 -999.9 -999.9 -999.9 94.6 -999.9 -999.9 4.3 -999.9 -999.9 1017.8 -999.9 -999.9 1.3 33 4.7 -999.9 0.0 0.0 0.0 106.2 107.7 131.6 -999.9 4.8 98.0 72.0 11.9 Garibaldi_-_Alfândega_(670_m) -999.9 -999.9 1019.98 1017.27 1017.8 8.0 4.1 405.2 Rio_Grande_do_Sul WU UTC_2026-09-23_07:49 0.0 -999.9
-29.265699 -51.528301 IGARIB14 2026-09-23_04:54 -999.9 -999.9 -999.9 95.0 -999.9 -999.9 4.3 -999.9 -999.9 1018.0 -999.9 -999.9 1.0 172 2.6 -999.9 0.0 0.0 0.0 106.2 107.7 131.6 -999.9 4.8 98.0 72.0 11.9 Garibaldi_-_Alfândega_(670_m) -999.9 -999.9 1019.98 1017.27 1018.0 8.0 4.1 405.2 Rio_Grande_do_Sul WU UTC_2026-09-23_07:54 0.0 -999.9
-29.265699 -51.528301 IGARIB14 2026-09-23_04:59 -999.9 -999.9 -999.9 95.0 -999.9 -999.9 4.3 -999.9 -999.9 1018.1 -999.9 -999.9 2.1 189 4.7 -999.9 0.0 0.0 0.0 106.2 107.7 131.6 -999.9 4.8 98.0 72.0 11.9 Garibaldi_-_Alfândega_(670_m) -999.9 -999.9 1019.98 1017.27 1018.1 8.0 4.1 405.2 Rio_Grande_do_Sul WU UTC_2026-09-23_07:59 0.0 -999.9
-29.265699 -51.528301 IGARIB14 2026-09-23_05:04 -999.9 -999.9 -999.9 95.8 -999.9 -999.9 4.4 -999.9 -999.9 1018.1 -999.9 -999.9 1.4 153 3.5 -999.9 0.0 0.0 0.0 106.2 107.7 131.6 -999.9 4.8 98.0 72.0 11.9 Garibaldi_-_Alfândega_(670_m) -999.9 -999.9 1019.98 1017.27 1018.1 8.0 4.1 405.2 Rio_Grande_do_Sul WU UTC_2026-09-23_08:04 0.0 -999.9
-29.265699 -51.528301 IGARIB14 2026-09-23_05:09 -999.9 -999.9 -999.9 96.0 -999.9 -999.9 4.4 -999.9 -999.9 1018.0 -999.9 -999.9 1.3 179 7.2 -999.9 0.0 0.0 0.0 106.2 107.7 131.6 -999.9 4.8 98.0 72.0 11.9 Garibaldi_-_Alfândega_(670_m) -999.9 -999.9 1019.98 1017.27 1018.0 8.0 4.1 405.2 Rio_Grande_do_Sul WU UTC_2026-09-23_08:09 0.0 -999.9
-29.265699 -51.528301 IGARIB14 2026-09-23_05:14 -999.9 -999.9 -999.9 96.0 -999.9 -999.9 4.4 -999.9 -999.9 1018.0 -999.9 -999.9 1.1 137 3.5 -999.9 0.0 0.0 0.0 106.2 107.7 131.6 -999.9 4.8 98.0 72.0 11.9 Garibaldi_-_Alfândega_(670_m) -999.9 -999.9 1019.98 1017.27 1018.0 8.0 4.1 405.2 Rio_Grande_do_Sul WU UTC_2026-09-23_08:14 0.0 -999.9
-29.265699 -51.528301 IGARIB14 2026-09-23_05:19 -999.9 -999.9 -999.9 96.0 -999.9 -999.9 4.3 -999.9 -999.9 1018.0 -999.9 -999.9 1.3 142 3.5 -999.9 0.0 0.0 0.0 106.2 107.7 131.6 -999.9 4.8 98.0 72.0 11.9 Garibaldi_-_Alfândega_(670_m) -999.9 -999.9 1019.98 1017.27 1018.0 8.0 4.1 405.2 Rio_Grande_do_Sul WU UTC_2026-09-23_08:19 0.0 -999.9
-29.265699 -51.528301 IGARIB14 2026-09-23_05:24 -999.9 -999.9 -999.9 96.0 -999.9 -999.9 4.3 -999.9 -999.9 1017.8 -999.9 -999.9 1.6 84 6.1 -999.9 0.0 0.0 0.0 106.2 107.7 131.6 -999.9 4.8 98.0 72.0 11.9 Garibaldi_-_Alfândega_(670_m) -999.9 -999.9 1019.98 1017.27 1017.8 8.0 4.1 405.2 Rio_Grande_do_Sul WU UTC_2026-09-23_08:24 0.0 -999.9
-29.265699 -51.528301 IGARIB14 2026-09-23_05:29 -999.9 -999.9 -999.9 97.0 -999.9 -999.9 4.5 -999.9 -999.9 1018.0 -999.9 -999.9 2.3 329 4.7 -999.9 0.0 0.0 0.0 106.2 107.7 131.6 -999.9 4.8 98.0 72.0 11.9 Garibaldi_-_Alfândega_(670_m) -999.9 -999.9 1019.98 1017.27 1018.0 8.0 4.1 405.2 Rio_Grande_do_Sul WU UTC_2026-09-23_08:29 0.0 -999.9
-29.265699 -51.528301 IGARIB14 2026-09-23_05:34 -999.9 -999.9 -999.9 97.0 -999.9 -999.9 4.6 -999.9 -999.9 1018.0 -999.9 -999.9 1.8 79 4.7 -999.9 0.0 0.0 0.0 106.2 107.7 131.6 -999.9 4.8 98.0 72.0 11.9 Garibaldi_-_Alfândega_(670_m) -999.9 -999.9 1019.98 1017.27 1018.0 8.0 4.1 405.2 Rio_Grande_do_Sul WU UTC_2026-09-23_08:34 0.0 -999.9
-29.265699 -51.528301 IGARIB14 2026-09-23_05:39 -999.9 -999.9 -999.9 97.0 -999.9 -999.9 4.6 -999.9 -999.9 1018.3 -999.9 -999.9 0.9 168 2.6 -999.9 0.0 0.0 0.0 106.2 107.7 131.6 -999.9 4.8 98.0 72.0 11.9 Garibaldi_-_Alfândega_(670_m) -999.9 -999.9 1019.98 1017.27 1018.3 8.0 4.1 405.2 Rio_Grande_do_Sul WU UTC_2026-09-23_08:39 0.0 -999.9
-29.265699 -51.528301 IGARIB14 2026-09-23_05:44 -999.9 -999.9 -999.9 97.0 -999.9 -999.9 4.7 -999.9 -999.9 1018.1 -999.9 -999.9 2.4 165 4.7 -999.9 0.0 0.0 0.0 106.2 107.7 131.6 -999.9 4.8 98.0 72.0 11.9 Garibaldi_-_Alfândega_(670_m) -999.9 -999.9 1019.98 1017.27 1018.1 8.0 4.1 405.2 Rio_Grande_do_Sul WU UTC_2026-09-23_08:44 0.0 -999.9
-29.265699 -51.528301 IGARIB14 2026-09-23_05:49 -999.9 -999.9 -999.9 97.0 -999.9 -999.9 4.6 -999.9 -999.9 1018.1 -999.9 -999.9 1.0 132 2.6 -999.9 0.0 0.0 0.0 106.2 107.7 131.6 -999.9 4.8 98.0 72.0 11.9 Garibaldi_-_Alfândega_(670_m) -999.9 -999.9 1019.98 1017.27 1018.1 8.0 4.1 405.2 Rio_Grande_do_Sul WU UTC_2026-09-23_08:49 0.0 -999.9
-29.265699 -51.528301 IGARIB14 2026-09-23_05:54 -999.9 -999.9 -999.9 97.0 -999.9 -999.9 4.6 -999.9 -999.9 1018.1 -999.9 -999.9 1.7 226 3.5 0.1 0.0 0.0 0.0 106.2 107.7 131.6 -999.9 4.8 98.0 72.0 11.9 Garibaldi_-_Alfândega_(670_m) -999.9 -999.9 1019.98 1017.27 1018.1 8.0 4.1 405.2 Rio_Grande_do_Sul WU UTC_2026-09-23_08:54 0.0 -999.9
-29.265699 -51.528301 IGARIB14 2026-09-23_05:59 -999.9 -999.9 -999.9 97.4 -999.9 -999.9 4.8 -999.9 -999.9 1018.1 -999.9 -999.9 1.8 120 3.5 0.2 0.0 0.0 0.0 106.2 107.7 131.6 -999.9 4.8 98.0 72.0 11.9 Garibaldi_-_Alfândega_(670_m) -999.9 -999.9 1019.98 1017.27 1018.1 8.0 4.1 405.2 Rio_Grande_do_Sul WU UTC_2026-09-23_08:59 0.0 -999.9
-29.265699 -51.528301 IGARIB14 2026-09-23_06:04 -999.9 -999.9 -999.9 98.0 -999.9 -999.9 4.9 -999.9 -999.9 1018.1 -999.9 -999.9 1.7 272 4.7 0.8 0.0 0.0 0.0 106.2 107.7 131.6 -999.9 4.8 98.0 72.0 11.9 Garibaldi_-_Alfândega_(670_m) -999.9 -999.9 1019.98 1017.27 1018.1 8.0 4.1 405.2 Rio_Grande_do_Sul WU UTC_2026-09-23_09:04 0.0 -999.9
-29.265699 -51.528301 IGARIB14 2026-09-23_06:09 -999.9 -999.9 -999.9 98.0 -999.9 -999.9 4.9 -999.9 -999.9 1018.1 -999.9 -999.9 1.9 188 3.5 2.0 0.0 0.0 0.0 106.2 107.7 131.6 -999.9 4.8 98.0 72.0 11.9 Garibaldi_-_Alfândega_(670_m) -999.9 -999.9 1019.98 1017.27 1018.1 8.0 4.1 405.2 Rio_Grande_do_Sul WU UTC_2026-09-23_09:09 0.0 -999.9
-29.265699 -51.528301 IGARIB14 2026-09-23_06:14 -999.9 -999.9 -999.9 98.0 -999.9 -999.9 4.8 -999.9 -999.9 1018.0 -999.9 -999.9 2.4 185 6.1 4.1 0.0 0.0 0.0 106.2 107.7 131.6 -999.9 4.8 98.0 72.0 11.9 Garibaldi_-_Alfândega_(670_m) -999.9 -999.9 1019.98 1017.27 1018.0 8.0 4.1 405.2 Rio_Grande_do_Sul WU UTC_2026-09-23_09:14 0.0 -999.9
-29.265699 -51.528301 IGARIB14 2026-09-23_06:19 -999.9 -999.9 -999.9 98.0 -999.9 -999.9 4.8 -999.9 -999.9 1018.1 -999.9 -999.9 1.2 18 3.5 6.8 0.0 0.0 0.0 106.2 107.7 131.6 -999.9 4.8 98.0 72.0 11.9 Garibaldi_-_Alfândega_(670_m) -999.9 -999.9 1019.98 1017.27 1018.1 8.0 4.1 405.2 Rio_Grande_do_Sul WU UTC_2026-09-23_09:19 0.0 -999.9
-29.265699 -51.528301 IGARIB14 2026-09-23_06:24 -999.9 -999.9 -999.9 98.0 -999.9 -999.9 4.9 -999.9 -999.9 1018.1 -999.9 -999.9 1.8 188 3.5 9.0 0.0 0.0 0.0 106.2 107.7 131.6 -999.9 4.8 98.0 72.0 11.9 Garibaldi_-_Alfândega_(670_m) -999.9 -999.9 1019.98 1017.27 1018.1 8.0 4.1 405.2 Rio_Grande_do_Sul WU UTC_2026-09-23_09:24 0.0 -999.9
-29.265699 -51.528301 IGARIB14 2026-09-23_06:29 -999.9 -999.9 -999.9 98.0 -999.9 -999.9 5.0 -999.9 -999.9 1018.1 -999.9 -999.9 2.0 167 4.7 12.3 0.0 0.0 0.0 106.2 107.7 131.6 -999.9 4.8 98.0 72.0 11.9 Garibaldi_-_Alfândega_(670_m) -999.9 -999.9 1019.98 1017.27 1018.1 8.0 4.1 405.2 Rio_Grande_do_Sul WU UTC_2026-09-23_09:29 0.0 -999.9
-29.265699 -51.528301 IGARIB14 2026-09-23_06:34 -999.9 -999.9 -999.9 98.0 -999.9 -999.9 5.0 -999.9 -999.9 1018.1 -999.9 -999.9 2.6 202 6.1 15.7 0.0 0.0 0.0 106.2 107.7 131.6 -999.9 4.8 98.0 72.0 11.9 Garibaldi_-_Alfândega_(670_m) -999.9 -999.9 1019.98 1017.27 1018.1 8.0 4.1 405.2 Rio_Grande_do_Sul WU UTC_2026-09-23_09:34 0.0 -999.9
-29.265699 -51.528301 IGARIB14 2026-09-23_06:39 -999.9 -999.9 -999.9 98.0 -999.9 -999.9 5.0 -999.9 -999.9 1018.1 -999.9 -999.9 2.6 191 4.7 20.4 0.0 0.0 0.0 106.2 107.7 131.6 -999.9 4.8 98.0 72.0 11.9 Garibaldi_-_Alfândega_(670_m) -999.9 -999.9 1019.98 1017.27 1018.1 8.0 4.1 405.2 Rio_Grande_do_Sul WU UTC_2026-09-23_09:39 0.0 -999.9
-29.265699 -51.528301 IGARIB14 2026-09-23_06:44 -999.9 -999.9 -999.9 98.0 -999.9 -999.9 5.1 -999.9 -999.9 1018.1 -999.9 -999.9 2.0 119 7.2 27.0 0.0 0.0 0.0 106.2 107.7 131.6 -999.9 4.8 98.0 72.0 11.9 Garibaldi_-_Alfândega_(670_m) -999.9 -999.9 1019.98 1017.27 1018.1 8.0 4.1 405.2 Rio_Grande_do_Sul WU UTC_2026-09-23_09:44 0.0 -999.9
-29.265699 -51.528301 IGARIB14 2026-09-23_06:49 -999.9 -999.9 -999.9 98.0 -999.9 -999.9 5.2 -999.9 -999.9 1018.1 -999.9 -999.9 1.8 185 3.5 37.0 0.0 0.0 0.0 106.2 107.7 131.6 -999.9 4.8 98.0 72.0 11.9 Garibaldi_-_Alfândega_(670_m) -999.9 -999.9 1019.98 1017.27 1018.1 8.0 4.1 405.2 Rio_Grande_do_Sul WU UTC_2026-09-23_09:49 0.0 -999.9
-29.265699 -51.528301 IGARIB14 2026-09-23_06:54 -999.9 -999.9 -999.9 98.0 -999.9 -999.9 5.3 -999.9 -999.9 1018.0 -999.9 -999.9 1.1 210 4.7 44.0 0.0 0.0 0.0 106.2 107.7 131.6 -999.9 4.8 98.0 72.0 11.9 Garibaldi_-_Alfândega_(670_m) -999.9 -999.9 1019.98 1017.27 1018.0 8.0 4.1 405.2 Rio_Grande_do_Sul WU UTC_2026-09-23_09:54 0.0 -999.9
-29.265699 -51.528301 IGARIB14 2026-09-23_06:58 -999.9 -999.9 -999.9 98.0 -999.9 -999.9 5.2 -999.9 -999.9 1018.0 -999.9 -999.9 1.4 359 3.5 28.1 0.0 0.0 0.0 106.2 107.7 131.6 -999.9 4.8 98.0 72.0 11.9 Garibaldi_-_Alfândega_(670_m) -999.9 -999.9 1019.98 1017.27 1018.0 8.0 4.1 405.2 Rio_Grande_do_Sul WU UTC_2026-09-23_09:58 0.0 -999.9
-29.265699 -51.528301 IGARIB14 2026-09-23_07:04 -999.9 -999.9 -999.9 98.0 -999.9 -999.9 5.3 -999.9 -999.9 1018.0 -999.9 -999.9 3.7 181 9.3 44.3 0.0 0.0 0.0 106.2 107.7 131.6 -999.9 4.8 98.0 72.0 11.9 Garibaldi_-_Alfândega_(670_m) -999.9 -999.9 1019.98 1017.27 1018.0 8.0 4.1 405.2 Rio_Grande_do_Sul WU UTC_2026-09-23_10:04 0.0 -999.9
-29.265699 -51.528301 IGARIB14 2026-09-23_07:09 -999.9 -999.9 -999.9 98.0 -999.9 -999.9 5.4 -999.9 -999.9 1017.8 -999.9 -999.9 1.6 92 3.5 53.5 0.0 0.0 0.0 106.2 107.7 131.6 -999.9 4.8 98.0 72.0 11.9 Garibaldi_-_Alfândega_(670_m) -999.9 -999.9 1019.98 1017.27 1017.8 8.0 4.1 405.2 Rio_Grande_do_Sul WU UTC_2026-09-23_10:09 0.0 -999.9
-29.265699 -51.528301 IGARIB14 2026-09-23_07:14 -999.9 -999.9 -999.9 97.2 -999.9 -999.9 5.4 -999.9 -999.9 1017.8 -999.9 -999.9 3.0 27 4.7 56.9 0.0 0.0 0.0 106.2 107.7 131.6 -999.9 4.8 98.0 72.0 11.9 Garibaldi_-_Alfândega_(670_m) -999.9 -999.9 1019.98 1017.27 1017.8 8.0 4.1 405.2 Rio_Grande_do_Sul WU UTC_2026-09-23_10:14 0.0 -999.9
-29.265699 -51.528301 IGARIB14 2026-09-23_07:19 -999.9 -999.9 -999.9 97.0 -999.9 -999.9 5.5 -999.9 -999.9 1018.0 -999.9 -999.9 3.5 100 6.1 72.7 0.0 0.0 0.0 106.2 107.7 131.6 -999.9 4.8 98.0 72.0 11.9 Garibaldi_-_Alfândega_(670_m) -999.9 -999.9 1019.98 1017.27 1018.0 8.0 4.1 405.2 Rio_Grande_do_Sul WU UTC_2026-09-23_10:19 0.0 -999.9
-29.265699 -51.528301 IGARIB14 2026-09-23_07:24 -999.9 -999.9 -999.9 97.0 -999.9 -999.9 5.6 -999.9 -999.9 1018.0 -999.9 -999.9 2.3 160 3.5 82.8 0.0 0.0 0.0 106.2 107.7 131.6 -999.9 4.8 98.0 72.0 11.9 Garibaldi_-_Alfândega_(670_m) -999.9 -999.9 1019.98 1017.27 1018.0 8.0 4.1 405.2 Rio_Grande_do_Sul WU UTC_2026-09-23_10:24 0.0 -999.9
-29.265699 -51.528301 IGARIB14 2026-09-23_07:29 -999.9 -999.9 -999.9 96.2 -999.9 -999.9 5.7 -999.9 -999.9 1018.1 -999.9 -999.9 2.0 160 4.7 77.8 0.0 0.0 0.0 106.2 107.7 131.6 -999.9 4.8 98.0 72.0 11.9 Garibaldi_-_Alfândega_(670_m) -999.9 -999.9 1019.98 1017.27 1018.1 8.0 4.1 405.2 Rio_Grande_do_Sul WU UTC_2026-09-23_10:29 0.0 -999.9
-29.265699 -51.528301 IGARIB14 2026-09-23_07:34 -999.9 -999.9 -999.9 95.4 -999.9 -999.9 5.6 -999.9 -999.9 1018.1 -999.9 -999.9 2.8 167 4.7 100.8 0.0 0.0 0.0 106.2 107.7 131.6 -999.9 4.8 98.0 72.0 11.9 Garibaldi_-_Alfândega_(670_m) -999.9 -999.9 1019.98 1017.27 1018.1 8.0 4.1 405.2 Rio_Grande_do_Sul WU UTC_2026-09-23_10:34 0.0 -999.9
-29.265699 -51.528301 IGARIB14 2026-09-23_07:39 -999.9 -999.9 -999.9 95.0 -999.9 -999.9 5.6 -999.9 -999.9 1018.0 -999.9 -999.9 3.6 84 7.2 112.6 0.0 0.0 0.0 106.2 107.7 131.6 -999.9 4.8 98.0 72.0 11.9 Garibaldi_-_Alfândega_(670_m) -999.9 -999.9 1019.98 1017.27 1018.0 8.0 4.1 405.2 Rio_Grande_do_Sul WU UTC_2026-09-23_10:39 0.0 -999.9
-29.265699 -51.528301 IGARIB14 2026-09-23_07:44 -999.9 -999.9 -999.9 95.0 -999.9 -999.9 5.7 -999.9 -999.9 1018.1 -999.9 -999.9 3.8 110 8.2 101.4 0.0 0.0 0.0 106.2 107.7 131.6 -999.9 4.8 98.0 72.0 11.9 Garibaldi_-_Alfândega_(670_m) -999.9 -999.9 1019.98 1017.27 1018.1 8.0 4.1 405.2 Rio_Grande_do_Sul WU UTC_2026-09-23_10:44 0.0 -999.9
-29.265699 -51.528301 IGARIB14 2026-09-23_07:49 -999.9 -999.9 -999.9 95.0 -999.9 -999.9 5.8 -999.9 -999.9 1018.1 -999.9 -999.9 2.5 153 6.1 119.8 0.0 0.0 0.0 106.2 107.7 131.6 -999.9 4.8 98.0 72.0 11.9 Garibaldi_-_Alfândega_(670_m) -999.9 -999.9 1019.98 1017.27 1018.1 8.0 4.1 405.2 Rio_Grande_do_Sul WU UTC_2026-09-23_10:49 0.0 -999.9
-29.265699 -51.528301 IGARIB14 2026-09-23_07:54 -999.9 -999.9 -999.9 94.2 -999.9 -999.9 5.9 -999.9 -999.9 1018.5 -999.9 -999.9 4.8 185 11.9 122.9 0.0 0.0 0.0 106.2 107.7 131.6 -999.9 4.8 98.0 72.0 11.9 Garibaldi_-_Alfândega_(670_m) -999.9 -999.9 1019.98 1017.27 1018.5 8.0 4.1 405.2 Rio_Grande_do_Sul WU UTC_2026-09-23_10:54 0.0 -999.9
-29.265699 -51.528301 IGARIB14 2026-09-23_07:59 -999.9 -999.9 -999.9 94.0 -999.9 -999.9 5.9 -999.9 -999.9 1018.8 -999.9 -999.9 3.7 234 7.2 140.0 0.0 0.0 0.0 106.2 107.7 131.6 -999.9 4.8 98.0 72.0 11.9 Garibaldi_-_Alfândega_(670_m) -999.9 -999.9 1019.98 1017.27 1018.8 8.0 4.1 405.2 Rio_Grande_do_Sul WU UTC_2026-09-23_10:59 0.0 -999.9
-29.265699 -51.528301 IGARIB14 2026-09-23_08:04 -999.9 -999.9 -999.9 93.2 -999.9 -999.9 5.8 -999.9 -999.9 1019.0 -999.9 -999.9 5.0 140 9.3 140.7 0.0 0.0 0.0 106.2 107.7 131.6 -999.9 4.8 98.0 72.0 11.9 Garibaldi_-_Alfândega_(670_m) -999.9 -999.9 1019.98 1017.27 1019.0 8.0 4.1 405.2 Rio_Grande_do_Sul WU UTC_2026-09-23_11:04 0.0 -999.9
-29.265699 -51.528301 IGARIB14 2026-09-23_08:09 -999.9 -999.9 -999.9 93.0 -999.9 -999.9 5.7 -999.9 -999.9 1019.0 -999.9 -999.9 2.6 82 6.1 113.7 0.0 0.0 0.0 106.2 107.7 131.6 -999.9 4.8 98.0 72.0 11.9 Garibaldi_-_Alfândega_(670_m) -999.9 -999.9 1019.98 1017.27 1019.0 8.0 4.1 405.2 Rio_Grande_do_Sul WU UTC_2026-09-23_11:09 0.0 -999.9
-29.265699 -51.528301 IGARIB14 2026-09-23_08:14 -999.9 -999.9 -999.9 93.0 -999.9 -999.9 5.8 -999.9 -999.9 1018.8 -999.9 -999.9 4.9 231 10.8 156.8 0.0 0.0 0.0 106.2 107.7 131.6 -999.9 4.8 98.0 72.0 11.9 Garibaldi_-_Alfândega_(670_m) -999.9 -999.9 1019.98 1017.27 1018.8 8.0 4.1 405.2 Rio_Grande_do_Sul WU UTC_2026-09-23_11:14 0.0 -999.9
-29.265699 -51.528301 IGARIB14 2026-09-23_08:19 -999.9 -999.9 -999.9 93.0 -999.9 -999.9 5.8 -999.9 -999.9 1018.8 -999.9 -999.9 3.4 209 7.2 170.4 0.0 0.0 0.0 106.2 107.7 131.6 -999.9 4.8 98.0 72.0 11.9 Garibaldi_-_Alfândega_(670_m) -999.9 -999.9 1019.98 1017.27 1018.8 8.0 4.1 405.2 Rio_Grande_do_Sul WU UTC_2026-09-23_11:19 0.0 -999.9
-29.265699 -51.528301 IGARIB14 2026-09-23_08:24 -999.9 -999.9 -999.9 92.0 -999.9 -999.9 5.7 -999.9 -999.9 1019.1 -999.9 -999.9 3.5 210 6.1 166.6 0.0 0.0 0.0 106.2 107.7 131.6 -999.9 4.8 98.0 72.0 11.9 Garibaldi_-_Alfândega_(670_m) -999.9 -999.9 1019.98 1017.27 1019.1 8.0 4.1 405.2 Rio_Grande_do_Sul WU UTC_2026-09-23_11:24 0.0 -999.9
-29.265699 -51.528301 IGARIB14 2026-09-23_08:29 -999.9 -999.9 -999.9 92.0 -999.9 -999.9 5.9 -999.9 -999.9 1019.0 -999.9 -999.9 3.0 119 6.1 177.9 0.0 0.0 0.0 106.2 107.7 131.6 -999.9 4.8 98.0 72.0 11.9 Garibaldi_-_Alfândega_(670_m) -999.9 -999.9 1019.98 1017.27 1019.0 8.0 4.1 405.2 Rio_Grande_do_Sul WU UTC_2026-09-23_11:29 0.0 -999.9
-29.265699 -51.528301 IGARIB14 2026-09-23_08:34 -999.9 -999.9 -999.9 90.4 -999.9 -999.9 6.2 -999.9 -999.9 1019.0 -999.9 -999.9 4.2 71 8.2 201.2 0.0 0.0 0.0 106.2 107.7 131.6 -999.9 4.8 98.0 72.0 11.9 Garibaldi_-_Alfândega_(670_m) -999.9 -999.9 1019.98 1017.27 1019.0 8.0 4.1 405.2 Rio_Grande_do_Sul WU UTC_2026-09-23_11:34 0.0 -999.9
-29.265699 -51.528301 IGARIB14 2026-09-23_08:39 -999.9 -999.9 -999.9 88.8 -999.9 -999.9 6.1 -999.9 -999.9 1019.0 -999.9 -999.9 2.5 277 6.1 217.0 0.0 0.0 0.0 106.2 107.7 131.6 -999.9 4.8 98.0 72.0 11.9 Garibaldi_-_Alfândega_(670_m) -999.9 -999.9 1019.98 1017.27 1019.0 8.0 4.1 405.2 Rio_Grande_do_Sul WU UTC_2026-09-23_11:39 0.0 -999.9
-29.265699 -51.528301 IGARIB14 2026-09-23_08:44 -999.9 -999.9 -999.9 88.6 -999.9 -999.9 6.2 -999.9 -999.9 1019.3 -999.9 -999.9 3.3 230 6.1 218.8 0.0 0.0 0.0 106.2 107.7 131.6 -999.9 4.8 98.0 72.0 11.9 Garibaldi_-_Alfândega_(670_m) -999.9 -999.9 1019.98 1017.27 1019.3 8.0 4.1 405.2 Rio_Grande_do_Sul WU UTC_2026-09-23_11:44 0.0 -999.9
-29.265699 -51.528301 IGARIB14 2026-09-23_08:49 -999.9 -999.9 -999.9 88.2 -999.9 -999.9 6.4 -999.9 -999.9 1019.3 -999.9 -999.9 4.3 134 8.2 298.1 0.0 0.0 0.0 106.2 107.7 131.6 -999.9 4.8 98.0 72.0 11.9 Garibaldi_-_Alfândega_(670_m) -999.9 -999.9 1019.98 1017.27 1019.3 8.0 4.1 405.2 Rio_Grande_do_Sul WU UTC_2026-09-23_11:49 0.0 -999.9
-29.265699 -51.528301 IGARIB14 2026-09-23_08:54 -999.9 -999.9 -999.9 87.2 -999.9 -999.9 6.6 -999.9 -999.9 1019.3 -999.9 -999.9 3.1 164 8.2 270.0 0.0 0.0 0.0 106.2 107.7 131.6 -999.9 4.8 98.0 72.0 11.9 Garibaldi_-_Alfândega_(670_m) -999.9 -999.9 1019.98 1017.27 1019.3 8.0 4.1 405.2 Rio_Grande_do_Sul WU UTC_2026-09-23_11:54 0.0 -999.9
-29.265699 -51.528301 IGARIB14 2026-09-23_08:59 -999.9 -999.9 -999.9 84.0 -999.9 -999.9 7.0 -999.9 -999.9 1019.1 -999.9 -999.9 3.5 68 7.2 335.1 0.0 0.0 0.0 106.2 107.7 131.6 -999.9 4.8 98.0 72.0 11.9 Garibaldi_-_Alfândega_(670_m) -999.9 -999.9 1019.98 1017.27 1019.1 8.0 4.1 405.2 Rio_Grande_do_Sul WU UTC_2026-09-23_11:59 0.0 -999.9
-29.265699 -51.528301 IGARIB14 2026-09-23_09:04 -999.9 -999.9 -999.9 81.2 -999.9 -999.9 7.5 -999.9 -999.9 1019.1 -999.9 -999.9 2.9 167 6.1 314.6 0.0 0.0 0.0 106.2 107.7 131.6 -999.9 4.8 98.0 72.0 11.9 Garibaldi_-_Alfândega_(670_m) -999.9 -999.9 1019.98 1017.27 1019.1 8.0 4.1 405.2 Rio_Grande_do_Sul WU UTC_2026-09-23_12:04 0.0 -999.9
-29.265699 -51.528301 IGARIB14 2026-09-23_09:09 -999.9 -999.9 -999.9 78.0 -999.9 -999.9 7.4 -999.9 -999.9 1019.5 -999.9 -999.9 3.2 235 6.1 327.2 0.0 0.0 0.0 106.2 107.7 131.6 -999.9 4.8 98.0 72.0 11.9 Garibaldi_-_Alfândega_(670_m) -999.9 -999.9 1019.98 1017.27 1019.5 8.0 4.1 405.2 Rio_Grande_do_Sul WU UTC_2026-09-23_12:09 0.0 -999.9
-29.265699 -51.528301 IGARIB14 2026-09-23_09:14 -999.9 -999.9 -999.9 77.4 -999.9 -999.9 7.5 -999.9 -999.9 1019.5 -999.9 -999.9 4.0 204 9.3 403.9 0.0 0.0 0.0 106.2 107.7 131.6 -999.9 4.8 98.0 72.0 11.9 Garibaldi_-_Alfândega_(670_m) -999.9 -999.9 1019.98 1017.27 1019.5 8.0 4.1 405.2 Rio_Grande_do_Sul WU UTC_2026-09-23_12:14 0.0 -999.9
-29.265699 -51.528301 IGARIB14 2026-09-23_09:19 -999.9 -999.9 -999.9 76.8 -999.9 -999.9 7.6 -999.9 -999.9 1019.3 -999.9 -999.9 2.9 148 7.2 337.0 0.0 0.0 0.0 106.2 107.7 131.6 -999.9 4.8 98.0 72.0 11.9 Garibaldi_-_Alfândega_(670_m) -999.9 -999.9 1019.98 1017.27 1019.3 8.0 4.1 405.2 Rio_Grande_do_Sul WU UTC_2026-09-23_12:19 0.0 -999.9
-29.265699 -51.528301 IGARIB14 2026-09-23_09:24 -999.9 -999.9 -999.9 76.2 -999.9 -999.9 7.5 -999.9 -999.9 1019.1 -999.9 -999.9 5.1 155 10.8 405.2 0.0 0.0 0.0 106.2 107.7 131.6 -999.9 4.8 98.0 72.0 11.9 Garibaldi_-_Alfândega_(670_m) -999.9 -999.9 1019.98 1017.27 1019.1 8.0 4.1 405.2 Rio_Grande_do_Sul WU UTC_2026-09-23_12:24 0.0 -999.9
-29.265699 -51.528301 IGARIB14 2026-09-23_09:29 -999.9 -999.9 -999.9 76.4 -999.9 -999.9 7.7 -999.9 -999.9 1019.5 -999.9 -999.9 2.7 111 6.1 392.8 0.0 0.0 0.0 106.2 107.7 131.6 -999.9 4.8 98.0 72.0 11.9 Garibaldi_-_Alfândega_(670_m) -999.9 -999.9 1019.98 1017.27 1019.5 8.0 4.1 405.2 Rio_Grande_do_Sul WU UTC_2026-09-23_12:29 0.0 -999.9
-29.265699 -51.528301 IGARIB14 2026-09-23_09:34 -999.9 -999.9 -999.9 73.4 -999.9 -999.9 7.5 -999.9 -999.9 1019.8 -999.9 -999.9 3.5 103 8.2 355.6 0.0 0.0 0.0 106.2 107.7 131.6 -999.9 4.8 98.0 72.0 11.9 Garibaldi_-_Alfândega_(670_m) -999.9 -999.9 1019.98 1017.27 1019.8 8.0 4.1 405.2 Rio_Grande_do_Sul WU UTC_2026-09-23_12:34 0.0 -999.9
-29.265699 -51.528301 IGARIB14 2026-09-23_09:39 -999.9 -999.9 -999.9 73.4 -999.9 -999.9 7.8 -999.9 -999.9 1019.6 -999.9 -999.9 2.5 308 4.7 404.1 0.0 0.0 0.0 106.2 107.7 131.6 -999.9 4.8 98.0 72.0 11.9 Garibaldi_-_Alfândega_(670_m) -999.9 -999.9 1019.98 1017.27 1019.6 8.0 4.1 405.2 Rio_Grande_do_Sul WU UTC_2026-09-23_12:39 0.0 -999.9
-29.265699 -51.528301 IGARIB14 2026-09-23_09:47 -999.9 -999.9 -999.9 72.0 -999.9 -999.9 7.6 -999.9 -999.9 1020.0 -999.9 -999.9 4.3 71 6.1 440.4 0.0 0.0 0.0 106.2 107.7 131.6 -999.9 4.8 98.0 72.0 11.9 Garibaldi_-_Alfândega_(670_m) -999.9 -999.9 1019.98 1017.27 1020.0 8.0 4.1 405.2 Rio_Grande_do_Sul WU UTC_2026-09-23_12:47 0.0 -999.9
