-29.40833 -50.58416 02950045 2026-09-21_10:30 -999.9 -999.9 -999.9 -999.9 -999.9 -999.9 -999.9 -999.9 -999.9 -999.9 -999.9 -999.9 -999.9 -999.9 -999.9 -999.9 0.0 0.0 0.0 0.0 0.0 0.0 -999.9 -999.9 -999.9 -999.9 -999.9 SGB/CPRM_-_Capão_dos_Coxos_(890_m) -999.9 -999.9 -999.9 -999.9 -999.9 -999.9 -999.9 -999.9 Brasil SGB/CPRM -999.9 0.0 0.0 0.01 0.09 0 -1 -0.01 0.09 0.09 0.09 0.09
-8.2694 -49.2594 CA 2026-09-21_11:15 -999.9 -999.9 -999.9 -999.9 -999.9 -999.9 -999.9 -999.9 -999.9 -999.9 -999.9 -999.9 -999.9 -999.9 -999.9 -999.9 0.0 0.0 0.0 0.0 0.0 0.0 -999.9 -999.9 -999.9 -999.9 -999.9 SGB/CPRM_-_Conceição_do_Araguaia_(141_m) -999.9 -999.9 -999.9 -999.9 -999.9 -999.9 -999.9 -999.9 Brasil SGB/CPRM -999.9 0.0 0.0 1.88 1.88 1.87 0 0 1.9 1.9 1.91 1.91
-5.128 -49.324 IT 2026-09-21_12:15 -999.9 -999.9 -999.9 -999.9 -999.9 -999.9 -999.9 -999.9 -999.9 -999.9 -999.9 -999.9 -999.9 -999.9 -999.9 -999.9 0.0 0.0 0.0 0.0 0.0 0.0 -999.9 -999.9 -999.9 -999.9 -999.9 SGB/CPRM_-_Itupiranga_(66_m) -999.9 -999.9 -999.9 -999.9 -999.9 -999.9 -999.9 -999.9 Brasil SGB/CPRM -999.9 0.0 0.0 4.96 4.98 4.95 1 0.01 5.01 5.01 5.01 5.98
-29.59 -51.38333 87170000 2026-09-21_12:15 -999.9 -999.9 -999.9 -999.9 -999.9 -999.9 -999.9 -999.9 -999.9 -999.9 -999.9 -999.9 -999.9 -999.9 -999.9 -999.9 2.4 74.8 80.2 88.4 88.4 88.4 -999.9 -999.9 -999.9 -999.9 -999.9 SGB/CPRM_-_Barca_do_Caí_(7_m) -999.9 -999.9 -999.9 -999.9 -999.9 -999.9 -999.9 -999.9 Brasil SGB/CPRM -999.9 1.8 74.8 8.82 8.82 5.02 1 0.84 8.82 8.82 8.82 8.82
-30.03472 -51.24194 87450020 2026-09-21_11:15 -999.9 -999.9 -999.9 -999.9 -999.9 -999.9 -999.9 -999.9 -999.9 -999.9 -999.9 -999.9 -999.9 -999.9 -999.9 -999.9 3.0 53.8 58.4 69.8 69.8 69.8 -999.9 -999.9 -999.9 -999.9 -999.9 SGB/CPRM_-_Usina_do_Gasômetro_(0_m) -999.9 -999.9 -999.9 -999.9 -999.9 -999.9 -999.9 -999.9 Brasil SGB/CPRM -999.9 0.8 53.8 0.8 0.96 0.76 0 -0.01 0.96 0.96 1.02 1.21
-29.69222 -51.97 86895000 2026-09-21_11:30 -999.9 -999.9 -999.9 -999.9 -999.9 -999.9 -999.9 -999.9 -999.9 -999.9 -999.9 -999.9 -999.9 -999.9 -999.9 -999.9 3.6 67.2 67.8 76.8 76.8 76.8 -999.9 -999.9 -999.9 -999.9 -999.9 SGB/CPRM_-_Porto_Mariante_(3_m) -999.9 -999.9 -999.9 -999.9 -999.9 -999.9 -999.9 -999.9 Brasil SGB/CPRM -999.9 1.6 67.2 4.99 4.99 2.93 1 0.22 4.99 4.99 4.99 4.99
-29.22388 -52.16222 86780000 2026-09-21_11:45 -999.9 -999.9 -999.9 -999.9 -999.9 -999.9 -999.9 -999.9 -999.9 -999.9 -999.9 -999.9 -999.9 -999.9 -999.9 -999.9 1.6 101.0 104.4 114.0 114.0 114.0 -999.9 -999.9 -999.9 -999.9 -999.9 SGB/CPRM_-_Barra_do_Fão_(76_m) -999.9 -999.9 -999.9 -999.9 -999.9 -999.9 -999.9 -999.9 Brasil SGB/CPRM -999.9 1.4 101.0 3.14 3.14 1.51 -1 0.01 3.14 3.14 3.14 3.14
-28.91222 -51.95305 86560000 2026-09-21_11:45 -999.9 -999.9 -999.9 -999.9 -999.9 -999.9 -999.9 -999.9 -999.9 -999.9 -999.9 -999.9 -999.9 -999.9 -999.9 -999.9 1.2 38.4 47.8 60.6 60.6 60.6 -999.9 -999.9 -999.9 -999.9 -999.9 SGB/CPRM_-_Linha_Colombo_(216_m) -999.9 -999.9 -999.9 -999.9 -999.9 -999.9 -999.9 -999.9 Brasil SGB/CPRM -999.9 0.4 38.4 2.3 2.3 1.67 1 0.4 2.3 2.3 2.3 2.3
-28.84888 -51.8325 86500000 2026-09-21_11:30 -999.9 -999.9 -999.9 -999.9 -999.9 -999.9 -999.9 -999.9 -999.9 -999.9 -999.9 -999.9 -999.9 -999.9 -999.9 -999.9 6.4 88.0 88.6 120.6 120.6 120.6 -999.9 -999.9 -999.9 -999.9 -999.9 SGB/CPRM_-_Passo_Carreiro_(259_m) -999.9 -999.9 -999.9 -999.9 -999.9 -999.9 -999.9 -999.9 Brasil SGB/CPRM -999.9 0.2 88.0 3.34 3.34 1.74 1 0.58 3.34 3.34 3.34 3.34
-29.96444 -50.97777 8739900 2026-09-21_12:15 -999.9 -999.9 -999.9 -999.9 -999.9 -999.9 -999.9 -999.9 -999.9 -999.9 -999.9 -999.9 -999.9 -999.9 -999.9 -999.9 3.2 47.4 54.4 64.8 64.8 64.8 -999.9 -999.9 -999.9 -999.9 -999.9 SGB/CPRM_-_Passo_das_Canoas_Auxiliar_(3_m) -999.9 -999.9 -999.9 -999.9 -999.9 -999.9 -999.9 -999.9 Brasil SGB/CPRM -999.9 0.8 47.4 3.05 3.05 2.86 1 0.03 3.05 3.05 3.05 3.05
-14.9122 -51.0822 AU 2026-09-21_12:00 -999.9 -999.9 -999.9 -999.9 -999.9 -999.9 -999.9 -999.9 -999.9 -999.9 -999.9 -999.9 -999.9 -999.9 -999.9 -999.9 0.0 0.0 0.0 0.0 0.0 0.0 -999.9 -999.9 -999.9 -999.9 -999.9 SGB/CPRM_-_Aruanã_(277_m) -999.9 -999.9 -999.9 -999.9 -999.9 -999.9 -999.9 -999.9 Brasil SGB/CPRM -999.9 0.0 0.0 1.24 1.25 1.24 0 -0.01 1.26 1.34 1.39 1.58
-29.38277 -51.36888 87168000 2026-09-21_12:15 -999.9 -999.9 -999.9 -999.9 -999.9 -999.9 -999.9 -999.9 -999.9 -999.9 -999.9 -999.9 -999.9 -999.9 -999.9 -999.9 4.0 81.4 90.2 104.8 104.8 104.8 -999.9 -999.9 -999.9 -999.9 -999.9 SGB/CPRM_-_São_Vendelino_(72_m) -999.9 -999.9 -999.9 -999.9 -999.9 -999.9 -999.9 -999.9 Brasil SGB/CPRM -999.9 3.2 81.4 3.33 3.63 0.84 -1 -0.07 3.63 3.63 3.63 3.63
-29.3075 -50.99583 87150000 2026-09-21_11:45 -999.9 -999.9 -999.9 -999.9 -999.9 -999.9 -999.9 -999.9 -999.9 -999.9 -999.9 -999.9 -999.9 -999.9 -999.9 -999.9 7.2 90.0 112.0 119.0 119.0 119.4 -999.9 -999.9 -999.9 -999.9 -999.9 SGB/CPRM_-_Linha_Gonzaga_(142_m) -999.9 -999.9 -999.9 -999.9 -999.9 -999.9 -999.9 -999.9 Brasil SGB/CPRM -999.9 0.8 90.0 4.98 4.98 1.63 1 0.47 4.98 4.98 4.98 4.98
-15.7381 -51.8281 AR 2026-09-21_12:15 -999.9 -999.9 -999.9 -999.9 -999.9 -999.9 -999.9 -999.9 -999.9 -999.9 -999.9 -999.9 -999.9 -999.9 -999.9 -999.9 0.0 0.0 0.0 0.0 0.0 0.0 -999.9 -999.9 -999.9 -999.9 -999.9 SGB/CPRM_-_Araguaiana_(279_m) -999.9 -999.9 -999.9 -999.9 -999.9 -999.9 -999.9 -999.9 Brasil SGB/CPRM -999.9 0.0 0.0 1.39 1.4 1.39 0 0 1.45 1.47 1.47 1.81
-28.86805 -50.45611 86160000 2026-09-21_11:45 -999.9 -999.9 -999.9 -999.9 -999.9 -999.9 -999.9 -999.9 -999.9 -999.9 -999.9 -999.9 -999.9 -999.9 -999.9 -999.9 15.6 95.4 109.6 124.2 124.2 124.4 -999.9 -999.9 -999.9 -999.9 -999.9 SGB/CPRM_-_Passo_Tainhas_(634_m) -999.9 -999.9 -999.9 -999.9 -999.9 -999.9 -999.9 -999.9 Brasil SGB/CPRM -999.9 0.6 95.4 5.61 5.61 1.43 1 0.62 5.61 5.61 5.61 5.61
-6.413 -48.536 XA 2026-09-21_12:15 -999.9 -999.9 -999.9 -999.9 -999.9 -999.9 -999.9 -999.9 -999.9 -999.9 -999.9 -999.9 -999.9 -999.9 -999.9 -999.9 0.0 0.0 0.0 0.0 0.0 0.0 -999.9 -999.9 -999.9 -999.9 -999.9 SGB/CPRM_-_Xambioá_(118_m) -999.9 -999.9 -999.9 -999.9 -999.9 -999.9 -999.9 -999.9 Brasil SGB/CPRM -999.9 0.0 0.0 1.34 1.4 1.34 -1 -0.01 1.42 1.44 1.46 1.51
-28.48972 -50.93611 02850045 2026-09-21_11:45 -999.9 -999.9 -999.9 -999.9 -999.9 -999.9 -999.9 -999.9 -999.9 -999.9 -999.9 -999.9 -999.9 -999.9 -999.9 -999.9 0.0 0.0 0.0 0.0 0.0 0.0 -999.9 -999.9 -999.9 -999.9 -999.9 SGB/CPRM_-_Vacaria_(958_m) -999.9 -999.9 -999.9 -999.9 -999.9 -999.9 -999.9 -999.9 Brasil SGB/CPRM -999.9 0.0 0.0 0 0.01 0 0 0 0.04 0.04 0.04 0.04
-28.80388 -52.38166 02852004 2026-09-21_11:45 -999.9 -999.9 -999.9 -999.9 -999.9 -999.9 -999.9 -999.9 -999.9 -999.9 -999.9 -999.9 -999.9 -999.9 -999.9 -999.9 0.0 0.0 0.0 0.0 0.0 0.0 -999.9 -999.9 -999.9 -999.9 -999.9 SGB/CPRM_-_Auler_(676_m) -999.9 -999.9 -999.9 -999.9 -999.9 -999.9 -999.9 -999.9 Brasil SGB/CPRM -999.9 0.0 0.0 0.02 0.14 0 -1 -0.04 0.14 0.14 0.14 0.14
-29.16722 -51.86861 86510000 2026-09-21_12:15 -999.9 -999.9 -999.9 -999.9 -999.9 -999.9 -999.9 -999.9 -999.9 -999.9 -999.9 -999.9 -999.9 -999.9 -999.9 -999.9 5.8 118.8 122.2 135.2 135.2 135.2 -999.9 -999.9 -999.9 -999.9 -999.9 SGB/CPRM_-_Muçum_(57_m) -999.9 -999.9 -999.9 -999.9 -999.9 -999.9 -999.9 -999.9 Brasil SGB/CPRM -999.9 4.2 118.8 7.2 7.2 3.92 1 0.55 7.2 7.2 7.2 7.2
-28.84444 -51.87916 02851044 2026-09-21_11:30 -999.9 -999.9 -999.9 -999.9 -999.9 -999.9 -999.9 -999.9 -999.9 -999.9 -999.9 -999.9 -999.9 -999.9 -999.9 -999.9 0.0 0.0 0.0 0.0 0.0 0.0 -999.9 -999.9 -999.9 -999.9 -999.9 SGB/CPRM_-_Guaporé_(525_m) -999.9 -999.9 -999.9 -999.9 -999.9 -999.9 -999.9 -999.9 Brasil SGB/CPRM -999.9 0.0 0.0 0 0.2 0 -1 -0.04 0.2 0.2 0.2 0.2
-5.7894 -47.4689 DT 2026-09-21_11:15 -999.9 -999.9 -999.9 -999.9 -999.9 -999.9 -999.9 -999.9 -999.9 -999.9 -999.9 -999.9 -999.9 -999.9 -999.9 -999.9 0.0 0.0 0.0 0.0 0.0 0.0 -999.9 -999.9 -999.9 -999.9 -999.9 SGB/CPRM_-_Descarreto_(158_m) -999.9 -999.9 -999.9 -999.9 -999.9 -999.9 -999.9 -999.9 Brasil SGB/CPRM -999.9 0.0 0.0 0.64 0.7 0.64 -1 -0.01 0.83 0.87 1.23 1.29
-30.0211 -51.2211 87450004 2026-09-21_11:00 -999.9 -999.9 -999.9 -999.9 -999.9 -999.9 -999.9 -999.9 -999.9 -999.9 -999.9 -999.9 -999.9 -999.9 -999.9 -999.9 3.4 46.0 53.8 63.0 63.0 63.0 -999.9 -999.9 -999.9 -999.9 -999.9 SGB/CPRM_-_Cais_Mauá_C6_(3_m) -999.9 -999.9 -999.9 -999.9 -999.9 -999.9 -999.9 -999.9 Brasil SGB/CPRM -999.9 3.4 46.0 1.23 1.35 1.2 -1 -0.03 1.35 1.38 1.45 1.63
-11.6181 -50.6625 SF 2026-09-21_12:15 -999.9 -999.9 -999.9 -999.9 -999.9 -999.9 -999.9 -999.9 -999.9 -999.9 -999.9 -999.9 -999.9 -999.9 -999.9 -999.9 0.0 0.0 0.0 0.0 0.0 0.0 -999.9 -999.9 -999.9 -999.9 -999.9 SGB/CPRM_-_São_Félix_do_Araguaia_(226_m) -999.9 -999.9 -999.9 -999.9 -999.9 -999.9 -999.9 -999.9 Brasil SGB/CPRM -999.9 0.0 0.0 3.17 3.17 3.16 0 0 3.17 3.17 3.18 3.18
-28.38111 -51.63305 02851072 2026-09-21_11:45 -999.9 -999.9 -999.9 -999.9 -999.9 -999.9 -999.9 -999.9 -999.9 -999.9 -999.9 -999.9 -999.9 -999.9 -999.9 -999.9 0.0 0.0 0.0 0.0 0.0 0.0 -999.9 -999.9 -999.9 -999.9 -999.9 SGB/CPRM_-_Ibiraiaras_(837_m) -999.9 -999.9 -999.9 -999.9 -999.9 -999.9 -999.9 -999.9 Brasil SGB/CPRM -999.9 0.0 0.0 0 0.02 0 0 -0.01 0.04 0.04 0.04 0.04
-29.80694 -51.87583 86950000 2026-09-21_11:45 -999.9 -999.9 -999.9 -999.9 -999.9 -999.9 -999.9 -999.9 -999.9 -999.9 -999.9 -999.9 -999.9 -999.9 -999.9 -999.9 3.0 73.0 77.6 84.4 84.4 84.6 -999.9 -999.9 -999.9 -999.9 -999.9 SGB/CPRM_-_Taquari_(4_m) -999.9 -999.9 -999.9 -999.9 -999.9 -999.9 -999.9 -999.9 Brasil SGB/CPRM -999.9 0.4 73.0 3.42 3.42 3.04 1 0.06 3.42 3.42 3.42 3.75
-29.09777 -51.69972 86472000 2026-09-21_11:30 -999.9 -999.9 -999.9 -999.9 -999.9 -999.9 -999.9 -999.9 -999.9 -999.9 -999.9 -999.9 -999.9 -999.9 -999.9 -999.9 8.8 118.8 122.2 146.6 146.6 146.6 -999.9 -999.9 -999.9 -999.9 -999.9 SGB/CPRM_-_Linha_José_Júlio_(82_m) -999.9 -999.9 -999.9 -999.9 -999.9 -999.9 -999.9 -999.9 Brasil SGB/CPRM -999.9 0.6 118.8 6.92 6.92 5.06 -1 0.02 6.92 6.92 6.92 6.92
-29.455 -51.30611 87165001 2026-09-21_12:00 -999.9 -999.9 -999.9 -999.9 -999.9 -999.9 -999.9 -999.9 -999.9 -999.9 -999.9 -999.9 -999.9 -999.9 -999.9 -999.9 0.6 75.2 90.4 101.6 101.6 101.6 -999.9 -999.9 -999.9 -999.9 -999.9 SGB/CPRM_-_Feliz_(25_m) -999.9 -999.9 -999.9 -999.9 -999.9 -999.9 -999.9 -999.9 Brasil SGB/CPRM -999.9 0.0 75.2 7.24 7.24 2.13 1 0.89 7.24 7.24 7.24 7.24
-5.338 -49.124 MB 2026-09-21_11:15 -999.9 -999.9 -999.9 -999.9 -999.9 -999.9 -999.9 -999.9 -999.9 -999.9 -999.9 -999.9 -999.9 -999.9 -999.9 -999.9 0.0 0.0 0.0 0.0 0.0 0.0 -999.9 -999.9 -999.9 -999.9 -999.9 SGB/CPRM_-_Marabá_(70_m) -999.9 -999.9 -999.9 -999.9 -999.9 -999.9 -999.9 -999.9 Brasil SGB/CPRM -999.9 0.0 0.0 2.08 2.14 2.08 0 0 2.16 2.16 2.16 2.16
-29.33555 -51.18888 87160000 2026-09-21_12:15 -999.9 -999.9 -999.9 -999.9 -999.9 -999.9 -999.9 -999.9 -999.9 -999.9 -999.9 -999.9 -999.9 -999.9 -999.9 -999.9 2.6 105.6 116.8 130.2 130.2 130.2 -999.9 -999.9 -999.9 -999.9 -999.9 SGB/CPRM_-_Nova_Palmira_(52_m) -999.9 -999.9 -999.9 -999.9 -999.9 -999.9 -999.9 -999.9 Brasil SGB/CPRM -999.9 0.2 105.6 6.13 6.13 1.89 1 0.47 6.13 6.13 6.13 6.13
-30.1075 -51.3111 87242000 2026-09-21_11:45 -999.9 -999.9 -999.9 -999.9 -999.9 -999.9 -999.9 -999.9 -999.9 -999.9 -999.9 -999.9 -999.9 -999.9 -999.9 -999.9 2.4 45.6 50.6 57.2 57.2 57.2 -999.9 -999.9 -999.9 -999.9 -999.9 SGB/CPRM_-_Terminal_CATSUL_Guaíba_(1_m) -999.9 -999.9 -999.9 -999.9 -999.9 -999.9 -999.9 -999.9 Brasil SGB/CPRM -999.9 0.2 45.6 1.19 1.35 1.17 0 -0.01 1.35 1.36 1.43 1.6
-29.9803 -50.7439 87398750 2026-09-21_11:00 -999.9 -999.9 -999.9 -999.9 -999.9 -999.9 -999.9 -999.9 -999.9 -999.9 -999.9 -999.9 -999.9 -999.9 -999.9 -999.9 0.0 0.8 0.8 0.8 0.8 0.8 -999.9 -999.9 -999.9 -999.9 -999.9 SGB/CPRM_-_4_Irmãos_Canal_Gravataí_(4_m) -999.9 -999.9 -999.9 -999.9 -999.9 -999.9 -999.9 -999.9 Brasil SGB/CPRM -999.9 0.0 0.8 2.53 2.53 1.48 1 0.12 2.53 2.53 2.53 2.53
-8.8028 -49.5555 AC 2026-09-21_11:30 -999.9 -999.9 -999.9 -999.9 -999.9 -999.9 -999.9 -999.9 -999.9 -999.9 -999.9 -999.9 -999.9 -999.9 -999.9 -999.9 0.0 0.0 0.0 0.0 0.0 0.0 -999.9 -999.9 -999.9 -999.9 -999.9 SGB/CPRM_-_Araguacema_(168_m) -999.9 -999.9 -999.9 -999.9 -999.9 -999.9 -999.9 -999.9 Brasil SGB/CPRM -999.9 0.0 0.0 2.22 2.22 2.2 0 0 2.22 2.22 2.22 2.22
-29.47333 -51.96222 86879300 2026-09-21_12:15 -999.9 -999.9 -999.9 -999.9 -999.9 -999.9 -999.9 -999.9 -999.9 -999.9 -999.9 -999.9 -999.9 -999.9 -999.9 -999.9 3.0 71.6 72.6 82.2 82.2 82.2 -999.9 -999.9 -999.9 -999.9 -999.9 SGB/CPRM_-_Estrela_(16_m) -999.9 -999.9 -999.9 -999.9 -999.9 -999.9 -999.9 -999.9 Brasil SGB/CPRM -999.9 1.0 71.6 14.64 14.64 12.81 1 0.45 14.64 14.64 14.64 14.64
-29.60805 -51.95111 86881000 2026-09-21_11:30 -999.9 -999.9 -999.9 -999.9 -999.9 -999.9 -999.9 -999.9 -999.9 -999.9 -999.9 -999.9 -999.9 -999.9 -999.9 -999.9 2.2 73.4 73.8 82.4 82.4 82.4 -999.9 -999.9 -999.9 -999.9 -999.9 SGB/CPRM_-_Bom_Retiro_do_Sul_Montante_(15_m) -999.9 -999.9 -999.9 -999.9 -999.9 -999.9 -999.9 -999.9 Brasil SGB/CPRM -999.9 0.4 73.4 6.9 6.9 3.58 1 0.96 6.9 6.9 6.9 6.9
-30.1942 -53.5633 85623010 2026-09-21_11:45 -999.9 -999.9 -999.9 -999.9 -999.9 -999.9 -999.9 -999.9 -999.9 -999.9 -999.9 -999.9 -999.9 -999.9 -999.9 -999.9 0.0 0.0 0.2 0.4 0.4 0.4 -999.9 -999.9 -999.9 -999.9 -999.9 SGB/CPRM_-_Camping_São_Sepé_CPRM_(75_m) -999.9 -999.9 -999.9 -999.9 -999.9 -999.9 -999.9 -999.9 Brasil SGB/CPRM -999.9 0.0 0.0 4.7 4.7 1.02 1 0.2 4.7 4.7 4.7 4.7
-29.5072 -51.3556 87168590 2026-09-21_12:00 -999.9 -999.9 -999.9 -999.9 -999.9 -999.9 -999.9 -999.9 -999.9 -999.9 -999.9 -999.9 -999.9 -999.9 -999.9 -999.9 4.0 93.4 100.2 116.8 116.8 116.8 -999.9 -999.9 -999.9 -999.9 -999.9 SGB/CPRM_-_Bom_Princípio_(23_m) -999.9 -999.9 -999.9 -999.9 -999.9 -999.9 -999.9 -999.9 Brasil SGB/CPRM -999.9 3.4 93.4 11.86 11.86 4.7 1 1.19 11.86 11.86 11.86 11.86
-29.69166 -51.04611 8738000 2026-09-21_12:00 -999.9 -999.9 -999.9 -999.9 -999.9 -999.9 -999.9 -999.9 -999.9 -999.9 -999.9 -999.9 -999.9 -999.9 -999.9 -999.9 3.2 65.2 80.2 88.0 88.2 88.2 -999.9 -999.9 -999.9 -999.9 -999.9 SGB/CPRM_-_Campo_Bom_(11_m) -999.9 -999.9 -999.9 -999.9 -999.9 -999.9 -999.9 -999.9 Brasil SGB/CPRM -999.9 1.2 65.2 5.09 5.09 4.25 1 0.09 5.09 5.09 5.09 5.51
-29.23444 -51.855 86720000 2026-09-21_12:15 -999.9 -999.9 -999.9 -999.9 -999.9 -999.9 -999.9 -999.9 -999.9 -999.9 -999.9 -999.9 -999.9 -999.9 -999.9 -999.9 3.2 83.6 84.4 95.8 95.8 95.8 -999.9 -999.9 -999.9 -999.9 -999.9 SGB/CPRM_-_Encantado_(43_m) -999.9 -999.9 -999.9 -999.9 -999.9 -999.9 -999.9 -999.9 Brasil SGB/CPRM -999.9 3.0 83.6 5.63 5.63 1.75 1 0.68 5.63 5.63 5.63 5.63
-13.69 -50.8013 BD 2026-09-21_12:00 -999.9 -999.9 -999.9 -999.9 -999.9 -999.9 -999.9 -999.9 -999.9 -999.9 -999.9 -999.9 -999.9 -999.9 -999.9 -999.9 0.0 0.0 0.0 0.0 0.0 14.4 -999.9 -999.9 -999.9 -999.9 -999.9 SGB/CPRM_-_Bandeirantes_(276_m) -999.9 -999.9 -999.9 -999.9 -999.9 -999.9 -999.9 -999.9 Brasil SGB/CPRM -999.9 0.0 0.0 3.29 3.32 3.29 0 0 3.38 3.44 3.46 3.46
-29.6858 -50.8122 87376000 2026-09-21_09:00 -999.9 -999.9 -999.9 -999.9 -999.9 -999.9 -999.9 -999.9 -999.9 -999.9 -999.9 -999.9 -999.9 -999.9 -999.9 -999.9 0.0 0.0 0.0 0.0 0.0 0.0 -999.9 -999.9 -999.9 -999.9 -999.9 SGB/CPRM_-_Foz_do_Paranhana_(16_m) -999.9 -999.9 -999.9 -999.9 -999.9 -999.9 -999.9 -999.9 Brasil SGB/CPRM -999.9 0.0 0.0 3.78 3.78 1.91 1 0.33 3.78 3.78 3.78 3.78
-29.70111 -51.44111 87270000 2026-09-21_12:15 -999.9 -999.9 -999.9 -999.9 -999.9 -999.9 -999.9 -999.9 -999.9 -999.9 -999.9 -999.9 -999.9 -999.9 -999.9 -999.9 4.6 84.2 91.4 100.4 100.4 100.4 -999.9 -999.9 -999.9 -999.9 -999.9 SGB/CPRM_-_Passo_Montenegro_(10_m) -999.9 -999.9 -999.9 -999.9 -999.9 -999.9 -999.9 -999.9 Brasil SGB/CPRM -999.9 1.8 84.2 3.82 3.82 2.47 1 0.36 3.82 3.82 3.82 3.82
-30.00777 -53.01555 85642000 2026-09-21_12:00 -999.9 -999.9 -999.9 -999.9 -999.9 -999.9 -999.9 -999.9 -999.9 -999.9 -999.9 -999.9 -999.9 -999.9 -999.9 -999.9 2.0 77.2 77.6 90.8 90.8 90.8 -999.9 -999.9 -999.9 -999.9 -999.9 SGB/CPRM_-_Passo_São_Lourenço_(28_m) -999.9 -999.9 -999.9 -999.9 -999.9 -999.9 -999.9 -999.9 Brasil SGB/CPRM -999.9 0.4 77.2 2.42 2.42 2.01 1 0.18 2.64 2.77 2.98 4.35
-29.86464 -51.36369 87300000 2026-09-21_12:00 -999.9 -999.9 -999.9 -999.9 -999.9 -999.9 -999.9 -999.9 -999.9 -999.9 -999.9 -999.9 -999.9 -999.9 -999.9 -999.9 6.2 67.6 74.6 83.0 83.0 83.0 -999.9 -999.9 -999.9 -999.9 -999.9 SGB/CPRM_-_Passo_do_Caí_(3_m) -999.9 -999.9 -999.9 -999.9 -999.9 -999.9 -999.9 -999.9 Brasil SGB/CPRM -999.9 2.2 67.6 1.65 1.65 1.46 0 0.01 1.65 1.65 1.66 1.94
-29.4614 -51.14 87189000 2026-09-21_12:00 -999.9 -999.9 -999.9 -999.9 -999.9 -999.9 -999.9 -999.9 -999.9 -999.9 -999.9 -999.9 -999.9 -999.9 -999.9 -999.9 2.6 103.4 125.8 139.0 139.0 139.0 -999.9 -999.9 -999.9 -999.9 -999.9 SGB/CPRM_-_Picada_Café_(75_m) -999.9 -999.9 -999.9 -999.9 -999.9 -999.9 -999.9 -999.9 Brasil SGB/CPRM -999.9 2.6 103.4 5.99 6.02 3.86 0 0 6.02 6.02 6.02 6.02
-29.9419 -51.6942 87010000 2026-09-21_12:00 -999.9 -999.9 -999.9 -999.9 -999.9 -999.9 -999.9 -999.9 -999.9 -999.9 -999.9 -999.9 -999.9 -999.9 -999.9 -999.9 4.0 80.6 86.8 98.4 98.4 98.4 -999.9 -999.9 -999.9 -999.9 -999.9 SGB/CPRM_-_Triunfo_(4_m) -999.9 -999.9 -999.9 -999.9 -999.9 -999.9 -999.9 -999.9 Brasil SGB/CPRM -999.9 4.0 80.6 1.95 1.95 1.75 0 0.02 1.95 2 2.06 2.25
-5.6344 -48.1297 AT 2026-09-21_11:30 -999.9 -999.9 -999.9 -999.9 -999.9 -999.9 -999.9 -999.9 -999.9 -999.9 -999.9 -999.9 -999.9 -999.9 -999.9 -999.9 0.0 0.0 0.0 0.0 0.0 0.0 -999.9 -999.9 -999.9 -999.9 -999.9 SGB/CPRM_-_Araguatins_(98_m) -999.9 -999.9 -999.9 -999.9 -999.9 -999.9 -999.9 -999.9 Brasil SGB/CPRM -999.9 0.0 0.0 2.4 2.43 2.39 1 0.01 2.43 2.44 2.45 2.46
-29.52888 -51.03694 02951142 2026-09-21_11:45 -999.9 -999.9 -999.9 -999.9 -999.9 -999.9 -999.9 -999.9 -999.9 -999.9 -999.9 -999.9 -999.9 -999.9 -999.9 -999.9 0.0 0.0 0.0 0.0 0.0 0.0 -999.9 -999.9 -999.9 -999.9 -999.9 SGB/CPRM_-_Morro_Reuter_(673_m) -999.9 -999.9 -999.9 -999.9 -999.9 -999.9 -999.9 -999.9 Brasil SGB/CPRM -999.9 0.0 0.0 0.01 0.13 0.01 -1 -0.01 0.13 0.13 0.13 0.13
-29.9683 -51.0367 87401750 2026-09-21_12:00 -999.9 -999.9 -999.9 -999.9 -999.9 -999.9 -999.9 -999.9 -999.9 -999.9 -999.9 -999.9 -999.9 -999.9 -999.9 -999.9 4.6 52.8 62.2 71.8 71.8 71.8 -999.9 -999.9 -999.9 -999.9 -999.9 SGB/CPRM_-_CORSAN_Alvorada_(3_m) -999.9 -999.9 -999.9 -999.9 -999.9 -999.9 -999.9 -999.9 Brasil SGB/CPRM -999.9 4.6 52.8 2.9 2.9 2.71 1 0.03 2.9 2.9 2.9 2.9
-29.17805 -51.73222 86472600 2026-09-21_11:45 -999.9 -999.9 -999.9 -999.9 -999.9 -999.9 -999.9 -999.9 -999.9 -999.9 -999.9 -999.9 -999.9 -999.9 -999.9 -999.9 2.6 147.8 158.8 173.8 173.8 173.8 -999.9 -999.9 -999.9 -999.9 -999.9 SGB/CPRM_-_Santa_Tereza_(74_m) -999.9 -999.9 -999.9 -999.9 -999.9 -999.9 -999.9 -999.9 Brasil SGB/CPRM -999.9 0.4 147.8 6.33 6.33 3.75 1 0.42 6.33 6.33 6.33 6.33
-29.791 -50.4338 87318000 2026-09-21_11:00 -999.9 -999.9 -999.9 -999.9 -999.9 -999.9 -999.9 -999.9 -999.9 -999.9 -999.9 -999.9 -999.9 -999.9 -999.9 -999.9 7.4 46.6 68.2 75.8 75.8 75.8 -999.9 -999.9 -999.9 -999.9 -999.9 SGB/CPRM_-_Arroio_Caraá_(39_m) -999.9 -999.9 -999.9 -999.9 -999.9 -999.9 -999.9 -999.9 Brasil SGB/CPRM -999.9 7.4 46.6 2.93 2.93 1.59 1 0.11 2.93 2.93 2.93 2.93
-15.8916 -52.228 BG 2026-09-21_11:30 -999.9 -999.9 -999.9 -999.9 -999.9 -999.9 -999.9 -999.9 -999.9 -999.9 -999.9 -999.9 -999.9 -999.9 -999.9 -999.9 0.0 0.0 0.0 0.0 0.0 0.0 -999.9 -999.9 -999.9 -999.9 -999.9 SGB/CPRM_-_Barra_do_Garças_(290_m) -999.9 -999.9 -999.9 -999.9 -999.9 -999.9 -999.9 -999.9 Brasil SGB/CPRM -999.9 0.0 0.0 0.79 0.81 0.79 -1 -0.01 0.83 0.83 0.85 0.92
-29.59055 -51.31361 87230000 2026-09-21_11:30 -999.9 -999.9 -999.9 -999.9 -999.9 -999.9 -999.9 -999.9 -999.9 -999.9 -999.9 -999.9 -999.9 -999.9 -999.9 -999.9 4.6 81.8 89.8 97.2 97.4 97.4 -999.9 -999.9 -999.9 -999.9 -999.9 SGB/CPRM_-_Costa_do_Rio_Cadeia_Montante_(12_m) -999.9 -999.9 -999.9 -999.9 -999.9 -999.9 -999.9 -999.9 Brasil SGB/CPRM -999.9 1.2 81.8 5.84 5.84 3.16 1 0.3 5.84 5.84 5.84 5.84
-29.39972 -51.25361 87163000 2026-09-21_11:00 -999.9 -999.9 -999.9 -999.9 -999.9 -999.9 -999.9 -999.9 -999.9 -999.9 -999.9 -999.9 -999.9 -999.9 -999.9 -999.9 3.6 72.2 77.8 94.0 94.0 95.0 -999.9 -999.9 -999.9 -999.9 -999.9 SGB/CPRM_-_Vale_Real_(47_m) -999.9 -999.9 -999.9 -999.9 -999.9 -999.9 -999.9 -999.9 Brasil SGB/CPRM -999.9 0.4 72.2 9.02 9.02 3.29 1 0.86 9.02 9.02 9.02 9.02
-29.62694 -53.35277 85400000 2026-09-21_11:45 -999.9 -999.9 -999.9 -999.9 -999.9 -999.9 -999.9 -999.9 -999.9 -999.9 -999.9 -999.9 -999.9 -999.9 -999.9 -999.9 0.0 0.0 0.0 0.0 0.0 0.0 -999.9 -999.9 -999.9 -999.9 -999.9 SGB/CPRM_-_Dona_Francisca_(42_m) -999.9 -999.9 -999.9 -999.9 -999.9 -999.9 -999.9 -999.9 Brasil SGB/CPRM -999.9 0.0 0.0 3.05 3.05 2.05 1 0.12 3.05 3.38 3.55 4.13
-29.75888 -51.14833 8738200 2026-09-21_12:15 -999.9 -999.9 -999.9 -999.9 -999.9 -999.9 -999.9 -999.9 -999.9 -999.9 -999.9 -999.9 -999.9 -999.9 -999.9 -999.9 3.4 68.6 76.8 83.0 83.0 83.0 -999.9 -999.9 -999.9 -999.9 -999.9 SGB/CPRM_-_São_Leopoldo_(6_m) -999.9 -999.9 -999.9 -999.9 -999.9 -999.9 -999.9 -999.9 Brasil SGB/CPRM -999.9 1.0 68.6 3.23 3.23 2.76 1 0.03 3.23 3.23 3.41 3.66
