-28.84888 -51.8325 86500000 2026-07-29_00:00 -999.9 -999.9 -999.9 -999.9 -999.9 -999.9 -999.9 -999.9 -999.9 -999.9 -999.9 -999.9 -999.9 -999.9 -999.9 -999.9 0.4 0.4 117.6 131.2 132.4 133.4 -999.9 -999.9 -999.9 -999.9 -999.9 SGB/CPRM_-_Passo_Carreiro_(259_m) -999.9 -999.9 -999.9 -999.9 -999.9 -999.9 -999.9 -999.9 Brasil SGB/CPRM -999.9 0.4 0.4 6.38 6.38 6.38 1 0.21 6.38 6.38 6.38 6.38
-28.84888 -51.8325 86500000 2026-07-29_00:15 -999.9 -999.9 -999.9 -999.9 -999.9 -999.9 -999.9 -999.9 -999.9 -999.9 -999.9 -999.9 -999.9 -999.9 -999.9 -999.9 0.6 0.6 117.8 131.4 132.6 133.6 -999.9 -999.9 -999.9 -999.9 -999.9 SGB/CPRM_-_Passo_Carreiro_(259_m) -999.9 -999.9 -999.9 -999.9 -999.9 -999.9 -999.9 -999.9 Brasil SGB/CPRM -999.9 0.2 0.6 6.42 6.42 6.38 1 0.18 6.42 6.42 6.42 6.42
-28.84888 -51.8325 86500000 2026-07-29_00:30 -999.9 -999.9 -999.9 -999.9 -999.9 -999.9 -999.9 -999.9 -999.9 -999.9 -999.9 -999.9 -999.9 -999.9 -999.9 -999.9 4.4 4.4 121.6 135.2 136.4 137.4 -999.9 -999.9 -999.9 -999.9 -999.9 SGB/CPRM_-_Passo_Carreiro_(259_m) -999.9 -999.9 -999.9 -999.9 -999.9 -999.9 -999.9 -999.9 Brasil SGB/CPRM -999.9 3.8 4.4 6.44 6.44 6.38 1 0.15 6.44 6.44 6.44 6.44
-28.84888 -51.8325 86500000 2026-07-29_00:45 -999.9 -999.9 -999.9 -999.9 -999.9 -999.9 -999.9 -999.9 -999.9 -999.9 -999.9 -999.9 -999.9 -999.9 -999.9 -999.9 5.6 5.6 122.8 136.4 137.6 138.6 -999.9 -999.9 -999.9 -999.9 -999.9 SGB/CPRM_-_Passo_Carreiro_(259_m) -999.9 -999.9 -999.9 -999.9 -999.9 -999.9 -999.9 -999.9 Brasil SGB/CPRM -999.9 1.2 5.6 6.45 6.45 6.38 1 0.11 6.45 6.45 6.45 6.45
-28.84888 -51.8325 86500000 2026-07-29_01:00 -999.9 -999.9 -999.9 -999.9 -999.9 -999.9 -999.9 -999.9 -999.9 -999.9 -999.9 -999.9 -999.9 -999.9 -999.9 -999.9 6.6 7.0 124.2 137.8 139.0 140.0 -999.9 -999.9 -999.9 -999.9 -999.9 SGB/CPRM_-_Passo_Carreiro_(259_m) -999.9 -999.9 -999.9 -999.9 -999.9 -999.9 -999.9 -999.9 Brasil SGB/CPRM -999.9 1.4 7.0 6.45 6.45 6.38 1 0.07 6.45 6.45 6.45 6.45
-28.84888 -51.8325 86500000 2026-07-29_01:15 -999.9 -999.9 -999.9 -999.9 -999.9 -999.9 -999.9 -999.9 -999.9 -999.9 -999.9 -999.9 -999.9 -999.9 -999.9 -999.9 11.8 12.4 129.6 143.2 144.4 145.4 -999.9 -999.9 -999.9 -999.9 -999.9 SGB/CPRM_-_Passo_Carreiro_(259_m) -999.9 -999.9 -999.9 -999.9 -999.9 -999.9 -999.9 -999.9 Brasil SGB/CPRM -999.9 5.4 12.4 6.45 6.45 6.38 1 0.03 6.45 6.45 6.45 6.45
-28.84888 -51.8325 86500000 2026-07-29_01:30 -999.9 -999.9 -999.9 -999.9 -999.9 -999.9 -999.9 -999.9 -999.9 -999.9 -999.9 -999.9 -999.9 -999.9 -999.9 -999.9 16.4 20.8 138.0 151.6 152.8 153.8 -999.9 -999.9 -999.9 -999.9 -999.9 SGB/CPRM_-_Passo_Carreiro_(259_m) -999.9 -999.9 -999.9 -999.9 -999.9 -999.9 -999.9 -999.9 Brasil SGB/CPRM -999.9 8.4 20.8 6.47 6.47 6.38 1 0.03 6.47 6.47 6.47 6.47
-28.84888 -51.8325 86500000 2026-07-29_01:45 -999.9 -999.9 -999.9 -999.9 -999.9 -999.9 -999.9 -999.9 -999.9 -999.9 -999.9 -999.9 -999.9 -999.9 -999.9 -999.9 17.2 22.8 140.0 153.6 154.8 155.8 -999.9 -999.9 -999.9 -999.9 -999.9 SGB/CPRM_-_Passo_Carreiro_(259_m) -999.9 -999.9 -999.9 -999.9 -999.9 -999.9 -999.9 -999.9 Brasil SGB/CPRM -999.9 2.0 22.8 6.52 6.52 6.38 1 0.07 6.52 6.52 6.52 6.52
-28.84888 -51.8325 86500000 2026-07-29_02:00 -999.9 -999.9 -999.9 -999.9 -999.9 -999.9 -999.9 -999.9 -999.9 -999.9 -999.9 -999.9 -999.9 -999.9 -999.9 -999.9 17.4 24.4 141.6 155.2 156.4 157.4 -999.9 -999.9 -999.9 -999.9 -999.9 SGB/CPRM_-_Passo_Carreiro_(259_m) -999.9 -999.9 -999.9 -999.9 -999.9 -999.9 -999.9 -999.9 Brasil SGB/CPRM -999.9 1.6 24.4 6.54 6.54 6.38 1 0.09 6.54 6.54 6.54 6.54
-28.84888 -51.8325 86500000 2026-07-29_02:15 -999.9 -999.9 -999.9 -999.9 -999.9 -999.9 -999.9 -999.9 -999.9 -999.9 -999.9 -999.9 -999.9 -999.9 -999.9 -999.9 13.8 26.2 143.4 157.0 158.2 159.2 -999.9 -999.9 -999.9 -999.9 -999.9 SGB/CPRM_-_Passo_Carreiro_(259_m) -999.9 -999.9 -999.9 -999.9 -999.9 -999.9 -999.9 -999.9 Brasil SGB/CPRM -999.9 1.8 26.2 6.59 6.59 6.38 1 0.14 6.59 6.59 6.59 6.59
-28.84888 -51.8325 86500000 2026-07-29_02:30 -999.9 -999.9 -999.9 -999.9 -999.9 -999.9 -999.9 -999.9 -999.9 -999.9 -999.9 -999.9 -999.9 -999.9 -999.9 -999.9 6.6 27.4 144.6 158.2 159.4 160.4 -999.9 -999.9 -999.9 -999.9 -999.9 SGB/CPRM_-_Passo_Carreiro_(259_m) -999.9 -999.9 -999.9 -999.9 -999.9 -999.9 -999.9 -999.9 Brasil SGB/CPRM -999.9 1.2 27.4 6.64 6.64 6.38 1 0.17 6.64 6.64 6.64 6.64
-28.84888 -51.8325 86500000 2026-07-29_02:45 -999.9 -999.9 -999.9 -999.9 -999.9 -999.9 -999.9 -999.9 -999.9 -999.9 -999.9 -999.9 -999.9 -999.9 -999.9 -999.9 5.8 28.6 145.8 159.4 160.6 161.6 -999.9 -999.9 -999.9 -999.9 -999.9 SGB/CPRM_-_Passo_Carreiro_(259_m) -999.9 -999.9 -999.9 -999.9 -999.9 -999.9 -999.9 -999.9 Brasil SGB/CPRM -999.9 1.2 28.6 6.65 6.65 6.38 1 0.13 6.65 6.65 6.65 6.65
-28.84888 -51.8325 86500000 2026-07-29_03:00 -999.9 -999.9 -999.9 -999.9 -999.9 -999.9 -999.9 -999.9 -999.9 -999.9 -999.9 -999.9 -999.9 -999.9 -999.9 -999.9 5.0 29.4 146.6 160.2 161.4 162.4 -999.9 -999.9 -999.9 -999.9 -999.9 SGB/CPRM_-_Passo_Carreiro_(259_m) -999.9 -999.9 -999.9 -999.9 -999.9 -999.9 -999.9 -999.9 Brasil SGB/CPRM -999.9 0.8 29.4 6.66 6.66 6.38 1 0.12 6.66 6.66 6.66 6.66
-28.84888 -51.8325 86500000 2026-07-29_03:15 -999.9 -999.9 -999.9 -999.9 -999.9 -999.9 -999.9 -999.9 -999.9 -999.9 -999.9 -999.9 -999.9 -999.9 -999.9 -999.9 4.0 30.2 147.4 161.0 162.2 163.2 -999.9 -999.9 -999.9 -999.9 -999.9 SGB/CPRM_-_Passo_Carreiro_(259_m) -999.9 -999.9 -999.9 -999.9 -999.9 -999.9 -999.9 -999.9 Brasil SGB/CPRM -999.9 0.8 30.2 6.67 6.67 6.38 1 0.08 6.67 6.67 6.67 6.67
-28.84888 -51.8325 86500000 2026-07-29_03:30 -999.9 -999.9 -999.9 -999.9 -999.9 -999.9 -999.9 -999.9 -999.9 -999.9 -999.9 -999.9 -999.9 -999.9 -999.9 -999.9 3.6 31.0 148.2 161.8 163.0 164.0 -999.9 -999.9 -999.9 -999.9 -999.9 SGB/CPRM_-_Passo_Carreiro_(259_m) -999.9 -999.9 -999.9 -999.9 -999.9 -999.9 -999.9 -999.9 Brasil SGB/CPRM -999.9 0.8 31.0 6.68 6.68 6.38 1 0.04 6.68 6.68 6.68 6.68
-28.84888 -51.8325 86500000 2026-07-29_03:45 -999.9 -999.9 -999.9 -999.9 -999.9 -999.9 -999.9 -999.9 -999.9 -999.9 -999.9 -999.9 -999.9 -999.9 -999.9 -999.9 3.6 32.2 149.4 163.0 164.2 165.2 -999.9 -999.9 -999.9 -999.9 -999.9 SGB/CPRM_-_Passo_Carreiro_(259_m) -999.9 -999.9 -999.9 -999.9 -999.9 -999.9 -999.9 -999.9 Brasil SGB/CPRM -999.9 1.2 32.2 6.68 6.68 6.38 1 0.03 6.68 6.68 6.68 6.68
-28.84888 -51.8325 86500000 2026-07-29_04:00 -999.9 -999.9 -999.9 -999.9 -999.9 -999.9 -999.9 -999.9 -999.9 -999.9 -999.9 -999.9 -999.9 -999.9 -999.9 -999.9 5.8 35.2 152.4 166.0 167.2 168.2 -999.9 -999.9 -999.9 -999.9 -999.9 SGB/CPRM_-_Passo_Carreiro_(259_m) -999.9 -999.9 -999.9 -999.9 -999.9 -999.9 -999.9 -999.9 Brasil SGB/CPRM -999.9 3.0 35.2 6.7 6.7 6.38 1 0.04 6.7 6.7 6.7 6.7
-28.84888 -51.8325 86500000 2026-07-29_04:15 -999.9 -999.9 -999.9 -999.9 -999.9 -999.9 -999.9 -999.9 -999.9 -999.9 -999.9 -999.9 -999.9 -999.9 -999.9 -999.9 6.0 36.2 153.4 167.0 168.2 169.2 -999.9 -999.9 -999.9 -999.9 -999.9 SGB/CPRM_-_Passo_Carreiro_(259_m) -999.9 -999.9 -999.9 -999.9 -999.9 -999.9 -999.9 -999.9 Brasil SGB/CPRM -999.9 1.0 36.2 6.74 6.74 6.38 1 0.07 6.74 6.74 6.74 6.74
-28.84888 -51.8325 86500000 2026-07-29_04:30 -999.9 -999.9 -999.9 -999.9 -999.9 -999.9 -999.9 -999.9 -999.9 -999.9 -999.9 -999.9 -999.9 -999.9 -999.9 -999.9 5.8 36.8 154.0 167.6 168.8 169.8 -999.9 -999.9 -999.9 -999.9 -999.9 SGB/CPRM_-_Passo_Carreiro_(259_m) -999.9 -999.9 -999.9 -999.9 -999.9 -999.9 -999.9 -999.9 Brasil SGB/CPRM -999.9 0.6 36.8 6.75 6.75 6.38 1 0.07 6.75 6.75 6.75 6.75
-28.84888 -51.8325 86500000 2026-07-29_04:45 -999.9 -999.9 -999.9 -999.9 -999.9 -999.9 -999.9 -999.9 -999.9 -999.9 -999.9 -999.9 -999.9 -999.9 -999.9 -999.9 5.0 37.2 154.4 168.0 169.2 170.2 -999.9 -999.9 -999.9 -999.9 -999.9 SGB/CPRM_-_Passo_Carreiro_(259_m) -999.9 -999.9 -999.9 -999.9 -999.9 -999.9 -999.9 -999.9 Brasil SGB/CPRM -999.9 0.4 37.2 6.76 6.76 6.38 1 0.08 6.76 6.76 6.76 6.76
-28.84888 -51.8325 86500000 2026-07-29_05:00 -999.9 -999.9 -999.9 -999.9 -999.9 -999.9 -999.9 -999.9 -999.9 -999.9 -999.9 -999.9 -999.9 -999.9 -999.9 -999.9 3.0 38.2 155.4 169.0 170.2 171.2 -999.9 -999.9 -999.9 -999.9 -999.9 SGB/CPRM_-_Passo_Carreiro_(259_m) -999.9 -999.9 -999.9 -999.9 -999.9 -999.9 -999.9 -999.9 Brasil SGB/CPRM -999.9 1.0 38.2 6.8 6.8 6.38 1 0.1 6.8 6.8 6.8 6.8
-28.84888 -51.8325 86500000 2026-07-29_05:15 -999.9 -999.9 -999.9 -999.9 -999.9 -999.9 -999.9 -999.9 -999.9 -999.9 -999.9 -999.9 -999.9 -999.9 -999.9 -999.9 2.8 39.0 156.2 169.8 171.0 172.0 -999.9 -999.9 -999.9 -999.9 -999.9 SGB/CPRM_-_Passo_Carreiro_(259_m) -999.9 -999.9 -999.9 -999.9 -999.9 -999.9 -999.9 -999.9 Brasil SGB/CPRM -999.9 0.8 39.0 6.82 6.82 6.38 1 0.08 6.82 6.82 6.82 6.82
-28.84888 -51.8325 86500000 2026-07-29_05:30 -999.9 -999.9 -999.9 -999.9 -999.9 -999.9 -999.9 -999.9 -999.9 -999.9 -999.9 -999.9 -999.9 -999.9 -999.9 -999.9 2.4 39.2 156.4 170.0 171.2 172.2 -999.9 -999.9 -999.9 -999.9 -999.9 SGB/CPRM_-_Passo_Carreiro_(259_m) -999.9 -999.9 -999.9 -999.9 -999.9 -999.9 -999.9 -999.9 Brasil SGB/CPRM -999.9 0.2 39.2 6.85 6.85 6.38 1 0.1 6.85 6.85 6.85 6.85
-28.84888 -51.8325 86500000 2026-07-29_05:45 -999.9 -999.9 -999.9 -999.9 -999.9 -999.9 -999.9 -999.9 -999.9 -999.9 -999.9 -999.9 -999.9 -999.9 -999.9 -999.9 2.2 39.4 156.6 170.2 171.4 172.4 -999.9 -999.9 -999.9 -999.9 -999.9 SGB/CPRM_-_Passo_Carreiro_(259_m) -999.9 -999.9 -999.9 -999.9 -999.9 -999.9 -999.9 -999.9 Brasil SGB/CPRM -999.9 0.2 39.4 6.86 6.86 6.38 1 0.1 6.86 6.86 6.86 6.86
-28.84888 -51.8325 86500000 2026-07-29_06:00 -999.9 -999.9 -999.9 -999.9 -999.9 -999.9 -999.9 -999.9 -999.9 -999.9 -999.9 -999.9 -999.9 -999.9 -999.9 -999.9 1.8 40.0 157.2 170.8 172.0 173.0 -999.9 -999.9 -999.9 -999.9 -999.9 SGB/CPRM_-_Passo_Carreiro_(259_m) -999.9 -999.9 -999.9 -999.9 -999.9 -999.9 -999.9 -999.9 Brasil SGB/CPRM -999.9 0.6 40.0 6.9 6.9 6.38 1 0.1 6.9 6.9 6.9 6.9
-28.84888 -51.8325 86500000 2026-07-29_06:15 -999.9 -999.9 -999.9 -999.9 -999.9 -999.9 -999.9 -999.9 -999.9 -999.9 -999.9 -999.9 -999.9 -999.9 -999.9 -999.9 2.0 41.0 158.2 171.8 173.0 174.0 -999.9 -999.9 -999.9 -999.9 -999.9 SGB/CPRM_-_Passo_Carreiro_(259_m) -999.9 -999.9 -999.9 -999.9 -999.9 -999.9 -999.9 -999.9 Brasil SGB/CPRM -999.9 1.0 41.0 6.94 6.94 6.38 1 0.12 6.94 6.94 6.94 6.94
-28.84888 -51.8325 86500000 2026-07-29_06:30 -999.9 -999.9 -999.9 -999.9 -999.9 -999.9 -999.9 -999.9 -999.9 -999.9 -999.9 -999.9 -999.9 -999.9 -999.9 -999.9 2.4 41.6 158.8 172.4 173.6 174.6 -999.9 -999.9 -999.9 -999.9 -999.9 SGB/CPRM_-_Passo_Carreiro_(259_m) -999.9 -999.9 -999.9 -999.9 -999.9 -999.9 -999.9 -999.9 Brasil SGB/CPRM -999.9 0.6 41.6 6.99 6.99 6.38 1 0.14 6.99 6.99 6.99 6.99
-28.84888 -51.8325 86500000 2026-07-29_06:45 -999.9 -999.9 -999.9 -999.9 -999.9 -999.9 -999.9 -999.9 -999.9 -999.9 -999.9 -999.9 -999.9 -999.9 -999.9 -999.9 2.6 42.0 159.2 172.8 174.0 175.0 -999.9 -999.9 -999.9 -999.9 -999.9 SGB/CPRM_-_Passo_Carreiro_(259_m) -999.9 -999.9 -999.9 -999.9 -999.9 -999.9 -999.9 -999.9 Brasil SGB/CPRM -999.9 0.4 42.0 7.01 7.01 6.38 1 0.15 7.01 7.01 7.01 7.01
-28.84888 -51.8325 86500000 2026-07-29_07:00 -999.9 -999.9 -999.9 -999.9 -999.9 -999.9 -999.9 -999.9 -999.9 -999.9 -999.9 -999.9 -999.9 -999.9 -999.9 -999.9 2.2 42.2 159.4 173.0 174.2 175.2 -999.9 -999.9 -999.9 -999.9 -999.9 SGB/CPRM_-_Passo_Carreiro_(259_m) -999.9 -999.9 -999.9 -999.9 -999.9 -999.9 -999.9 -999.9 Brasil SGB/CPRM -999.9 0.2 42.2 7.02 7.02 6.38 1 0.12 7.02 7.02 7.02 7.02
-28.84888 -51.8325 86500000 2026-07-29_07:15 -999.9 -999.9 -999.9 -999.9 -999.9 -999.9 -999.9 -999.9 -999.9 -999.9 -999.9 -999.9 -999.9 -999.9 -999.9 -999.9 1.4 42.4 159.6 173.2 174.4 175.4 -999.9 -999.9 -999.9 -999.9 -999.9 SGB/CPRM_-_Passo_Carreiro_(259_m) -999.9 -999.9 -999.9 -999.9 -999.9 -999.9 -999.9 -999.9 Brasil SGB/CPRM -999.9 0.2 42.4 7.04 7.04 6.38 1 0.1 7.04 7.04 7.04 7.04
-28.84888 -51.8325 86500000 2026-07-29_07:30 -999.9 -999.9 -999.9 -999.9 -999.9 -999.9 -999.9 -999.9 -999.9 -999.9 -999.9 -999.9 -999.9 -999.9 -999.9 -999.9 1.2 42.8 160.0 173.6 174.8 175.8 -999.9 -999.9 -999.9 -999.9 -999.9 SGB/CPRM_-_Passo_Carreiro_(259_m) -999.9 -999.9 -999.9 -999.9 -999.9 -999.9 -999.9 -999.9 Brasil SGB/CPRM -999.9 0.4 42.8 7.02 7.04 6.38 1 0.03 7.04 7.04 7.04 7.04
-28.84888 -51.8325 86500000 2026-07-29_07:45 -999.9 -999.9 -999.9 -999.9 -999.9 -999.9 -999.9 -999.9 -999.9 -999.9 -999.9 -999.9 -999.9 -999.9 -999.9 -999.9 0.8 42.8 160.0 173.6 174.8 175.8 -999.9 -999.9 -999.9 -999.9 -999.9 SGB/CPRM_-_Passo_Carreiro_(259_m) -999.9 -999.9 -999.9 -999.9 -999.9 -999.9 -999.9 -999.9 Brasil SGB/CPRM -999.9 0.0 42.8 7.04 7.04 6.38 1 0.03 7.04 7.04 7.04 7.04
-28.84888 -51.8325 86500000 2026-07-29_08:00 -999.9 -999.9 -999.9 -999.9 -999.9 -999.9 -999.9 -999.9 -999.9 -999.9 -999.9 -999.9 -999.9 -999.9 -999.9 -999.9 0.6 42.8 160.0 173.6 174.8 175.8 -999.9 -999.9 -999.9 -999.9 -999.9 SGB/CPRM_-_Passo_Carreiro_(259_m) -999.9 -999.9 -999.9 -999.9 -999.9 -999.9 -999.9 -999.9 Brasil SGB/CPRM -999.9 0.0 42.8 7.05 7.05 6.38 1 0.03 7.05 7.05 7.05 7.05
-28.84888 -51.8325 86500000 2026-07-29_08:15 -999.9 -999.9 -999.9 -999.9 -999.9 -999.9 -999.9 -999.9 -999.9 -999.9 -999.9 -999.9 -999.9 -999.9 -999.9 -999.9 0.4 42.8 160.0 173.6 174.8 175.8 -999.9 -999.9 -999.9 -999.9 -999.9 SGB/CPRM_-_Passo_Carreiro_(259_m) -999.9 -999.9 -999.9 -999.9 -999.9 -999.9 -999.9 -999.9 Brasil SGB/CPRM -999.9 0.0 42.8 7.05 7.05 6.38 0 0.01 7.05 7.05 7.05 7.05
-28.84888 -51.8325 86500000 2026-07-29_08:30 -999.9 -999.9 -999.9 -999.9 -999.9 -999.9 -999.9 -999.9 -999.9 -999.9 -999.9 -999.9 -999.9 -999.9 -999.9 -999.9 0.0 42.8 160.0 173.6 174.8 175.8 -999.9 -999.9 -999.9 -999.9 -999.9 SGB/CPRM_-_Passo_Carreiro_(259_m) -999.9 -999.9 -999.9 -999.9 -999.9 -999.9 -999.9 -999.9 Brasil SGB/CPRM -999.9 0.0 42.8 7.07 7.07 6.38 1 0.05 7.07 7.07 7.07 7.07
-28.84888 -51.8325 86500000 2026-07-29_08:45 -999.9 -999.9 -999.9 -999.9 -999.9 -999.9 -999.9 -999.9 -999.9 -999.9 -999.9 -999.9 -999.9 -999.9 -999.9 -999.9 0.0 42.8 160.0 173.6 174.8 175.8 -999.9 -999.9 -999.9 -999.9 -999.9 SGB/CPRM_-_Passo_Carreiro_(259_m) -999.9 -999.9 -999.9 -999.9 -999.9 -999.9 -999.9 -999.9 Brasil SGB/CPRM -999.9 0.0 42.8 7.12 7.12 6.38 1 0.08 7.12 7.12 7.12 7.12
-28.84888 -51.8325 86500000 2026-07-29_09:00 -999.9 -999.9 -999.9 -999.9 -999.9 -999.9 -999.9 -999.9 -999.9 -999.9 -999.9 -999.9 -999.9 -999.9 -999.9 -999.9 0.0 42.8 160.0 173.6 174.8 175.8 -999.9 -999.9 -999.9 -999.9 -999.9 SGB/CPRM_-_Passo_Carreiro_(259_m) -999.9 -999.9 -999.9 -999.9 -999.9 -999.9 -999.9 -999.9 Brasil SGB/CPRM -999.9 0.0 42.8 7.1 7.12 6.38 1 0.05 7.12 7.12 7.12 7.12
-28.84888 -51.8325 86500000 2026-07-29_09:15 -999.9 -999.9 -999.9 -999.9 -999.9 -999.9 -999.9 -999.9 -999.9 -999.9 -999.9 -999.9 -999.9 -999.9 -999.9 -999.9 0.0 42.8 160.0 173.6 174.8 175.8 -999.9 -999.9 -999.9 -999.9 -999.9 SGB/CPRM_-_Passo_Carreiro_(259_m) -999.9 -999.9 -999.9 -999.9 -999.9 -999.9 -999.9 -999.9 Brasil SGB/CPRM -999.9 0.0 42.8 7.06 7.12 6.38 1 0.01 7.12 7.12 7.12 7.12
-28.84888 -51.8325 86500000 2026-07-29_09:30 -999.9 -999.9 -999.9 -999.9 -999.9 -999.9 -999.9 -999.9 -999.9 -999.9 -999.9 -999.9 -999.9 -999.9 -999.9 -999.9 0.0 42.8 160.0 173.6 174.8 175.8 -999.9 -999.9 -999.9 -999.9 -999.9 SGB/CPRM_-_Passo_Carreiro_(259_m) -999.9 -999.9 -999.9 -999.9 -999.9 -999.9 -999.9 -999.9 Brasil SGB/CPRM -999.9 0.0 42.8 7.17 7.17 6.38 1 0.1 7.17 7.17 7.17 7.17
-28.84888 -51.8325 86500000 2026-07-29_09:45 -999.9 -999.9 -999.9 -999.9 -999.9 -999.9 -999.9 -999.9 -999.9 -999.9 -999.9 -999.9 -999.9 -999.9 -999.9 -999.9 0.0 42.8 160.0 173.6 174.8 175.8 -999.9 -999.9 -999.9 -999.9 -999.9 SGB/CPRM_-_Passo_Carreiro_(259_m) -999.9 -999.9 -999.9 -999.9 -999.9 -999.9 -999.9 -999.9 Brasil SGB/CPRM -999.9 0.0 42.8 7.31 7.31 6.38 1 0.19 7.31 7.31 7.31 7.31
-28.84888 -51.8325 86500000 2026-07-29_10:00 -999.9 -999.9 -999.9 -999.9 -999.9 -999.9 -999.9 -999.9 -999.9 -999.9 -999.9 -999.9 -999.9 -999.9 -999.9 -999.9 0.0 42.8 160.0 173.6 174.8 175.8 -999.9 -999.9 -999.9 -999.9 -999.9 SGB/CPRM_-_Passo_Carreiro_(259_m) -999.9 -999.9 -999.9 -999.9 -999.9 -999.9 -999.9 -999.9 Brasil SGB/CPRM -999.9 0.0 42.8 7.35 7.35 6.38 1 0.25 7.35 7.35 7.35 7.35
-28.84888 -51.8325 86500000 2026-07-29_10:15 -999.9 -999.9 -999.9 -999.9 -999.9 -999.9 -999.9 -999.9 -999.9 -999.9 -999.9 -999.9 -999.9 -999.9 -999.9 -999.9 0.0 42.8 160.0 173.6 174.8 175.8 -999.9 -999.9 -999.9 -999.9 -999.9 SGB/CPRM_-_Passo_Carreiro_(259_m) -999.9 -999.9 -999.9 -999.9 -999.9 -999.9 -999.9 -999.9 Brasil SGB/CPRM -999.9 0.0 42.8 7.4 7.4 6.38 1 0.34 7.4 7.4 7.4 7.4
-28.84888 -51.8325 86500000 2026-07-29_10:30 -999.9 -999.9 -999.9 -999.9 -999.9 -999.9 -999.9 -999.9 -999.9 -999.9 -999.9 -999.9 -999.9 -999.9 -999.9 -999.9 0.0 42.8 160.0 173.6 174.8 175.8 -999.9 -999.9 -999.9 -999.9 -999.9 SGB/CPRM_-_Passo_Carreiro_(259_m) -999.9 -999.9 -999.9 -999.9 -999.9 -999.9 -999.9 -999.9 Brasil SGB/CPRM -999.9 0.0 42.8 7.43 7.43 6.38 1 0.26 7.43 7.43 7.43 7.43
-28.84888 -51.8325 86500000 2026-07-29_10:45 -999.9 -999.9 -999.9 -999.9 -999.9 -999.9 -999.9 -999.9 -999.9 -999.9 -999.9 -999.9 -999.9 -999.9 -999.9 -999.9 0.0 42.8 160.0 173.6 174.8 175.8 -999.9 -999.9 -999.9 -999.9 -999.9 SGB/CPRM_-_Passo_Carreiro_(259_m) -999.9 -999.9 -999.9 -999.9 -999.9 -999.9 -999.9 -999.9 Brasil SGB/CPRM -999.9 0.0 42.8 7.5 7.5 6.38 1 0.19 7.5 7.5 7.5 7.5
-28.84888 -51.8325 86500000 2026-07-29_11:00 -999.9 -999.9 -999.9 -999.9 -999.9 -999.9 -999.9 -999.9 -999.9 -999.9 -999.9 -999.9 -999.9 -999.9 -999.9 -999.9 0.0 42.8 160.0 173.6 174.8 175.8 -999.9 -999.9 -999.9 -999.9 -999.9 SGB/CPRM_-_Passo_Carreiro_(259_m) -999.9 -999.9 -999.9 -999.9 -999.9 -999.9 -999.9 -999.9 Brasil SGB/CPRM -999.9 0.0 42.8 7.54 7.54 6.38 1 0.19 7.54 7.54 7.54 7.54
-28.84888 -51.8325 86500000 2026-07-29_11:15 -999.9 -999.9 -999.9 -999.9 -999.9 -999.9 -999.9 -999.9 -999.9 -999.9 -999.9 -999.9 -999.9 -999.9 -999.9 -999.9 0.0 42.8 160.0 173.6 174.8 175.8 -999.9 -999.9 -999.9 -999.9 -999.9 SGB/CPRM_-_Passo_Carreiro_(259_m) -999.9 -999.9 -999.9 -999.9 -999.9 -999.9 -999.9 -999.9 Brasil SGB/CPRM -999.9 0.0 42.8 7.57 7.57 6.38 1 0.17 7.57 7.57 7.57 7.57
-28.84888 -51.8325 86500000 2026-07-29_11:30 -999.9 -999.9 -999.9 -999.9 -999.9 -999.9 -999.9 -999.9 -999.9 -999.9 -999.9 -999.9 -999.9 -999.9 -999.9 -999.9 0.0 42.8 160.0 173.6 174.8 175.8 -999.9 -999.9 -999.9 -999.9 -999.9 SGB/CPRM_-_Passo_Carreiro_(259_m) -999.9 -999.9 -999.9 -999.9 -999.9 -999.9 -999.9 -999.9 Brasil SGB/CPRM -999.9 0.0 42.8 7.63 7.63 6.38 1 0.2 7.63 7.63 7.63 7.63
-28.84888 -51.8325 86500000 2026-07-29_11:45 -999.9 -999.9 -999.9 -999.9 -999.9 -999.9 -999.9 -999.9 -999.9 -999.9 -999.9 -999.9 -999.9 -999.9 -999.9 -999.9 0.0 42.8 160.0 173.6 174.8 175.8 -999.9 -999.9 -999.9 -999.9 -999.9 SGB/CPRM_-_Passo_Carreiro_(259_m) -999.9 -999.9 -999.9 -999.9 -999.9 -999.9 -999.9 -999.9 Brasil SGB/CPRM -999.9 0.0 42.8 7.66 7.66 6.38 1 0.16 7.66 7.66 7.66 7.66
-28.84888 -51.8325 86500000 2026-07-29_12:00 -999.9 -999.9 -999.9 -999.9 -999.9 -999.9 -999.9 -999.9 -999.9 -999.9 -999.9 -999.9 -999.9 -999.9 -999.9 -999.9 0.0 42.8 160.0 173.6 174.8 175.8 -999.9 -999.9 -999.9 -999.9 -999.9 SGB/CPRM_-_Passo_Carreiro_(259_m) -999.9 -999.9 -999.9 -999.9 -999.9 -999.9 -999.9 -999.9 Brasil SGB/CPRM -999.9 0.0 42.8 7.69 7.69 6.38 1 0.15 7.69 7.69 7.69 7.69
-28.84888 -51.8325 86500000 2026-07-29_12:15 -999.9 -999.9 -999.9 -999.9 -999.9 -999.9 -999.9 -999.9 -999.9 -999.9 -999.9 -999.9 -999.9 -999.9 -999.9 -999.9 0.0 42.8 160.0 173.6 174.8 175.8 -999.9 -999.9 -999.9 -999.9 -999.9 SGB/CPRM_-_Passo_Carreiro_(259_m) -999.9 -999.9 -999.9 -999.9 -999.9 -999.9 -999.9 -999.9 Brasil SGB/CPRM -999.9 0.0 42.8 7.73 7.73 6.38 1 0.16 7.73 7.73 7.73 7.73
-28.84888 -51.8325 86500000 2026-07-29_12:30 -999.9 -999.9 -999.9 -999.9 -999.9 -999.9 -999.9 -999.9 -999.9 -999.9 -999.9 -999.9 -999.9 -999.9 -999.9 -999.9 0.0 42.8 160.0 173.6 174.8 175.8 -999.9 -999.9 -999.9 -999.9 -999.9 SGB/CPRM_-_Passo_Carreiro_(259_m) -999.9 -999.9 -999.9 -999.9 -999.9 -999.9 -999.9 -999.9 Brasil SGB/CPRM -999.9 0.0 42.8 7.76 7.76 6.38 1 0.13 7.76 7.76 7.76 7.76
-28.84888 -51.8325 86500000 2026-07-29_12:45 -999.9 -999.9 -999.9 -999.9 -999.9 -999.9 -999.9 -999.9 -999.9 -999.9 -999.9 -999.9 -999.9 -999.9 -999.9 -999.9 0.0 42.8 160.0 173.6 174.8 175.8 -999.9 -999.9 -999.9 -999.9 -999.9 SGB/CPRM_-_Passo_Carreiro_(259_m) -999.9 -999.9 -999.9 -999.9 -999.9 -999.9 -999.9 -999.9 Brasil SGB/CPRM -999.9 0.0 42.8 7.78 7.78 6.38 1 0.12 7.78 7.78 7.78 7.78
-28.84888 -51.8325 86500000 2026-07-29_13:00 -999.9 -999.9 -999.9 -999.9 -999.9 -999.9 -999.9 -999.9 -999.9 -999.9 -999.9 -999.9 -999.9 -999.9 -999.9 -999.9 0.0 42.8 160.0 173.6 174.8 175.8 -999.9 -999.9 -999.9 -999.9 -999.9 SGB/CPRM_-_Passo_Carreiro_(259_m) -999.9 -999.9 -999.9 -999.9 -999.9 -999.9 -999.9 -999.9 Brasil SGB/CPRM -999.9 0.0 42.8 7.81 7.81 6.38 1 0.12 7.81 7.81 7.81 7.81
-28.84888 -51.8325 86500000 2026-07-29_13:15 -999.9 -999.9 -999.9 -999.9 -999.9 -999.9 -999.9 -999.9 -999.9 -999.9 -999.9 -999.9 -999.9 -999.9 -999.9 -999.9 0.0 42.8 160.0 173.6 174.8 175.8 -999.9 -999.9 -999.9 -999.9 -999.9 SGB/CPRM_-_Passo_Carreiro_(259_m) -999.9 -999.9 -999.9 -999.9 -999.9 -999.9 -999.9 -999.9 Brasil SGB/CPRM -999.9 0.0 42.8 7.81 7.81 6.38 1 0.08 7.81 7.81 7.81 7.81
-28.84888 -51.8325 86500000 2026-07-29_13:30 -999.9 -999.9 -999.9 -999.9 -999.9 -999.9 -999.9 -999.9 -999.9 -999.9 -999.9 -999.9 -999.9 -999.9 -999.9 -999.9 0.0 42.8 160.0 173.6 174.8 175.8 -999.9 -999.9 -999.9 -999.9 -999.9 SGB/CPRM_-_Passo_Carreiro_(259_m) -999.9 -999.9 -999.9 -999.9 -999.9 -999.9 -999.9 -999.9 Brasil SGB/CPRM -999.9 0.0 42.8 7.83 7.83 6.38 1 0.07 7.83 7.83 7.83 7.83
-28.84888 -51.8325 86500000 2026-07-29_13:45 -999.9 -999.9 -999.9 -999.9 -999.9 -999.9 -999.9 -999.9 -999.9 -999.9 -999.9 -999.9 -999.9 -999.9 -999.9 -999.9 0.0 42.8 160.0 173.6 174.8 175.8 -999.9 -999.9 -999.9 -999.9 -999.9 SGB/CPRM_-_Passo_Carreiro_(259_m) -999.9 -999.9 -999.9 -999.9 -999.9 -999.9 -999.9 -999.9 Brasil SGB/CPRM -999.9 0.0 42.8 7.85 7.85 6.38 1 0.07 7.85 7.85 7.85 7.85
-28.84888 -51.8325 86500000 2026-07-29_14:00 -999.9 -999.9 -999.9 -999.9 -999.9 -999.9 -999.9 -999.9 -999.9 -999.9 -999.9 -999.9 -999.9 -999.9 -999.9 -999.9 0.0 42.8 160.0 173.6 174.8 175.8 -999.9 -999.9 -999.9 -999.9 -999.9 SGB/CPRM_-_Passo_Carreiro_(259_m) -999.9 -999.9 -999.9 -999.9 -999.9 -999.9 -999.9 -999.9 Brasil SGB/CPRM -999.9 0.0 42.8 7.86 7.86 6.38 1 0.05 7.86 7.86 7.86 7.86
-28.84888 -51.8325 86500000 2026-07-29_14:15 -999.9 -999.9 -999.9 -999.9 -999.9 -999.9 -999.9 -999.9 -999.9 -999.9 -999.9 -999.9 -999.9 -999.9 -999.9 -999.9 0.0 42.8 160.0 173.6 174.8 175.8 -999.9 -999.9 -999.9 -999.9 -999.9 SGB/CPRM_-_Passo_Carreiro_(259_m) -999.9 -999.9 -999.9 -999.9 -999.9 -999.9 -999.9 -999.9 Brasil SGB/CPRM -999.9 0.0 42.8 7.86 7.86 6.38 1 0.05 7.86 7.86 7.86 7.86
-28.84888 -51.8325 86500000 2026-07-29_14:30 -999.9 -999.9 -999.9 -999.9 -999.9 -999.9 -999.9 -999.9 -999.9 -999.9 -999.9 -999.9 -999.9 -999.9 -999.9 -999.9 0.0 42.8 160.0 173.6 174.8 175.8 -999.9 -999.9 -999.9 -999.9 -999.9 SGB/CPRM_-_Passo_Carreiro_(259_m) -999.9 -999.9 -999.9 -999.9 -999.9 -999.9 -999.9 -999.9 Brasil SGB/CPRM -999.9 0.0 42.8 7.87 7.87 6.38 1 0.04 7.87 7.87 7.87 7.87
-28.84888 -51.8325 86500000 2026-07-29_14:45 -999.9 -999.9 -999.9 -999.9 -999.9 -999.9 -999.9 -999.9 -999.9 -999.9 -999.9 -999.9 -999.9 -999.9 -999.9 -999.9 0.0 42.8 160.0 173.6 174.8 175.8 -999.9 -999.9 -999.9 -999.9 -999.9 SGB/CPRM_-_Passo_Carreiro_(259_m) -999.9 -999.9 -999.9 -999.9 -999.9 -999.9 -999.9 -999.9 Brasil SGB/CPRM -999.9 0.0 42.8 7.89 7.89 6.38 1 0.04 7.89 7.89 7.89 7.89
-28.84888 -51.8325 86500000 2026-07-29_15:00 -999.9 -999.9 -999.9 -999.9 -999.9 -999.9 -999.9 -999.9 -999.9 -999.9 -999.9 -999.9 -999.9 -999.9 -999.9 -999.9 0.0 42.8 160.0 173.6 174.8 175.8 -999.9 -999.9 -999.9 -999.9 -999.9 SGB/CPRM_-_Passo_Carreiro_(259_m) -999.9 -999.9 -999.9 -999.9 -999.9 -999.9 -999.9 -999.9 Brasil SGB/CPRM -999.9 0.0 42.8 7.89 7.89 6.38 1 0.03 7.89 7.89 7.89 7.89
-28.84888 -51.8325 86500000 2026-07-29_15:15 -999.9 -999.9 -999.9 -999.9 -999.9 -999.9 -999.9 -999.9 -999.9 -999.9 -999.9 -999.9 -999.9 -999.9 -999.9 -999.9 0.0 42.8 160.0 173.6 174.8 175.8 -999.9 -999.9 -999.9 -999.9 -999.9 SGB/CPRM_-_Passo_Carreiro_(259_m) -999.9 -999.9 -999.9 -999.9 -999.9 -999.9 -999.9 -999.9 Brasil SGB/CPRM -999.9 0.0 42.8 7.9 7.9 6.38 1 0.04 7.9 7.9 7.9 7.9
-28.84888 -51.8325 86500000 2026-07-29_15:30 -999.9 -999.9 -999.9 -999.9 -999.9 -999.9 -999.9 -999.9 -999.9 -999.9 -999.9 -999.9 -999.9 -999.9 -999.9 -999.9 0.0 42.8 160.0 173.6 174.8 175.8 -999.9 -999.9 -999.9 -999.9 -999.9 SGB/CPRM_-_Passo_Carreiro_(259_m) -999.9 -999.9 -999.9 -999.9 -999.9 -999.9 -999.9 -999.9 Brasil SGB/CPRM -999.9 0.0 42.8 7.91 7.91 6.38 1 0.04 7.91 7.91 7.91 7.91
-28.84888 -51.8325 86500000 2026-07-29_15:45 -999.9 -999.9 -999.9 -999.9 -999.9 -999.9 -999.9 -999.9 -999.9 -999.9 -999.9 -999.9 -999.9 -999.9 -999.9 -999.9 0.0 42.8 160.0 173.6 174.8 175.8 -999.9 -999.9 -999.9 -999.9 -999.9 SGB/CPRM_-_Passo_Carreiro_(259_m) -999.9 -999.9 -999.9 -999.9 -999.9 -999.9 -999.9 -999.9 Brasil SGB/CPRM -999.9 0.0 42.8 7.89 7.91 6.38 1 0 7.91 7.91 7.91 7.91
-28.84888 -51.8325 86500000 2026-07-29_16:00 -999.9 -999.9 -999.9 -999.9 -999.9 -999.9 -999.9 -999.9 -999.9 -999.9 -999.9 -999.9 -999.9 -999.9 -999.9 -999.9 0.0 42.8 160.0 173.6 174.8 175.8 -999.9 -999.9 -999.9 -999.9 -999.9 SGB/CPRM_-_Passo_Carreiro_(259_m) -999.9 -999.9 -999.9 -999.9 -999.9 -999.9 -999.9 -999.9 Brasil SGB/CPRM -999.9 0.0 42.8 7.87 7.91 6.38 0 -0.02 7.91 7.91 7.91 7.91
-28.84888 -51.8325 86500000 2026-07-29_16:15 -999.9 -999.9 -999.9 -999.9 -999.9 -999.9 -999.9 -999.9 -999.9 -999.9 -999.9 -999.9 -999.9 -999.9 -999.9 -999.9 0.0 42.8 160.0 173.6 174.8 175.8 -999.9 -999.9 -999.9 -999.9 -999.9 SGB/CPRM_-_Passo_Carreiro_(259_m) -999.9 -999.9 -999.9 -999.9 -999.9 -999.9 -999.9 -999.9 Brasil SGB/CPRM -999.9 0.0 42.8 7.78 7.91 6.38 -1 -0.12 7.91 7.91 7.91 7.91
-28.84888 -51.8325 86500000 2026-07-29_16:30 -999.9 -999.9 -999.9 -999.9 -999.9 -999.9 -999.9 -999.9 -999.9 -999.9 -999.9 -999.9 -999.9 -999.9 -999.9 -999.9 0.0 42.8 160.0 173.6 174.8 175.8 -999.9 -999.9 -999.9 -999.9 -999.9 SGB/CPRM_-_Passo_Carreiro_(259_m) -999.9 -999.9 -999.9 -999.9 -999.9 -999.9 -999.9 -999.9 Brasil SGB/CPRM -999.9 0.0 42.8 7.76 7.91 6.38 -1 -0.15 7.91 7.91 7.91 7.91
-28.84888 -51.8325 86500000 2026-07-29_16:45 -999.9 -999.9 -999.9 -999.9 -999.9 -999.9 -999.9 -999.9 -999.9 -999.9 -999.9 -999.9 -999.9 -999.9 -999.9 -999.9 0.0 42.8 160.0 173.6 174.8 175.8 -999.9 -999.9 -999.9 -999.9 -999.9 SGB/CPRM_-_Passo_Carreiro_(259_m) -999.9 -999.9 -999.9 -999.9 -999.9 -999.9 -999.9 -999.9 Brasil SGB/CPRM -999.9 0.0 42.8 7.78 7.91 6.38 -1 -0.11 7.91 7.91 7.91 7.91
-28.84888 -51.8325 86500000 2026-07-29_17:00 -999.9 -999.9 -999.9 -999.9 -999.9 -999.9 -999.9 -999.9 -999.9 -999.9 -999.9 -999.9 -999.9 -999.9 -999.9 -999.9 0.0 42.8 160.0 173.6 174.8 175.8 -999.9 -999.9 -999.9 -999.9 -999.9 SGB/CPRM_-_Passo_Carreiro_(259_m) -999.9 -999.9 -999.9 -999.9 -999.9 -999.9 -999.9 -999.9 Brasil SGB/CPRM -999.9 0.0 42.8 7.85 7.91 6.38 -1 -0.02 7.91 7.91 7.91 7.91
-28.84888 -51.8325 86500000 2026-07-29_17:15 -999.9 -999.9 -999.9 -999.9 -999.9 -999.9 -999.9 -999.9 -999.9 -999.9 -999.9 -999.9 -999.9 -999.9 -999.9 -999.9 0.0 42.8 160.0 173.6 174.8 175.8 -999.9 -999.9 -999.9 -999.9 -999.9 SGB/CPRM_-_Passo_Carreiro_(259_m) -999.9 -999.9 -999.9 -999.9 -999.9 -999.9 -999.9 -999.9 Brasil SGB/CPRM -999.9 0.0 42.8 7.88 7.91 6.38 1 0.1 7.91 7.91 7.91 7.91
-28.84888 -51.8325 86500000 2026-07-29_17:30 -999.9 -999.9 -999.9 -999.9 -999.9 -999.9 -999.9 -999.9 -999.9 -999.9 -999.9 -999.9 -999.9 -999.9 -999.9 -999.9 0.0 42.8 160.0 173.6 174.8 175.8 -999.9 -999.9 -999.9 -999.9 -999.9 SGB/CPRM_-_Passo_Carreiro_(259_m) -999.9 -999.9 -999.9 -999.9 -999.9 -999.9 -999.9 -999.9 Brasil SGB/CPRM -999.9 0.0 42.8 7.92 7.92 6.38 1 0.16 7.92 7.92 7.92 7.92
-28.84888 -51.8325 86500000 2026-07-29_17:45 -999.9 -999.9 -999.9 -999.9 -999.9 -999.9 -999.9 -999.9 -999.9 -999.9 -999.9 -999.9 -999.9 -999.9 -999.9 -999.9 0.0 42.8 160.0 173.6 174.8 175.8 -999.9 -999.9 -999.9 -999.9 -999.9 SGB/CPRM_-_Passo_Carreiro_(259_m) -999.9 -999.9 -999.9 -999.9 -999.9 -999.9 -999.9 -999.9 Brasil SGB/CPRM -999.9 0.0 42.8 7.89 7.92 6.38 1 0.11 7.92 7.92 7.92 7.92
-28.84888 -51.8325 86500000 2026-07-29_18:00 -999.9 -999.9 -999.9 -999.9 -999.9 -999.9 -999.9 -999.9 -999.9 -999.9 -999.9 -999.9 -999.9 -999.9 -999.9 -999.9 0.0 42.8 160.0 173.6 174.8 175.8 -999.9 -999.9 -999.9 -999.9 -999.9 SGB/CPRM_-_Passo_Carreiro_(259_m) -999.9 -999.9 -999.9 -999.9 -999.9 -999.9 -999.9 -999.9 Brasil SGB/CPRM -999.9 0.0 42.8 7.86 7.92 6.38 1 0.01 7.92 7.92 7.92 7.92
-28.84888 -51.8325 86500000 2026-07-29_18:15 -999.9 -999.9 -999.9 -999.9 -999.9 -999.9 -999.9 -999.9 -999.9 -999.9 -999.9 -999.9 -999.9 -999.9 -999.9 -999.9 0.0 42.8 160.0 173.6 174.8 175.8 -999.9 -999.9 -999.9 -999.9 -999.9 SGB/CPRM_-_Passo_Carreiro_(259_m) -999.9 -999.9 -999.9 -999.9 -999.9 -999.9 -999.9 -999.9 Brasil SGB/CPRM -999.9 0.0 42.8 7.79 7.92 6.38 -1 -0.09 7.92 7.92 7.92 7.92
-28.84888 -51.8325 86500000 2026-07-29_18:30 -999.9 -999.9 -999.9 -999.9 -999.9 -999.9 -999.9 -999.9 -999.9 -999.9 -999.9 -999.9 -999.9 -999.9 -999.9 -999.9 0.0 42.8 160.0 173.6 174.8 175.8 -999.9 -999.9 -999.9 -999.9 -999.9 SGB/CPRM_-_Passo_Carreiro_(259_m) -999.9 -999.9 -999.9 -999.9 -999.9 -999.9 -999.9 -999.9 Brasil SGB/CPRM -999.9 0.0 42.8 7.79 7.92 6.38 -1 -0.13 7.92 7.92 7.92 7.92
-28.84888 -51.8325 86500000 2026-07-29_18:45 -999.9 -999.9 -999.9 -999.9 -999.9 -999.9 -999.9 -999.9 -999.9 -999.9 -999.9 -999.9 -999.9 -999.9 -999.9 -999.9 0.0 42.8 160.0 173.6 174.8 175.8 -999.9 -999.9 -999.9 -999.9 -999.9 SGB/CPRM_-_Passo_Carreiro_(259_m) -999.9 -999.9 -999.9 -999.9 -999.9 -999.9 -999.9 -999.9 Brasil SGB/CPRM -999.9 0.0 42.8 7.78 7.92 6.38 -1 -0.11 7.92 7.92 7.92 7.92
-28.84888 -51.8325 86500000 2026-07-29_19:00 -999.9 -999.9 -999.9 -999.9 -999.9 -999.9 -999.9 -999.9 -999.9 -999.9 -999.9 -999.9 -999.9 -999.9 -999.9 -999.9 0.0 42.8 160.0 173.6 174.8 175.8 -999.9 -999.9 -999.9 -999.9 -999.9 SGB/CPRM_-_Passo_Carreiro_(259_m) -999.9 -999.9 -999.9 -999.9 -999.9 -999.9 -999.9 -999.9 Brasil SGB/CPRM -999.9 0.0 42.8 7.77 7.92 6.38 -1 -0.09 7.92 7.92 7.92 7.92
-28.84888 -51.8325 86500000 2026-07-29_19:15 -999.9 -999.9 -999.9 -999.9 -999.9 -999.9 -999.9 -999.9 -999.9 -999.9 -999.9 -999.9 -999.9 -999.9 -999.9 -999.9 0.0 42.8 160.0 173.6 174.8 175.8 -999.9 -999.9 -999.9 -999.9 -999.9 SGB/CPRM_-_Passo_Carreiro_(259_m) -999.9 -999.9 -999.9 -999.9 -999.9 -999.9 -999.9 -999.9 Brasil SGB/CPRM -999.9 0.0 42.8 7.73 7.92 6.38 -1 -0.06 7.92 7.92 7.92 7.92
-28.84888 -51.8325 86500000 2026-07-29_19:30 -999.9 -999.9 -999.9 -999.9 -999.9 -999.9 -999.9 -999.9 -999.9 -999.9 -999.9 -999.9 -999.9 -999.9 -999.9 -999.9 0.0 42.8 160.0 173.6 174.8 175.8 -999.9 -999.9 -999.9 -999.9 -999.9 SGB/CPRM_-_Passo_Carreiro_(259_m) -999.9 -999.9 -999.9 -999.9 -999.9 -999.9 -999.9 -999.9 Brasil SGB/CPRM -999.9 0.0 42.8 7.69 7.92 6.38 -1 -0.1 7.92 7.92 7.92 7.92
-28.84888 -51.8325 86500000 2026-07-29_19:45 -999.9 -999.9 -999.9 -999.9 -999.9 -999.9 -999.9 -999.9 -999.9 -999.9 -999.9 -999.9 -999.9 -999.9 -999.9 -999.9 0.0 42.8 160.0 173.6 174.8 175.8 -999.9 -999.9 -999.9 -999.9 -999.9 SGB/CPRM_-_Passo_Carreiro_(259_m) -999.9 -999.9 -999.9 -999.9 -999.9 -999.9 -999.9 -999.9 Brasil SGB/CPRM -999.9 0.0 42.8 7.67 7.92 6.38 -1 -0.11 7.92 7.92 7.92 7.92
-28.84888 -51.8325 86500000 2026-07-29_20:00 -999.9 -999.9 -999.9 -999.9 -999.9 -999.9 -999.9 -999.9 -999.9 -999.9 -999.9 -999.9 -999.9 -999.9 -999.9 -999.9 0.0 42.8 160.0 173.6 174.8 175.8 -999.9 -999.9 -999.9 -999.9 -999.9 SGB/CPRM_-_Passo_Carreiro_(259_m) -999.9 -999.9 -999.9 -999.9 -999.9 -999.9 -999.9 -999.9 Brasil SGB/CPRM -999.9 0.0 42.8 7.61 7.92 6.38 -1 -0.16 7.92 7.92 7.92 7.92
-28.84888 -51.8325 86500000 2026-07-29_20:15 -999.9 -999.9 -999.9 -999.9 -999.9 -999.9 -999.9 -999.9 -999.9 -999.9 -999.9 -999.9 -999.9 -999.9 -999.9 -999.9 0.0 42.8 160.0 173.6 174.8 175.8 -999.9 -999.9 -999.9 -999.9 -999.9 SGB/CPRM_-_Passo_Carreiro_(259_m) -999.9 -999.9 -999.9 -999.9 -999.9 -999.9 -999.9 -999.9 Brasil SGB/CPRM -999.9 0.0 42.8 7.6 7.92 6.38 -1 -0.13 7.92 7.92 7.92 7.92
-28.84888 -51.8325 86500000 2026-07-29_20:30 -999.9 -999.9 -999.9 -999.9 -999.9 -999.9 -999.9 -999.9 -999.9 -999.9 -999.9 -999.9 -999.9 -999.9 -999.9 -999.9 0.0 42.8 160.0 173.6 174.8 175.8 -999.9 -999.9 -999.9 -999.9 -999.9 SGB/CPRM_-_Passo_Carreiro_(259_m) -999.9 -999.9 -999.9 -999.9 -999.9 -999.9 -999.9 -999.9 Brasil SGB/CPRM -999.9 0.0 42.8 7.56 7.92 6.38 -1 -0.13 7.92 7.92 7.92 7.92
-28.84888 -51.8325 86500000 2026-07-29_20:45 -999.9 -999.9 -999.9 -999.9 -999.9 -999.9 -999.9 -999.9 -999.9 -999.9 -999.9 -999.9 -999.9 -999.9 -999.9 -999.9 0.0 42.8 160.0 173.6 174.8 175.8 -999.9 -999.9 -999.9 -999.9 -999.9 SGB/CPRM_-_Passo_Carreiro_(259_m) -999.9 -999.9 -999.9 -999.9 -999.9 -999.9 -999.9 -999.9 Brasil SGB/CPRM -999.9 0.0 42.8 7.51 7.92 6.38 -1 -0.16 7.92 7.92 7.92 7.92
-28.84888 -51.8325 86500000 2026-07-29_21:00 -999.9 -999.9 -999.9 -999.9 -999.9 -999.9 -999.9 -999.9 -999.9 -999.9 -999.9 -999.9 -999.9 -999.9 -999.9 -999.9 0.0 42.8 160.0 173.6 174.8 175.8 -999.9 -999.9 -999.9 -999.9 -999.9 SGB/CPRM_-_Passo_Carreiro_(259_m) -999.9 -999.9 -999.9 -999.9 -999.9 -999.9 -999.9 -999.9 Brasil SGB/CPRM -999.9 0.0 42.8 7.47 7.92 6.38 -1 -0.14 7.92 7.92 7.92 7.92
-28.84888 -51.8325 86500000 2026-07-29_21:15 -999.9 -999.9 -999.9 -999.9 -999.9 -999.9 -999.9 -999.9 -999.9 -999.9 -999.9 -999.9 -999.9 -999.9 -999.9 -999.9 0.0 42.8 160.0 173.6 174.8 175.8 -999.9 -999.9 -999.9 -999.9 -999.9 SGB/CPRM_-_Passo_Carreiro_(259_m) -999.9 -999.9 -999.9 -999.9 -999.9 -999.9 -999.9 -999.9 Brasil SGB/CPRM -999.9 0.0 42.8 7.43 7.92 6.38 -1 -0.17 7.92 7.92 7.92 7.92
-28.84888 -51.8325 86500000 2026-07-29_21:30 -999.9 -999.9 -999.9 -999.9 -999.9 -999.9 -999.9 -999.9 -999.9 -999.9 -999.9 -999.9 -999.9 -999.9 -999.9 -999.9 0.0 42.8 160.0 173.6 174.8 175.8 -999.9 -999.9 -999.9 -999.9 -999.9 SGB/CPRM_-_Passo_Carreiro_(259_m) -999.9 -999.9 -999.9 -999.9 -999.9 -999.9 -999.9 -999.9 Brasil SGB/CPRM -999.9 0.0 42.8 7.39 7.92 6.38 -1 -0.17 7.92 7.92 7.92 7.92
-28.84888 -51.8325 86500000 2026-07-29_21:45 -999.9 -999.9 -999.9 -999.9 -999.9 -999.9 -999.9 -999.9 -999.9 -999.9 -999.9 -999.9 -999.9 -999.9 -999.9 -999.9 0.0 42.8 160.0 173.6 174.8 175.8 -999.9 -999.9 -999.9 -999.9 -999.9 SGB/CPRM_-_Passo_Carreiro_(259_m) -999.9 -999.9 -999.9 -999.9 -999.9 -999.9 -999.9 -999.9 Brasil SGB/CPRM -999.9 0.0 42.8 7.34 7.92 6.38 -1 -0.17 7.92 7.92 7.92 7.92
-28.84888 -51.8325 86500000 2026-07-29_22:00 -999.9 -999.9 -999.9 -999.9 -999.9 -999.9 -999.9 -999.9 -999.9 -999.9 -999.9 -999.9 -999.9 -999.9 -999.9 -999.9 0.0 42.8 160.0 173.6 174.8 175.8 -999.9 -999.9 -999.9 -999.9 -999.9 SGB/CPRM_-_Passo_Carreiro_(259_m) -999.9 -999.9 -999.9 -999.9 -999.9 -999.9 -999.9 -999.9 Brasil SGB/CPRM -999.9 0.0 42.8 7.31 7.92 6.38 -1 -0.16 7.92 7.92 7.92 7.92
-28.84888 -51.8325 86500000 2026-07-29_22:15 -999.9 -999.9 -999.9 -999.9 -999.9 -999.9 -999.9 -999.9 -999.9 -999.9 -999.9 -999.9 -999.9 -999.9 -999.9 -999.9 0.0 42.8 160.0 173.6 174.8 175.8 -999.9 -999.9 -999.9 -999.9 -999.9 SGB/CPRM_-_Passo_Carreiro_(259_m) -999.9 -999.9 -999.9 -999.9 -999.9 -999.9 -999.9 -999.9 Brasil SGB/CPRM -999.9 0.0 42.8 7.26 7.92 6.38 -1 -0.17 7.92 7.92 7.92 7.92
-28.84888 -51.8325 86500000 2026-07-29_22:30 -999.9 -999.9 -999.9 -999.9 -999.9 -999.9 -999.9 -999.9 -999.9 -999.9 -999.9 -999.9 -999.9 -999.9 -999.9 -999.9 0.0 42.8 160.0 173.6 174.8 175.8 -999.9 -999.9 -999.9 -999.9 -999.9 SGB/CPRM_-_Passo_Carreiro_(259_m) -999.9 -999.9 -999.9 -999.9 -999.9 -999.9 -999.9 -999.9 Brasil SGB/CPRM -999.9 0.0 42.8 7.22 7.92 6.38 -1 -0.17 7.92 7.92 7.92 7.92
-28.84888 -51.8325 86500000 2026-07-29_22:45 -999.9 -999.9 -999.9 -999.9 -999.9 -999.9 -999.9 -999.9 -999.9 -999.9 -999.9 -999.9 -999.9 -999.9 -999.9 -999.9 0.0 42.8 160.0 173.6 174.8 175.8 -999.9 -999.9 -999.9 -999.9 -999.9 SGB/CPRM_-_Passo_Carreiro_(259_m) -999.9 -999.9 -999.9 -999.9 -999.9 -999.9 -999.9 -999.9 Brasil SGB/CPRM -999.9 0.0 42.8 7.16 7.92 6.38 -1 -0.18 7.92 7.92 7.92 7.92
-28.84888 -51.8325 86500000 2026-07-29_23:00 -999.9 -999.9 -999.9 -999.9 -999.9 -999.9 -999.9 -999.9 -999.9 -999.9 -999.9 -999.9 -999.9 -999.9 -999.9 -999.9 0.0 42.8 160.0 173.6 174.8 175.8 -999.9 -999.9 -999.9 -999.9 -999.9 SGB/CPRM_-_Passo_Carreiro_(259_m) -999.9 -999.9 -999.9 -999.9 -999.9 -999.9 -999.9 -999.9 Brasil SGB/CPRM -999.9 0.0 42.8 7.1 7.92 6.38 -1 -0.21 7.92 7.92 7.92 7.92
-28.84888 -51.8325 86500000 2026-07-29_23:15 -999.9 -999.9 -999.9 -999.9 -999.9 -999.9 -999.9 -999.9 -999.9 -999.9 -999.9 -999.9 -999.9 -999.9 -999.9 -999.9 0.0 42.8 160.0 173.6 174.8 175.8 -999.9 -999.9 -999.9 -999.9 -999.9 SGB/CPRM_-_Passo_Carreiro_(259_m) -999.9 -999.9 -999.9 -999.9 -999.9 -999.9 -999.9 -999.9 Brasil SGB/CPRM -999.9 0.0 42.8 7.06 7.92 6.38 -1 -0.2 7.92 7.92 7.92 7.92
-28.84888 -51.8325 86500000 2026-07-29_23:30 -999.9 -999.9 -999.9 -999.9 -999.9 -999.9 -999.9 -999.9 -999.9 -999.9 -999.9 -999.9 -999.9 -999.9 -999.9 -999.9 0.0 42.8 160.0 173.6 174.8 175.8 -999.9 -999.9 -999.9 -999.9 -999.9 SGB/CPRM_-_Passo_Carreiro_(259_m) -999.9 -999.9 -999.9 -999.9 -999.9 -999.9 -999.9 -999.9 Brasil SGB/CPRM -999.9 0.0 42.8 7 7.92 6.38 -1 -0.22 7.92 7.92 7.92 7.92
-28.84888 -51.8325 86500000 2026-07-29_23:45 -999.9 -999.9 -999.9 -999.9 -999.9 -999.9 -999.9 -999.9 -999.9 -999.9 -999.9 -999.9 -999.9 -999.9 -999.9 -999.9 0.0 42.8 160.0 173.6 174.8 175.8 -999.9 -999.9 -999.9 -999.9 -999.9 SGB/CPRM_-_Passo_Carreiro_(259_m) -999.9 -999.9 -999.9 -999.9 -999.9 -999.9 -999.9 -999.9 Brasil SGB/CPRM -999.9 0.0 42.8 6.95 7.92 6.38 -1 -0.21 7.92 7.92 7.92 7.92
