-28.82488 -51.28034 17824 2026-08-23_00:10 -999.9 -999.9 -999.9 -999.9 -999.9 -999.9 -999.9 -999.9 -999.9 -999.9 -999.9 -999.9 -999.9 -999.9 -999.9 -999.9 -999.9 0.0 1.0 15.8 24.0 48.2 -999.9 -999.9 -999.9 -999.9 -999.9 CEMADEN_-_Ipê_-_G2-431043901A_(767_m) -999.9 -999.9 -999.9 -999.9 -999.9 -999.9 -999.9 -999.9 Rio_Grande_do_Sul CEMADEN -999.9 0.0 -999.9
-28.82488 -51.28034 17824 2026-08-23_01:10 -999.9 -999.9 -999.9 -999.9 -999.9 -999.9 -999.9 -999.9 -999.9 -999.9 -999.9 -999.9 -999.9 -999.9 -999.9 -999.9 -999.9 0.0 1.0 15.8 24.0 48.2 -999.9 -999.9 -999.9 -999.9 -999.9 CEMADEN_-_Ipê_-_G2-431043901A_(767_m) -999.9 -999.9 -999.9 -999.9 -999.9 -999.9 -999.9 -999.9 Rio_Grande_do_Sul CEMADEN -999.9 0.0 -999.9
-28.82488 -51.28034 17824 2026-08-23_02:10 -999.9 -999.9 -999.9 -999.9 -999.9 -999.9 -999.9 -999.9 -999.9 -999.9 -999.9 -999.9 -999.9 -999.9 -999.9 -999.9 -999.9 0.0 1.0 15.8 24.0 48.2 -999.9 -999.9 -999.9 -999.9 -999.9 CEMADEN_-_Ipê_-_G2-431043901A_(767_m) -999.9 -999.9 -999.9 -999.9 -999.9 -999.9 -999.9 -999.9 Rio_Grande_do_Sul CEMADEN -999.9 0.0 -999.9
-28.82488 -51.28034 17824 2026-08-23_03:10 -999.9 -999.9 -999.9 -999.9 -999.9 -999.9 -999.9 -999.9 -999.9 -999.9 -999.9 -999.9 -999.9 -999.9 -999.9 -999.9 -999.9 0.0 1.0 15.8 24.0 48.2 -999.9 -999.9 -999.9 -999.9 -999.9 CEMADEN_-_Ipê_-_G2-431043901A_(767_m) -999.9 -999.9 -999.9 -999.9 -999.9 -999.9 -999.9 -999.9 Rio_Grande_do_Sul CEMADEN -999.9 0.0 -999.9
-28.82488 -51.28034 17824 2026-08-23_04:10 -999.9 -999.9 -999.9 -999.9 -999.9 -999.9 -999.9 -999.9 -999.9 -999.9 -999.9 -999.9 -999.9 -999.9 -999.9 -999.9 -999.9 0.0 0.8 15.8 24.0 48.2 -999.9 -999.9 -999.9 -999.9 -999.9 CEMADEN_-_Ipê_-_G2-431043901A_(767_m) -999.9 -999.9 -999.9 -999.9 -999.9 -999.9 -999.9 -999.9 Rio_Grande_do_Sul CEMADEN -999.9 0.0 -999.9
-28.82488 -51.28034 17824 2026-08-23_05:10 -999.9 -999.9 -999.9 -999.9 -999.9 -999.9 -999.9 -999.9 -999.9 -999.9 -999.9 -999.9 -999.9 -999.9 -999.9 -999.9 -999.9 0.0 0.8 15.8 24.0 48.2 -999.9 -999.9 -999.9 -999.9 -999.9 CEMADEN_-_Ipê_-_G2-431043901A_(767_m) -999.9 -999.9 -999.9 -999.9 -999.9 -999.9 -999.9 -999.9 Rio_Grande_do_Sul CEMADEN -999.9 0.0 -999.9
-28.82488 -51.28034 17824 2026-08-23_06:10 -999.9 -999.9 -999.9 -999.9 -999.9 -999.9 -999.9 -999.9 -999.9 -999.9 -999.9 -999.9 -999.9 -999.9 -999.9 -999.9 -999.9 0.0 0.2 15.8 24.0 48.2 -999.9 -999.9 -999.9 -999.9 -999.9 CEMADEN_-_Ipê_-_G2-431043901A_(767_m) -999.9 -999.9 -999.9 -999.9 -999.9 -999.9 -999.9 -999.9 Rio_Grande_do_Sul CEMADEN -999.9 0.0 -999.9
-28.82488 -51.28034 17824 2026-08-23_07:10 -999.9 -999.9 -999.9 -999.9 -999.9 -999.9 -999.9 -999.9 -999.9 -999.9 -999.9 -999.9 -999.9 -999.9 -999.9 -999.9 -999.9 0.0 -999.9 15.8 24.0 48.2 -999.9 -999.9 -999.9 -999.9 -999.9 CEMADEN_-_Ipê_-_G2-431043901A_(767_m) -999.9 -999.9 -999.9 -999.9 -999.9 -999.9 -999.9 -999.9 Rio_Grande_do_Sul CEMADEN -999.9 0.0 -999.9
-28.82488 -51.28034 17824 2026-08-23_08:10 -999.9 -999.9 -999.9 -999.9 -999.9 -999.9 -999.9 -999.9 -999.9 -999.9 -999.9 -999.9 -999.9 -999.9 -999.9 -999.9 -999.9 0.0 -999.9 15.8 24.0 48.2 -999.9 -999.9 -999.9 -999.9 -999.9 CEMADEN_-_Ipê_-_G2-431043901A_(767_m) -999.9 -999.9 -999.9 -999.9 -999.9 -999.9 -999.9 -999.9 Rio_Grande_do_Sul CEMADEN -999.9 0.0 -999.9
-28.82488 -51.28034 17824 2026-08-23_09:10 -999.9 -999.9 -999.9 -999.9 -999.9 -999.9 -999.9 -999.9 -999.9 -999.9 -999.9 -999.9 -999.9 -999.9 -999.9 -999.9 -999.9 0.0 -999.9 15.8 24.0 48.2 -999.9 -999.9 -999.9 -999.9 -999.9 CEMADEN_-_Ipê_-_G2-431043901A_(767_m) -999.9 -999.9 -999.9 -999.9 -999.9 -999.9 -999.9 -999.9 Rio_Grande_do_Sul CEMADEN -999.9 0.0 -999.9
-28.82488 -51.28034 17824 2026-08-23_10:10 -999.9 -999.9 -999.9 -999.9 -999.9 -999.9 -999.9 -999.9 -999.9 -999.9 -999.9 -999.9 -999.9 -999.9 -999.9 -999.9 -999.9 0.0 -999.9 15.8 24.0 48.2 -999.9 -999.9 -999.9 -999.9 -999.9 CEMADEN_-_Ipê_-_G2-431043901A_(767_m) -999.9 -999.9 -999.9 -999.9 -999.9 -999.9 -999.9 -999.9 Rio_Grande_do_Sul CEMADEN -999.9 0.0 -999.9
-28.82488 -51.28034 17824 2026-08-23_11:10 -999.9 -999.9 -999.9 -999.9 -999.9 -999.9 -999.9 -999.9 -999.9 -999.9 -999.9 -999.9 -999.9 -999.9 -999.9 -999.9 -999.9 0.0 -999.9 14.0 24.0 48.2 -999.9 -999.9 -999.9 -999.9 -999.9 CEMADEN_-_Ipê_-_G2-431043901A_(767_m) -999.9 -999.9 -999.9 -999.9 -999.9 -999.9 -999.9 -999.9 Rio_Grande_do_Sul CEMADEN -999.9 0.0 -999.9
-28.82488 -51.28034 17824 2026-08-23_22:10 -999.9 -999.9 -999.9 -999.9 -999.9 -999.9 -999.9 -999.9 -999.9 -999.9 -999.9 -999.9 -999.9 -999.9 -999.9 -999.9 -999.9 -8.2 -999.9 1.0 15.8 40.0 -999.9 -999.9 -999.9 -999.9 -999.9 CEMADEN_-_Ipê_-_G2-431043901A_(767_m) -999.9 -999.9 -999.9 -999.9 -999.9 -999.9 -999.9 -999.9 Rio_Grande_do_Sul CEMADEN -999.9 -8.2 -999.9
-28.82488 -51.28034 17824 2026-08-23_23:10 -999.9 -999.9 -999.9 -999.9 -999.9 -999.9 -999.9 -999.9 -999.9 -999.9 -999.9 -999.9 -999.9 -999.9 -999.9 -999.9 -999.9 -8.2 -999.9 1.0 15.8 40.0 -999.9 -999.9 -999.9 -999.9 -999.9 CEMADEN_-_Ipê_-_G2-431043901A_(767_m) -999.9 -999.9 -999.9 -999.9 -999.9 -999.9 -999.9 -999.9 Rio_Grande_do_Sul CEMADEN -999.9 0.0 -999.9
