-28.8249 -51.2802 17824 2026-09-12_00:10 -999.9 -999.9 -999.9 -999.9 -999.9 -999.9 -999.9 -999.9 -999.9 -999.9 -999.9 -999.9 -999.9 -999.9 -999.9 -999.9 -999.9 0.0 51.2 63.8 63.8 76.4 -999.9 -999.9 -999.9 -999.9 -999.9 CEMADEN_-_Ipê_-_G2-431043901A_(767_m) -999.9 -999.9 -999.9 -999.9 -999.9 -999.9 -999.9 -999.9 Rio_Grande_do_Sul CEMADEN -999.9 0.0 -999.9
-28.8249 -51.2802 17824 2026-09-12_01:10 -999.9 -999.9 -999.9 -999.9 -999.9 -999.9 -999.9 -999.9 -999.9 -999.9 -999.9 -999.9 -999.9 -999.9 -999.9 -999.9 -999.9 0.0 51.2 63.8 63.8 76.4 -999.9 -999.9 -999.9 -999.9 -999.9 CEMADEN_-_Ipê_-_G2-431043901A_(767_m) -999.9 -999.9 -999.9 -999.9 -999.9 -999.9 -999.9 -999.9 Rio_Grande_do_Sul CEMADEN -999.9 0.0 -999.9
-28.8249 -51.2802 17824 2026-09-12_02:10 -999.9 -999.9 -999.9 -999.9 -999.9 -999.9 -999.9 -999.9 -999.9 -999.9 -999.9 -999.9 -999.9 -999.9 -999.9 -999.9 -999.9 0.0 51.2 63.8 63.8 76.4 -999.9 -999.9 -999.9 -999.9 -999.9 CEMADEN_-_Ipê_-_G2-431043901A_(767_m) -999.9 -999.9 -999.9 -999.9 -999.9 -999.9 -999.9 -999.9 Rio_Grande_do_Sul CEMADEN -999.9 0.0 -999.9
-28.8249 -51.2802 17824 2026-09-12_03:10 -999.9 -999.9 -999.9 -999.9 -999.9 -999.9 -999.9 -999.9 -999.9 -999.9 -999.9 -999.9 -999.9 -999.9 -999.9 -999.9 -999.9 0.0 51.2 63.8 63.8 76.4 -999.9 -999.9 -999.9 -999.9 -999.9 CEMADEN_-_Ipê_-_G2-431043901A_(767_m) -999.9 -999.9 -999.9 -999.9 -999.9 -999.9 -999.9 -999.9 Rio_Grande_do_Sul CEMADEN -999.9 0.0 -999.9
-28.8249 -51.2802 17824 2026-09-12_03:50 -999.9 -999.9 -999.9 -999.9 -999.9 -999.9 -999.9 -999.9 -999.9 -999.9 -999.9 -999.9 -999.9 -999.9 -999.9 -999.9 0.2 0.2 51.4 64.0 64.0 76.6 -999.9 -999.9 -999.9 -999.9 -999.9 CEMADEN_-_Ipê_-_G2-431043901A_(767_m) -999.9 -999.9 -999.9 -999.9 -999.9 -999.9 -999.9 -999.9 Rio_Grande_do_Sul CEMADEN -999.9 0.2 -999.9
-28.8249 -51.2802 17824 2026-09-12_04:10 -999.9 -999.9 -999.9 -999.9 -999.9 -999.9 -999.9 -999.9 -999.9 -999.9 -999.9 -999.9 -999.9 -999.9 -999.9 -999.9 0.2 0.2 51.4 64.0 64.0 76.6 -999.9 -999.9 -999.9 -999.9 -999.9 CEMADEN_-_Ipê_-_G2-431043901A_(767_m) -999.9 -999.9 -999.9 -999.9 -999.9 -999.9 -999.9 -999.9 Rio_Grande_do_Sul CEMADEN -999.9 0.0 -999.9
-28.8249 -51.2802 17824 2026-09-12_04:50 -999.9 -999.9 -999.9 -999.9 -999.9 -999.9 -999.9 -999.9 -999.9 -999.9 -999.9 -999.9 -999.9 -999.9 -999.9 -999.9 0.2 0.4 51.6 64.2 64.2 76.8 -999.9 -999.9 -999.9 -999.9 -999.9 CEMADEN_-_Ipê_-_G2-431043901A_(767_m) -999.9 -999.9 -999.9 -999.9 -999.9 -999.9 -999.9 -999.9 Rio_Grande_do_Sul CEMADEN -999.9 0.2 -999.9
-28.8249 -51.2802 17824 2026-09-12_05:10 -999.9 -999.9 -999.9 -999.9 -999.9 -999.9 -999.9 -999.9 -999.9 -999.9 -999.9 -999.9 -999.9 -999.9 -999.9 -999.9 -999.9 0.4 51.6 64.2 64.2 76.8 -999.9 -999.9 -999.9 -999.9 -999.9 CEMADEN_-_Ipê_-_G2-431043901A_(767_m) -999.9 -999.9 -999.9 -999.9 -999.9 -999.9 -999.9 -999.9 Rio_Grande_do_Sul CEMADEN -999.9 0.0 -999.9
-28.8249 -51.2802 17824 2026-09-12_06:10 -999.9 -999.9 -999.9 -999.9 -999.9 -999.9 -999.9 -999.9 -999.9 -999.9 -999.9 -999.9 -999.9 -999.9 -999.9 -999.9 -999.9 0.4 51.4 64.2 64.2 76.8 -999.9 -999.9 -999.9 -999.9 -999.9 CEMADEN_-_Ipê_-_G2-431043901A_(767_m) -999.9 -999.9 -999.9 -999.9 -999.9 -999.9 -999.9 -999.9 Rio_Grande_do_Sul CEMADEN -999.9 0.0 -999.9
-28.8249 -51.2802 17824 2026-09-12_06:50 -999.9 -999.9 -999.9 -999.9 -999.9 -999.9 -999.9 -999.9 -999.9 -999.9 -999.9 -999.9 -999.9 -999.9 -999.9 -999.9 0.2 0.6 51.6 64.4 64.4 77.0 -999.9 -999.9 -999.9 -999.9 -999.9 CEMADEN_-_Ipê_-_G2-431043901A_(767_m) -999.9 -999.9 -999.9 -999.9 -999.9 -999.9 -999.9 -999.9 Rio_Grande_do_Sul CEMADEN -999.9 0.2 -999.9
-28.8249 -51.2802 17824 2026-09-12_07:10 -999.9 -999.9 -999.9 -999.9 -999.9 -999.9 -999.9 -999.9 -999.9 -999.9 -999.9 -999.9 -999.9 -999.9 -999.9 -999.9 -999.9 0.6 51.6 64.4 64.4 77.0 -999.9 -999.9 -999.9 -999.9 -999.9 CEMADEN_-_Ipê_-_G2-431043901A_(767_m) -999.9 -999.9 -999.9 -999.9 -999.9 -999.9 -999.9 -999.9 Rio_Grande_do_Sul CEMADEN -999.9 0.0 -999.9
-28.8249 -51.2802 17824 2026-09-12_08:10 -999.9 -999.9 -999.9 -999.9 -999.9 -999.9 -999.9 -999.9 -999.9 -999.9 -999.9 -999.9 -999.9 -999.9 -999.9 -999.9 -999.9 0.6 51.6 64.4 64.4 77.0 -999.9 -999.9 -999.9 -999.9 -999.9 CEMADEN_-_Ipê_-_G2-431043901A_(767_m) -999.9 -999.9 -999.9 -999.9 -999.9 -999.9 -999.9 -999.9 Rio_Grande_do_Sul CEMADEN -999.9 0.0 -999.9
-28.8249 -51.2802 17824 2026-09-12_09:10 -999.9 -999.9 -999.9 -999.9 -999.9 -999.9 -999.9 -999.9 -999.9 -999.9 -999.9 -999.9 -999.9 -999.9 -999.9 -999.9 -999.9 0.6 51.2 64.4 64.4 77.0 -999.9 -999.9 -999.9 -999.9 -999.9 CEMADEN_-_Ipê_-_G2-431043901A_(767_m) -999.9 -999.9 -999.9 -999.9 -999.9 -999.9 -999.9 -999.9 Rio_Grande_do_Sul CEMADEN -999.9 0.0 -999.9
-28.8249 -51.2802 17824 2026-09-12_10:10 -999.9 -999.9 -999.9 -999.9 -999.9 -999.9 -999.9 -999.9 -999.9 -999.9 -999.9 -999.9 -999.9 -999.9 -999.9 -999.9 0.2 0.8 51.4 64.6 64.6 77.2 -999.9 -999.9 -999.9 -999.9 -999.9 CEMADEN_-_Ipê_-_G2-431043901A_(767_m) -999.9 -999.9 -999.9 -999.9 -999.9 -999.9 -999.9 -999.9 Rio_Grande_do_Sul CEMADEN -999.9 0.2 -999.9
-28.8249 -51.2802 17824 2026-09-12_11:10 -999.9 -999.9 -999.9 -999.9 -999.9 -999.9 -999.9 -999.9 -999.9 -999.9 -999.9 -999.9 -999.9 -999.9 -999.9 -999.9 -999.9 0.8 51.4 64.6 64.6 77.2 -999.9 -999.9 -999.9 -999.9 -999.9 CEMADEN_-_Ipê_-_G2-431043901A_(767_m) -999.9 -999.9 -999.9 -999.9 -999.9 -999.9 -999.9 -999.9 Rio_Grande_do_Sul CEMADEN -999.9 0.0 -999.9
-28.8249 -51.2802 17824 2026-09-12_12:10 -999.9 -999.9 -999.9 -999.9 -999.9 -999.9 -999.9 -999.9 -999.9 -999.9 -999.9 -999.9 -999.9 -999.9 -999.9 -999.9 -999.9 0.8 51.4 64.6 64.6 77.2 -999.9 -999.9 -999.9 -999.9 -999.9 CEMADEN_-_Ipê_-_G2-431043901A_(767_m) -999.9 -999.9 -999.9 -999.9 -999.9 -999.9 -999.9 -999.9 Rio_Grande_do_Sul CEMADEN -999.9 0.0 -999.9
-28.8249 -51.2802 17824 2026-09-12_13:10 -999.9 -999.9 -999.9 -999.9 -999.9 -999.9 -999.9 -999.9 -999.9 -999.9 -999.9 -999.9 -999.9 -999.9 -999.9 -999.9 -999.9 0.8 51.4 64.6 64.6 77.2 -999.9 -999.9 -999.9 -999.9 -999.9 CEMADEN_-_Ipê_-_G2-431043901A_(767_m) -999.9 -999.9 -999.9 -999.9 -999.9 -999.9 -999.9 -999.9 Rio_Grande_do_Sul CEMADEN -999.9 0.0 -999.9
-28.8249 -51.2802 17824 2026-09-12_14:10 -999.9 -999.9 -999.9 -999.9 -999.9 -999.9 -999.9 -999.9 -999.9 -999.9 -999.9 -999.9 -999.9 -999.9 -999.9 -999.9 -999.9 0.8 51.4 64.6 64.6 77.2 -999.9 -999.9 -999.9 -999.9 -999.9 CEMADEN_-_Ipê_-_G2-431043901A_(767_m) -999.9 -999.9 -999.9 -999.9 -999.9 -999.9 -999.9 -999.9 Rio_Grande_do_Sul CEMADEN -999.9 0.0 -999.9
-28.8249 -51.2802 17824 2026-09-12_15:10 -999.9 -999.9 -999.9 -999.9 -999.9 -999.9 -999.9 -999.9 -999.9 -999.9 -999.9 -999.9 -999.9 -999.9 -999.9 -999.9 0.2 1.0 51.6 64.8 64.8 77.4 -999.9 -999.9 -999.9 -999.9 -999.9 CEMADEN_-_Ipê_-_G2-431043901A_(767_m) -999.9 -999.9 -999.9 -999.9 -999.9 -999.9 -999.9 -999.9 Rio_Grande_do_Sul CEMADEN -999.9 0.2 -999.9
-28.8249 -51.2802 17824 2026-09-12_16:00 -999.9 -999.9 -999.9 -999.9 -999.9 -999.9 -999.9 -999.9 -999.9 -999.9 -999.9 -999.9 -999.9 -999.9 -999.9 -999.9 0.2 1.2 51.8 65.0 65.0 77.6 -999.9 -999.9 -999.9 -999.9 -999.9 CEMADEN_-_Ipê_-_G2-431043901A_(767_m) -999.9 -999.9 -999.9 -999.9 -999.9 -999.9 -999.9 -999.9 Rio_Grande_do_Sul CEMADEN -999.9 0.2 -999.9
-28.8249 -51.2802 17824 2026-09-12_17:10 -999.9 -999.9 -999.9 -999.9 -999.9 -999.9 -999.9 -999.9 -999.9 -999.9 -999.9 -999.9 -999.9 -999.9 -999.9 -999.9 -999.9 1.2 51.8 65.0 65.0 77.6 -999.9 -999.9 -999.9 -999.9 -999.9 CEMADEN_-_Ipê_-_G2-431043901A_(767_m) -999.9 -999.9 -999.9 -999.9 -999.9 -999.9 -999.9 -999.9 Rio_Grande_do_Sul CEMADEN -999.9 0.0 -999.9
-28.8249 -51.2802 17824 2026-09-12_18:10 -999.9 -999.9 -999.9 -999.9 -999.9 -999.9 -999.9 -999.9 -999.9 -999.9 -999.9 -999.9 -999.9 -999.9 -999.9 -999.9 -999.9 1.2 51.8 60.6 65.0 77.6 -999.9 -999.9 -999.9 -999.9 -999.9 CEMADEN_-_Ipê_-_G2-431043901A_(767_m) -999.9 -999.9 -999.9 -999.9 -999.9 -999.9 -999.9 -999.9 Rio_Grande_do_Sul CEMADEN -999.9 0.0 -999.9
-28.8249 -51.2802 17824 2026-09-12_19:10 -999.9 -999.9 -999.9 -999.9 -999.9 -999.9 -999.9 -999.9 -999.9 -999.9 -999.9 -999.9 -999.9 -999.9 -999.9 -999.9 -999.9 1.2 51.8 58.6 65.0 77.6 -999.9 -999.9 -999.9 -999.9 -999.9 CEMADEN_-_Ipê_-_G2-431043901A_(767_m) -999.9 -999.9 -999.9 -999.9 -999.9 -999.9 -999.9 -999.9 Rio_Grande_do_Sul CEMADEN -999.9 0.0 -999.9
-28.8249 -51.2802 17824 2026-09-12_20:10 -999.9 -999.9 -999.9 -999.9 -999.9 -999.9 -999.9 -999.9 -999.9 -999.9 -999.9 -999.9 -999.9 -999.9 -999.9 -999.9 -999.9 1.2 51.8 55.6 65.0 77.6 -999.9 -999.9 -999.9 -999.9 -999.9 CEMADEN_-_Ipê_-_G2-431043901A_(767_m) -999.9 -999.9 -999.9 -999.9 -999.9 -999.9 -999.9 -999.9 Rio_Grande_do_Sul CEMADEN -999.9 0.0 -999.9
-28.8249 -51.2802 17824 2026-09-12_21:10 -999.9 -999.9 -999.9 -999.9 -999.9 -999.9 -999.9 -999.9 -999.9 -999.9 -999.9 -999.9 -999.9 -999.9 -999.9 -999.9 -999.9 1.2 51.8 53.6 65.0 77.6 -999.9 -999.9 -999.9 -999.9 -999.9 CEMADEN_-_Ipê_-_G2-431043901A_(767_m) -999.9 -999.9 -999.9 -999.9 -999.9 -999.9 -999.9 -999.9 Rio_Grande_do_Sul CEMADEN -999.9 0.0 -999.9
-28.8249 -51.2802 17824 2026-09-12_22:10 -999.9 -999.9 -999.9 -999.9 -999.9 -999.9 -999.9 -999.9 -999.9 -999.9 -999.9 -999.9 -999.9 -999.9 -999.9 -999.9 -999.9 1.2 51.8 52.4 65.0 77.6 -999.9 -999.9 -999.9 -999.9 -999.9 CEMADEN_-_Ipê_-_G2-431043901A_(767_m) -999.9 -999.9 -999.9 -999.9 -999.9 -999.9 -999.9 -999.9 Rio_Grande_do_Sul CEMADEN -999.9 0.0 -999.9
-28.8249 -51.2802 17824 2026-09-12_23:10 -999.9 -999.9 -999.9 -999.9 -999.9 -999.9 -999.9 -999.9 -999.9 -999.9 -999.9 -999.9 -999.9 -999.9 -999.9 -999.9 -999.9 1.2 51.4 52.4 65.0 77.6 -999.9 -999.9 -999.9 -999.9 -999.9 CEMADEN_-_Ipê_-_G2-431043901A_(767_m) -999.9 -999.9 -999.9 -999.9 -999.9 -999.9 -999.9 -999.9 Rio_Grande_do_Sul CEMADEN -999.9 0.0 -999.9
