-29.1046 -51.1283 17786 2026-09-17_00:10 -999.9 -999.9 -999.9 -999.9 -999.9 -999.9 -999.9 -999.9 -999.9 -999.9 -999.9 -999.9 -999.9 -999.9 -999.9 -999.9 -999.9 0.0 0.4 0.4 0.6 3.8 -999.9 -999.9 -999.9 -999.9 -999.9 CEMADEN_-_Caxias_do_Sul_-_G2-430510807A_(859_m) -999.9 -999.9 -999.9 -999.9 -999.9 -999.9 -999.9 -999.9 Rio_Grande_do_Sul CEMADEN -999.9 0.0 -999.9
-29.1046 -51.1283 17786 2026-09-17_01:10 -999.9 -999.9 -999.9 -999.9 -999.9 -999.9 -999.9 -999.9 -999.9 -999.9 -999.9 -999.9 -999.9 -999.9 -999.9 -999.9 -999.9 0.0 0.2 0.4 0.6 3.8 -999.9 -999.9 -999.9 -999.9 -999.9 CEMADEN_-_Caxias_do_Sul_-_G2-430510807A_(859_m) -999.9 -999.9 -999.9 -999.9 -999.9 -999.9 -999.9 -999.9 Rio_Grande_do_Sul CEMADEN -999.9 0.0 -999.9
-29.1046 -51.1283 17786 2026-09-17_02:10 -999.9 -999.9 -999.9 -999.9 -999.9 -999.9 -999.9 -999.9 -999.9 -999.9 -999.9 -999.9 -999.9 -999.9 -999.9 -999.9 -999.9 0.0 0.2 0.4 0.6 3.8 -999.9 -999.9 -999.9 -999.9 -999.9 CEMADEN_-_Caxias_do_Sul_-_G2-430510807A_(859_m) -999.9 -999.9 -999.9 -999.9 -999.9 -999.9 -999.9 -999.9 Rio_Grande_do_Sul CEMADEN -999.9 0.0 -999.9
-29.1046 -51.1283 17786 2026-09-17_03:10 -999.9 -999.9 -999.9 -999.9 -999.9 -999.9 -999.9 -999.9 -999.9 -999.9 -999.9 -999.9 -999.9 -999.9 -999.9 -999.9 -999.9 0.0 0.2 0.4 0.6 3.8 -999.9 -999.9 -999.9 -999.9 -999.9 CEMADEN_-_Caxias_do_Sul_-_G2-430510807A_(859_m) -999.9 -999.9 -999.9 -999.9 -999.9 -999.9 -999.9 -999.9 Rio_Grande_do_Sul CEMADEN -999.9 0.0 -999.9
-29.1046 -51.1283 17786 2026-09-17_04:10 -999.9 -999.9 -999.9 -999.9 -999.9 -999.9 -999.9 -999.9 -999.9 -999.9 -999.9 -999.9 -999.9 -999.9 -999.9 -999.9 -999.9 -0.2 0.2 0.4 0.4 3.6 -999.9 -999.9 -999.9 -999.9 -999.9 CEMADEN_-_Caxias_do_Sul_-_G2-430510807A_(859_m) -999.9 -999.9 -999.9 -999.9 -999.9 -999.9 -999.9 -999.9 Rio_Grande_do_Sul CEMADEN -999.9 -0.2 -999.9
-29.1046 -51.1283 17786 2026-09-17_05:10 -999.9 -999.9 -999.9 -999.9 -999.9 -999.9 -999.9 -999.9 -999.9 -999.9 -999.9 -999.9 -999.9 -999.9 -999.9 -999.9 -999.9 -0.2 0.2 0.4 0.4 3.6 -999.9 -999.9 -999.9 -999.9 -999.9 CEMADEN_-_Caxias_do_Sul_-_G2-430510807A_(859_m) -999.9 -999.9 -999.9 -999.9 -999.9 -999.9 -999.9 -999.9 Rio_Grande_do_Sul CEMADEN -999.9 0.0 -999.9
-29.1046 -51.1283 17786 2026-09-17_06:10 -999.9 -999.9 -999.9 -999.9 -999.9 -999.9 -999.9 -999.9 -999.9 -999.9 -999.9 -999.9 -999.9 -999.9 -999.9 -999.9 -999.9 -0.2 0.2 0.4 0.4 3.6 -999.9 -999.9 -999.9 -999.9 -999.9 CEMADEN_-_Caxias_do_Sul_-_G2-430510807A_(859_m) -999.9 -999.9 -999.9 -999.9 -999.9 -999.9 -999.9 -999.9 Rio_Grande_do_Sul CEMADEN -999.9 0.0 -999.9
-29.1046 -51.1283 17786 2026-09-17_07:10 -999.9 -999.9 -999.9 -999.9 -999.9 -999.9 -999.9 -999.9 -999.9 -999.9 -999.9 -999.9 -999.9 -999.9 -999.9 -999.9 -999.9 -0.2 -999.9 0.4 0.4 3.6 -999.9 -999.9 -999.9 -999.9 -999.9 CEMADEN_-_Caxias_do_Sul_-_G2-430510807A_(859_m) -999.9 -999.9 -999.9 -999.9 -999.9 -999.9 -999.9 -999.9 Rio_Grande_do_Sul CEMADEN -999.9 0.0 -999.9
-29.1046 -51.1283 17786 2026-09-17_08:10 -999.9 -999.9 -999.9 -999.9 -999.9 -999.9 -999.9 -999.9 -999.9 -999.9 -999.9 -999.9 -999.9 -999.9 -999.9 -999.9 -999.9 -0.2 -999.9 0.4 0.4 3.6 -999.9 -999.9 -999.9 -999.9 -999.9 CEMADEN_-_Caxias_do_Sul_-_G2-430510807A_(859_m) -999.9 -999.9 -999.9 -999.9 -999.9 -999.9 -999.9 -999.9 Rio_Grande_do_Sul CEMADEN -999.9 0.0 -999.9
-29.1046 -51.1283 17786 2026-09-17_10:10 -999.9 -999.9 -999.9 -999.9 -999.9 -999.9 -999.9 -999.9 -999.9 -999.9 -999.9 -999.9 -999.9 -999.9 -999.9 -999.9 -999.9 -0.2 -999.9 0.4 0.4 3.6 -999.9 -999.9 -999.9 -999.9 -999.9 CEMADEN_-_Caxias_do_Sul_-_G2-430510807A_(859_m) -999.9 -999.9 -999.9 -999.9 -999.9 -999.9 -999.9 -999.9 Rio_Grande_do_Sul CEMADEN -999.9 0.0 -999.9
-29.1046 -51.1283 17786 2026-09-17_11:10 -999.9 -999.9 -999.9 -999.9 -999.9 -999.9 -999.9 -999.9 -999.9 -999.9 -999.9 -999.9 -999.9 -999.9 -999.9 -999.9 -999.9 -0.2 -999.9 0.4 0.4 3.6 -999.9 -999.9 -999.9 -999.9 -999.9 CEMADEN_-_Caxias_do_Sul_-_G2-430510807A_(859_m) -999.9 -999.9 -999.9 -999.9 -999.9 -999.9 -999.9 -999.9 Rio_Grande_do_Sul CEMADEN -999.9 0.0 -999.9
-29.1046 -51.1283 17786 2026-09-17_12:10 -999.9 -999.9 -999.9 -999.9 -999.9 -999.9 -999.9 -999.9 -999.9 -999.9 -999.9 -999.9 -999.9 -999.9 -999.9 -999.9 -999.9 -0.2 -999.9 0.4 0.4 3.6 -999.9 -999.9 -999.9 -999.9 -999.9 CEMADEN_-_Caxias_do_Sul_-_G2-430510807A_(859_m) -999.9 -999.9 -999.9 -999.9 -999.9 -999.9 -999.9 -999.9 Rio_Grande_do_Sul CEMADEN -999.9 0.0 -999.9
-29.1046 -51.1283 17786 2026-09-17_13:10 -999.9 -999.9 -999.9 -999.9 -999.9 -999.9 -999.9 -999.9 -999.9 -999.9 -999.9 -999.9 -999.9 -999.9 -999.9 -999.9 -999.9 -0.2 -999.9 0.4 0.4 3.6 -999.9 -999.9 -999.9 -999.9 -999.9 CEMADEN_-_Caxias_do_Sul_-_G2-430510807A_(859_m) -999.9 -999.9 -999.9 -999.9 -999.9 -999.9 -999.9 -999.9 Rio_Grande_do_Sul CEMADEN -999.9 0.0 -999.9
-29.1046 -51.1283 17786 2026-09-17_14:10 -999.9 -999.9 -999.9 -999.9 -999.9 -999.9 -999.9 -999.9 -999.9 -999.9 -999.9 -999.9 -999.9 -999.9 -999.9 -999.9 -999.9 -0.2 -999.9 0.4 0.4 3.6 -999.9 -999.9 -999.9 -999.9 -999.9 CEMADEN_-_Caxias_do_Sul_-_G2-430510807A_(859_m) -999.9 -999.9 -999.9 -999.9 -999.9 -999.9 -999.9 -999.9 Rio_Grande_do_Sul CEMADEN -999.9 0.0 -999.9
-29.1046 -51.1283 17786 2026-09-17_15:10 -999.9 -999.9 -999.9 -999.9 -999.9 -999.9 -999.9 -999.9 -999.9 -999.9 -999.9 -999.9 -999.9 -999.9 -999.9 -999.9 -999.9 -0.2 -999.9 0.4 0.4 3.6 -999.9 -999.9 -999.9 -999.9 -999.9 CEMADEN_-_Caxias_do_Sul_-_G2-430510807A_(859_m) -999.9 -999.9 -999.9 -999.9 -999.9 -999.9 -999.9 -999.9 Rio_Grande_do_Sul CEMADEN -999.9 0.0 -999.9
-29.1046 -51.1283 17786 2026-09-17_16:10 -999.9 -999.9 -999.9 -999.9 -999.9 -999.9 -999.9 -999.9 -999.9 -999.9 -999.9 -999.9 -999.9 -999.9 -999.9 -999.9 -999.9 -0.2 -999.9 0.4 0.4 3.6 -999.9 -999.9 -999.9 -999.9 -999.9 CEMADEN_-_Caxias_do_Sul_-_G2-430510807A_(859_m) -999.9 -999.9 -999.9 -999.9 -999.9 -999.9 -999.9 -999.9 Rio_Grande_do_Sul CEMADEN -999.9 0.0 -999.9
-29.1046 -51.1283 17786 2026-09-17_17:10 -999.9 -999.9 -999.9 -999.9 -999.9 -999.9 -999.9 -999.9 -999.9 -999.9 -999.9 -999.9 -999.9 -999.9 -999.9 -999.9 -999.9 -0.2 -999.9 0.4 0.4 3.6 -999.9 -999.9 -999.9 -999.9 -999.9 CEMADEN_-_Caxias_do_Sul_-_G2-430510807A_(859_m) -999.9 -999.9 -999.9 -999.9 -999.9 -999.9 -999.9 -999.9 Rio_Grande_do_Sul CEMADEN -999.9 0.0 -999.9
-29.1046 -51.1283 17786 2026-09-17_18:10 -999.9 -999.9 -999.9 -999.9 -999.9 -999.9 -999.9 -999.9 -999.9 -999.9 -999.9 -999.9 -999.9 -999.9 -999.9 -999.9 -999.9 -0.2 -999.9 0.4 0.4 3.6 -999.9 -999.9 -999.9 -999.9 -999.9 CEMADEN_-_Caxias_do_Sul_-_G2-430510807A_(859_m) -999.9 -999.9 -999.9 -999.9 -999.9 -999.9 -999.9 -999.9 Rio_Grande_do_Sul CEMADEN -999.9 0.0 -999.9
-29.1046 -51.1283 17786 2026-09-17_19:10 -999.9 -999.9 -999.9 -999.9 -999.9 -999.9 -999.9 -999.9 -999.9 -999.9 -999.9 -999.9 -999.9 -999.9 -999.9 -999.9 -999.9 -0.2 -999.9 0.4 0.4 3.6 -999.9 -999.9 -999.9 -999.9 -999.9 CEMADEN_-_Caxias_do_Sul_-_G2-430510807A_(859_m) -999.9 -999.9 -999.9 -999.9 -999.9 -999.9 -999.9 -999.9 Rio_Grande_do_Sul CEMADEN -999.9 0.0 -999.9
-29.1046 -51.1283 17786 2026-09-17_20:10 -999.9 -999.9 -999.9 -999.9 -999.9 -999.9 -999.9 -999.9 -999.9 -999.9 -999.9 -999.9 -999.9 -999.9 -999.9 -999.9 -999.9 -0.2 -999.9 0.4 0.4 3.6 -999.9 -999.9 -999.9 -999.9 -999.9 CEMADEN_-_Caxias_do_Sul_-_G2-430510807A_(859_m) -999.9 -999.9 -999.9 -999.9 -999.9 -999.9 -999.9 -999.9 Rio_Grande_do_Sul CEMADEN -999.9 0.0 -999.9
-29.1046 -51.1283 17786 2026-09-17_21:10 -999.9 -999.9 -999.9 -999.9 -999.9 -999.9 -999.9 -999.9 -999.9 -999.9 -999.9 -999.9 -999.9 -999.9 -999.9 -999.9 -999.9 -0.2 -999.9 0.4 0.4 3.6 -999.9 -999.9 -999.9 -999.9 -999.9 CEMADEN_-_Caxias_do_Sul_-_G2-430510807A_(859_m) -999.9 -999.9 -999.9 -999.9 -999.9 -999.9 -999.9 -999.9 Rio_Grande_do_Sul CEMADEN -999.9 0.0 -999.9
-29.1046 -51.1283 17786 2026-09-17_22:10 -999.9 -999.9 -999.9 -999.9 -999.9 -999.9 -999.9 -999.9 -999.9 -999.9 -999.9 -999.9 -999.9 -999.9 -999.9 -999.9 -999.9 -0.2 -999.9 0.4 0.4 3.6 -999.9 -999.9 -999.9 -999.9 -999.9 CEMADEN_-_Caxias_do_Sul_-_G2-430510807A_(859_m) -999.9 -999.9 -999.9 -999.9 -999.9 -999.9 -999.9 -999.9 Rio_Grande_do_Sul CEMADEN -999.9 0.0 -999.9
