-29.09777 -51.69972 86472000 2026-09-05_00:00 -999.9 -999.9 -999.9 -999.9 -999.9 -999.9 -999.9 -999.9 -999.9 -999.9 -999.9 -999.9 -999.9 -999.9 -999.9 -999.9 0.0 0.0 0.0 0.0 0.0 14.4 -999.9 -999.9 -999.9 -999.9 -999.9 SGB/CPRM_-_Linha_José_Júlio_(82_m) -999.9 -999.9 -999.9 -999.9 -999.9 -999.9 -999.9 -999.9 Brasil SGB/CPRM -999.9 0.0 0.0 5.15 5.15 5.15 -1 -0.02 5.78 6.51 7.16 8.89
-29.09777 -51.69972 86472000 2026-09-05_00:15 -999.9 -999.9 -999.9 -999.9 -999.9 -999.9 -999.9 -999.9 -999.9 -999.9 -999.9 -999.9 -999.9 -999.9 -999.9 -999.9 0.0 0.0 0.0 0.0 0.0 14.4 -999.9 -999.9 -999.9 -999.9 -999.9 SGB/CPRM_-_Linha_José_Júlio_(82_m) -999.9 -999.9 -999.9 -999.9 -999.9 -999.9 -999.9 -999.9 Brasil SGB/CPRM -999.9 0.0 0.0 5.15 5.15 5.15 -1 -0.02 5.78 6.51 7.16 8.89
-29.09777 -51.69972 86472000 2026-09-05_00:30 -999.9 -999.9 -999.9 -999.9 -999.9 -999.9 -999.9 -999.9 -999.9 -999.9 -999.9 -999.9 -999.9 -999.9 -999.9 -999.9 0.0 0.0 0.0 0.0 0.0 14.4 -999.9 -999.9 -999.9 -999.9 -999.9 SGB/CPRM_-_Linha_José_Júlio_(82_m) -999.9 -999.9 -999.9 -999.9 -999.9 -999.9 -999.9 -999.9 Brasil SGB/CPRM -999.9 0.0 0.0 5.15 5.15 5.15 -1 -0.01 5.78 6.51 7.16 8.89
-29.09777 -51.69972 86472000 2026-09-05_00:45 -999.9 -999.9 -999.9 -999.9 -999.9 -999.9 -999.9 -999.9 -999.9 -999.9 -999.9 -999.9 -999.9 -999.9 -999.9 -999.9 0.0 0.0 0.0 0.0 0.0 14.4 -999.9 -999.9 -999.9 -999.9 -999.9 SGB/CPRM_-_Linha_José_Júlio_(82_m) -999.9 -999.9 -999.9 -999.9 -999.9 -999.9 -999.9 -999.9 Brasil SGB/CPRM -999.9 0.0 0.0 5.16 5.16 5.15 0 0 5.78 6.51 7.16 8.89
-29.09777 -51.69972 86472000 2026-09-05_01:00 -999.9 -999.9 -999.9 -999.9 -999.9 -999.9 -999.9 -999.9 -999.9 -999.9 -999.9 -999.9 -999.9 -999.9 -999.9 -999.9 0.0 0.0 0.0 0.0 0.0 14.4 -999.9 -999.9 -999.9 -999.9 -999.9 SGB/CPRM_-_Linha_José_Júlio_(82_m) -999.9 -999.9 -999.9 -999.9 -999.9 -999.9 -999.9 -999.9 Brasil SGB/CPRM -999.9 0.0 0.0 5.16 5.16 5.15 0 0.01 5.78 6.51 7.16 8.89
-29.09777 -51.69972 86472000 2026-09-05_01:15 -999.9 -999.9 -999.9 -999.9 -999.9 -999.9 -999.9 -999.9 -999.9 -999.9 -999.9 -999.9 -999.9 -999.9 -999.9 -999.9 0.0 0.0 0.0 0.0 0.0 14.4 -999.9 -999.9 -999.9 -999.9 -999.9 SGB/CPRM_-_Linha_José_Júlio_(82_m) -999.9 -999.9 -999.9 -999.9 -999.9 -999.9 -999.9 -999.9 Brasil SGB/CPRM -999.9 0.0 0.0 5.17 5.17 5.15 1 0.02 5.78 6.51 7.16 8.89
-29.09777 -51.69972 86472000 2026-09-05_01:30 -999.9 -999.9 -999.9 -999.9 -999.9 -999.9 -999.9 -999.9 -999.9 -999.9 -999.9 -999.9 -999.9 -999.9 -999.9 -999.9 0.0 0.0 0.0 0.0 0.0 14.4 -999.9 -999.9 -999.9 -999.9 -999.9 SGB/CPRM_-_Linha_José_Júlio_(82_m) -999.9 -999.9 -999.9 -999.9 -999.9 -999.9 -999.9 -999.9 Brasil SGB/CPRM -999.9 0.0 0.0 5.18 5.18 5.15 1 0.03 5.78 6.51 7.16 8.89
-29.09777 -51.69972 86472000 2026-09-05_01:45 -999.9 -999.9 -999.9 -999.9 -999.9 -999.9 -999.9 -999.9 -999.9 -999.9 -999.9 -999.9 -999.9 -999.9 -999.9 -999.9 0.0 0.0 0.0 0.0 0.0 14.4 -999.9 -999.9 -999.9 -999.9 -999.9 SGB/CPRM_-_Linha_José_Júlio_(82_m) -999.9 -999.9 -999.9 -999.9 -999.9 -999.9 -999.9 -999.9 Brasil SGB/CPRM -999.9 0.0 0.0 5.18 5.18 5.15 1 0.02 5.78 6.51 7.16 8.89
-29.09777 -51.69972 86472000 2026-09-05_02:00 -999.9 -999.9 -999.9 -999.9 -999.9 -999.9 -999.9 -999.9 -999.9 -999.9 -999.9 -999.9 -999.9 -999.9 -999.9 -999.9 0.0 0.0 0.0 0.0 0.0 14.4 -999.9 -999.9 -999.9 -999.9 -999.9 SGB/CPRM_-_Linha_José_Júlio_(82_m) -999.9 -999.9 -999.9 -999.9 -999.9 -999.9 -999.9 -999.9 Brasil SGB/CPRM -999.9 0.0 0.0 5.19 5.19 5.15 1 0.03 5.78 6.51 7.16 8.89
-29.09777 -51.69972 86472000 2026-09-05_02:15 -999.9 -999.9 -999.9 -999.9 -999.9 -999.9 -999.9 -999.9 -999.9 -999.9 -999.9 -999.9 -999.9 -999.9 -999.9 -999.9 0.0 0.0 0.0 0.0 0.0 14.4 -999.9 -999.9 -999.9 -999.9 -999.9 SGB/CPRM_-_Linha_José_Júlio_(82_m) -999.9 -999.9 -999.9 -999.9 -999.9 -999.9 -999.9 -999.9 Brasil SGB/CPRM -999.9 0.0 0.0 5.19 5.19 5.15 1 0.02 5.78 6.51 7.16 8.89
-29.09777 -51.69972 86472000 2026-09-05_02:30 -999.9 -999.9 -999.9 -999.9 -999.9 -999.9 -999.9 -999.9 -999.9 -999.9 -999.9 -999.9 -999.9 -999.9 -999.9 -999.9 0.0 0.0 0.0 0.0 0.0 14.4 -999.9 -999.9 -999.9 -999.9 -999.9 SGB/CPRM_-_Linha_José_Júlio_(82_m) -999.9 -999.9 -999.9 -999.9 -999.9 -999.9 -999.9 -999.9 Brasil SGB/CPRM -999.9 0.0 0.0 5.19 5.19 5.15 1 0.01 5.78 6.51 7.16 8.89
-29.09777 -51.69972 86472000 2026-09-05_02:45 -999.9 -999.9 -999.9 -999.9 -999.9 -999.9 -999.9 -999.9 -999.9 -999.9 -999.9 -999.9 -999.9 -999.9 -999.9 -999.9 0.0 0.0 0.0 0.0 0.0 14.4 -999.9 -999.9 -999.9 -999.9 -999.9 SGB/CPRM_-_Linha_José_Júlio_(82_m) -999.9 -999.9 -999.9 -999.9 -999.9 -999.9 -999.9 -999.9 Brasil SGB/CPRM -999.9 0.0 0.0 5.2 5.2 5.15 1 0.02 5.78 6.51 7.16 8.89
-29.09777 -51.69972 86472000 2026-09-05_03:00 -999.9 -999.9 -999.9 -999.9 -999.9 -999.9 -999.9 -999.9 -999.9 -999.9 -999.9 -999.9 -999.9 -999.9 -999.9 -999.9 0.0 0.0 0.0 0.0 0.0 14.4 -999.9 -999.9 -999.9 -999.9 -999.9 SGB/CPRM_-_Linha_José_Júlio_(82_m) -999.9 -999.9 -999.9 -999.9 -999.9 -999.9 -999.9 -999.9 Brasil SGB/CPRM -999.9 0.0 0.0 5.19 5.2 5.15 0 0 5.78 6.51 7.16 8.89
-29.09777 -51.69972 86472000 2026-09-05_03:15 -999.9 -999.9 -999.9 -999.9 -999.9 -999.9 -999.9 -999.9 -999.9 -999.9 -999.9 -999.9 -999.9 -999.9 -999.9 -999.9 0.0 0.0 0.0 0.0 0.0 14.4 -999.9 -999.9 -999.9 -999.9 -999.9 SGB/CPRM_-_Linha_José_Júlio_(82_m) -999.9 -999.9 -999.9 -999.9 -999.9 -999.9 -999.9 -999.9 Brasil SGB/CPRM -999.9 0.0 0.0 5.19 5.2 5.15 0 0 5.78 6.51 7.16 8.89
-29.09777 -51.69972 86472000 2026-09-05_03:30 -999.9 -999.9 -999.9 -999.9 -999.9 -999.9 -999.9 -999.9 -999.9 -999.9 -999.9 -999.9 -999.9 -999.9 -999.9 -999.9 0.0 0.0 0.0 0.0 0.0 14.4 -999.9 -999.9 -999.9 -999.9 -999.9 SGB/CPRM_-_Linha_José_Júlio_(82_m) -999.9 -999.9 -999.9 -999.9 -999.9 -999.9 -999.9 -999.9 Brasil SGB/CPRM -999.9 0.0 0.0 5.19 5.2 5.15 0 0 5.78 6.51 7.16 8.89
-29.09777 -51.69972 86472000 2026-09-05_03:45 -999.9 -999.9 -999.9 -999.9 -999.9 -999.9 -999.9 -999.9 -999.9 -999.9 -999.9 -999.9 -999.9 -999.9 -999.9 -999.9 0.0 0.0 0.0 0.0 0.0 14.4 -999.9 -999.9 -999.9 -999.9 -999.9 SGB/CPRM_-_Linha_José_Júlio_(82_m) -999.9 -999.9 -999.9 -999.9 -999.9 -999.9 -999.9 -999.9 Brasil SGB/CPRM -999.9 0.0 0.0 5.18 5.2 5.15 -1 -0.02 5.78 6.51 7.16 8.89
-29.09777 -51.69972 86472000 2026-09-05_04:00 -999.9 -999.9 -999.9 -999.9 -999.9 -999.9 -999.9 -999.9 -999.9 -999.9 -999.9 -999.9 -999.9 -999.9 -999.9 -999.9 0.0 0.0 0.0 0.0 0.0 14.4 -999.9 -999.9 -999.9 -999.9 -999.9 SGB/CPRM_-_Linha_José_Júlio_(82_m) -999.9 -999.9 -999.9 -999.9 -999.9 -999.9 -999.9 -999.9 Brasil SGB/CPRM -999.9 0.0 0.0 5.18 5.2 5.15 0 -0.01 5.78 6.51 7.16 8.89
-29.09777 -51.69972 86472000 2026-09-05_04:15 -999.9 -999.9 -999.9 -999.9 -999.9 -999.9 -999.9 -999.9 -999.9 -999.9 -999.9 -999.9 -999.9 -999.9 -999.9 -999.9 0.0 0.0 0.0 0.0 0.0 14.4 -999.9 -999.9 -999.9 -999.9 -999.9 SGB/CPRM_-_Linha_José_Júlio_(82_m) -999.9 -999.9 -999.9 -999.9 -999.9 -999.9 -999.9 -999.9 Brasil SGB/CPRM -999.9 0.0 0.0 5.18 5.2 5.15 -1 -0.01 5.78 6.51 7.16 8.89
-29.09777 -51.69972 86472000 2026-09-05_04:30 -999.9 -999.9 -999.9 -999.9 -999.9 -999.9 -999.9 -999.9 -999.9 -999.9 -999.9 -999.9 -999.9 -999.9 -999.9 -999.9 0.0 0.0 0.0 0.0 0.0 14.4 -999.9 -999.9 -999.9 -999.9 -999.9 SGB/CPRM_-_Linha_José_Júlio_(82_m) -999.9 -999.9 -999.9 -999.9 -999.9 -999.9 -999.9 -999.9 Brasil SGB/CPRM -999.9 0.0 0.0 5.17 5.2 5.15 -1 -0.02 5.78 6.51 7.16 8.89
-29.09777 -51.69972 86472000 2026-09-05_04:45 -999.9 -999.9 -999.9 -999.9 -999.9 -999.9 -999.9 -999.9 -999.9 -999.9 -999.9 -999.9 -999.9 -999.9 -999.9 -999.9 0.0 0.0 0.0 0.0 0.0 14.4 -999.9 -999.9 -999.9 -999.9 -999.9 SGB/CPRM_-_Linha_José_Júlio_(82_m) -999.9 -999.9 -999.9 -999.9 -999.9 -999.9 -999.9 -999.9 Brasil SGB/CPRM -999.9 0.0 0.0 5.17 5.2 5.15 0 -0.01 5.78 6.51 7.16 8.89
-29.09777 -51.69972 86472000 2026-09-05_05:00 -999.9 -999.9 -999.9 -999.9 -999.9 -999.9 -999.9 -999.9 -999.9 -999.9 -999.9 -999.9 -999.9 -999.9 -999.9 -999.9 0.0 0.0 0.0 0.0 0.0 14.4 -999.9 -999.9 -999.9 -999.9 -999.9 SGB/CPRM_-_Linha_José_Júlio_(82_m) -999.9 -999.9 -999.9 -999.9 -999.9 -999.9 -999.9 -999.9 Brasil SGB/CPRM -999.9 0.0 0.0 5.16 5.2 5.15 -1 -0.02 5.78 6.51 7.16 8.89
-29.09777 -51.69972 86472000 2026-09-05_05:15 -999.9 -999.9 -999.9 -999.9 -999.9 -999.9 -999.9 -999.9 -999.9 -999.9 -999.9 -999.9 -999.9 -999.9 -999.9 -999.9 0.0 0.0 0.0 0.0 0.0 14.4 -999.9 -999.9 -999.9 -999.9 -999.9 SGB/CPRM_-_Linha_José_Júlio_(82_m) -999.9 -999.9 -999.9 -999.9 -999.9 -999.9 -999.9 -999.9 Brasil SGB/CPRM -999.9 0.0 0.0 5.16 5.2 5.15 -1 -0.02 5.78 6.51 7.16 8.89
-29.09777 -51.69972 86472000 2026-09-05_05:30 -999.9 -999.9 -999.9 -999.9 -999.9 -999.9 -999.9 -999.9 -999.9 -999.9 -999.9 -999.9 -999.9 -999.9 -999.9 -999.9 0.0 0.0 0.0 0.0 0.0 14.4 -999.9 -999.9 -999.9 -999.9 -999.9 SGB/CPRM_-_Linha_José_Júlio_(82_m) -999.9 -999.9 -999.9 -999.9 -999.9 -999.9 -999.9 -999.9 Brasil SGB/CPRM -999.9 0.0 0.0 5.15 5.2 5.15 -1 -0.02 5.78 6.51 7.16 8.89
-29.09777 -51.69972 86472000 2026-09-05_05:45 -999.9 -999.9 -999.9 -999.9 -999.9 -999.9 -999.9 -999.9 -999.9 -999.9 -999.9 -999.9 -999.9 -999.9 -999.9 -999.9 0.0 0.0 0.0 0.0 0.0 14.4 -999.9 -999.9 -999.9 -999.9 -999.9 SGB/CPRM_-_Linha_José_Júlio_(82_m) -999.9 -999.9 -999.9 -999.9 -999.9 -999.9 -999.9 -999.9 Brasil SGB/CPRM -999.9 0.0 0.0 5.15 5.2 5.15 -1 -0.02 5.78 6.51 7.16 8.89
-29.09777 -51.69972 86472000 2026-09-05_06:00 -999.9 -999.9 -999.9 -999.9 -999.9 -999.9 -999.9 -999.9 -999.9 -999.9 -999.9 -999.9 -999.9 -999.9 -999.9 -999.9 0.0 0.0 0.0 0.0 0.0 14.4 -999.9 -999.9 -999.9 -999.9 -999.9 SGB/CPRM_-_Linha_José_Júlio_(82_m) -999.9 -999.9 -999.9 -999.9 -999.9 -999.9 -999.9 -999.9 Brasil SGB/CPRM -999.9 0.0 0.0 5.15 5.2 5.15 -1 -0.01 5.78 6.51 7.16 8.89
-29.09777 -51.69972 86472000 2026-09-05_06:15 -999.9 -999.9 -999.9 -999.9 -999.9 -999.9 -999.9 -999.9 -999.9 -999.9 -999.9 -999.9 -999.9 -999.9 -999.9 -999.9 0.0 0.0 0.0 0.0 0.0 14.4 -999.9 -999.9 -999.9 -999.9 -999.9 SGB/CPRM_-_Linha_José_Júlio_(82_m) -999.9 -999.9 -999.9 -999.9 -999.9 -999.9 -999.9 -999.9 Brasil SGB/CPRM -999.9 0.0 0.0 5.14 5.2 5.14 -1 -0.02 5.78 6.51 7.16 8.89
-29.09777 -51.69972 86472000 2026-09-05_06:30 -999.9 -999.9 -999.9 -999.9 -999.9 -999.9 -999.9 -999.9 -999.9 -999.9 -999.9 -999.9 -999.9 -999.9 -999.9 -999.9 0.0 0.0 0.0 0.0 0.0 14.4 -999.9 -999.9 -999.9 -999.9 -999.9 SGB/CPRM_-_Linha_José_Júlio_(82_m) -999.9 -999.9 -999.9 -999.9 -999.9 -999.9 -999.9 -999.9 Brasil SGB/CPRM -999.9 0.0 0.0 5.14 5.2 5.14 0 -0.01 5.78 6.51 7.16 8.89
-29.09777 -51.69972 86472000 2026-09-05_06:45 -999.9 -999.9 -999.9 -999.9 -999.9 -999.9 -999.9 -999.9 -999.9 -999.9 -999.9 -999.9 -999.9 -999.9 -999.9 -999.9 0.0 0.0 0.0 0.0 0.0 14.4 -999.9 -999.9 -999.9 -999.9 -999.9 SGB/CPRM_-_Linha_José_Júlio_(82_m) -999.9 -999.9 -999.9 -999.9 -999.9 -999.9 -999.9 -999.9 Brasil SGB/CPRM -999.9 0.0 0.0 5.13 5.2 5.13 -1 -0.02 5.78 6.51 7.16 8.89
-29.09777 -51.69972 86472000 2026-09-05_07:00 -999.9 -999.9 -999.9 -999.9 -999.9 -999.9 -999.9 -999.9 -999.9 -999.9 -999.9 -999.9 -999.9 -999.9 -999.9 -999.9 0.0 0.0 0.0 0.0 0.0 14.4 -999.9 -999.9 -999.9 -999.9 -999.9 SGB/CPRM_-_Linha_José_Júlio_(82_m) -999.9 -999.9 -999.9 -999.9 -999.9 -999.9 -999.9 -999.9 Brasil SGB/CPRM -999.9 0.0 0.0 5.13 5.2 5.13 -1 -0.02 5.78 6.51 7.16 8.89
-29.09777 -51.69972 86472000 2026-09-05_07:15 -999.9 -999.9 -999.9 -999.9 -999.9 -999.9 -999.9 -999.9 -999.9 -999.9 -999.9 -999.9 -999.9 -999.9 -999.9 -999.9 0.0 0.0 0.0 0.0 0.0 14.4 -999.9 -999.9 -999.9 -999.9 -999.9 SGB/CPRM_-_Linha_José_Júlio_(82_m) -999.9 -999.9 -999.9 -999.9 -999.9 -999.9 -999.9 -999.9 Brasil SGB/CPRM -999.9 0.0 0.0 5.12 5.2 5.12 -1 -0.02 5.78 6.51 7.16 8.89
-29.09777 -51.69972 86472000 2026-09-05_07:30 -999.9 -999.9 -999.9 -999.9 -999.9 -999.9 -999.9 -999.9 -999.9 -999.9 -999.9 -999.9 -999.9 -999.9 -999.9 -999.9 0.0 0.0 0.0 0.0 0.0 14.4 -999.9 -999.9 -999.9 -999.9 -999.9 SGB/CPRM_-_Linha_José_Júlio_(82_m) -999.9 -999.9 -999.9 -999.9 -999.9 -999.9 -999.9 -999.9 Brasil SGB/CPRM -999.9 0.0 0.0 5.12 5.2 5.12 -1 -0.02 5.78 6.51 7.16 8.89
-29.09777 -51.69972 86472000 2026-09-05_07:45 -999.9 -999.9 -999.9 -999.9 -999.9 -999.9 -999.9 -999.9 -999.9 -999.9 -999.9 -999.9 -999.9 -999.9 -999.9 -999.9 0.0 0.0 0.0 0.0 0.0 14.4 -999.9 -999.9 -999.9 -999.9 -999.9 SGB/CPRM_-_Linha_José_Júlio_(82_m) -999.9 -999.9 -999.9 -999.9 -999.9 -999.9 -999.9 -999.9 Brasil SGB/CPRM -999.9 0.0 0.0 5.08 5.2 5.08 -1 -0.05 5.78 6.51 7.16 8.89
-29.09777 -51.69972 86472000 2026-09-05_08:00 -999.9 -999.9 -999.9 -999.9 -999.9 -999.9 -999.9 -999.9 -999.9 -999.9 -999.9 -999.9 -999.9 -999.9 -999.9 -999.9 0.0 0.0 0.0 0.0 0.0 14.4 -999.9 -999.9 -999.9 -999.9 -999.9 SGB/CPRM_-_Linha_José_Júlio_(82_m) -999.9 -999.9 -999.9 -999.9 -999.9 -999.9 -999.9 -999.9 Brasil SGB/CPRM -999.9 0.0 0.0 4.98 5.2 4.98 -1 -0.15 5.78 6.51 7.16 8.89
-29.09777 -51.69972 86472000 2026-09-05_08:15 -999.9 -999.9 -999.9 -999.9 -999.9 -999.9 -999.9 -999.9 -999.9 -999.9 -999.9 -999.9 -999.9 -999.9 -999.9 -999.9 0.0 0.0 0.0 0.0 0.0 14.4 -999.9 -999.9 -999.9 -999.9 -999.9 SGB/CPRM_-_Linha_José_Júlio_(82_m) -999.9 -999.9 -999.9 -999.9 -999.9 -999.9 -999.9 -999.9 Brasil SGB/CPRM -999.9 0.0 0.0 4.83 5.2 4.83 -1 -0.29 5.78 6.51 7.16 8.89
-29.09777 -51.69972 86472000 2026-09-05_08:30 -999.9 -999.9 -999.9 -999.9 -999.9 -999.9 -999.9 -999.9 -999.9 -999.9 -999.9 -999.9 -999.9 -999.9 -999.9 -999.9 0.0 0.0 0.0 0.0 0.0 14.4 -999.9 -999.9 -999.9 -999.9 -999.9 SGB/CPRM_-_Linha_José_Júlio_(82_m) -999.9 -999.9 -999.9 -999.9 -999.9 -999.9 -999.9 -999.9 Brasil SGB/CPRM -999.9 0.0 0.0 4.68 5.2 4.68 -1 -0.44 5.78 6.51 7.16 8.89
-29.09777 -51.69972 86472000 2026-09-05_08:45 -999.9 -999.9 -999.9 -999.9 -999.9 -999.9 -999.9 -999.9 -999.9 -999.9 -999.9 -999.9 -999.9 -999.9 -999.9 -999.9 0.0 0.0 0.0 0.0 0.0 14.4 -999.9 -999.9 -999.9 -999.9 -999.9 SGB/CPRM_-_Linha_José_Júlio_(82_m) -999.9 -999.9 -999.9 -999.9 -999.9 -999.9 -999.9 -999.9 Brasil SGB/CPRM -999.9 0.0 0.0 4.52 5.2 4.52 -1 -0.56 5.78 6.51 7.16 8.89
-29.09777 -51.69972 86472000 2026-09-05_09:00 -999.9 -999.9 -999.9 -999.9 -999.9 -999.9 -999.9 -999.9 -999.9 -999.9 -999.9 -999.9 -999.9 -999.9 -999.9 -999.9 0.0 0.0 0.0 0.0 0.0 14.4 -999.9 -999.9 -999.9 -999.9 -999.9 SGB/CPRM_-_Linha_José_Júlio_(82_m) -999.9 -999.9 -999.9 -999.9 -999.9 -999.9 -999.9 -999.9 Brasil SGB/CPRM -999.9 0.0 0.0 4.39 5.2 4.39 -1 -0.59 5.78 6.51 7.16 8.89
-29.09777 -51.69972 86472000 2026-09-05_09:15 -999.9 -999.9 -999.9 -999.9 -999.9 -999.9 -999.9 -999.9 -999.9 -999.9 -999.9 -999.9 -999.9 -999.9 -999.9 -999.9 0.0 0.0 0.0 0.0 0.0 14.4 -999.9 -999.9 -999.9 -999.9 -999.9 SGB/CPRM_-_Linha_José_Júlio_(82_m) -999.9 -999.9 -999.9 -999.9 -999.9 -999.9 -999.9 -999.9 Brasil SGB/CPRM -999.9 0.0 0.0 4.28 5.2 4.28 -1 -0.55 5.78 6.51 7.16 8.89
-29.09777 -51.69972 86472000 2026-09-05_09:30 -999.9 -999.9 -999.9 -999.9 -999.9 -999.9 -999.9 -999.9 -999.9 -999.9 -999.9 -999.9 -999.9 -999.9 -999.9 -999.9 0.0 0.0 0.0 0.0 0.0 14.4 -999.9 -999.9 -999.9 -999.9 -999.9 SGB/CPRM_-_Linha_José_Júlio_(82_m) -999.9 -999.9 -999.9 -999.9 -999.9 -999.9 -999.9 -999.9 Brasil SGB/CPRM -999.9 0.0 0.0 4.18 5.2 4.18 -1 -0.5 5.78 6.51 7.16 8.89
-29.09777 -51.69972 86472000 2026-09-05_09:45 -999.9 -999.9 -999.9 -999.9 -999.9 -999.9 -999.9 -999.9 -999.9 -999.9 -999.9 -999.9 -999.9 -999.9 -999.9 -999.9 0.0 0.0 0.0 0.0 0.0 14.4 -999.9 -999.9 -999.9 -999.9 -999.9 SGB/CPRM_-_Linha_José_Júlio_(82_m) -999.9 -999.9 -999.9 -999.9 -999.9 -999.9 -999.9 -999.9 Brasil SGB/CPRM -999.9 0.0 0.0 4.11 5.2 4.11 -1 -0.41 5.78 6.51 7.16 8.89
-29.09777 -51.69972 86472000 2026-09-05_10:00 -999.9 -999.9 -999.9 -999.9 -999.9 -999.9 -999.9 -999.9 -999.9 -999.9 -999.9 -999.9 -999.9 -999.9 -999.9 -999.9 0.0 0.0 0.0 0.0 0.0 14.4 -999.9 -999.9 -999.9 -999.9 -999.9 SGB/CPRM_-_Linha_José_Júlio_(82_m) -999.9 -999.9 -999.9 -999.9 -999.9 -999.9 -999.9 -999.9 Brasil SGB/CPRM -999.9 0.0 0.0 4.06 5.2 4.06 -1 -0.33 5.78 6.51 7.16 8.89
-29.09777 -51.69972 86472000 2026-09-05_10:15 -999.9 -999.9 -999.9 -999.9 -999.9 -999.9 -999.9 -999.9 -999.9 -999.9 -999.9 -999.9 -999.9 -999.9 -999.9 -999.9 0.0 0.0 0.0 0.0 0.0 14.4 -999.9 -999.9 -999.9 -999.9 -999.9 SGB/CPRM_-_Linha_José_Júlio_(82_m) -999.9 -999.9 -999.9 -999.9 -999.9 -999.9 -999.9 -999.9 Brasil SGB/CPRM -999.9 0.0 0.0 4.04 5.2 4.04 -1 -0.24 5.78 6.51 7.16 8.89
-29.09777 -51.69972 86472000 2026-09-05_10:30 -999.9 -999.9 -999.9 -999.9 -999.9 -999.9 -999.9 -999.9 -999.9 -999.9 -999.9 -999.9 -999.9 -999.9 -999.9 -999.9 0.0 0.0 0.0 0.0 0.0 14.4 -999.9 -999.9 -999.9 -999.9 -999.9 SGB/CPRM_-_Linha_José_Júlio_(82_m) -999.9 -999.9 -999.9 -999.9 -999.9 -999.9 -999.9 -999.9 Brasil SGB/CPRM -999.9 0.0 0.0 4.04 5.2 4.04 -1 -0.14 5.78 6.51 7.16 8.89
-29.09777 -51.69972 86472000 2026-09-05_10:45 -999.9 -999.9 -999.9 -999.9 -999.9 -999.9 -999.9 -999.9 -999.9 -999.9 -999.9 -999.9 -999.9 -999.9 -999.9 -999.9 0.0 0.0 0.0 0.0 0.0 14.4 -999.9 -999.9 -999.9 -999.9 -999.9 SGB/CPRM_-_Linha_José_Júlio_(82_m) -999.9 -999.9 -999.9 -999.9 -999.9 -999.9 -999.9 -999.9 Brasil SGB/CPRM -999.9 0.0 0.0 4.05 5.2 4.04 -1 -0.06 5.78 6.51 7.16 8.89
-29.09777 -51.69972 86472000 2026-09-05_11:00 -999.9 -999.9 -999.9 -999.9 -999.9 -999.9 -999.9 -999.9 -999.9 -999.9 -999.9 -999.9 -999.9 -999.9 -999.9 -999.9 0.0 0.0 0.0 0.0 0.0 14.4 -999.9 -999.9 -999.9 -999.9 -999.9 SGB/CPRM_-_Linha_José_Júlio_(82_m) -999.9 -999.9 -999.9 -999.9 -999.9 -999.9 -999.9 -999.9 Brasil SGB/CPRM -999.9 0.0 0.0 4.08 5.2 4.04 0 0.02 5.78 6.51 7.16 8.89
-29.09777 -51.69972 86472000 2026-09-05_11:15 -999.9 -999.9 -999.9 -999.9 -999.9 -999.9 -999.9 -999.9 -999.9 -999.9 -999.9 -999.9 -999.9 -999.9 -999.9 -999.9 0.0 0.0 0.0 0.0 0.0 14.4 -999.9 -999.9 -999.9 -999.9 -999.9 SGB/CPRM_-_Linha_José_Júlio_(82_m) -999.9 -999.9 -999.9 -999.9 -999.9 -999.9 -999.9 -999.9 Brasil SGB/CPRM -999.9 0.0 0.0 4.13 5.2 4.04 1 0.09 5.78 6.51 7.16 8.89
-29.09777 -51.69972 86472000 2026-09-05_11:30 -999.9 -999.9 -999.9 -999.9 -999.9 -999.9 -999.9 -999.9 -999.9 -999.9 -999.9 -999.9 -999.9 -999.9 -999.9 -999.9 0.0 0.0 0.0 0.0 0.0 14.4 -999.9 -999.9 -999.9 -999.9 -999.9 SGB/CPRM_-_Linha_José_Júlio_(82_m) -999.9 -999.9 -999.9 -999.9 -999.9 -999.9 -999.9 -999.9 Brasil SGB/CPRM -999.9 0.0 0.0 4.18 5.2 4.04 1 0.14 5.78 6.51 7.16 8.89
-29.09777 -51.69972 86472000 2026-09-05_11:45 -999.9 -999.9 -999.9 -999.9 -999.9 -999.9 -999.9 -999.9 -999.9 -999.9 -999.9 -999.9 -999.9 -999.9 -999.9 -999.9 0.0 0.0 0.0 0.0 0.0 14.4 -999.9 -999.9 -999.9 -999.9 -999.9 SGB/CPRM_-_Linha_José_Júlio_(82_m) -999.9 -999.9 -999.9 -999.9 -999.9 -999.9 -999.9 -999.9 Brasil SGB/CPRM -999.9 0.0 0.0 4.24 5.2 4.04 1 0.19 5.78 6.51 7.16 8.89
-29.09777 -51.69972 86472000 2026-09-05_12:00 -999.9 -999.9 -999.9 -999.9 -999.9 -999.9 -999.9 -999.9 -999.9 -999.9 -999.9 -999.9 -999.9 -999.9 -999.9 -999.9 0.0 0.0 0.0 0.0 0.0 14.4 -999.9 -999.9 -999.9 -999.9 -999.9 SGB/CPRM_-_Linha_José_Júlio_(82_m) -999.9 -999.9 -999.9 -999.9 -999.9 -999.9 -999.9 -999.9 Brasil SGB/CPRM -999.9 0.0 0.0 4.31 5.2 4.04 1 0.23 5.78 6.51 7.16 8.89
-29.09777 -51.69972 86472000 2026-09-05_12:15 -999.9 -999.9 -999.9 -999.9 -999.9 -999.9 -999.9 -999.9 -999.9 -999.9 -999.9 -999.9 -999.9 -999.9 -999.9 -999.9 0.0 0.0 0.0 0.0 0.0 14.4 -999.9 -999.9 -999.9 -999.9 -999.9 SGB/CPRM_-_Linha_José_Júlio_(82_m) -999.9 -999.9 -999.9 -999.9 -999.9 -999.9 -999.9 -999.9 Brasil SGB/CPRM -999.9 0.0 0.0 4.37 5.2 4.04 1 0.24 5.78 6.51 7.16 8.89
-29.09777 -51.69972 86472000 2026-09-05_12:30 -999.9 -999.9 -999.9 -999.9 -999.9 -999.9 -999.9 -999.9 -999.9 -999.9 -999.9 -999.9 -999.9 -999.9 -999.9 -999.9 0.0 0.0 0.0 0.0 0.0 14.4 -999.9 -999.9 -999.9 -999.9 -999.9 SGB/CPRM_-_Linha_José_Júlio_(82_m) -999.9 -999.9 -999.9 -999.9 -999.9 -999.9 -999.9 -999.9 Brasil SGB/CPRM -999.9 0.0 0.0 4.43 5.2 4.04 1 0.25 5.78 6.51 7.16 8.89
-29.09777 -51.69972 86472000 2026-09-05_12:45 -999.9 -999.9 -999.9 -999.9 -999.9 -999.9 -999.9 -999.9 -999.9 -999.9 -999.9 -999.9 -999.9 -999.9 -999.9 -999.9 0.0 0.0 0.0 0.0 0.0 14.4 -999.9 -999.9 -999.9 -999.9 -999.9 SGB/CPRM_-_Linha_José_Júlio_(82_m) -999.9 -999.9 -999.9 -999.9 -999.9 -999.9 -999.9 -999.9 Brasil SGB/CPRM -999.9 0.0 0.0 4.48 5.2 4.04 1 0.24 5.78 6.51 7.16 8.89
-29.09777 -51.69972 86472000 2026-09-05_13:00 -999.9 -999.9 -999.9 -999.9 -999.9 -999.9 -999.9 -999.9 -999.9 -999.9 -999.9 -999.9 -999.9 -999.9 -999.9 -999.9 0.0 0.0 0.0 0.0 0.0 14.4 -999.9 -999.9 -999.9 -999.9 -999.9 SGB/CPRM_-_Linha_José_Júlio_(82_m) -999.9 -999.9 -999.9 -999.9 -999.9 -999.9 -999.9 -999.9 Brasil SGB/CPRM -999.9 0.0 0.0 4.53 5.2 4.04 1 0.22 5.78 6.51 7.16 8.89
-29.09777 -51.69972 86472000 2026-09-05_13:15 -999.9 -999.9 -999.9 -999.9 -999.9 -999.9 -999.9 -999.9 -999.9 -999.9 -999.9 -999.9 -999.9 -999.9 -999.9 -999.9 0.0 0.0 0.0 0.0 0.0 14.4 -999.9 -999.9 -999.9 -999.9 -999.9 SGB/CPRM_-_Linha_José_Júlio_(82_m) -999.9 -999.9 -999.9 -999.9 -999.9 -999.9 -999.9 -999.9 Brasil SGB/CPRM -999.9 0.0 0.0 4.59 5.2 4.04 1 0.22 5.78 6.51 7.16 8.89
-29.09777 -51.69972 86472000 2026-09-05_13:30 -999.9 -999.9 -999.9 -999.9 -999.9 -999.9 -999.9 -999.9 -999.9 -999.9 -999.9 -999.9 -999.9 -999.9 -999.9 -999.9 0.0 0.0 0.0 0.0 0.0 14.4 -999.9 -999.9 -999.9 -999.9 -999.9 SGB/CPRM_-_Linha_José_Júlio_(82_m) -999.9 -999.9 -999.9 -999.9 -999.9 -999.9 -999.9 -999.9 Brasil SGB/CPRM -999.9 0.0 0.0 4.64 5.2 4.04 1 0.21 5.78 6.51 7.16 8.89
-29.09777 -51.69972 86472000 2026-09-05_13:45 -999.9 -999.9 -999.9 -999.9 -999.9 -999.9 -999.9 -999.9 -999.9 -999.9 -999.9 -999.9 -999.9 -999.9 -999.9 -999.9 0.0 0.0 0.0 0.0 0.0 14.4 -999.9 -999.9 -999.9 -999.9 -999.9 SGB/CPRM_-_Linha_José_Júlio_(82_m) -999.9 -999.9 -999.9 -999.9 -999.9 -999.9 -999.9 -999.9 Brasil SGB/CPRM -999.9 0.0 0.0 4.67 5.2 4.04 1 0.19 5.78 6.51 7.16 8.89
-29.09777 -51.69972 86472000 2026-09-05_14:00 -999.9 -999.9 -999.9 -999.9 -999.9 -999.9 -999.9 -999.9 -999.9 -999.9 -999.9 -999.9 -999.9 -999.9 -999.9 -999.9 0.0 0.0 0.0 0.0 0.0 14.4 -999.9 -999.9 -999.9 -999.9 -999.9 SGB/CPRM_-_Linha_José_Júlio_(82_m) -999.9 -999.9 -999.9 -999.9 -999.9 -999.9 -999.9 -999.9 Brasil SGB/CPRM -999.9 0.0 0.0 4.71 5.2 4.04 1 0.18 5.78 6.51 7.16 8.89
-29.09777 -51.69972 86472000 2026-09-05_14:15 -999.9 -999.9 -999.9 -999.9 -999.9 -999.9 -999.9 -999.9 -999.9 -999.9 -999.9 -999.9 -999.9 -999.9 -999.9 -999.9 0.0 0.0 0.0 0.0 0.0 14.4 -999.9 -999.9 -999.9 -999.9 -999.9 SGB/CPRM_-_Linha_José_Júlio_(82_m) -999.9 -999.9 -999.9 -999.9 -999.9 -999.9 -999.9 -999.9 Brasil SGB/CPRM -999.9 0.0 0.0 4.74 5.2 4.04 1 0.15 5.78 6.51 7.16 8.89
-29.09777 -51.69972 86472000 2026-09-05_14:30 -999.9 -999.9 -999.9 -999.9 -999.9 -999.9 -999.9 -999.9 -999.9 -999.9 -999.9 -999.9 -999.9 -999.9 -999.9 -999.9 0.0 0.0 0.0 0.0 0.0 14.4 -999.9 -999.9 -999.9 -999.9 -999.9 SGB/CPRM_-_Linha_José_Júlio_(82_m) -999.9 -999.9 -999.9 -999.9 -999.9 -999.9 -999.9 -999.9 Brasil SGB/CPRM -999.9 0.0 0.0 4.76 5.2 4.04 1 0.12 5.78 6.51 7.16 8.89
-29.09777 -51.69972 86472000 2026-09-05_14:45 -999.9 -999.9 -999.9 -999.9 -999.9 -999.9 -999.9 -999.9 -999.9 -999.9 -999.9 -999.9 -999.9 -999.9 -999.9 -999.9 0.0 0.0 0.0 0.0 0.0 14.4 -999.9 -999.9 -999.9 -999.9 -999.9 SGB/CPRM_-_Linha_José_Júlio_(82_m) -999.9 -999.9 -999.9 -999.9 -999.9 -999.9 -999.9 -999.9 Brasil SGB/CPRM -999.9 0.0 0.0 4.78 5.2 4.04 1 0.11 5.78 6.51 7.16 8.89
-29.09777 -51.69972 86472000 2026-09-05_15:00 -999.9 -999.9 -999.9 -999.9 -999.9 -999.9 -999.9 -999.9 -999.9 -999.9 -999.9 -999.9 -999.9 -999.9 -999.9 -999.9 0.0 0.0 0.0 0.0 0.0 14.4 -999.9 -999.9 -999.9 -999.9 -999.9 SGB/CPRM_-_Linha_José_Júlio_(82_m) -999.9 -999.9 -999.9 -999.9 -999.9 -999.9 -999.9 -999.9 Brasil SGB/CPRM -999.9 0.0 0.0 4.8 5.2 4.04 1 0.09 5.78 6.51 7.16 8.89
-29.09777 -51.69972 86472000 2026-09-05_15:15 -999.9 -999.9 -999.9 -999.9 -999.9 -999.9 -999.9 -999.9 -999.9 -999.9 -999.9 -999.9 -999.9 -999.9 -999.9 -999.9 0.0 0.0 0.0 0.0 0.0 14.4 -999.9 -999.9 -999.9 -999.9 -999.9 SGB/CPRM_-_Linha_José_Júlio_(82_m) -999.9 -999.9 -999.9 -999.9 -999.9 -999.9 -999.9 -999.9 Brasil SGB/CPRM -999.9 0.0 0.0 4.81 5.2 4.04 1 0.07 5.78 6.51 7.16 8.89
-29.09777 -51.69972 86472000 2026-09-05_15:30 -999.9 -999.9 -999.9 -999.9 -999.9 -999.9 -999.9 -999.9 -999.9 -999.9 -999.9 -999.9 -999.9 -999.9 -999.9 -999.9 0.0 0.0 0.0 0.0 0.0 14.4 -999.9 -999.9 -999.9 -999.9 -999.9 SGB/CPRM_-_Linha_José_Júlio_(82_m) -999.9 -999.9 -999.9 -999.9 -999.9 -999.9 -999.9 -999.9 Brasil SGB/CPRM -999.9 0.0 0.0 4.82 5.2 4.04 1 0.06 5.78 6.51 7.16 8.89
-29.09777 -51.69972 86472000 2026-09-05_15:45 -999.9 -999.9 -999.9 -999.9 -999.9 -999.9 -999.9 -999.9 -999.9 -999.9 -999.9 -999.9 -999.9 -999.9 -999.9 -999.9 0.0 0.0 0.0 0.0 0.0 14.4 -999.9 -999.9 -999.9 -999.9 -999.9 SGB/CPRM_-_Linha_José_Júlio_(82_m) -999.9 -999.9 -999.9 -999.9 -999.9 -999.9 -999.9 -999.9 Brasil SGB/CPRM -999.9 0.0 0.0 4.83 5.2 4.04 1 0.05 5.78 6.51 7.16 8.89
-29.09777 -51.69972 86472000 2026-09-05_16:00 -999.9 -999.9 -999.9 -999.9 -999.9 -999.9 -999.9 -999.9 -999.9 -999.9 -999.9 -999.9 -999.9 -999.9 -999.9 -999.9 0.0 0.0 0.0 0.0 0.0 14.4 -999.9 -999.9 -999.9 -999.9 -999.9 SGB/CPRM_-_Linha_José_Júlio_(82_m) -999.9 -999.9 -999.9 -999.9 -999.9 -999.9 -999.9 -999.9 Brasil SGB/CPRM -999.9 0.0 0.0 4.84 5.2 4.04 1 0.04 5.78 6.51 7.16 8.89
-29.09777 -51.69972 86472000 2026-09-05_16:15 -999.9 -999.9 -999.9 -999.9 -999.9 -999.9 -999.9 -999.9 -999.9 -999.9 -999.9 -999.9 -999.9 -999.9 -999.9 -999.9 0.0 0.0 0.0 0.0 0.0 14.4 -999.9 -999.9 -999.9 -999.9 -999.9 SGB/CPRM_-_Linha_José_Júlio_(82_m) -999.9 -999.9 -999.9 -999.9 -999.9 -999.9 -999.9 -999.9 Brasil SGB/CPRM -999.9 0.0 0.0 4.85 5.2 4.04 1 0.04 5.78 6.51 7.16 8.89
-29.09777 -51.69972 86472000 2026-09-05_16:30 -999.9 -999.9 -999.9 -999.9 -999.9 -999.9 -999.9 -999.9 -999.9 -999.9 -999.9 -999.9 -999.9 -999.9 -999.9 -999.9 0.0 0.0 0.0 0.0 0.0 14.4 -999.9 -999.9 -999.9 -999.9 -999.9 SGB/CPRM_-_Linha_José_Júlio_(82_m) -999.9 -999.9 -999.9 -999.9 -999.9 -999.9 -999.9 -999.9 Brasil SGB/CPRM -999.9 0.0 0.0 4.85 5.2 4.04 1 0.03 5.78 6.51 7.16 8.89
-29.09777 -51.69972 86472000 2026-09-05_16:45 -999.9 -999.9 -999.9 -999.9 -999.9 -999.9 -999.9 -999.9 -999.9 -999.9 -999.9 -999.9 -999.9 -999.9 -999.9 -999.9 0.0 0.0 0.0 0.0 0.0 14.4 -999.9 -999.9 -999.9 -999.9 -999.9 SGB/CPRM_-_Linha_José_Júlio_(82_m) -999.9 -999.9 -999.9 -999.9 -999.9 -999.9 -999.9 -999.9 Brasil SGB/CPRM -999.9 0.0 0.0 4.85 5.2 4.04 1 0.02 5.78 6.51 7.16 8.89
-29.09777 -51.69972 86472000 2026-09-05_17:00 -999.9 -999.9 -999.9 -999.9 -999.9 -999.9 -999.9 -999.9 -999.9 -999.9 -999.9 -999.9 -999.9 -999.9 -999.9 -999.9 0.0 0.0 0.0 0.0 0.0 14.4 -999.9 -999.9 -999.9 -999.9 -999.9 SGB/CPRM_-_Linha_José_Júlio_(82_m) -999.9 -999.9 -999.9 -999.9 -999.9 -999.9 -999.9 -999.9 Brasil SGB/CPRM -999.9 0.0 0.0 4.86 5.2 4.04 1 0.02 5.78 6.51 7.16 8.89
-29.09777 -51.69972 86472000 2026-09-05_17:15 -999.9 -999.9 -999.9 -999.9 -999.9 -999.9 -999.9 -999.9 -999.9 -999.9 -999.9 -999.9 -999.9 -999.9 -999.9 -999.9 0.0 0.0 0.0 0.0 0.0 14.4 -999.9 -999.9 -999.9 -999.9 -999.9 SGB/CPRM_-_Linha_José_Júlio_(82_m) -999.9 -999.9 -999.9 -999.9 -999.9 -999.9 -999.9 -999.9 Brasil SGB/CPRM -999.9 0.0 0.0 4.86 5.2 4.04 0 0.01 5.78 6.51 7.16 8.89
-29.09777 -51.69972 86472000 2026-09-05_17:30 -999.9 -999.9 -999.9 -999.9 -999.9 -999.9 -999.9 -999.9 -999.9 -999.9 -999.9 -999.9 -999.9 -999.9 -999.9 -999.9 0.0 0.0 0.0 0.0 0.0 14.4 -999.9 -999.9 -999.9 -999.9 -999.9 SGB/CPRM_-_Linha_José_Júlio_(82_m) -999.9 -999.9 -999.9 -999.9 -999.9 -999.9 -999.9 -999.9 Brasil SGB/CPRM -999.9 0.0 0.0 4.87 5.2 4.04 1 0.02 5.78 6.51 7.16 8.89
-29.09777 -51.69972 86472000 2026-09-05_17:45 -999.9 -999.9 -999.9 -999.9 -999.9 -999.9 -999.9 -999.9 -999.9 -999.9 -999.9 -999.9 -999.9 -999.9 -999.9 -999.9 0.0 0.0 0.0 0.0 0.0 14.4 -999.9 -999.9 -999.9 -999.9 -999.9 SGB/CPRM_-_Linha_José_Júlio_(82_m) -999.9 -999.9 -999.9 -999.9 -999.9 -999.9 -999.9 -999.9 Brasil SGB/CPRM -999.9 0.0 0.0 4.97 5.2 4.04 1 0.12 5.78 6.51 7.16 8.89
-29.09777 -51.69972 86472000 2026-09-05_18:00 -999.9 -999.9 -999.9 -999.9 -999.9 -999.9 -999.9 -999.9 -999.9 -999.9 -999.9 -999.9 -999.9 -999.9 -999.9 -999.9 0.0 0.0 0.0 0.0 0.0 14.4 -999.9 -999.9 -999.9 -999.9 -999.9 SGB/CPRM_-_Linha_José_Júlio_(82_m) -999.9 -999.9 -999.9 -999.9 -999.9 -999.9 -999.9 -999.9 Brasil SGB/CPRM -999.9 0.0 0.0 5.15 5.2 4.04 1 0.29 5.78 6.51 7.16 8.89
-29.09777 -51.69972 86472000 2026-09-05_18:15 -999.9 -999.9 -999.9 -999.9 -999.9 -999.9 -999.9 -999.9 -999.9 -999.9 -999.9 -999.9 -999.9 -999.9 -999.9 -999.9 0.0 0.0 0.0 0.0 0.0 14.4 -999.9 -999.9 -999.9 -999.9 -999.9 SGB/CPRM_-_Linha_José_Júlio_(82_m) -999.9 -999.9 -999.9 -999.9 -999.9 -999.9 -999.9 -999.9 Brasil SGB/CPRM -999.9 0.0 0.0 5.34 5.34 4.04 1 0.48 5.78 6.51 7.16 8.89
-29.09777 -51.69972 86472000 2026-09-05_18:30 -999.9 -999.9 -999.9 -999.9 -999.9 -999.9 -999.9 -999.9 -999.9 -999.9 -999.9 -999.9 -999.9 -999.9 -999.9 -999.9 0.0 0.0 0.0 0.0 0.0 14.4 -999.9 -999.9 -999.9 -999.9 -999.9 SGB/CPRM_-_Linha_José_Júlio_(82_m) -999.9 -999.9 -999.9 -999.9 -999.9 -999.9 -999.9 -999.9 Brasil SGB/CPRM -999.9 0.0 0.0 5.49 5.49 4.04 1 0.62 5.78 6.51 7.16 8.89
-29.09777 -51.69972 86472000 2026-09-05_18:45 -999.9 -999.9 -999.9 -999.9 -999.9 -999.9 -999.9 -999.9 -999.9 -999.9 -999.9 -999.9 -999.9 -999.9 -999.9 -999.9 0.0 0.0 0.0 0.0 0.0 14.4 -999.9 -999.9 -999.9 -999.9 -999.9 SGB/CPRM_-_Linha_José_Júlio_(82_m) -999.9 -999.9 -999.9 -999.9 -999.9 -999.9 -999.9 -999.9 Brasil SGB/CPRM -999.9 0.0 0.0 5.59 5.59 4.04 1 0.62 5.78 6.51 7.16 8.89
-29.09777 -51.69972 86472000 2026-09-05_19:00 -999.9 -999.9 -999.9 -999.9 -999.9 -999.9 -999.9 -999.9 -999.9 -999.9 -999.9 -999.9 -999.9 -999.9 -999.9 -999.9 0.0 0.0 0.0 0.0 0.0 14.4 -999.9 -999.9 -999.9 -999.9 -999.9 SGB/CPRM_-_Linha_José_Júlio_(82_m) -999.9 -999.9 -999.9 -999.9 -999.9 -999.9 -999.9 -999.9 Brasil SGB/CPRM -999.9 0.0 0.0 5.66 5.66 4.04 1 0.51 5.78 6.51 7.16 8.89
-29.09777 -51.69972 86472000 2026-09-05_19:15 -999.9 -999.9 -999.9 -999.9 -999.9 -999.9 -999.9 -999.9 -999.9 -999.9 -999.9 -999.9 -999.9 -999.9 -999.9 -999.9 0.0 0.0 0.0 0.0 0.0 14.4 -999.9 -999.9 -999.9 -999.9 -999.9 SGB/CPRM_-_Linha_José_Júlio_(82_m) -999.9 -999.9 -999.9 -999.9 -999.9 -999.9 -999.9 -999.9 Brasil SGB/CPRM -999.9 0.0 0.0 5.7 5.7 4.04 1 0.36 5.78 6.51 7.16 8.89
-29.09777 -51.69972 86472000 2026-09-05_19:30 -999.9 -999.9 -999.9 -999.9 -999.9 -999.9 -999.9 -999.9 -999.9 -999.9 -999.9 -999.9 -999.9 -999.9 -999.9 -999.9 0.0 0.0 0.0 0.0 0.0 14.4 -999.9 -999.9 -999.9 -999.9 -999.9 SGB/CPRM_-_Linha_José_Júlio_(82_m) -999.9 -999.9 -999.9 -999.9 -999.9 -999.9 -999.9 -999.9 Brasil SGB/CPRM -999.9 0.0 0.0 5.7 5.7 4.04 1 0.21 5.78 6.51 7.16 8.89
-29.09777 -51.69972 86472000 2026-09-05_19:45 -999.9 -999.9 -999.9 -999.9 -999.9 -999.9 -999.9 -999.9 -999.9 -999.9 -999.9 -999.9 -999.9 -999.9 -999.9 -999.9 0.0 0.0 0.0 0.0 0.0 14.4 -999.9 -999.9 -999.9 -999.9 -999.9 SGB/CPRM_-_Linha_José_Júlio_(82_m) -999.9 -999.9 -999.9 -999.9 -999.9 -999.9 -999.9 -999.9 Brasil SGB/CPRM -999.9 0.0 0.0 5.69 5.7 4.04 1 0.1 5.78 6.51 7.16 8.89
-29.09777 -51.69972 86472000 2026-09-05_20:00 -999.9 -999.9 -999.9 -999.9 -999.9 -999.9 -999.9 -999.9 -999.9 -999.9 -999.9 -999.9 -999.9 -999.9 -999.9 -999.9 0.0 0.0 0.0 0.0 0.0 14.4 -999.9 -999.9 -999.9 -999.9 -999.9 SGB/CPRM_-_Linha_José_Júlio_(82_m) -999.9 -999.9 -999.9 -999.9 -999.9 -999.9 -999.9 -999.9 Brasil SGB/CPRM -999.9 0.0 0.0 5.66 5.7 4.04 1 0 5.78 6.51 7.16 8.89
-29.09777 -51.69972 86472000 2026-09-05_20:15 -999.9 -999.9 -999.9 -999.9 -999.9 -999.9 -999.9 -999.9 -999.9 -999.9 -999.9 -999.9 -999.9 -999.9 -999.9 -999.9 0.0 0.0 0.0 0.0 0.0 14.4 -999.9 -999.9 -999.9 -999.9 -999.9 SGB/CPRM_-_Linha_José_Júlio_(82_m) -999.9 -999.9 -999.9 -999.9 -999.9 -999.9 -999.9 -999.9 Brasil SGB/CPRM -999.9 0.0 0.0 5.63 5.7 4.04 -1 -0.07 5.78 6.51 7.16 8.89
-29.09777 -51.69972 86472000 2026-09-05_20:30 -999.9 -999.9 -999.9 -999.9 -999.9 -999.9 -999.9 -999.9 -999.9 -999.9 -999.9 -999.9 -999.9 -999.9 -999.9 -999.9 0.0 0.0 0.0 0.0 0.0 14.4 -999.9 -999.9 -999.9 -999.9 -999.9 SGB/CPRM_-_Linha_José_Júlio_(82_m) -999.9 -999.9 -999.9 -999.9 -999.9 -999.9 -999.9 -999.9 Brasil SGB/CPRM -999.9 0.0 0.0 5.59 5.7 4.04 -1 -0.11 5.78 6.51 7.16 8.89
-29.09777 -51.69972 86472000 2026-09-05_20:45 -999.9 -999.9 -999.9 -999.9 -999.9 -999.9 -999.9 -999.9 -999.9 -999.9 -999.9 -999.9 -999.9 -999.9 -999.9 -999.9 0.0 0.0 0.0 0.0 0.0 14.4 -999.9 -999.9 -999.9 -999.9 -999.9 SGB/CPRM_-_Linha_José_Júlio_(82_m) -999.9 -999.9 -999.9 -999.9 -999.9 -999.9 -999.9 -999.9 Brasil SGB/CPRM -999.9 0.0 0.0 5.55 5.7 4.04 -1 -0.14 5.78 6.51 7.16 8.89
-29.09777 -51.69972 86472000 2026-09-05_21:00 -999.9 -999.9 -999.9 -999.9 -999.9 -999.9 -999.9 -999.9 -999.9 -999.9 -999.9 -999.9 -999.9 -999.9 -999.9 -999.9 0.0 0.0 0.0 0.0 0.0 14.4 -999.9 -999.9 -999.9 -999.9 -999.9 SGB/CPRM_-_Linha_José_Júlio_(82_m) -999.9 -999.9 -999.9 -999.9 -999.9 -999.9 -999.9 -999.9 Brasil SGB/CPRM -999.9 0.0 0.0 5.51 5.7 4.04 -1 -0.15 5.78 6.51 7.16 8.89
-29.09777 -51.69972 86472000 2026-09-05_21:15 -999.9 -999.9 -999.9 -999.9 -999.9 -999.9 -999.9 -999.9 -999.9 -999.9 -999.9 -999.9 -999.9 -999.9 -999.9 -999.9 0.0 0.0 0.0 0.0 0.0 14.4 -999.9 -999.9 -999.9 -999.9 -999.9 SGB/CPRM_-_Linha_José_Júlio_(82_m) -999.9 -999.9 -999.9 -999.9 -999.9 -999.9 -999.9 -999.9 Brasil SGB/CPRM -999.9 0.0 0.0 5.47 5.7 4.04 -1 -0.16 5.78 6.51 7.16 8.89
-29.09777 -51.69972 86472000 2026-09-05_21:30 -999.9 -999.9 -999.9 -999.9 -999.9 -999.9 -999.9 -999.9 -999.9 -999.9 -999.9 -999.9 -999.9 -999.9 -999.9 -999.9 0.0 0.0 0.0 0.0 0.0 14.4 -999.9 -999.9 -999.9 -999.9 -999.9 SGB/CPRM_-_Linha_José_Júlio_(82_m) -999.9 -999.9 -999.9 -999.9 -999.9 -999.9 -999.9 -999.9 Brasil SGB/CPRM -999.9 0.0 0.0 5.43 5.7 4.04 -1 -0.16 5.78 6.51 7.16 8.89
-29.09777 -51.69972 86472000 2026-09-05_21:45 -999.9 -999.9 -999.9 -999.9 -999.9 -999.9 -999.9 -999.9 -999.9 -999.9 -999.9 -999.9 -999.9 -999.9 -999.9 -999.9 0.0 0.0 0.0 0.0 0.0 14.4 -999.9 -999.9 -999.9 -999.9 -999.9 SGB/CPRM_-_Linha_José_Júlio_(82_m) -999.9 -999.9 -999.9 -999.9 -999.9 -999.9 -999.9 -999.9 Brasil SGB/CPRM -999.9 0.0 0.0 5.4 5.7 4.04 -1 -0.15 5.78 6.51 7.16 8.89
-29.09777 -51.69972 86472000 2026-09-05_22:00 -999.9 -999.9 -999.9 -999.9 -999.9 -999.9 -999.9 -999.9 -999.9 -999.9 -999.9 -999.9 -999.9 -999.9 -999.9 -999.9 0.0 0.0 0.0 0.0 0.0 14.4 -999.9 -999.9 -999.9 -999.9 -999.9 SGB/CPRM_-_Linha_José_Júlio_(82_m) -999.9 -999.9 -999.9 -999.9 -999.9 -999.9 -999.9 -999.9 Brasil SGB/CPRM -999.9 0.0 0.0 5.37 5.7 4.04 -1 -0.14 5.78 6.51 7.16 8.89
-29.09777 -51.69972 86472000 2026-09-05_22:15 -999.9 -999.9 -999.9 -999.9 -999.9 -999.9 -999.9 -999.9 -999.9 -999.9 -999.9 -999.9 -999.9 -999.9 -999.9 -999.9 0.0 0.0 0.0 0.0 0.0 14.4 -999.9 -999.9 -999.9 -999.9 -999.9 SGB/CPRM_-_Linha_José_Júlio_(82_m) -999.9 -999.9 -999.9 -999.9 -999.9 -999.9 -999.9 -999.9 Brasil SGB/CPRM -999.9 0.0 0.0 5.34 5.7 4.04 -1 -0.13 5.78 6.51 7.16 8.89
-29.09777 -51.69972 86472000 2026-09-05_22:30 -999.9 -999.9 -999.9 -999.9 -999.9 -999.9 -999.9 -999.9 -999.9 -999.9 -999.9 -999.9 -999.9 -999.9 -999.9 -999.9 0.0 0.0 0.0 0.0 0.0 14.4 -999.9 -999.9 -999.9 -999.9 -999.9 SGB/CPRM_-_Linha_José_Júlio_(82_m) -999.9 -999.9 -999.9 -999.9 -999.9 -999.9 -999.9 -999.9 Brasil SGB/CPRM -999.9 0.0 0.0 5.31 5.7 4.04 -1 -0.12 5.78 6.51 7.16 8.89
-29.09777 -51.69972 86472000 2026-09-05_22:45 -999.9 -999.9 -999.9 -999.9 -999.9 -999.9 -999.9 -999.9 -999.9 -999.9 -999.9 -999.9 -999.9 -999.9 -999.9 -999.9 0.0 0.0 0.0 0.0 0.0 14.4 -999.9 -999.9 -999.9 -999.9 -999.9 SGB/CPRM_-_Linha_José_Júlio_(82_m) -999.9 -999.9 -999.9 -999.9 -999.9 -999.9 -999.9 -999.9 Brasil SGB/CPRM -999.9 0.0 0.0 5.28 5.7 4.04 -1 -0.12 5.78 6.51 7.16 8.89
-29.09777 -51.69972 86472000 2026-09-05_23:00 -999.9 -999.9 -999.9 -999.9 -999.9 -999.9 -999.9 -999.9 -999.9 -999.9 -999.9 -999.9 -999.9 -999.9 -999.9 -999.9 0.0 0.0 0.0 0.0 0.0 14.4 -999.9 -999.9 -999.9 -999.9 -999.9 SGB/CPRM_-_Linha_José_Júlio_(82_m) -999.9 -999.9 -999.9 -999.9 -999.9 -999.9 -999.9 -999.9 Brasil SGB/CPRM -999.9 0.0 0.0 5.26 5.7 4.04 -1 -0.11 5.78 6.51 7.16 8.89
-29.09777 -51.69972 86472000 2026-09-05_23:15 -999.9 -999.9 -999.9 -999.9 -999.9 -999.9 -999.9 -999.9 -999.9 -999.9 -999.9 -999.9 -999.9 -999.9 -999.9 -999.9 0.0 0.0 0.0 0.0 0.0 14.4 -999.9 -999.9 -999.9 -999.9 -999.9 SGB/CPRM_-_Linha_José_Júlio_(82_m) -999.9 -999.9 -999.9 -999.9 -999.9 -999.9 -999.9 -999.9 Brasil SGB/CPRM -999.9 0.0 0.0 5.23 5.7 4.04 -1 -0.11 5.78 6.51 7.16 8.89
-29.09777 -51.69972 86472000 2026-09-05_23:30 -999.9 -999.9 -999.9 -999.9 -999.9 -999.9 -999.9 -999.9 -999.9 -999.9 -999.9 -999.9 -999.9 -999.9 -999.9 -999.9 0.0 0.0 0.0 0.0 0.0 14.4 -999.9 -999.9 -999.9 -999.9 -999.9 SGB/CPRM_-_Linha_José_Júlio_(82_m) -999.9 -999.9 -999.9 -999.9 -999.9 -999.9 -999.9 -999.9 Brasil SGB/CPRM -999.9 0.0 0.0 5.21 5.7 4.04 -1 -0.1 5.78 6.51 7.16 8.89
-29.09777 -51.69972 86472000 2026-09-05_23:45 -999.9 -999.9 -999.9 -999.9 -999.9 -999.9 -999.9 -999.9 -999.9 -999.9 -999.9 -999.9 -999.9 -999.9 -999.9 -999.9 0.0 0.0 0.0 0.0 0.0 14.4 -999.9 -999.9 -999.9 -999.9 -999.9 SGB/CPRM_-_Linha_José_Júlio_(82_m) -999.9 -999.9 -999.9 -999.9 -999.9 -999.9 -999.9 -999.9 Brasil SGB/CPRM -999.9 0.0 0.0 5.19 5.7 4.04 -1 -0.09 5.78 6.51 7.16 8.89
