-29.1037 -51.0804 7331 2026-09-19_00:10 -999.9 -999.9 -999.9 -999.9 -999.9 -999.9 -999.9 -999.9 -999.9 -999.9 -999.9 -999.9 -999.9 -999.9 -999.9 -999.9 -999.9 0.0 -999.9 -999.9 -999.9 -999.9 -999.9 -999.9 -999.9 -999.9 -999.9 CEMADEN_-_Caxias_do_Sul_-_G2-Parque_dos_Pinheiros_(836_m) -999.9 -999.9 -999.9 -999.9 -999.9 -999.9 -999.9 -999.9 Rio_Grande_do_Sul CEMADEN -999.9 0.0 -999.9
-29.1037 -51.0804 7331 2026-09-19_01:10 -999.9 -999.9 -999.9 -999.9 -999.9 -999.9 -999.9 -999.9 -999.9 -999.9 -999.9 -999.9 -999.9 -999.9 -999.9 -999.9 -999.9 0.0 -999.9 -999.9 -999.9 -999.9 -999.9 -999.9 -999.9 -999.9 -999.9 CEMADEN_-_Caxias_do_Sul_-_G2-Parque_dos_Pinheiros_(836_m) -999.9 -999.9 -999.9 -999.9 -999.9 -999.9 -999.9 -999.9 Rio_Grande_do_Sul CEMADEN -999.9 0.0 -999.9
-29.1037 -51.0804 7331 2026-09-19_02:10 -999.9 -999.9 -999.9 -999.9 -999.9 -999.9 -999.9 -999.9 -999.9 -999.9 -999.9 -999.9 -999.9 -999.9 -999.9 -999.9 -999.9 0.0 -999.9 -999.9 -999.9 -999.9 -999.9 -999.9 -999.9 -999.9 -999.9 CEMADEN_-_Caxias_do_Sul_-_G2-Parque_dos_Pinheiros_(836_m) -999.9 -999.9 -999.9 -999.9 -999.9 -999.9 -999.9 -999.9 Rio_Grande_do_Sul CEMADEN -999.9 0.0 -999.9
-29.1037 -51.0804 7331 2026-09-19_03:10 -999.9 -999.9 -999.9 -999.9 -999.9 -999.9 -999.9 -999.9 -999.9 -999.9 -999.9 -999.9 -999.9 -999.9 -999.9 -999.9 -999.9 0.0 -999.9 -999.9 -999.9 -999.9 -999.9 -999.9 -999.9 -999.9 -999.9 CEMADEN_-_Caxias_do_Sul_-_G2-Parque_dos_Pinheiros_(836_m) -999.9 -999.9 -999.9 -999.9 -999.9 -999.9 -999.9 -999.9 Rio_Grande_do_Sul CEMADEN -999.9 0.0 -999.9
-29.1037 -51.0804 7331 2026-09-19_04:10 -999.9 -999.9 -999.9 -999.9 -999.9 -999.9 -999.9 -999.9 -999.9 -999.9 -999.9 -999.9 -999.9 -999.9 -999.9 -999.9 -999.9 0.0 -999.9 -999.9 -999.9 -999.9 -999.9 -999.9 -999.9 -999.9 -999.9 CEMADEN_-_Caxias_do_Sul_-_G2-Parque_dos_Pinheiros_(836_m) -999.9 -999.9 -999.9 -999.9 -999.9 -999.9 -999.9 -999.9 Rio_Grande_do_Sul CEMADEN -999.9 0.0 -999.9
-29.1037 -51.0804 7331 2026-09-19_05:10 -999.9 -999.9 -999.9 -999.9 -999.9 -999.9 -999.9 -999.9 -999.9 -999.9 -999.9 -999.9 -999.9 -999.9 -999.9 -999.9 -999.9 0.0 -999.9 -999.9 -999.9 -999.9 -999.9 -999.9 -999.9 -999.9 -999.9 CEMADEN_-_Caxias_do_Sul_-_G2-Parque_dos_Pinheiros_(836_m) -999.9 -999.9 -999.9 -999.9 -999.9 -999.9 -999.9 -999.9 Rio_Grande_do_Sul CEMADEN -999.9 0.0 -999.9
-29.1037 -51.0804 7331 2026-09-19_06:10 -999.9 -999.9 -999.9 -999.9 -999.9 -999.9 -999.9 -999.9 -999.9 -999.9 -999.9 -999.9 -999.9 -999.9 -999.9 -999.9 -999.9 0.0 -999.9 -999.9 -999.9 -999.9 -999.9 -999.9 -999.9 -999.9 -999.9 CEMADEN_-_Caxias_do_Sul_-_G2-Parque_dos_Pinheiros_(836_m) -999.9 -999.9 -999.9 -999.9 -999.9 -999.9 -999.9 -999.9 Rio_Grande_do_Sul CEMADEN -999.9 0.0 -999.9
-29.1037 -51.0804 7331 2026-09-19_07:10 -999.9 -999.9 -999.9 -999.9 -999.9 -999.9 -999.9 -999.9 -999.9 -999.9 -999.9 -999.9 -999.9 -999.9 -999.9 -999.9 -999.9 0.0 -999.9 -999.9 -999.9 -999.9 -999.9 -999.9 -999.9 -999.9 -999.9 CEMADEN_-_Caxias_do_Sul_-_G2-Parque_dos_Pinheiros_(836_m) -999.9 -999.9 -999.9 -999.9 -999.9 -999.9 -999.9 -999.9 Rio_Grande_do_Sul CEMADEN -999.9 0.0 -999.9
-29.1037 -51.0804 7331 2026-09-19_08:10 -999.9 -999.9 -999.9 -999.9 -999.9 -999.9 -999.9 -999.9 -999.9 -999.9 -999.9 -999.9 -999.9 -999.9 -999.9 -999.9 -999.9 0.0 -999.9 -999.9 -999.9 -999.9 -999.9 -999.9 -999.9 -999.9 -999.9 CEMADEN_-_Caxias_do_Sul_-_G2-Parque_dos_Pinheiros_(836_m) -999.9 -999.9 -999.9 -999.9 -999.9 -999.9 -999.9 -999.9 Rio_Grande_do_Sul CEMADEN -999.9 0.0 -999.9
-29.1037 -51.0804 7331 2026-09-19_09:10 -999.9 -999.9 -999.9 -999.9 -999.9 -999.9 -999.9 -999.9 -999.9 -999.9 -999.9 -999.9 -999.9 -999.9 -999.9 -999.9 -999.9 0.0 -999.9 -999.9 -999.9 -999.9 -999.9 -999.9 -999.9 -999.9 -999.9 CEMADEN_-_Caxias_do_Sul_-_G2-Parque_dos_Pinheiros_(836_m) -999.9 -999.9 -999.9 -999.9 -999.9 -999.9 -999.9 -999.9 Rio_Grande_do_Sul CEMADEN -999.9 0.0 -999.9
-29.1037 -51.0804 7331 2026-09-19_10:10 -999.9 -999.9 -999.9 -999.9 -999.9 -999.9 -999.9 -999.9 -999.9 -999.9 -999.9 -999.9 -999.9 -999.9 -999.9 -999.9 -999.9 0.0 -999.9 -999.9 -999.9 -999.9 -999.9 -999.9 -999.9 -999.9 -999.9 CEMADEN_-_Caxias_do_Sul_-_G2-Parque_dos_Pinheiros_(836_m) -999.9 -999.9 -999.9 -999.9 -999.9 -999.9 -999.9 -999.9 Rio_Grande_do_Sul CEMADEN -999.9 0.0 -999.9
-29.1037 -51.0804 7331 2026-09-19_11:10 -999.9 -999.9 -999.9 -999.9 -999.9 -999.9 -999.9 -999.9 -999.9 -999.9 -999.9 -999.9 -999.9 -999.9 -999.9 -999.9 -999.9 0.0 -999.9 -999.9 -999.9 -999.9 -999.9 -999.9 -999.9 -999.9 -999.9 CEMADEN_-_Caxias_do_Sul_-_G2-Parque_dos_Pinheiros_(836_m) -999.9 -999.9 -999.9 -999.9 -999.9 -999.9 -999.9 -999.9 Rio_Grande_do_Sul CEMADEN -999.9 0.0 -999.9
-29.1037 -51.0804 7331 2026-09-19_12:10 -999.9 -999.9 -999.9 -999.9 -999.9 -999.9 -999.9 -999.9 -999.9 -999.9 -999.9 -999.9 -999.9 -999.9 -999.9 -999.9 -999.9 0.0 -999.9 -999.9 -999.9 -999.9 -999.9 -999.9 -999.9 -999.9 -999.9 CEMADEN_-_Caxias_do_Sul_-_G2-Parque_dos_Pinheiros_(836_m) -999.9 -999.9 -999.9 -999.9 -999.9 -999.9 -999.9 -999.9 Rio_Grande_do_Sul CEMADEN -999.9 0.0 -999.9
-29.1037 -51.0804 7331 2026-09-19_13:10 -999.9 -999.9 -999.9 -999.9 -999.9 -999.9 -999.9 -999.9 -999.9 -999.9 -999.9 -999.9 -999.9 -999.9 -999.9 -999.9 -999.9 0.0 -999.9 -999.9 -999.9 -999.9 -999.9 -999.9 -999.9 -999.9 -999.9 CEMADEN_-_Caxias_do_Sul_-_G2-Parque_dos_Pinheiros_(836_m) -999.9 -999.9 -999.9 -999.9 -999.9 -999.9 -999.9 -999.9 Rio_Grande_do_Sul CEMADEN -999.9 0.0 -999.9
-29.1037 -51.0804 7331 2026-09-19_14:10 -999.9 -999.9 -999.9 -999.9 -999.9 -999.9 -999.9 -999.9 -999.9 -999.9 -999.9 -999.9 -999.9 -999.9 -999.9 -999.9 -999.9 0.0 -999.9 -999.9 -999.9 -999.9 -999.9 -999.9 -999.9 -999.9 -999.9 CEMADEN_-_Caxias_do_Sul_-_G2-Parque_dos_Pinheiros_(836_m) -999.9 -999.9 -999.9 -999.9 -999.9 -999.9 -999.9 -999.9 Rio_Grande_do_Sul CEMADEN -999.9 0.0 -999.9
-29.1037 -51.0804 7331 2026-09-19_15:10 -999.9 -999.9 -999.9 -999.9 -999.9 -999.9 -999.9 -999.9 -999.9 -999.9 -999.9 -999.9 -999.9 -999.9 -999.9 -999.9 -999.9 0.0 -999.9 -999.9 -999.9 -999.9 -999.9 -999.9 -999.9 -999.9 -999.9 CEMADEN_-_Caxias_do_Sul_-_G2-Parque_dos_Pinheiros_(836_m) -999.9 -999.9 -999.9 -999.9 -999.9 -999.9 -999.9 -999.9 Rio_Grande_do_Sul CEMADEN -999.9 0.0 -999.9
-29.1037 -51.0804 7331 2026-09-19_16:10 -999.9 -999.9 -999.9 -999.9 -999.9 -999.9 -999.9 -999.9 -999.9 -999.9 -999.9 -999.9 -999.9 -999.9 -999.9 -999.9 -999.9 0.0 -999.9 -999.9 -999.9 -999.9 -999.9 -999.9 -999.9 -999.9 -999.9 CEMADEN_-_Caxias_do_Sul_-_G2-Parque_dos_Pinheiros_(836_m) -999.9 -999.9 -999.9 -999.9 -999.9 -999.9 -999.9 -999.9 Rio_Grande_do_Sul CEMADEN -999.9 0.0 -999.9
-29.1037 -51.0804 7331 2026-09-19_17:10 -999.9 -999.9 -999.9 -999.9 -999.9 -999.9 -999.9 -999.9 -999.9 -999.9 -999.9 -999.9 -999.9 -999.9 -999.9 -999.9 -999.9 0.0 -999.9 -999.9 -999.9 -999.9 -999.9 -999.9 -999.9 -999.9 -999.9 CEMADEN_-_Caxias_do_Sul_-_G2-Parque_dos_Pinheiros_(836_m) -999.9 -999.9 -999.9 -999.9 -999.9 -999.9 -999.9 -999.9 Rio_Grande_do_Sul CEMADEN -999.9 0.0 -999.9
-29.1037 -51.0804 7331 2026-09-19_18:10 -999.9 -999.9 -999.9 -999.9 -999.9 -999.9 -999.9 -999.9 -999.9 -999.9 -999.9 -999.9 -999.9 -999.9 -999.9 -999.9 -999.9 0.0 -999.9 -999.9 -999.9 -999.9 -999.9 -999.9 -999.9 -999.9 -999.9 CEMADEN_-_Caxias_do_Sul_-_G2-Parque_dos_Pinheiros_(836_m) -999.9 -999.9 -999.9 -999.9 -999.9 -999.9 -999.9 -999.9 Rio_Grande_do_Sul CEMADEN -999.9 0.0 -999.9
-29.1037 -51.0804 7331 2026-09-19_19:10 -999.9 -999.9 -999.9 -999.9 -999.9 -999.9 -999.9 -999.9 -999.9 -999.9 -999.9 -999.9 -999.9 -999.9 -999.9 -999.9 -999.9 0.0 -999.9 -999.9 -999.9 -999.9 -999.9 -999.9 -999.9 -999.9 -999.9 CEMADEN_-_Caxias_do_Sul_-_G2-Parque_dos_Pinheiros_(836_m) -999.9 -999.9 -999.9 -999.9 -999.9 -999.9 -999.9 -999.9 Rio_Grande_do_Sul CEMADEN -999.9 0.0 -999.9
-29.1037 -51.0804 7331 2026-09-19_20:10 -999.9 -999.9 -999.9 -999.9 -999.9 -999.9 -999.9 -999.9 -999.9 -999.9 -999.9 -999.9 -999.9 -999.9 -999.9 -999.9 -999.9 0.0 -999.9 -999.9 -999.9 -999.9 -999.9 -999.9 -999.9 -999.9 -999.9 CEMADEN_-_Caxias_do_Sul_-_G2-Parque_dos_Pinheiros_(836_m) -999.9 -999.9 -999.9 -999.9 -999.9 -999.9 -999.9 -999.9 Rio_Grande_do_Sul CEMADEN -999.9 0.0 -999.9
-29.1037 -51.0804 7331 2026-09-19_21:10 -999.9 -999.9 -999.9 -999.9 -999.9 -999.9 -999.9 -999.9 -999.9 -999.9 -999.9 -999.9 -999.9 -999.9 -999.9 -999.9 -999.9 0.0 -999.9 -999.9 -999.9 -999.9 -999.9 -999.9 -999.9 -999.9 -999.9 CEMADEN_-_Caxias_do_Sul_-_G2-Parque_dos_Pinheiros_(836_m) -999.9 -999.9 -999.9 -999.9 -999.9 -999.9 -999.9 -999.9 Rio_Grande_do_Sul CEMADEN -999.9 0.0 -999.9
-29.1037 -51.0804 7331 2026-09-19_22:10 -999.9 -999.9 -999.9 -999.9 -999.9 -999.9 -999.9 -999.9 -999.9 -999.9 -999.9 -999.9 -999.9 -999.9 -999.9 -999.9 -999.9 0.0 -999.9 -999.9 -999.9 -999.9 -999.9 -999.9 -999.9 -999.9 -999.9 CEMADEN_-_Caxias_do_Sul_-_G2-Parque_dos_Pinheiros_(836_m) -999.9 -999.9 -999.9 -999.9 -999.9 -999.9 -999.9 -999.9 Rio_Grande_do_Sul CEMADEN -999.9 0.0 -999.9
-29.1037 -51.0804 7331 2026-09-19_23:10 -999.9 -999.9 -999.9 -999.9 -999.9 -999.9 -999.9 -999.9 -999.9 -999.9 -999.9 -999.9 -999.9 -999.9 -999.9 -999.9 -999.9 0.0 -999.9 -999.9 -999.9 -999.9 -999.9 -999.9 -999.9 -999.9 -999.9 CEMADEN_-_Caxias_do_Sul_-_G2-Parque_dos_Pinheiros_(836_m) -999.9 -999.9 -999.9 -999.9 -999.9 -999.9 -999.9 -999.9 Rio_Grande_do_Sul CEMADEN -999.9 0.0 -999.9
