-29.164444 -51.534167 A840 2026-07-26_01:00 14.7 15 14.6 83 85 83 11.8 -999.9 -999.9 -999.9 -999.9 -999.9 16.6 54 25.6 -999.9 0.0 0.0 -999.9 -999.9 -999.9 -999.9 18.2 13.7 97.0 75.0 31.3 INMET_-_BENTO_GONCALVES_(639_m) -999.9 -999.9 -999.9 -999.9 -999.9 -999.9 -999.9 -999.9 Rio_Grande_do_Sul INMET -999.9 -999.9 -999.9
-29.164444 -51.534167 A840 2026-07-26_02:00 14.8 14.9 14.5 81 85 81 11.5 -999.9 -999.9 -999.9 -999.9 -999.9 15.8 50 31.3 -999.9 0.0 0.0 -999.9 -999.9 -999.9 -999.9 18.2 13.7 97.0 75.0 31.3 INMET_-_BENTO_GONCALVES_(639_m) -999.9 -999.9 -999.9 -999.9 -999.9 -999.9 -999.9 -999.9 Rio_Grande_do_Sul INMET -999.9 -999.9 -999.9
-29.164444 -51.534167 A840 2026-07-26_03:00 14.3 14.8 14.3 82 83 81 11.2 -999.9 -999.9 -999.9 -999.9 -999.9 5.8 49 23.4 -999.9 0.0 0.0 -999.9 -999.9 -999.9 -999.9 18.2 13.7 97.0 75.0 31.3 INMET_-_BENTO_GONCALVES_(639_m) -999.9 -999.9 -999.9 -999.9 -999.9 -999.9 -999.9 -999.9 Rio_Grande_do_Sul INMET -999.9 -999.9 -999.9
-29.164444 -51.534167 A840 2026-07-26_04:00 14.3 14.6 14.1 81 83 78 11.1 -999.9 -999.9 -999.9 -999.9 -999.9 10.4 47 19.4 -999.9 0.0 0.0 -999.9 -999.9 -999.9 -999.9 18.2 13.7 97.0 75.0 31.3 INMET_-_BENTO_GONCALVES_(639_m) -999.9 -999.9 -999.9 -999.9 -999.9 -999.9 -999.9 -999.9 Rio_Grande_do_Sul INMET -999.9 -999.9 -999.9
-29.164444 -51.534167 A840 2026-07-26_05:00 14.4 14.5 14.1 79 83 78 10.8 -999.9 -999.9 -999.9 -999.9 -999.9 9.4 61 21.6 -999.9 0.0 0.0 -999.9 -999.9 -999.9 -999.9 18.2 13.7 97.0 75.0 31.3 INMET_-_BENTO_GONCALVES_(639_m) -999.9 -999.9 -999.9 -999.9 -999.9 -999.9 -999.9 -999.9 Rio_Grande_do_Sul INMET -999.9 -999.9 -999.9
-29.164444 -51.534167 A840 2026-07-26_06:00 14.1 14.4 14.1 82 82 79 11.0 -999.9 -999.9 -999.9 -999.9 -999.9 6.1 77 20.2 -999.9 0.0 0.0 -999.9 -999.9 -999.9 -999.9 18.2 13.7 97.0 75.0 31.3 INMET_-_BENTO_GONCALVES_(639_m) -999.9 -999.9 -999.9 -999.9 -999.9 -999.9 -999.9 -999.9 Rio_Grande_do_Sul INMET -999.9 -999.9 -999.9
-29.164444 -51.534167 A840 2026-07-26_07:00 14.1 14.1 13.7 83 84 82 11.2 -999.9 -999.9 -999.9 -999.9 -999.9 10.1 59 22.3 -999.9 0.0 0.0 -999.9 -999.9 -999.9 -999.9 18.2 13.7 97.0 75.0 31.3 INMET_-_BENTO_GONCALVES_(639_m) -999.9 -999.9 -999.9 -999.9 -999.9 -999.9 -999.9 -999.9 Rio_Grande_do_Sul INMET -999.9 -999.9 -999.9
-29.164444 -51.534167 A840 2026-07-26_08:00 14.3 14.3 14.1 84 84 83 11.6 -999.9 -999.9 -999.9 -999.9 -999.9 10.1 45 19.1 -999.9 0.0 0.0 -999.9 -999.9 -999.9 -999.9 18.2 13.7 97.0 75.0 31.3 INMET_-_BENTO_GONCALVES_(639_m) -999.9 -999.9 -999.9 -999.9 -999.9 -999.9 -999.9 -999.9 Rio_Grande_do_Sul INMET -999.9 -999.9 -999.9
-29.164444 -51.534167 A840 2026-07-26_09:00 15.7 15.8 14.3 80 85 80 12.2 -999.9 -999.9 -999.9 -999.9 -999.9 11.9 32 28.4 -999.9 0.0 0.0 -999.9 -999.9 -999.9 -999.9 18.2 13.7 97.0 75.0 31.3 INMET_-_BENTO_GONCALVES_(639_m) -999.9 -999.9 -999.9 -999.9 -999.9 -999.9 -999.9 -999.9 Rio_Grande_do_Sul INMET -999.9 -999.9 -999.9
-29.164444 -51.534167 A840 2026-07-26_10:00 16.7 16.9 15.7 80 81 76 13.2 -999.9 -999.9 -999.9 -999.9 -999.9 11.2 34 28.1 -999.9 0.0 0.0 -999.9 -999.9 -999.9 -999.9 18.2 13.7 97.0 75.0 31.3 INMET_-_BENTO_GONCALVES_(639_m) -999.9 -999.9 -999.9 -999.9 -999.9 -999.9 -999.9 -999.9 Rio_Grande_do_Sul INMET -999.9 -999.9 -999.9
-29.164444 -51.534167 A840 2026-07-26_11:00 17.6 18 16.4 79 83 75 13.9 -999.9 -999.9 -999.9 -999.9 -999.9 10.8 6 23.0 -999.9 0.0 0.0 -999.9 -999.9 -999.9 -999.9 18.2 13.7 97.0 75.0 31.3 INMET_-_BENTO_GONCALVES_(639_m) -999.9 -999.9 -999.9 -999.9 -999.9 -999.9 -999.9 -999.9 Rio_Grande_do_Sul INMET -999.9 -999.9 -999.9
-29.164444 -51.534167 A840 2026-07-26_12:00 16.7 17.6 16.7 86 86 78 14.3 -999.9 -999.9 -999.9 -999.9 -999.9 7.2 29 22.3 -999.9 0.0 0.0 -999.9 -999.9 -999.9 -999.9 18.2 13.7 97.0 75.0 31.3 INMET_-_BENTO_GONCALVES_(639_m) -999.9 -999.9 -999.9 -999.9 -999.9 -999.9 -999.9 -999.9 Rio_Grande_do_Sul INMET -999.9 -999.9 -999.9
-29.164444 -51.534167 A840 2026-07-26_13:00 17.6 17.6 16.7 83 88 83 14.7 -999.9 -999.9 -999.9 -999.9 -999.9 7.6 20 14.4 -999.9 0.0 0.0 -999.9 -999.9 -999.9 -999.9 18.2 13.7 97.0 75.0 31.3 INMET_-_BENTO_GONCALVES_(639_m) -999.9 -999.9 -999.9 -999.9 -999.9 -999.9 -999.9 -999.9 Rio_Grande_do_Sul INMET -999.9 -999.9 -999.9
-29.164444 -51.534167 A840 2026-07-26_14:00 17.7 17.7 17.4 86 87 83 15.3 -999.9 -999.9 -999.9 -999.9 -999.9 6.1 350 13.3 -999.9 0.0 0.0 -999.9 -999.9 -999.9 -999.9 18.2 13.7 97.0 75.0 31.3 INMET_-_BENTO_GONCALVES_(639_m) -999.9 -999.9 -999.9 -999.9 -999.9 -999.9 -999.9 -999.9 Rio_Grande_do_Sul INMET -999.9 -999.9 -999.9
-29.164444 -51.534167 A840 2026-07-26_15:00 17.8 18 17.6 87 89 85 15.6 -999.9 -999.9 -999.9 -999.9 -999.9 7.9 340 15.1 -999.9 0.0 0.0 -999.9 -999.9 -999.9 -999.9 18.2 13.7 97.0 75.0 31.3 INMET_-_BENTO_GONCALVES_(639_m) -999.9 -999.9 -999.9 -999.9 -999.9 -999.9 -999.9 -999.9 Rio_Grande_do_Sul INMET -999.9 -999.9 -999.9
-29.164444 -51.534167 A840 2026-07-26_16:00 18 18.1 17.8 89 90 87 16.1 -999.9 -999.9 -999.9 -999.9 -999.9 8.3 344 19.1 -999.9 0.0 0.0 -999.9 -999.9 -999.9 -999.9 18.2 13.7 97.0 75.0 31.3 INMET_-_BENTO_GONCALVES_(639_m) -999.9 -999.9 -999.9 -999.9 -999.9 -999.9 -999.9 -999.9 Rio_Grande_do_Sul INMET -999.9 -999.9 -999.9
-29.164444 -51.534167 A840 2026-07-26_17:00 18.2 18.2 18 90 91 89 16.5 -999.9 -999.9 -999.9 -999.9 -999.9 8.3 323 15.5 -999.9 0.0 0.0 -999.9 -999.9 -999.9 -999.9 18.2 13.7 97.0 75.0 31.3 INMET_-_BENTO_GONCALVES_(639_m) -999.9 -999.9 -999.9 -999.9 -999.9 -999.9 -999.9 -999.9 Rio_Grande_do_Sul INMET -999.9 -999.9 -999.9
-29.164444 -51.534167 A840 2026-07-26_18:00 18 18.2 17.9 91 92 90 16.5 -999.9 -999.9 -999.9 -999.9 -999.9 7.2 349 13.0 -999.9 0.0 0.0 -999.9 -999.9 -999.9 -999.9 18.2 13.7 97.0 75.0 31.3 INMET_-_BENTO_GONCALVES_(639_m) -999.9 -999.9 -999.9 -999.9 -999.9 -999.9 -999.9 -999.9 Rio_Grande_do_Sul INMET -999.9 -999.9 -999.9
-29.164444 -51.534167 A840 2026-07-26_19:00 17.9 18.2 17.8 93 94 91 16.7 -999.9 -999.9 -999.9 -999.9 -999.9 5.8 325 10.1 -999.9 0.0 0.0 -999.9 -999.9 -999.9 -999.9 18.2 13.7 97.0 75.0 31.3 INMET_-_BENTO_GONCALVES_(639_m) -999.9 -999.9 -999.9 -999.9 -999.9 -999.9 -999.9 -999.9 Rio_Grande_do_Sul INMET -999.9 -999.9 -999.9
-29.164444 -51.534167 A840 2026-07-26_20:00 17.7 18 17.7 95 95 93 16.9 -999.9 -999.9 -999.9 -999.9 -999.9 7.2 24 11.5 -999.9 0.0 0.0 -999.9 -999.9 -999.9 -999.9 18.2 13.7 97.0 75.0 31.3 INMET_-_BENTO_GONCALVES_(639_m) -999.9 -999.9 -999.9 -999.9 -999.9 -999.9 -999.9 -999.9 Rio_Grande_do_Sul INMET -999.9 -999.9 -999.9
-29.164444 -51.534167 A840 2026-07-26_21:00 17.7 17.7 17.4 96 97 95 17.0 -999.9 -999.9 -999.9 -999.9 -999.9 7.2 6 13.7 -999.9 0.0 0.0 -999.9 -999.9 -999.9 -999.9 18.2 13.7 97.0 75.0 31.3 INMET_-_BENTO_GONCALVES_(639_m) -999.9 -999.9 -999.9 -999.9 -999.9 -999.9 -999.9 -999.9 Rio_Grande_do_Sul INMET -999.9 -999.9 -999.9
-29.164444 -51.534167 A840 2026-07-26_23:00 17.8 18.2 17.8 96 96 95 17.1 -999.9 -999.9 -999.9 -999.9 -999.9 5.4 49 15.5 -999.9 0.0 0.0 -999.9 -999.9 -999.9 -999.9 18.2 13.7 97.0 75.0 31.3 INMET_-_BENTO_GONCALVES_(639_m) -999.9 -999.9 -999.9 -999.9 -999.9 -999.9 -999.9 -999.9 Rio_Grande_do_Sul INMET -999.9 -999.9 -999.9
