-29.103374 -51.607984 17561 2026-09-01_00:10 -999.9 -999.9 -999.9 -999.9 -999.9 -999.9 -999.9 -999.9 -999.9 -999.9 -999.9 -999.9 -999.9 -999.9 -999.9 -999.9 -999.9 0.0 18.8 67.0 68.8 118.8 -999.9 -999.9 -999.9 -999.9 -999.9 CEMADEN_-_Bento_Gonçalves_-_Faria_Lemos_(349_m) -999.9 -999.9 -999.9 -999.9 -999.9 -999.9 -999.9 -999.9 Rio_Grande_do_Sul CEMADEN -999.9 0.0 -999.9
-29.103374 -51.607984 17561 2026-09-01_01:10 -999.9 -999.9 -999.9 -999.9 -999.9 -999.9 -999.9 -999.9 -999.9 -999.9 -999.9 -999.9 -999.9 -999.9 -999.9 -999.9 -999.9 0.0 18.8 67.0 68.8 118.8 -999.9 -999.9 -999.9 -999.9 -999.9 CEMADEN_-_Bento_Gonçalves_-_Faria_Lemos_(349_m) -999.9 -999.9 -999.9 -999.9 -999.9 -999.9 -999.9 -999.9 Rio_Grande_do_Sul CEMADEN -999.9 0.0 -999.9
-29.103374 -51.607984 17561 2026-09-01_02:10 -999.9 -999.9 -999.9 -999.9 -999.9 -999.9 -999.9 -999.9 -999.9 -999.9 -999.9 -999.9 -999.9 -999.9 -999.9 -999.9 -999.9 0.0 18.8 67.0 68.8 118.8 -999.9 -999.9 -999.9 -999.9 -999.9 CEMADEN_-_Bento_Gonçalves_-_Faria_Lemos_(349_m) -999.9 -999.9 -999.9 -999.9 -999.9 -999.9 -999.9 -999.9 Rio_Grande_do_Sul CEMADEN -999.9 0.0 -999.9
-29.103374 -51.607984 17561 2026-09-01_02:20 -999.9 -999.9 -999.9 -999.9 -999.9 -999.9 -999.9 -999.9 -999.9 -999.9 -999.9 -999.9 -999.9 -999.9 -999.9 -999.9 0.2 0.2 19.0 67.0 69.0 119.0 -999.9 -999.9 -999.9 -999.9 -999.9 CEMADEN_-_Bento_Gonçalves_-_Faria_Lemos_(349_m) -999.9 -999.9 -999.9 -999.9 -999.9 -999.9 -999.9 -999.9 Rio_Grande_do_Sul CEMADEN -999.9 0.2 -999.9
-29.103374 -51.607984 17561 2026-09-01_03:10 -999.9 -999.9 -999.9 -999.9 -999.9 -999.9 -999.9 -999.9 -999.9 -999.9 -999.9 -999.9 -999.9 -999.9 -999.9 -999.9 -999.9 0.2 19.0 65.6 69.0 119.0 -999.9 -999.9 -999.9 -999.9 -999.9 CEMADEN_-_Bento_Gonçalves_-_Faria_Lemos_(349_m) -999.9 -999.9 -999.9 -999.9 -999.9 -999.9 -999.9 -999.9 Rio_Grande_do_Sul CEMADEN -999.9 0.0 -999.9
-29.103374 -51.607984 17561 2026-09-01_04:10 -999.9 -999.9 -999.9 -999.9 -999.9 -999.9 -999.9 -999.9 -999.9 -999.9 -999.9 -999.9 -999.9 -999.9 -999.9 -999.9 -999.9 0.2 19.0 64.6 69.0 119.0 -999.9 -999.9 -999.9 -999.9 -999.9 CEMADEN_-_Bento_Gonçalves_-_Faria_Lemos_(349_m) -999.9 -999.9 -999.9 -999.9 -999.9 -999.9 -999.9 -999.9 Rio_Grande_do_Sul CEMADEN -999.9 0.0 -999.9
-29.103374 -51.607984 17561 2026-09-01_05:10 -999.9 -999.9 -999.9 -999.9 -999.9 -999.9 -999.9 -999.9 -999.9 -999.9 -999.9 -999.9 -999.9 -999.9 -999.9 -999.9 -999.9 0.2 19.0 64.6 69.0 119.0 -999.9 -999.9 -999.9 -999.9 -999.9 CEMADEN_-_Bento_Gonçalves_-_Faria_Lemos_(349_m) -999.9 -999.9 -999.9 -999.9 -999.9 -999.9 -999.9 -999.9 Rio_Grande_do_Sul CEMADEN -999.9 0.0 -999.9
-29.103374 -51.607984 17561 2026-09-01_06:10 -999.9 -999.9 -999.9 -999.9 -999.9 -999.9 -999.9 -999.9 -999.9 -999.9 -999.9 -999.9 -999.9 -999.9 -999.9 -999.9 -999.9 0.2 19.0 64.6 69.0 119.0 -999.9 -999.9 -999.9 -999.9 -999.9 CEMADEN_-_Bento_Gonçalves_-_Faria_Lemos_(349_m) -999.9 -999.9 -999.9 -999.9 -999.9 -999.9 -999.9 -999.9 Rio_Grande_do_Sul CEMADEN -999.9 0.0 -999.9
-29.103374 -51.607984 17561 2026-09-01_07:10 -999.9 -999.9 -999.9 -999.9 -999.9 -999.9 -999.9 -999.9 -999.9 -999.9 -999.9 -999.9 -999.9 -999.9 -999.9 -999.9 -999.9 0.2 19.0 56.2 69.0 119.0 -999.9 -999.9 -999.9 -999.9 -999.9 CEMADEN_-_Bento_Gonçalves_-_Faria_Lemos_(349_m) -999.9 -999.9 -999.9 -999.9 -999.9 -999.9 -999.9 -999.9 Rio_Grande_do_Sul CEMADEN -999.9 0.0 -999.9
-29.103374 -51.607984 17561 2026-09-01_08:10 -999.9 -999.9 -999.9 -999.9 -999.9 -999.9 -999.9 -999.9 -999.9 -999.9 -999.9 -999.9 -999.9 -999.9 -999.9 -999.9 -999.9 0.2 19.0 50.0 69.0 119.0 -999.9 -999.9 -999.9 -999.9 -999.9 CEMADEN_-_Bento_Gonçalves_-_Faria_Lemos_(349_m) -999.9 -999.9 -999.9 -999.9 -999.9 -999.9 -999.9 -999.9 Rio_Grande_do_Sul CEMADEN -999.9 0.0 -999.9
-29.103374 -51.607984 17561 2026-09-01_09:10 -999.9 -999.9 -999.9 -999.9 -999.9 -999.9 -999.9 -999.9 -999.9 -999.9 -999.9 -999.9 -999.9 -999.9 -999.9 -999.9 -999.9 0.2 19.0 37.6 69.0 119.0 -999.9 -999.9 -999.9 -999.9 -999.9 CEMADEN_-_Bento_Gonçalves_-_Faria_Lemos_(349_m) -999.9 -999.9 -999.9 -999.9 -999.9 -999.9 -999.9 -999.9 Rio_Grande_do_Sul CEMADEN -999.9 0.0 -999.9
-29.103374 -51.607984 17561 2026-09-01_10:10 -999.9 -999.9 -999.9 -999.9 -999.9 -999.9 -999.9 -999.9 -999.9 -999.9 -999.9 -999.9 -999.9 -999.9 -999.9 -999.9 -999.9 0.2 19.0 37.2 69.0 119.0 -999.9 -999.9 -999.9 -999.9 -999.9 CEMADEN_-_Bento_Gonçalves_-_Faria_Lemos_(349_m) -999.9 -999.9 -999.9 -999.9 -999.9 -999.9 -999.9 -999.9 Rio_Grande_do_Sul CEMADEN -999.9 0.0 -999.9
-29.103374 -51.607984 17561 2026-09-01_10:20 -999.9 -999.9 -999.9 -999.9 -999.9 -999.9 -999.9 -999.9 -999.9 -999.9 -999.9 -999.9 -999.9 -999.9 -999.9 -999.9 0.6 0.6 19.6 37.4 69.4 119.4 -999.9 -999.9 -999.9 -999.9 -999.9 CEMADEN_-_Bento_Gonçalves_-_Faria_Lemos_(349_m) -999.9 -999.9 -999.9 -999.9 -999.9 -999.9 -999.9 -999.9 Rio_Grande_do_Sul CEMADEN -999.9 0.4 -999.9
-29.103374 -51.607984 17561 2026-09-01_11:10 -999.9 -999.9 -999.9 -999.9 -999.9 -999.9 -999.9 -999.9 -999.9 -999.9 -999.9 -999.9 -999.9 -999.9 -999.9 -999.9 -999.9 0.2 19.6 35.8 69.0 119.0 -999.9 -999.9 -999.9 -999.9 -999.9 CEMADEN_-_Bento_Gonçalves_-_Faria_Lemos_(349_m) -999.9 -999.9 -999.9 -999.9 -999.9 -999.9 -999.9 -999.9 Rio_Grande_do_Sul CEMADEN -999.9 -0.4 -999.9
-29.103374 -51.607984 17561 2026-09-01_12:10 -999.9 -999.9 -999.9 -999.9 -999.9 -999.9 -999.9 -999.9 -999.9 -999.9 -999.9 -999.9 -999.9 -999.9 -999.9 -999.9 -999.9 -0.2 19.4 34.4 68.6 118.6 -999.9 -999.9 -999.9 -999.9 -999.9 CEMADEN_-_Bento_Gonçalves_-_Faria_Lemos_(349_m) -999.9 -999.9 -999.9 -999.9 -999.9 -999.9 -999.9 -999.9 Rio_Grande_do_Sul CEMADEN -999.9 -0.4 -999.9
-29.103374 -51.607984 17561 2026-09-01_13:10 -999.9 -999.9 -999.9 -999.9 -999.9 -999.9 -999.9 -999.9 -999.9 -999.9 -999.9 -999.9 -999.9 -999.9 -999.9 -999.9 0.4 0.2 19.8 34.8 69.0 119.0 -999.9 -999.9 -999.9 -999.9 -999.9 CEMADEN_-_Bento_Gonçalves_-_Faria_Lemos_(349_m) -999.9 -999.9 -999.9 -999.9 -999.9 -999.9 -999.9 -999.9 Rio_Grande_do_Sul CEMADEN -999.9 0.4 -999.9
-29.103374 -51.607984 17561 2026-09-01_13:20 -999.9 -999.9 -999.9 -999.9 -999.9 -999.9 -999.9 -999.9 -999.9 -999.9 -999.9 -999.9 -999.9 -999.9 -999.9 -999.9 0.6 0.4 20.0 35.0 69.2 119.2 -999.9 -999.9 -999.9 -999.9 -999.9 CEMADEN_-_Bento_Gonçalves_-_Faria_Lemos_(349_m) -999.9 -999.9 -999.9 -999.9 -999.9 -999.9 -999.9 -999.9 Rio_Grande_do_Sul CEMADEN -999.9 0.2 -999.9
-29.103374 -51.607984 17561 2026-09-01_14:10 -999.9 -999.9 -999.9 -999.9 -999.9 -999.9 -999.9 -999.9 -999.9 -999.9 -999.9 -999.9 -999.9 -999.9 -999.9 -999.9 -999.9 0.4 19.6 32.2 69.2 119.2 -999.9 -999.9 -999.9 -999.9 -999.9 CEMADEN_-_Bento_Gonçalves_-_Faria_Lemos_(349_m) -999.9 -999.9 -999.9 -999.9 -999.9 -999.9 -999.9 -999.9 Rio_Grande_do_Sul CEMADEN -999.9 0.0 -999.9
-29.103374 -51.607984 17561 2026-09-01_15:10 -999.9 -999.9 -999.9 -999.9 -999.9 -999.9 -999.9 -999.9 -999.9 -999.9 -999.9 -999.9 -999.9 -999.9 -999.9 -999.9 -999.9 0.0 17.2 27.2 68.8 118.8 -999.9 -999.9 -999.9 -999.9 -999.9 CEMADEN_-_Bento_Gonçalves_-_Faria_Lemos_(349_m) -999.9 -999.9 -999.9 -999.9 -999.9 -999.9 -999.9 -999.9 Rio_Grande_do_Sul CEMADEN -999.9 -0.4 -999.9
-29.103374 -51.607984 17561 2026-09-01_16:10 -999.9 -999.9 -999.9 -999.9 -999.9 -999.9 -999.9 -999.9 -999.9 -999.9 -999.9 -999.9 -999.9 -999.9 -999.9 -999.9 -999.9 -0.2 15.0 26.6 68.6 118.6 -999.9 -999.9 -999.9 -999.9 -999.9 CEMADEN_-_Bento_Gonçalves_-_Faria_Lemos_(349_m) -999.9 -999.9 -999.9 -999.9 -999.9 -999.9 -999.9 -999.9 Rio_Grande_do_Sul CEMADEN -999.9 -0.2 -999.9
-29.103374 -51.607984 17561 2026-09-01_17:10 -999.9 -999.9 -999.9 -999.9 -999.9 -999.9 -999.9 -999.9 -999.9 -999.9 -999.9 -999.9 -999.9 -999.9 -999.9 -999.9 -999.9 -0.4 13.2 21.0 68.4 118.4 -999.9 -999.9 -999.9 -999.9 -999.9 CEMADEN_-_Bento_Gonçalves_-_Faria_Lemos_(349_m) -999.9 -999.9 -999.9 -999.9 -999.9 -999.9 -999.9 -999.9 Rio_Grande_do_Sul CEMADEN -999.9 -0.2 -999.9
-29.103374 -51.607984 17561 2026-09-01_18:10 -999.9 -999.9 -999.9 -999.9 -999.9 -999.9 -999.9 -999.9 -999.9 -999.9 -999.9 -999.9 -999.9 -999.9 -999.9 -999.9 -999.9 -0.4 11.4 20.8 68.4 118.4 -999.9 -999.9 -999.9 -999.9 -999.9 CEMADEN_-_Bento_Gonçalves_-_Faria_Lemos_(349_m) -999.9 -999.9 -999.9 -999.9 -999.9 -999.9 -999.9 -999.9 Rio_Grande_do_Sul CEMADEN -999.9 0.0 -999.9
-29.103374 -51.607984 17561 2026-09-01_19:10 -999.9 -999.9 -999.9 -999.9 -999.9 -999.9 -999.9 -999.9 -999.9 -999.9 -999.9 -999.9 -999.9 -999.9 -999.9 -999.9 -999.9 -0.4 11.0 20.6 68.4 118.4 -999.9 -999.9 -999.9 -999.9 -999.9 CEMADEN_-_Bento_Gonçalves_-_Faria_Lemos_(349_m) -999.9 -999.9 -999.9 -999.9 -999.9 -999.9 -999.9 -999.9 Rio_Grande_do_Sul CEMADEN -999.9 0.0 -999.9
-29.103374 -51.607984 17561 2026-09-01_20:10 -999.9 -999.9 -999.9 -999.9 -999.9 -999.9 -999.9 -999.9 -999.9 -999.9 -999.9 -999.9 -999.9 -999.9 -999.9 -999.9 -999.9 -0.4 11.0 20.4 68.4 118.4 -999.9 -999.9 -999.9 -999.9 -999.9 CEMADEN_-_Bento_Gonçalves_-_Faria_Lemos_(349_m) -999.9 -999.9 -999.9 -999.9 -999.9 -999.9 -999.9 -999.9 Rio_Grande_do_Sul CEMADEN -999.9 0.0 -999.9
-29.103374 -51.607984 17561 2026-09-01_21:10 -999.9 -999.9 -999.9 -999.9 -999.9 -999.9 -999.9 -999.9 -999.9 -999.9 -999.9 -999.9 -999.9 -999.9 -999.9 -999.9 -999.9 -0.4 4.0 20.2 68.4 118.4 -999.9 -999.9 -999.9 -999.9 -999.9 CEMADEN_-_Bento_Gonçalves_-_Faria_Lemos_(349_m) -999.9 -999.9 -999.9 -999.9 -999.9 -999.9 -999.9 -999.9 Rio_Grande_do_Sul CEMADEN -999.9 0.0 -999.9
-29.103374 -51.607984 17561 2026-09-01_22:10 -999.9 -999.9 -999.9 -999.9 -999.9 -999.9 -999.9 -999.9 -999.9 -999.9 -999.9 -999.9 -999.9 -999.9 -999.9 -999.9 -999.9 -0.4 4.0 20.2 68.4 118.4 -999.9 -999.9 -999.9 -999.9 -999.9 CEMADEN_-_Bento_Gonçalves_-_Faria_Lemos_(349_m) -999.9 -999.9 -999.9 -999.9 -999.9 -999.9 -999.9 -999.9 Rio_Grande_do_Sul CEMADEN -999.9 0.0 -999.9
-29.103374 -51.607984 17561 2026-09-01_23:10 -999.9 -999.9 -999.9 -999.9 -999.9 -999.9 -999.9 -999.9 -999.9 -999.9 -999.9 -999.9 -999.9 -999.9 -999.9 -999.9 -999.9 -0.4 4.0 20.2 68.4 118.4 -999.9 -999.9 -999.9 -999.9 -999.9 CEMADEN_-_Bento_Gonçalves_-_Faria_Lemos_(349_m) -999.9 -999.9 -999.9 -999.9 -999.9 -999.9 -999.9 -999.9 Rio_Grande_do_Sul CEMADEN -999.9 0.0 -999.9
