-28.93585 -51.56352 16931 2026-08-01_00:10 -999.9 -999.9 -999.9 -999.9 -999.9 -999.9 -999.9 -999.9 -999.9 -999.9 -999.9 -999.9 -999.9 -999.9 -999.9 -999.9 -999.9 0.0 0.2 38.8 139.2 292.8 -999.9 -999.9 -999.9 -999.9 -999.9 CEMADEN_-_Veranópolis_-_G2-432280603A_(663_m) -999.9 -999.9 -999.9 -999.9 -999.9 -999.9 -999.9 -999.9 Rio_Grande_do_Sul CEMADEN -999.9 0.0 -999.9
-28.93585 -51.56352 16931 2026-08-01_01:10 -999.9 -999.9 -999.9 -999.9 -999.9 -999.9 -999.9 -999.9 -999.9 -999.9 -999.9 -999.9 -999.9 -999.9 -999.9 -999.9 -999.9 0.0 0.2 22.6 139.2 292.8 -999.9 -999.9 -999.9 -999.9 -999.9 CEMADEN_-_Veranópolis_-_G2-432280603A_(663_m) -999.9 -999.9 -999.9 -999.9 -999.9 -999.9 -999.9 -999.9 Rio_Grande_do_Sul CEMADEN -999.9 0.0 -999.9
-28.93585 -51.56352 16931 2026-08-01_02:10 -999.9 -999.9 -999.9 -999.9 -999.9 -999.9 -999.9 -999.9 -999.9 -999.9 -999.9 -999.9 -999.9 -999.9 -999.9 -999.9 -999.9 0.0 -999.9 14.4 139.2 292.8 -999.9 -999.9 -999.9 -999.9 -999.9 CEMADEN_-_Veranópolis_-_G2-432280603A_(663_m) -999.9 -999.9 -999.9 -999.9 -999.9 -999.9 -999.9 -999.9 Rio_Grande_do_Sul CEMADEN -999.9 0.0 -999.9
-28.93585 -51.56352 16931 2026-08-01_03:10 -999.9 -999.9 -999.9 -999.9 -999.9 -999.9 -999.9 -999.9 -999.9 -999.9 -999.9 -999.9 -999.9 -999.9 -999.9 -999.9 -999.9 0.0 -999.9 8.4 139.2 292.8 -999.9 -999.9 -999.9 -999.9 -999.9 CEMADEN_-_Veranópolis_-_G2-432280603A_(663_m) -999.9 -999.9 -999.9 -999.9 -999.9 -999.9 -999.9 -999.9 Rio_Grande_do_Sul CEMADEN -999.9 0.0 -999.9
-28.93585 -51.56352 16931 2026-08-01_04:10 -999.9 -999.9 -999.9 -999.9 -999.9 -999.9 -999.9 -999.9 -999.9 -999.9 -999.9 -999.9 -999.9 -999.9 -999.9 -999.9 -999.9 -2.8 -999.9 4.2 136.4 290.0 -999.9 -999.9 -999.9 -999.9 -999.9 CEMADEN_-_Veranópolis_-_G2-432280603A_(663_m) -999.9 -999.9 -999.9 -999.9 -999.9 -999.9 -999.9 -999.9 Rio_Grande_do_Sul CEMADEN -999.9 -2.8 -999.9
-28.93585 -51.56352 16931 2026-08-01_05:10 -999.9 -999.9 -999.9 -999.9 -999.9 -999.9 -999.9 -999.9 -999.9 -999.9 -999.9 -999.9 -999.9 -999.9 -999.9 -999.9 -999.9 -14.4 -999.9 2.4 124.8 278.4 -999.9 -999.9 -999.9 -999.9 -999.9 CEMADEN_-_Veranópolis_-_G2-432280603A_(663_m) -999.9 -999.9 -999.9 -999.9 -999.9 -999.9 -999.9 -999.9 Rio_Grande_do_Sul CEMADEN -999.9 -11.6 -999.9
-28.93585 -51.56352 16931 2026-08-01_06:10 -999.9 -999.9 -999.9 -999.9 -999.9 -999.9 -999.9 -999.9 -999.9 -999.9 -999.9 -999.9 -999.9 -999.9 -999.9 -999.9 -999.9 -31.4 -999.9 0.8 107.8 261.4 -999.9 -999.9 -999.9 -999.9 -999.9 CEMADEN_-_Veranópolis_-_G2-432280603A_(663_m) -999.9 -999.9 -999.9 -999.9 -999.9 -999.9 -999.9 -999.9 Rio_Grande_do_Sul CEMADEN -999.9 -17.0 -999.9
-28.93585 -51.56352 16931 2026-08-01_07:10 -999.9 -999.9 -999.9 -999.9 -999.9 -999.9 -999.9 -999.9 -999.9 -999.9 -999.9 -999.9 -999.9 -999.9 -999.9 -999.9 -999.9 -44.0 -999.9 0.2 95.2 248.8 -999.9 -999.9 -999.9 -999.9 -999.9 CEMADEN_-_Veranópolis_-_G2-432280603A_(663_m) -999.9 -999.9 -999.9 -999.9 -999.9 -999.9 -999.9 -999.9 Rio_Grande_do_Sul CEMADEN -999.9 -12.6 -999.9
-28.93585 -51.56352 16931 2026-08-01_08:10 -999.9 -999.9 -999.9 -999.9 -999.9 -999.9 -999.9 -999.9 -999.9 -999.9 -999.9 -999.9 -999.9 -999.9 -999.9 -999.9 -999.9 -46.2 -999.9 0.2 93.0 246.6 -999.9 -999.9 -999.9 -999.9 -999.9 CEMADEN_-_Veranópolis_-_G2-432280603A_(663_m) -999.9 -999.9 -999.9 -999.9 -999.9 -999.9 -999.9 -999.9 Rio_Grande_do_Sul CEMADEN -999.9 -2.2 -999.9
-28.93585 -51.56352 16931 2026-08-01_09:10 -999.9 -999.9 -999.9 -999.9 -999.9 -999.9 -999.9 -999.9 -999.9 -999.9 -999.9 -999.9 -999.9 -999.9 -999.9 -999.9 -999.9 -49.2 -999.9 0.2 90.0 243.6 -999.9 -999.9 -999.9 -999.9 -999.9 CEMADEN_-_Veranópolis_-_G2-432280603A_(663_m) -999.9 -999.9 -999.9 -999.9 -999.9 -999.9 -999.9 -999.9 Rio_Grande_do_Sul CEMADEN -999.9 -3.0 -999.9
-28.93585 -51.56352 16931 2026-08-01_10:10 -999.9 -999.9 -999.9 -999.9 -999.9 -999.9 -999.9 -999.9 -999.9 -999.9 -999.9 -999.9 -999.9 -999.9 -999.9 -999.9 -999.9 -53.0 -999.9 0.2 86.2 239.8 -999.9 -999.9 -999.9 -999.9 -999.9 CEMADEN_-_Veranópolis_-_G2-432280603A_(663_m) -999.9 -999.9 -999.9 -999.9 -999.9 -999.9 -999.9 -999.9 Rio_Grande_do_Sul CEMADEN -999.9 -3.8 -999.9
-28.93585 -51.56352 16931 2026-08-01_11:10 -999.9 -999.9 -999.9 -999.9 -999.9 -999.9 -999.9 -999.9 -999.9 -999.9 -999.9 -999.9 -999.9 -999.9 -999.9 -999.9 -999.9 -59.0 -999.9 0.2 80.2 233.8 -999.9 -999.9 -999.9 -999.9 -999.9 CEMADEN_-_Veranópolis_-_G2-432280603A_(663_m) -999.9 -999.9 -999.9 -999.9 -999.9 -999.9 -999.9 -999.9 Rio_Grande_do_Sul CEMADEN -999.9 -6.0 -999.9
-28.93585 -51.56352 16931 2026-08-01_12:10 -999.9 -999.9 -999.9 -999.9 -999.9 -999.9 -999.9 -999.9 -999.9 -999.9 -999.9 -999.9 -999.9 -999.9 -999.9 -999.9 -999.9 -61.2 -999.9 0.2 78.0 231.6 -999.9 -999.9 -999.9 -999.9 -999.9 CEMADEN_-_Veranópolis_-_G2-432280603A_(663_m) -999.9 -999.9 -999.9 -999.9 -999.9 -999.9 -999.9 -999.9 Rio_Grande_do_Sul CEMADEN -999.9 -2.2 -999.9
-28.93585 -51.56352 16931 2026-08-01_13:10 -999.9 -999.9 -999.9 -999.9 -999.9 -999.9 -999.9 -999.9 -999.9 -999.9 -999.9 -999.9 -999.9 -999.9 -999.9 -999.9 -999.9 -65.0 -999.9 0.2 74.2 227.8 -999.9 -999.9 -999.9 -999.9 -999.9 CEMADEN_-_Veranópolis_-_G2-432280603A_(663_m) -999.9 -999.9 -999.9 -999.9 -999.9 -999.9 -999.9 -999.9 Rio_Grande_do_Sul CEMADEN -999.9 -3.8 -999.9
-28.93585 -51.56352 16931 2026-08-01_14:10 -999.9 -999.9 -999.9 -999.9 -999.9 -999.9 -999.9 -999.9 -999.9 -999.9 -999.9 -999.9 -999.9 -999.9 -999.9 -999.9 -999.9 -66.0 -999.9 0.2 73.2 226.8 -999.9 -999.9 -999.9 -999.9 -999.9 CEMADEN_-_Veranópolis_-_G2-432280603A_(663_m) -999.9 -999.9 -999.9 -999.9 -999.9 -999.9 -999.9 -999.9 Rio_Grande_do_Sul CEMADEN -999.9 -1.0 -999.9
-28.93585 -51.56352 16931 2026-08-01_15:10 -999.9 -999.9 -999.9 -999.9 -999.9 -999.9 -999.9 -999.9 -999.9 -999.9 -999.9 -999.9 -999.9 -999.9 -999.9 -999.9 -999.9 -68.8 -999.9 0.2 70.4 224.0 -999.9 -999.9 -999.9 -999.9 -999.9 CEMADEN_-_Veranópolis_-_G2-432280603A_(663_m) -999.9 -999.9 -999.9 -999.9 -999.9 -999.9 -999.9 -999.9 Rio_Grande_do_Sul CEMADEN -999.9 -2.8 -999.9
-28.93585 -51.56352 16931 2026-08-01_16:10 -999.9 -999.9 -999.9 -999.9 -999.9 -999.9 -999.9 -999.9 -999.9 -999.9 -999.9 -999.9 -999.9 -999.9 -999.9 -999.9 -999.9 -69.6 -999.9 0.2 69.6 223.2 -999.9 -999.9 -999.9 -999.9 -999.9 CEMADEN_-_Veranópolis_-_G2-432280603A_(663_m) -999.9 -999.9 -999.9 -999.9 -999.9 -999.9 -999.9 -999.9 Rio_Grande_do_Sul CEMADEN -999.9 -0.8 -999.9
-28.93585 -51.56352 16931 2026-08-01_17:10 -999.9 -999.9 -999.9 -999.9 -999.9 -999.9 -999.9 -999.9 -999.9 -999.9 -999.9 -999.9 -999.9 -999.9 -999.9 -999.9 -999.9 -71.4 -999.9 0.2 67.8 221.4 -999.9 -999.9 -999.9 -999.9 -999.9 CEMADEN_-_Veranópolis_-_G2-432280603A_(663_m) -999.9 -999.9 -999.9 -999.9 -999.9 -999.9 -999.9 -999.9 Rio_Grande_do_Sul CEMADEN -999.9 -1.8 -999.9
-28.93585 -51.56352 16931 2026-08-01_18:10 -999.9 -999.9 -999.9 -999.9 -999.9 -999.9 -999.9 -999.9 -999.9 -999.9 -999.9 -999.9 -999.9 -999.9 -999.9 -999.9 -999.9 -77.2 -999.9 0.2 62.0 215.6 -999.9 -999.9 -999.9 -999.9 -999.9 CEMADEN_-_Veranópolis_-_G2-432280603A_(663_m) -999.9 -999.9 -999.9 -999.9 -999.9 -999.9 -999.9 -999.9 Rio_Grande_do_Sul CEMADEN -999.9 -5.8 -999.9
-28.93585 -51.56352 16931 2026-08-01_19:10 -999.9 -999.9 -999.9 -999.9 -999.9 -999.9 -999.9 -999.9 -999.9 -999.9 -999.9 -999.9 -999.9 -999.9 -999.9 -999.9 -999.9 -86.8 -999.9 0.2 52.4 206.0 -999.9 -999.9 -999.9 -999.9 -999.9 CEMADEN_-_Veranópolis_-_G2-432280603A_(663_m) -999.9 -999.9 -999.9 -999.9 -999.9 -999.9 -999.9 -999.9 Rio_Grande_do_Sul CEMADEN -999.9 -9.6 -999.9
-28.93585 -51.56352 16931 2026-08-01_20:10 -999.9 -999.9 -999.9 -999.9 -999.9 -999.9 -999.9 -999.9 -999.9 -999.9 -999.9 -999.9 -999.9 -999.9 -999.9 -999.9 -999.9 -89.2 -999.9 0.2 50.0 203.6 -999.9 -999.9 -999.9 -999.9 -999.9 CEMADEN_-_Veranópolis_-_G2-432280603A_(663_m) -999.9 -999.9 -999.9 -999.9 -999.9 -999.9 -999.9 -999.9 Rio_Grande_do_Sul CEMADEN -999.9 -2.4 -999.9
-28.93585 -51.56352 16931 2026-08-01_21:10 -999.9 -999.9 -999.9 -999.9 -999.9 -999.9 -999.9 -999.9 -999.9 -999.9 -999.9 -999.9 -999.9 -999.9 -999.9 -999.9 -999.9 -89.6 -999.9 0.2 49.6 203.2 -999.9 -999.9 -999.9 -999.9 -999.9 CEMADEN_-_Veranópolis_-_G2-432280603A_(663_m) -999.9 -999.9 -999.9 -999.9 -999.9 -999.9 -999.9 -999.9 Rio_Grande_do_Sul CEMADEN -999.9 -0.4 -999.9
-28.93585 -51.56352 16931 2026-08-01_22:10 -999.9 -999.9 -999.9 -999.9 -999.9 -999.9 -999.9 -999.9 -999.9 -999.9 -999.9 -999.9 -999.9 -999.9 -999.9 -999.9 -999.9 -89.6 -999.9 0.2 49.6 203.2 -999.9 -999.9 -999.9 -999.9 -999.9 CEMADEN_-_Veranópolis_-_G2-432280603A_(663_m) -999.9 -999.9 -999.9 -999.9 -999.9 -999.9 -999.9 -999.9 Rio_Grande_do_Sul CEMADEN -999.9 0.0 -999.9
-28.93585 -51.56352 16931 2026-08-01_22:30 -999.9 -999.9 -999.9 -999.9 -999.9 -999.9 -999.9 -999.9 -999.9 -999.9 -999.9 -999.9 -999.9 -999.9 -999.9 -999.9 0.2 -89.4 0.2 0.4 49.8 203.4 -999.9 -999.9 -999.9 -999.9 -999.9 CEMADEN_-_Veranópolis_-_G2-432280603A_(663_m) -999.9 -999.9 -999.9 -999.9 -999.9 -999.9 -999.9 -999.9 Rio_Grande_do_Sul CEMADEN -999.9 0.2 -999.9
-28.93585 -51.56352 16931 2026-08-01_23:10 -999.9 -999.9 -999.9 -999.9 -999.9 -999.9 -999.9 -999.9 -999.9 -999.9 -999.9 -999.9 -999.9 -999.9 -999.9 -999.9 -999.9 -89.8 0.2 0.4 49.4 203.0 -999.9 -999.9 -999.9 -999.9 -999.9 CEMADEN_-_Veranópolis_-_G2-432280603A_(663_m) -999.9 -999.9 -999.9 -999.9 -999.9 -999.9 -999.9 -999.9 Rio_Grande_do_Sul CEMADEN -999.9 -0.4 -999.9
