-28.5986 -51.7807 17826 2026-08-13_00:00 -999.9 -999.9 -999.9 -999.9 -999.9 -999.9 -999.9 -999.9 -999.9 -999.9 -999.9 -999.9 -999.9 -999.9 -999.9 -999.9 -999.9 0.0 71.2 71.2 71.4 73.6 -999.9 -999.9 -999.9 -999.9 -999.9 CEMADEN_-_Paraí_-_G2-431400102A_(718_m) -999.9 -999.9 -999.9 -999.9 -999.9 -999.9 -999.9 -999.9 Rio_Grande_do_Sul CEMADEN -999.9 0.0 -999.9
-28.5986 -51.7807 17826 2026-08-13_01:10 -999.9 -999.9 -999.9 -999.9 -999.9 -999.9 -999.9 -999.9 -999.9 -999.9 -999.9 -999.9 -999.9 -999.9 -999.9 -999.9 -999.9 0.0 71.2 71.2 71.4 73.6 -999.9 -999.9 -999.9 -999.9 -999.9 CEMADEN_-_Paraí_-_G2-431400102A_(718_m) -999.9 -999.9 -999.9 -999.9 -999.9 -999.9 -999.9 -999.9 Rio_Grande_do_Sul CEMADEN -999.9 0.0 -999.9
-28.5986 -51.7807 17826 2026-08-13_02:10 -999.9 -999.9 -999.9 -999.9 -999.9 -999.9 -999.9 -999.9 -999.9 -999.9 -999.9 -999.9 -999.9 -999.9 -999.9 -999.9 -999.9 0.0 71.2 71.2 71.4 73.6 -999.9 -999.9 -999.9 -999.9 -999.9 CEMADEN_-_Paraí_-_G2-431400102A_(718_m) -999.9 -999.9 -999.9 -999.9 -999.9 -999.9 -999.9 -999.9 Rio_Grande_do_Sul CEMADEN -999.9 0.0 -999.9
-28.5986 -51.7807 17826 2026-08-13_03:10 -999.9 -999.9 -999.9 -999.9 -999.9 -999.9 -999.9 -999.9 -999.9 -999.9 -999.9 -999.9 -999.9 -999.9 -999.9 -999.9 -999.9 0.0 71.2 71.2 71.4 73.6 -999.9 -999.9 -999.9 -999.9 -999.9 CEMADEN_-_Paraí_-_G2-431400102A_(718_m) -999.9 -999.9 -999.9 -999.9 -999.9 -999.9 -999.9 -999.9 Rio_Grande_do_Sul CEMADEN -999.9 0.0 -999.9
-28.5986 -51.7807 17826 2026-08-13_04:10 -999.9 -999.9 -999.9 -999.9 -999.9 -999.9 -999.9 -999.9 -999.9 -999.9 -999.9 -999.9 -999.9 -999.9 -999.9 -999.9 -999.9 0.0 71.2 71.2 71.4 73.6 -999.9 -999.9 -999.9 -999.9 -999.9 CEMADEN_-_Paraí_-_G2-431400102A_(718_m) -999.9 -999.9 -999.9 -999.9 -999.9 -999.9 -999.9 -999.9 Rio_Grande_do_Sul CEMADEN -999.9 0.0 -999.9
-28.5986 -51.7807 17826 2026-08-13_05:00 -999.9 -999.9 -999.9 -999.9 -999.9 -999.9 -999.9 -999.9 -999.9 -999.9 -999.9 -999.9 -999.9 -999.9 -999.9 -999.9 -999.9 0.0 71.4 71.4 71.4 73.6 -999.9 -999.9 -999.9 -999.9 -999.9 CEMADEN_-_Paraí_-_G2-431400102A_(718_m) -999.9 -999.9 -999.9 -999.9 -999.9 -999.9 -999.9 -999.9 Rio_Grande_do_Sul CEMADEN -999.9 0.0 -999.9
-28.5986 -51.7807 17826 2026-08-13_06:10 -999.9 -999.9 -999.9 -999.9 -999.9 -999.9 -999.9 -999.9 -999.9 -999.9 -999.9 -999.9 -999.9 -999.9 -999.9 -999.9 -999.9 0.0 71.4 71.4 71.4 73.6 -999.9 -999.9 -999.9 -999.9 -999.9 CEMADEN_-_Paraí_-_G2-431400102A_(718_m) -999.9 -999.9 -999.9 -999.9 -999.9 -999.9 -999.9 -999.9 Rio_Grande_do_Sul CEMADEN -999.9 0.0 -999.9
-28.5986 -51.7807 17826 2026-08-13_07:10 -999.9 -999.9 -999.9 -999.9 -999.9 -999.9 -999.9 -999.9 -999.9 -999.9 -999.9 -999.9 -999.9 -999.9 -999.9 -999.9 -999.9 0.0 71.4 71.4 71.4 73.6 -999.9 -999.9 -999.9 -999.9 -999.9 CEMADEN_-_Paraí_-_G2-431400102A_(718_m) -999.9 -999.9 -999.9 -999.9 -999.9 -999.9 -999.9 -999.9 Rio_Grande_do_Sul CEMADEN -999.9 0.0 -999.9
-28.5986 -51.7807 17826 2026-08-13_08:10 -999.9 -999.9 -999.9 -999.9 -999.9 -999.9 -999.9 -999.9 -999.9 -999.9 -999.9 -999.9 -999.9 -999.9 -999.9 -999.9 12.4 12.4 83.8 83.8 83.8 86.0 -999.9 -999.9 -999.9 -999.9 -999.9 CEMADEN_-_Paraí_-_G2-431400102A_(718_m) -999.9 -999.9 -999.9 -999.9 -999.9 -999.9 -999.9 -999.9 Rio_Grande_do_Sul CEMADEN -999.9 12.4 -999.9
-28.5986 -51.7807 17826 2026-08-13_08:20 -999.9 -999.9 -999.9 -999.9 -999.9 -999.9 -999.9 -999.9 -999.9 -999.9 -999.9 -999.9 -999.9 -999.9 -999.9 -999.9 13.4 13.4 84.8 84.8 84.8 87.0 -999.9 -999.9 -999.9 -999.9 -999.9 CEMADEN_-_Paraí_-_G2-431400102A_(718_m) -999.9 -999.9 -999.9 -999.9 -999.9 -999.9 -999.9 -999.9 Rio_Grande_do_Sul CEMADEN -999.9 1.0 -999.9
-28.5986 -51.7807 17826 2026-08-13_08:30 -999.9 -999.9 -999.9 -999.9 -999.9 -999.9 -999.9 -999.9 -999.9 -999.9 -999.9 -999.9 -999.9 -999.9 -999.9 -999.9 15.6 15.6 87.0 87.0 87.0 89.2 -999.9 -999.9 -999.9 -999.9 -999.9 CEMADEN_-_Paraí_-_G2-431400102A_(718_m) -999.9 -999.9 -999.9 -999.9 -999.9 -999.9 -999.9 -999.9 Rio_Grande_do_Sul CEMADEN -999.9 2.2 -999.9
-28.5986 -51.7807 17826 2026-08-13_08:40 -999.9 -999.9 -999.9 -999.9 -999.9 -999.9 -999.9 -999.9 -999.9 -999.9 -999.9 -999.9 -999.9 -999.9 -999.9 -999.9 16.2 16.4 87.8 87.8 87.8 90.0 -999.9 -999.9 -999.9 -999.9 -999.9 CEMADEN_-_Paraí_-_G2-431400102A_(718_m) -999.9 -999.9 -999.9 -999.9 -999.9 -999.9 -999.9 -999.9 Rio_Grande_do_Sul CEMADEN -999.9 0.8 -999.9
-28.5986 -51.7807 17826 2026-08-13_09:10 -999.9 -999.9 -999.9 -999.9 -999.9 -999.9 -999.9 -999.9 -999.9 -999.9 -999.9 -999.9 -999.9 -999.9 -999.9 -999.9 -999.9 16.4 87.8 87.8 87.8 90.0 -999.9 -999.9 -999.9 -999.9 -999.9 CEMADEN_-_Paraí_-_G2-431400102A_(718_m) -999.9 -999.9 -999.9 -999.9 -999.9 -999.9 -999.9 -999.9 Rio_Grande_do_Sul CEMADEN -999.9 0.0 -999.9
-28.5986 -51.7807 17826 2026-08-13_10:10 -999.9 -999.9 -999.9 -999.9 -999.9 -999.9 -999.9 -999.9 -999.9 -999.9 -999.9 -999.9 -999.9 -999.9 -999.9 -999.9 -999.9 16.4 87.8 87.8 87.8 90.0 -999.9 -999.9 -999.9 -999.9 -999.9 CEMADEN_-_Paraí_-_G2-431400102A_(718_m) -999.9 -999.9 -999.9 -999.9 -999.9 -999.9 -999.9 -999.9 Rio_Grande_do_Sul CEMADEN -999.9 0.0 -999.9
-28.5986 -51.7807 17826 2026-08-13_11:10 -999.9 -999.9 -999.9 -999.9 -999.9 -999.9 -999.9 -999.9 -999.9 -999.9 -999.9 -999.9 -999.9 -999.9 -999.9 -999.9 -999.9 16.4 87.8 87.8 87.8 90.0 -999.9 -999.9 -999.9 -999.9 -999.9 CEMADEN_-_Paraí_-_G2-431400102A_(718_m) -999.9 -999.9 -999.9 -999.9 -999.9 -999.9 -999.9 -999.9 Rio_Grande_do_Sul CEMADEN -999.9 0.0 -999.9
-28.5986 -51.7807 17826 2026-08-13_12:10 -999.9 -999.9 -999.9 -999.9 -999.9 -999.9 -999.9 -999.9 -999.9 -999.9 -999.9 -999.9 -999.9 -999.9 -999.9 -999.9 -999.9 16.4 87.8 87.8 87.8 90.0 -999.9 -999.9 -999.9 -999.9 -999.9 CEMADEN_-_Paraí_-_G2-431400102A_(718_m) -999.9 -999.9 -999.9 -999.9 -999.9 -999.9 -999.9 -999.9 Rio_Grande_do_Sul CEMADEN -999.9 0.0 -999.9
-28.5986 -51.7807 17826 2026-08-13_13:10 -999.9 -999.9 -999.9 -999.9 -999.9 -999.9 -999.9 -999.9 -999.9 -999.9 -999.9 -999.9 -999.9 -999.9 -999.9 -999.9 -999.9 16.4 86.4 87.8 87.8 90.0 -999.9 -999.9 -999.9 -999.9 -999.9 CEMADEN_-_Paraí_-_G2-431400102A_(718_m) -999.9 -999.9 -999.9 -999.9 -999.9 -999.9 -999.9 -999.9 Rio_Grande_do_Sul CEMADEN -999.9 0.0 -999.9
-28.5986 -51.7807 17826 2026-08-13_14:10 -999.9 -999.9 -999.9 -999.9 -999.9 -999.9 -999.9 -999.9 -999.9 -999.9 -999.9 -999.9 -999.9 -999.9 -999.9 -999.9 -999.9 16.4 85.2 87.8 87.8 90.0 -999.9 -999.9 -999.9 -999.9 -999.9 CEMADEN_-_Paraí_-_G2-431400102A_(718_m) -999.9 -999.9 -999.9 -999.9 -999.9 -999.9 -999.9 -999.9 Rio_Grande_do_Sul CEMADEN -999.9 0.0 -999.9
-28.5986 -51.7807 17826 2026-08-13_15:10 -999.9 -999.9 -999.9 -999.9 -999.9 -999.9 -999.9 -999.9 -999.9 -999.9 -999.9 -999.9 -999.9 -999.9 -999.9 -999.9 -999.9 16.4 85.2 87.8 87.8 90.0 -999.9 -999.9 -999.9 -999.9 -999.9 CEMADEN_-_Paraí_-_G2-431400102A_(718_m) -999.9 -999.9 -999.9 -999.9 -999.9 -999.9 -999.9 -999.9 Rio_Grande_do_Sul CEMADEN -999.9 0.0 -999.9
-28.5986 -51.7807 17826 2026-08-13_16:10 -999.9 -999.9 -999.9 -999.9 -999.9 -999.9 -999.9 -999.9 -999.9 -999.9 -999.9 -999.9 -999.9 -999.9 -999.9 -999.9 -999.9 16.4 85.2 87.8 87.8 90.0 -999.9 -999.9 -999.9 -999.9 -999.9 CEMADEN_-_Paraí_-_G2-431400102A_(718_m) -999.9 -999.9 -999.9 -999.9 -999.9 -999.9 -999.9 -999.9 Rio_Grande_do_Sul CEMADEN -999.9 0.0 -999.9
-28.5986 -51.7807 17826 2026-08-13_17:10 -999.9 -999.9 -999.9 -999.9 -999.9 -999.9 -999.9 -999.9 -999.9 -999.9 -999.9 -999.9 -999.9 -999.9 -999.9 -999.9 -999.9 16.4 85.2 87.8 87.8 90.0 -999.9 -999.9 -999.9 -999.9 -999.9 CEMADEN_-_Paraí_-_G2-431400102A_(718_m) -999.9 -999.9 -999.9 -999.9 -999.9 -999.9 -999.9 -999.9 Rio_Grande_do_Sul CEMADEN -999.9 0.0 -999.9
-28.5986 -51.7807 17826 2026-08-13_18:10 -999.9 -999.9 -999.9 -999.9 -999.9 -999.9 -999.9 -999.9 -999.9 -999.9 -999.9 -999.9 -999.9 -999.9 -999.9 -999.9 -999.9 16.4 84.6 87.8 87.8 90.0 -999.9 -999.9 -999.9 -999.9 -999.9 CEMADEN_-_Paraí_-_G2-431400102A_(718_m) -999.9 -999.9 -999.9 -999.9 -999.9 -999.9 -999.9 -999.9 Rio_Grande_do_Sul CEMADEN -999.9 0.0 -999.9
-28.5986 -51.7807 17826 2026-08-13_19:00 -999.9 -999.9 -999.9 -999.9 -999.9 -999.9 -999.9 -999.9 -999.9 -999.9 -999.9 -999.9 -999.9 -999.9 -999.9 -999.9 -999.9 16.6 84.4 88.0 88.0 90.2 -999.9 -999.9 -999.9 -999.9 -999.9 CEMADEN_-_Paraí_-_G2-431400102A_(718_m) -999.9 -999.9 -999.9 -999.9 -999.9 -999.9 -999.9 -999.9 Rio_Grande_do_Sul CEMADEN -999.9 0.2 -999.9
-28.5986 -51.7807 17826 2026-08-13_20:10 -999.9 -999.9 -999.9 -999.9 -999.9 -999.9 -999.9 -999.9 -999.9 -999.9 -999.9 -999.9 -999.9 -999.9 -999.9 -999.9 -999.9 16.6 83.8 88.0 88.0 90.2 -999.9 -999.9 -999.9 -999.9 -999.9 CEMADEN_-_Paraí_-_G2-431400102A_(718_m) -999.9 -999.9 -999.9 -999.9 -999.9 -999.9 -999.9 -999.9 Rio_Grande_do_Sul CEMADEN -999.9 0.0 -999.9
-28.5986 -51.7807 17826 2026-08-13_21:10 -999.9 -999.9 -999.9 -999.9 -999.9 -999.9 -999.9 -999.9 -999.9 -999.9 -999.9 -999.9 -999.9 -999.9 -999.9 -999.9 -999.9 16.6 83.4 88.0 88.0 90.2 -999.9 -999.9 -999.9 -999.9 -999.9 CEMADEN_-_Paraí_-_G2-431400102A_(718_m) -999.9 -999.9 -999.9 -999.9 -999.9 -999.9 -999.9 -999.9 Rio_Grande_do_Sul CEMADEN -999.9 0.0 -999.9
-28.5986 -51.7807 17826 2026-08-13_21:40 -999.9 -999.9 -999.9 -999.9 -999.9 -999.9 -999.9 -999.9 -999.9 -999.9 -999.9 -999.9 -999.9 -999.9 -999.9 -999.9 0.2 16.8 83.4 88.2 88.2 90.4 -999.9 -999.9 -999.9 -999.9 -999.9 CEMADEN_-_Paraí_-_G2-431400102A_(718_m) -999.9 -999.9 -999.9 -999.9 -999.9 -999.9 -999.9 -999.9 Rio_Grande_do_Sul CEMADEN -999.9 0.2 -999.9
-28.5986 -51.7807 17826 2026-08-13_22:10 -999.9 -999.9 -999.9 -999.9 -999.9 -999.9 -999.9 -999.9 -999.9 -999.9 -999.9 -999.9 -999.9 -999.9 -999.9 -999.9 -999.9 16.8 82.6 88.2 88.2 90.4 -999.9 -999.9 -999.9 -999.9 -999.9 CEMADEN_-_Paraí_-_G2-431400102A_(718_m) -999.9 -999.9 -999.9 -999.9 -999.9 -999.9 -999.9 -999.9 Rio_Grande_do_Sul CEMADEN -999.9 0.0 -999.9
-28.5986 -51.7807 17826 2026-08-13_23:10 -999.9 -999.9 -999.9 -999.9 -999.9 -999.9 -999.9 -999.9 -999.9 -999.9 -999.9 -999.9 -999.9 -999.9 -999.9 -999.9 -999.9 16.8 82.4 88.2 88.2 90.4 -999.9 -999.9 -999.9 -999.9 -999.9 CEMADEN_-_Paraí_-_G2-431400102A_(718_m) -999.9 -999.9 -999.9 -999.9 -999.9 -999.9 -999.9 -999.9 Rio_Grande_do_Sul CEMADEN -999.9 0.0 -999.9
