-29.153611 -51.865278 B859 2026-08-03_00:00 16.1 16.2 16 100 100 98 16.1 -999.9 -999.9 -999.9 -999.9 -999.9 0.7 246 2.9 -999.9 0.0 0.0 0.0 0.0 0.0 133.3 26.6 16.0 100.0 60.0 13.0 INMET_-_MUCUM_(197_m) -999.9 -999.9 -999.9 -999.9 -999.9 -999.9 -999.9 -999.9 Rio_Grande_do_Sul INMET -999.9 -999.9 -999.9
-29.153611 -51.865278 B859 2026-08-03_01:00 16.1 16.2 16.1 100 100 100 16.1 -999.9 -999.9 -999.9 -999.9 -999.9 1.8 262 1.8 -999.9 0.0 0.0 0.0 0.0 0.0 133.3 26.6 16.0 100.0 60.0 13.0 INMET_-_MUCUM_(197_m) -999.9 -999.9 -999.9 -999.9 -999.9 -999.9 -999.9 -999.9 Rio_Grande_do_Sul INMET -999.9 -999.9 -999.9
-29.153611 -51.865278 B859 2026-08-03_02:00 16.3 16.3 16.1 100 100 100 16.3 -999.9 -999.9 -999.9 -999.9 -999.9 1.4 61 2.9 -999.9 0.0 0.0 0.0 0.0 0.0 133.3 26.6 16.0 100.0 60.0 13.0 INMET_-_MUCUM_(197_m) -999.9 -999.9 -999.9 -999.9 -999.9 -999.9 -999.9 -999.9 Rio_Grande_do_Sul INMET -999.9 -999.9 -999.9
-29.153611 -51.865278 B859 2026-08-03_03:00 16.1 16.3 16.1 100 100 100 16.1 -999.9 -999.9 -999.9 -999.9 -999.9 1.1 328 -999.9 -999.9 0.0 0.0 0.0 0.0 0.0 133.3 26.6 16.0 100.0 60.0 13.0 INMET_-_MUCUM_(197_m) -999.9 -999.9 -999.9 -999.9 -999.9 -999.9 -999.9 -999.9 Rio_Grande_do_Sul INMET -999.9 -999.9 -999.9
-29.153611 -51.865278 B859 2026-08-03_04:00 16.2 16.2 16 100 100 100 16.2 -999.9 -999.9 -999.9 -999.9 -999.9 1.8 94 4.0 -999.9 0.0 0.0 0.0 0.0 0.0 133.3 26.6 16.0 100.0 60.0 13.0 INMET_-_MUCUM_(197_m) -999.9 -999.9 -999.9 -999.9 -999.9 -999.9 -999.9 -999.9 Rio_Grande_do_Sul INMET -999.9 -999.9 -999.9
-29.153611 -51.865278 B859 2026-08-03_05:00 16.2 16.3 16.2 99 100 99 16.0 -999.9 -999.9 -999.9 -999.9 -999.9 1.1 76 3.6 -999.9 0.0 0.0 0.0 0.0 0.0 133.3 26.6 16.0 100.0 60.0 13.0 INMET_-_MUCUM_(197_m) -999.9 -999.9 -999.9 -999.9 -999.9 -999.9 -999.9 -999.9 Rio_Grande_do_Sul INMET -999.9 -999.9 -999.9
-29.153611 -51.865278 B859 2026-08-03_06:00 16.2 16.3 16.2 99 99 98 16.0 -999.9 -999.9 -999.9 -999.9 -999.9 3.6 17 6.1 -999.9 0.0 0.0 0.0 0.0 0.0 133.3 26.6 16.0 100.0 60.0 13.0 INMET_-_MUCUM_(197_m) -999.9 -999.9 -999.9 -999.9 -999.9 -999.9 -999.9 -999.9 Rio_Grande_do_Sul INMET -999.9 -999.9 -999.9
-29.153611 -51.865278 B859 2026-08-03_07:00 16.1 16.3 16 98 100 98 15.8 -999.9 -999.9 -999.9 -999.9 -999.9 4.0 355 7.2 -999.9 0.0 0.0 0.0 0.0 0.0 133.3 26.6 16.0 100.0 60.0 13.0 INMET_-_MUCUM_(197_m) -999.9 -999.9 -999.9 -999.9 -999.9 -999.9 -999.9 -999.9 Rio_Grande_do_Sul INMET -999.9 -999.9 -999.9
-29.153611 -51.865278 B859 2026-08-03_08:00 16.2 16.2 16 98 98 97 15.9 -999.9 -999.9 -999.9 -999.9 -999.9 2.9 9 8.3 -999.9 0.0 0.0 0.0 0.0 0.0 133.3 26.6 16.0 100.0 60.0 13.0 INMET_-_MUCUM_(197_m) -999.9 -999.9 -999.9 -999.9 -999.9 -999.9 -999.9 -999.9 Rio_Grande_do_Sul INMET -999.9 -999.9 -999.9
-29.153611 -51.865278 B859 2026-08-03_09:00 16.9 16.9 16.1 97 99 97 16.4 -999.9 -999.9 -999.9 -999.9 -999.9 3.2 319 12.6 -999.9 0.0 0.0 0.0 0.0 0.0 133.3 26.6 16.0 100.0 60.0 13.0 INMET_-_MUCUM_(197_m) -999.9 -999.9 -999.9 -999.9 -999.9 -999.9 -999.9 -999.9 Rio_Grande_do_Sul INMET -999.9 -999.9 -999.9
-29.153611 -51.865278 B859 2026-08-03_10:00 17.9 17.9 16.9 93 97 93 16.7 -999.9 -999.9 -999.9 -999.9 -999.9 3.6 348 7.2 -999.9 0.0 0.0 0.0 0.0 0.0 133.3 26.6 16.0 100.0 60.0 13.0 INMET_-_MUCUM_(197_m) -999.9 -999.9 -999.9 -999.9 -999.9 -999.9 -999.9 -999.9 Rio_Grande_do_Sul INMET -999.9 -999.9 -999.9
-29.153611 -51.865278 B859 2026-08-03_11:00 19.9 19.9 18 86 94 84 17.5 -999.9 -999.9 -999.9 -999.9 -999.9 4.0 30 9.4 -999.9 0.0 0.0 0.0 0.0 0.0 133.3 26.6 16.0 100.0 60.0 13.0 INMET_-_MUCUM_(197_m) -999.9 -999.9 -999.9 -999.9 -999.9 -999.9 -999.9 -999.9 Rio_Grande_do_Sul INMET -999.9 -999.9 -999.9
-29.153611 -51.865278 B859 2026-08-03_12:00 22.2 22.3 20 78 86 77 18.2 -999.9 -999.9 -999.9 -999.9 -999.9 5.0 3 9.4 -999.9 0.0 0.0 0.0 0.0 0.0 133.3 26.6 16.0 100.0 60.0 13.0 INMET_-_MUCUM_(197_m) -999.9 -999.9 -999.9 -999.9 -999.9 -999.9 -999.9 -999.9 Rio_Grande_do_Sul INMET -999.9 -999.9 -999.9
-29.153611 -51.865278 B859 2026-08-03_13:00 24.2 24.2 22 71 79 71 18.6 -999.9 -999.9 -999.9 -999.9 -999.9 4.7 11 8.6 -999.9 0.0 0.0 0.0 0.0 0.0 133.3 26.6 16.0 100.0 60.0 13.0 INMET_-_MUCUM_(197_m) -999.9 -999.9 -999.9 -999.9 -999.9 -999.9 -999.9 -999.9 Rio_Grande_do_Sul INMET -999.9 -999.9 -999.9
-29.153611 -51.865278 B859 2026-08-03_15:00 26.1 26.5 25.6 68 71 65 19.7 -999.9 -999.9 -999.9 -999.9 -999.9 3.2 323 8.3 -999.9 0.0 0.0 0.0 0.0 0.0 133.3 26.6 16.0 100.0 60.0 13.0 INMET_-_MUCUM_(197_m) -999.9 -999.9 -999.9 -999.9 -999.9 -999.9 -999.9 -999.9 Rio_Grande_do_Sul INMET -999.9 -999.9 -999.9
-29.153611 -51.865278 B859 2026-08-03_16:00 26 26.6 26 76 77 67 21.4 -999.9 -999.9 -999.9 -999.9 -999.9 3.2 328 6.8 -999.9 0.0 0.0 0.0 0.0 0.0 133.3 26.6 16.0 100.0 60.0 13.0 INMET_-_MUCUM_(197_m) -999.9 -999.9 -999.9 -999.9 -999.9 -999.9 -999.9 -999.9 Rio_Grande_do_Sul INMET -999.9 -999.9 -999.9
-29.153611 -51.865278 B859 2026-08-03_17:00 25.5 26 25.3 68 80 60 19.1 -999.9 -999.9 -999.9 -999.9 -999.9 2.9 300 13.0 -999.9 0.0 0.0 0.0 0.0 0.0 133.3 26.6 16.0 100.0 60.0 13.0 INMET_-_MUCUM_(197_m) -999.9 -999.9 -999.9 -999.9 -999.9 -999.9 -999.9 -999.9 Rio_Grande_do_Sul INMET -999.9 -999.9 -999.9
-29.153611 -51.865278 B859 2026-08-03_18:00 23.3 25.6 23.1 75 79 62 18.6 -999.9 -999.9 -999.9 -999.9 -999.9 2.2 304 8.6 -999.9 0.0 0.0 0.0 0.0 0.0 133.3 26.6 16.0 100.0 60.0 13.0 INMET_-_MUCUM_(197_m) -999.9 -999.9 -999.9 -999.9 -999.9 -999.9 -999.9 -999.9 Rio_Grande_do_Sul INMET -999.9 -999.9 -999.9
-29.153611 -51.865278 B859 2026-08-03_19:00 22.5 23.2 22.1 79 84 74 18.7 -999.9 -999.9 -999.9 -999.9 -999.9 2.2 226 6.1 -999.9 0.0 0.0 0.0 0.0 0.0 133.3 26.6 16.0 100.0 60.0 13.0 INMET_-_MUCUM_(197_m) -999.9 -999.9 -999.9 -999.9 -999.9 -999.9 -999.9 -999.9 Rio_Grande_do_Sul INMET -999.9 -999.9 -999.9
-29.153611 -51.865278 B859 2026-08-03_20:00 21.4 22.7 21.2 89 90 80 19.5 -999.9 -999.9 -999.9 -999.9 -999.9 2.2 267 4.3 -999.9 0.0 0.0 0.0 0.0 0.0 133.3 26.6 16.0 100.0 60.0 13.0 INMET_-_MUCUM_(197_m) -999.9 -999.9 -999.9 -999.9 -999.9 -999.9 -999.9 -999.9 Rio_Grande_do_Sul INMET -999.9 -999.9 -999.9
-29.153611 -51.865278 B859 2026-08-03_21:00 20.7 21.4 20.5 91 92 88 19.2 -999.9 -999.9 -999.9 -999.9 -999.9 3.2 289 5.8 -999.9 0.0 0.0 0.0 0.0 0.0 133.3 26.6 16.0 100.0 60.0 13.0 INMET_-_MUCUM_(197_m) -999.9 -999.9 -999.9 -999.9 -999.9 -999.9 -999.9 -999.9 Rio_Grande_do_Sul INMET -999.9 -999.9 -999.9
-29.153611 -51.865278 B859 2026-08-03_22:00 20.1 20.6 20 93 94 90 18.9 -999.9 -999.9 -999.9 -999.9 -999.9 3.2 300 7.2 -999.9 0.0 0.0 0.0 0.0 0.0 133.3 26.6 16.0 100.0 60.0 13.0 INMET_-_MUCUM_(197_m) -999.9 -999.9 -999.9 -999.9 -999.9 -999.9 -999.9 -999.9 Rio_Grande_do_Sul INMET -999.9 -999.9 -999.9
-29.153611 -51.865278 B859 2026-08-03_23:00 19.8 20.2 19.4 91 93 90 18.3 -999.9 -999.9 -999.9 -999.9 -999.9 2.9 303 7.6 -999.9 0.0 0.0 0.0 0.0 0.0 133.3 26.6 16.0 100.0 60.0 13.0 INMET_-_MUCUM_(197_m) -999.9 -999.9 -999.9 -999.9 -999.9 -999.9 -999.9 -999.9 Rio_Grande_do_Sul INMET -999.9 -999.9 -999.9
