-28.86805 -50.45611 86160000 2026-08-31_00:00 -999.9 -999.9 -999.9 -999.9 -999.9 -999.9 -999.9 -999.9 -999.9 -999.9 -999.9 -999.9 -999.9 -999.9 -999.9 -999.9 1.2 1.2 33.4 71.8 75.4 75.4 -999.9 -999.9 -999.9 -999.9 -999.9 SGB/CPRM_-_Passo_Tainhas_(634_m) -999.9 -999.9 -999.9 -999.9 -999.9 -999.9 -999.9 -999.9 Brasil SGB/CPRM -999.9 1.2 1.2 2.47 2.47 2.47 0 0 2.87 3 3 3
-28.86805 -50.45611 86160000 2026-08-31_00:15 -999.9 -999.9 -999.9 -999.9 -999.9 -999.9 -999.9 -999.9 -999.9 -999.9 -999.9 -999.9 -999.9 -999.9 -999.9 -999.9 2.2 2.2 34.4 72.8 76.4 76.4 -999.9 -999.9 -999.9 -999.9 -999.9 SGB/CPRM_-_Passo_Tainhas_(634_m) -999.9 -999.9 -999.9 -999.9 -999.9 -999.9 -999.9 -999.9 Brasil SGB/CPRM -999.9 1.0 2.2 2.48 2.48 2.47 0 0.01 2.87 3 3 3
-28.86805 -50.45611 86160000 2026-08-31_00:30 -999.9 -999.9 -999.9 -999.9 -999.9 -999.9 -999.9 -999.9 -999.9 -999.9 -999.9 -999.9 -999.9 -999.9 -999.9 -999.9 2.6 2.6 34.8 73.2 76.8 76.8 -999.9 -999.9 -999.9 -999.9 -999.9 SGB/CPRM_-_Passo_Tainhas_(634_m) -999.9 -999.9 -999.9 -999.9 -999.9 -999.9 -999.9 -999.9 Brasil SGB/CPRM -999.9 0.4 2.6 2.48 2.48 2.47 0 0.01 2.87 3 3 3
-28.86805 -50.45611 86160000 2026-08-31_00:45 -999.9 -999.9 -999.9 -999.9 -999.9 -999.9 -999.9 -999.9 -999.9 -999.9 -999.9 -999.9 -999.9 -999.9 -999.9 -999.9 2.8 2.8 35.0 73.4 77.0 77.0 -999.9 -999.9 -999.9 -999.9 -999.9 SGB/CPRM_-_Passo_Tainhas_(634_m) -999.9 -999.9 -999.9 -999.9 -999.9 -999.9 -999.9 -999.9 Brasil SGB/CPRM -999.9 0.2 2.8 2.47 2.48 2.47 0 0 2.87 3 3 3
-28.86805 -50.45611 86160000 2026-08-31_01:00 -999.9 -999.9 -999.9 -999.9 -999.9 -999.9 -999.9 -999.9 -999.9 -999.9 -999.9 -999.9 -999.9 -999.9 -999.9 -999.9 1.6 2.8 35.0 73.4 77.0 77.0 -999.9 -999.9 -999.9 -999.9 -999.9 SGB/CPRM_-_Passo_Tainhas_(634_m) -999.9 -999.9 -999.9 -999.9 -999.9 -999.9 -999.9 -999.9 Brasil SGB/CPRM -999.9 0.0 2.8 2.47 2.48 2.47 0 0 2.87 3 3 3
-28.86805 -50.45611 86160000 2026-08-31_01:15 -999.9 -999.9 -999.9 -999.9 -999.9 -999.9 -999.9 -999.9 -999.9 -999.9 -999.9 -999.9 -999.9 -999.9 -999.9 -999.9 0.6 2.8 35.0 73.4 77.0 77.0 -999.9 -999.9 -999.9 -999.9 -999.9 SGB/CPRM_-_Passo_Tainhas_(634_m) -999.9 -999.9 -999.9 -999.9 -999.9 -999.9 -999.9 -999.9 Brasil SGB/CPRM -999.9 0.0 2.8 2.46 2.48 2.46 -1 -0.02 2.87 3 3 3
-28.86805 -50.45611 86160000 2026-08-31_01:30 -999.9 -999.9 -999.9 -999.9 -999.9 -999.9 -999.9 -999.9 -999.9 -999.9 -999.9 -999.9 -999.9 -999.9 -999.9 -999.9 0.2 2.8 35.0 73.4 77.0 77.0 -999.9 -999.9 -999.9 -999.9 -999.9 SGB/CPRM_-_Passo_Tainhas_(634_m) -999.9 -999.9 -999.9 -999.9 -999.9 -999.9 -999.9 -999.9 Brasil SGB/CPRM -999.9 0.0 2.8 2.47 2.48 2.46 -1 -0.01 2.87 3 3 3
-28.86805 -50.45611 86160000 2026-08-31_01:45 -999.9 -999.9 -999.9 -999.9 -999.9 -999.9 -999.9 -999.9 -999.9 -999.9 -999.9 -999.9 -999.9 -999.9 -999.9 -999.9 0.0 2.8 35.0 73.4 77.0 77.0 -999.9 -999.9 -999.9 -999.9 -999.9 SGB/CPRM_-_Passo_Tainhas_(634_m) -999.9 -999.9 -999.9 -999.9 -999.9 -999.9 -999.9 -999.9 Brasil SGB/CPRM -999.9 0.0 2.8 2.46 2.48 2.46 0 -0.01 2.87 3 3 3
-28.86805 -50.45611 86160000 2026-08-31_02:00 -999.9 -999.9 -999.9 -999.9 -999.9 -999.9 -999.9 -999.9 -999.9 -999.9 -999.9 -999.9 -999.9 -999.9 -999.9 -999.9 0.0 2.8 35.0 73.4 77.0 77.0 -999.9 -999.9 -999.9 -999.9 -999.9 SGB/CPRM_-_Passo_Tainhas_(634_m) -999.9 -999.9 -999.9 -999.9 -999.9 -999.9 -999.9 -999.9 Brasil SGB/CPRM -999.9 0.0 2.8 2.47 2.48 2.46 0 0 2.87 3 3 3
-28.86805 -50.45611 86160000 2026-08-31_02:15 -999.9 -999.9 -999.9 -999.9 -999.9 -999.9 -999.9 -999.9 -999.9 -999.9 -999.9 -999.9 -999.9 -999.9 -999.9 -999.9 0.0 2.8 35.0 73.4 77.0 77.0 -999.9 -999.9 -999.9 -999.9 -999.9 SGB/CPRM_-_Passo_Tainhas_(634_m) -999.9 -999.9 -999.9 -999.9 -999.9 -999.9 -999.9 -999.9 Brasil SGB/CPRM -999.9 0.0 2.8 2.47 2.48 2.46 0 0.01 2.87 3 3 3
-28.86805 -50.45611 86160000 2026-08-31_02:30 -999.9 -999.9 -999.9 -999.9 -999.9 -999.9 -999.9 -999.9 -999.9 -999.9 -999.9 -999.9 -999.9 -999.9 -999.9 -999.9 0.0 2.8 35.0 73.4 77.0 77.0 -999.9 -999.9 -999.9 -999.9 -999.9 SGB/CPRM_-_Passo_Tainhas_(634_m) -999.9 -999.9 -999.9 -999.9 -999.9 -999.9 -999.9 -999.9 Brasil SGB/CPRM -999.9 0.0 2.8 2.48 2.48 2.46 0 0.01 2.87 3 3 3
-28.86805 -50.45611 86160000 2026-08-31_02:45 -999.9 -999.9 -999.9 -999.9 -999.9 -999.9 -999.9 -999.9 -999.9 -999.9 -999.9 -999.9 -999.9 -999.9 -999.9 -999.9 0.2 3.0 35.2 73.6 77.2 77.2 -999.9 -999.9 -999.9 -999.9 -999.9 SGB/CPRM_-_Passo_Tainhas_(634_m) -999.9 -999.9 -999.9 -999.9 -999.9 -999.9 -999.9 -999.9 Brasil SGB/CPRM -999.9 0.2 3.0 2.48 2.48 2.46 1 0.02 2.87 3 3 3
-28.86805 -50.45611 86160000 2026-08-31_03:00 -999.9 -999.9 -999.9 -999.9 -999.9 -999.9 -999.9 -999.9 -999.9 -999.9 -999.9 -999.9 -999.9 -999.9 -999.9 -999.9 0.2 3.0 35.2 73.6 77.2 77.2 -999.9 -999.9 -999.9 -999.9 -999.9 SGB/CPRM_-_Passo_Tainhas_(634_m) -999.9 -999.9 -999.9 -999.9 -999.9 -999.9 -999.9 -999.9 Brasil SGB/CPRM -999.9 0.0 3.0 2.38 2.48 2.38 -1 -0.09 2.87 3 3 3
-28.86805 -50.45611 86160000 2026-08-31_03:15 -999.9 -999.9 -999.9 -999.9 -999.9 -999.9 -999.9 -999.9 -999.9 -999.9 -999.9 -999.9 -999.9 -999.9 -999.9 -999.9 0.2 3.0 35.2 73.6 77.2 77.2 -999.9 -999.9 -999.9 -999.9 -999.9 SGB/CPRM_-_Passo_Tainhas_(634_m) -999.9 -999.9 -999.9 -999.9 -999.9 -999.9 -999.9 -999.9 Brasil SGB/CPRM -999.9 0.0 3.0 2.46 2.48 2.38 -1 -0.01 2.87 3 3 3
-28.86805 -50.45611 86160000 2026-08-31_03:30 -999.9 -999.9 -999.9 -999.9 -999.9 -999.9 -999.9 -999.9 -999.9 -999.9 -999.9 -999.9 -999.9 -999.9 -999.9 -999.9 0.2 3.0 35.2 73.6 77.2 77.2 -999.9 -999.9 -999.9 -999.9 -999.9 SGB/CPRM_-_Passo_Tainhas_(634_m) -999.9 -999.9 -999.9 -999.9 -999.9 -999.9 -999.9 -999.9 Brasil SGB/CPRM -999.9 0.0 3.0 2.48 2.48 2.38 -1 0 2.87 3 3 3
-28.86805 -50.45611 86160000 2026-08-31_03:45 -999.9 -999.9 -999.9 -999.9 -999.9 -999.9 -999.9 -999.9 -999.9 -999.9 -999.9 -999.9 -999.9 -999.9 -999.9 -999.9 0.0 3.0 35.2 73.6 77.2 77.2 -999.9 -999.9 -999.9 -999.9 -999.9 SGB/CPRM_-_Passo_Tainhas_(634_m) -999.9 -999.9 -999.9 -999.9 -999.9 -999.9 -999.9 -999.9 Brasil SGB/CPRM -999.9 0.0 3.0 2.5 2.5 2.38 0 0.02 2.87 3 3 3
-28.86805 -50.45611 86160000 2026-08-31_04:00 -999.9 -999.9 -999.9 -999.9 -999.9 -999.9 -999.9 -999.9 -999.9 -999.9 -999.9 -999.9 -999.9 -999.9 -999.9 -999.9 0.2 3.2 35.4 73.8 77.4 77.4 -999.9 -999.9 -999.9 -999.9 -999.9 SGB/CPRM_-_Passo_Tainhas_(634_m) -999.9 -999.9 -999.9 -999.9 -999.9 -999.9 -999.9 -999.9 Brasil SGB/CPRM -999.9 0.2 3.2 2.52 2.52 2.38 1 0.14 2.87 3 3 3
-28.86805 -50.45611 86160000 2026-08-31_04:15 -999.9 -999.9 -999.9 -999.9 -999.9 -999.9 -999.9 -999.9 -999.9 -999.9 -999.9 -999.9 -999.9 -999.9 -999.9 -999.9 0.2 3.2 35.4 73.8 77.4 77.4 -999.9 -999.9 -999.9 -999.9 -999.9 SGB/CPRM_-_Passo_Tainhas_(634_m) -999.9 -999.9 -999.9 -999.9 -999.9 -999.9 -999.9 -999.9 Brasil SGB/CPRM -999.9 0.0 3.2 2.62 2.62 2.38 1 0.16 2.87 3 3 3
-28.86805 -50.45611 86160000 2026-08-31_04:30 -999.9 -999.9 -999.9 -999.9 -999.9 -999.9 -999.9 -999.9 -999.9 -999.9 -999.9 -999.9 -999.9 -999.9 -999.9 -999.9 0.2 3.2 35.4 73.8 77.4 77.4 -999.9 -999.9 -999.9 -999.9 -999.9 SGB/CPRM_-_Passo_Tainhas_(634_m) -999.9 -999.9 -999.9 -999.9 -999.9 -999.9 -999.9 -999.9 Brasil SGB/CPRM -999.9 0.0 3.2 2.65 2.65 2.38 1 0.17 2.87 3 3 3
-28.86805 -50.45611 86160000 2026-08-31_04:45 -999.9 -999.9 -999.9 -999.9 -999.9 -999.9 -999.9 -999.9 -999.9 -999.9 -999.9 -999.9 -999.9 -999.9 -999.9 -999.9 0.2 3.2 35.4 73.8 77.4 77.4 -999.9 -999.9 -999.9 -999.9 -999.9 SGB/CPRM_-_Passo_Tainhas_(634_m) -999.9 -999.9 -999.9 -999.9 -999.9 -999.9 -999.9 -999.9 Brasil SGB/CPRM -999.9 0.0 3.2 2.68 2.68 2.38 1 0.18 2.87 3 3 3
-28.86805 -50.45611 86160000 2026-08-31_05:00 -999.9 -999.9 -999.9 -999.9 -999.9 -999.9 -999.9 -999.9 -999.9 -999.9 -999.9 -999.9 -999.9 -999.9 -999.9 -999.9 0.0 3.2 35.4 73.8 77.4 77.4 -999.9 -999.9 -999.9 -999.9 -999.9 SGB/CPRM_-_Passo_Tainhas_(634_m) -999.9 -999.9 -999.9 -999.9 -999.9 -999.9 -999.9 -999.9 Brasil SGB/CPRM -999.9 0.0 3.2 2.7 2.7 2.38 1 0.18 2.87 3 3 3
-28.86805 -50.45611 86160000 2026-08-31_05:15 -999.9 -999.9 -999.9 -999.9 -999.9 -999.9 -999.9 -999.9 -999.9 -999.9 -999.9 -999.9 -999.9 -999.9 -999.9 -999.9 0.0 3.2 35.4 73.8 77.4 77.4 -999.9 -999.9 -999.9 -999.9 -999.9 SGB/CPRM_-_Passo_Tainhas_(634_m) -999.9 -999.9 -999.9 -999.9 -999.9 -999.9 -999.9 -999.9 Brasil SGB/CPRM -999.9 0.0 3.2 2.72 2.72 2.38 1 0.1 2.87 3 3 3
-28.86805 -50.45611 86160000 2026-08-31_05:30 -999.9 -999.9 -999.9 -999.9 -999.9 -999.9 -999.9 -999.9 -999.9 -999.9 -999.9 -999.9 -999.9 -999.9 -999.9 -999.9 0.0 3.2 35.4 73.8 77.4 77.4 -999.9 -999.9 -999.9 -999.9 -999.9 SGB/CPRM_-_Passo_Tainhas_(634_m) -999.9 -999.9 -999.9 -999.9 -999.9 -999.9 -999.9 -999.9 Brasil SGB/CPRM -999.9 0.0 3.2 2.74 2.74 2.38 1 0.09 2.87 3 3 3
-28.86805 -50.45611 86160000 2026-08-31_05:45 -999.9 -999.9 -999.9 -999.9 -999.9 -999.9 -999.9 -999.9 -999.9 -999.9 -999.9 -999.9 -999.9 -999.9 -999.9 -999.9 0.0 3.2 35.4 73.8 77.4 77.4 -999.9 -999.9 -999.9 -999.9 -999.9 SGB/CPRM_-_Passo_Tainhas_(634_m) -999.9 -999.9 -999.9 -999.9 -999.9 -999.9 -999.9 -999.9 Brasil SGB/CPRM -999.9 0.0 3.2 2.75 2.75 2.38 1 0.07 2.87 3 3 3
-28.86805 -50.45611 86160000 2026-08-31_06:00 -999.9 -999.9 -999.9 -999.9 -999.9 -999.9 -999.9 -999.9 -999.9 -999.9 -999.9 -999.9 -999.9 -999.9 -999.9 -999.9 0.0 3.2 35.4 73.8 77.4 77.4 -999.9 -999.9 -999.9 -999.9 -999.9 SGB/CPRM_-_Passo_Tainhas_(634_m) -999.9 -999.9 -999.9 -999.9 -999.9 -999.9 -999.9 -999.9 Brasil SGB/CPRM -999.9 0.0 3.2 2.75 2.75 2.38 1 0.05 2.87 3 3 3
-28.86805 -50.45611 86160000 2026-08-31_06:15 -999.9 -999.9 -999.9 -999.9 -999.9 -999.9 -999.9 -999.9 -999.9 -999.9 -999.9 -999.9 -999.9 -999.9 -999.9 -999.9 0.0 3.2 35.4 73.8 77.4 77.4 -999.9 -999.9 -999.9 -999.9 -999.9 SGB/CPRM_-_Passo_Tainhas_(634_m) -999.9 -999.9 -999.9 -999.9 -999.9 -999.9 -999.9 -999.9 Brasil SGB/CPRM -999.9 0.0 3.2 2.75 2.75 2.38 1 0.03 2.87 3 3 3
-28.86805 -50.45611 86160000 2026-08-31_06:30 -999.9 -999.9 -999.9 -999.9 -999.9 -999.9 -999.9 -999.9 -999.9 -999.9 -999.9 -999.9 -999.9 -999.9 -999.9 -999.9 0.0 3.2 35.4 73.8 77.4 77.4 -999.9 -999.9 -999.9 -999.9 -999.9 SGB/CPRM_-_Passo_Tainhas_(634_m) -999.9 -999.9 -999.9 -999.9 -999.9 -999.9 -999.9 -999.9 Brasil SGB/CPRM -999.9 0.0 3.2 2.75 2.75 2.38 1 0.01 2.87 3 3 3
-28.86805 -50.45611 86160000 2026-08-31_06:45 -999.9 -999.9 -999.9 -999.9 -999.9 -999.9 -999.9 -999.9 -999.9 -999.9 -999.9 -999.9 -999.9 -999.9 -999.9 -999.9 0.0 3.2 35.4 73.8 77.4 77.4 -999.9 -999.9 -999.9 -999.9 -999.9 SGB/CPRM_-_Passo_Tainhas_(634_m) -999.9 -999.9 -999.9 -999.9 -999.9 -999.9 -999.9 -999.9 Brasil SGB/CPRM -999.9 0.0 3.2 2.54 2.75 2.38 -1 -0.21 2.87 3 3 3
-28.86805 -50.45611 86160000 2026-08-31_07:00 -999.9 -999.9 -999.9 -999.9 -999.9 -999.9 -999.9 -999.9 -999.9 -999.9 -999.9 -999.9 -999.9 -999.9 -999.9 -999.9 0.2 3.4 35.6 74.0 77.6 77.6 -999.9 -999.9 -999.9 -999.9 -999.9 SGB/CPRM_-_Passo_Tainhas_(634_m) -999.9 -999.9 -999.9 -999.9 -999.9 -999.9 -999.9 -999.9 Brasil SGB/CPRM -999.9 0.2 3.4 2.77 2.77 2.38 -1 0.02 2.87 3 3 3
-28.86805 -50.45611 86160000 2026-08-31_07:15 -999.9 -999.9 -999.9 -999.9 -999.9 -999.9 -999.9 -999.9 -999.9 -999.9 -999.9 -999.9 -999.9 -999.9 -999.9 -999.9 0.2 3.4 35.6 74.0 77.6 77.6 -999.9 -999.9 -999.9 -999.9 -999.9 SGB/CPRM_-_Passo_Tainhas_(634_m) -999.9 -999.9 -999.9 -999.9 -999.9 -999.9 -999.9 -999.9 Brasil SGB/CPRM -999.9 0.0 3.4 2.76 2.77 2.38 -1 0.01 2.87 3 3 3
-28.86805 -50.45611 86160000 2026-08-31_07:30 -999.9 -999.9 -999.9 -999.9 -999.9 -999.9 -999.9 -999.9 -999.9 -999.9 -999.9 -999.9 -999.9 -999.9 -999.9 -999.9 0.2 3.4 35.6 74.0 77.6 77.6 -999.9 -999.9 -999.9 -999.9 -999.9 SGB/CPRM_-_Passo_Tainhas_(634_m) -999.9 -999.9 -999.9 -999.9 -999.9 -999.9 -999.9 -999.9 Brasil SGB/CPRM -999.9 0.0 3.4 2.76 2.77 2.38 1 0.01 2.87 3 3 3
-28.86805 -50.45611 86160000 2026-08-31_07:45 -999.9 -999.9 -999.9 -999.9 -999.9 -999.9 -999.9 -999.9 -999.9 -999.9 -999.9 -999.9 -999.9 -999.9 -999.9 -999.9 0.2 3.4 35.6 74.0 77.6 77.6 -999.9 -999.9 -999.9 -999.9 -999.9 SGB/CPRM_-_Passo_Tainhas_(634_m) -999.9 -999.9 -999.9 -999.9 -999.9 -999.9 -999.9 -999.9 Brasil SGB/CPRM -999.9 0.0 3.4 2.77 2.77 2.38 1 0.23 2.87 3 3 3
-28.86805 -50.45611 86160000 2026-08-31_08:00 -999.9 -999.9 -999.9 -999.9 -999.9 -999.9 -999.9 -999.9 -999.9 -999.9 -999.9 -999.9 -999.9 -999.9 -999.9 -999.9 0.0 3.4 35.6 74.0 77.6 77.6 -999.9 -999.9 -999.9 -999.9 -999.9 SGB/CPRM_-_Passo_Tainhas_(634_m) -999.9 -999.9 -999.9 -999.9 -999.9 -999.9 -999.9 -999.9 Brasil SGB/CPRM -999.9 0.0 3.4 2.77 2.77 2.38 0 0 2.87 3 3 3
-28.86805 -50.45611 86160000 2026-08-31_08:15 -999.9 -999.9 -999.9 -999.9 -999.9 -999.9 -999.9 -999.9 -999.9 -999.9 -999.9 -999.9 -999.9 -999.9 -999.9 -999.9 0.0 3.4 35.6 74.0 77.6 77.6 -999.9 -999.9 -999.9 -999.9 -999.9 SGB/CPRM_-_Passo_Tainhas_(634_m) -999.9 -999.9 -999.9 -999.9 -999.9 -999.9 -999.9 -999.9 Brasil SGB/CPRM -999.9 0.0 3.4 2.77 2.77 2.38 1 0.01 2.87 3 3 3
-28.86805 -50.45611 86160000 2026-08-31_08:30 -999.9 -999.9 -999.9 -999.9 -999.9 -999.9 -999.9 -999.9 -999.9 -999.9 -999.9 -999.9 -999.9 -999.9 -999.9 -999.9 0.0 3.4 35.6 74.0 77.6 77.6 -999.9 -999.9 -999.9 -999.9 -999.9 SGB/CPRM_-_Passo_Tainhas_(634_m) -999.9 -999.9 -999.9 -999.9 -999.9 -999.9 -999.9 -999.9 Brasil SGB/CPRM -999.9 0.0 3.4 2.76 2.77 2.38 0 0 2.87 3 3 3
-28.86805 -50.45611 86160000 2026-08-31_08:45 -999.9 -999.9 -999.9 -999.9 -999.9 -999.9 -999.9 -999.9 -999.9 -999.9 -999.9 -999.9 -999.9 -999.9 -999.9 -999.9 0.0 3.4 35.6 74.0 77.6 77.6 -999.9 -999.9 -999.9 -999.9 -999.9 SGB/CPRM_-_Passo_Tainhas_(634_m) -999.9 -999.9 -999.9 -999.9 -999.9 -999.9 -999.9 -999.9 Brasil SGB/CPRM -999.9 0.0 3.4 2.77 2.77 2.38 0 0 2.87 3 3 3
-28.86805 -50.45611 86160000 2026-08-31_09:00 -999.9 -999.9 -999.9 -999.9 -999.9 -999.9 -999.9 -999.9 -999.9 -999.9 -999.9 -999.9 -999.9 -999.9 -999.9 -999.9 0.0 3.4 35.6 74.0 77.6 77.6 -999.9 -999.9 -999.9 -999.9 -999.9 SGB/CPRM_-_Passo_Tainhas_(634_m) -999.9 -999.9 -999.9 -999.9 -999.9 -999.9 -999.9 -999.9 Brasil SGB/CPRM -999.9 0.0 3.4 2.76 2.77 2.38 0 -0.01 2.87 3 3 3
-28.86805 -50.45611 86160000 2026-08-31_09:15 -999.9 -999.9 -999.9 -999.9 -999.9 -999.9 -999.9 -999.9 -999.9 -999.9 -999.9 -999.9 -999.9 -999.9 -999.9 -999.9 0.0 3.4 35.6 74.0 77.6 77.6 -999.9 -999.9 -999.9 -999.9 -999.9 SGB/CPRM_-_Passo_Tainhas_(634_m) -999.9 -999.9 -999.9 -999.9 -999.9 -999.9 -999.9 -999.9 Brasil SGB/CPRM -999.9 0.0 3.4 2.57 2.77 2.38 -1 -0.2 2.87 3 3 3
-28.86805 -50.45611 86160000 2026-08-31_09:30 -999.9 -999.9 -999.9 -999.9 -999.9 -999.9 -999.9 -999.9 -999.9 -999.9 -999.9 -999.9 -999.9 -999.9 -999.9 -999.9 0.0 3.4 35.6 74.0 77.6 77.6 -999.9 -999.9 -999.9 -999.9 -999.9 SGB/CPRM_-_Passo_Tainhas_(634_m) -999.9 -999.9 -999.9 -999.9 -999.9 -999.9 -999.9 -999.9 Brasil SGB/CPRM -999.9 0.0 3.4 2.63 2.77 2.38 -1 -0.13 2.87 3 3 3
-28.86805 -50.45611 86160000 2026-08-31_09:45 -999.9 -999.9 -999.9 -999.9 -999.9 -999.9 -999.9 -999.9 -999.9 -999.9 -999.9 -999.9 -999.9 -999.9 -999.9 -999.9 0.0 3.4 35.6 74.0 77.6 77.6 -999.9 -999.9 -999.9 -999.9 -999.9 SGB/CPRM_-_Passo_Tainhas_(634_m) -999.9 -999.9 -999.9 -999.9 -999.9 -999.9 -999.9 -999.9 Brasil SGB/CPRM -999.9 0.0 3.4 2.62 2.77 2.38 -1 -0.15 2.87 3 3 3
-28.86805 -50.45611 86160000 2026-08-31_10:00 -999.9 -999.9 -999.9 -999.9 -999.9 -999.9 -999.9 -999.9 -999.9 -999.9 -999.9 -999.9 -999.9 -999.9 -999.9 -999.9 0.0 3.4 35.6 74.0 77.6 77.6 -999.9 -999.9 -999.9 -999.9 -999.9 SGB/CPRM_-_Passo_Tainhas_(634_m) -999.9 -999.9 -999.9 -999.9 -999.9 -999.9 -999.9 -999.9 Brasil SGB/CPRM -999.9 0.0 3.4 2.61 2.77 2.38 -1 -0.15 2.87 3 3 3
-28.86805 -50.45611 86160000 2026-08-31_10:15 -999.9 -999.9 -999.9 -999.9 -999.9 -999.9 -999.9 -999.9 -999.9 -999.9 -999.9 -999.9 -999.9 -999.9 -999.9 -999.9 0.0 3.4 35.6 74.0 77.6 77.6 -999.9 -999.9 -999.9 -999.9 -999.9 SGB/CPRM_-_Passo_Tainhas_(634_m) -999.9 -999.9 -999.9 -999.9 -999.9 -999.9 -999.9 -999.9 Brasil SGB/CPRM -999.9 0.0 3.4 2.66 2.77 2.38 1 0.09 2.87 3 3 3
-28.86805 -50.45611 86160000 2026-08-31_10:30 -999.9 -999.9 -999.9 -999.9 -999.9 -999.9 -999.9 -999.9 -999.9 -999.9 -999.9 -999.9 -999.9 -999.9 -999.9 -999.9 0.0 3.4 35.6 74.0 77.6 77.6 -999.9 -999.9 -999.9 -999.9 -999.9 SGB/CPRM_-_Passo_Tainhas_(634_m) -999.9 -999.9 -999.9 -999.9 -999.9 -999.9 -999.9 -999.9 Brasil SGB/CPRM -999.9 0.0 3.4 2.67 2.77 2.38 1 0.04 2.87 3 3 3
-28.86805 -50.45611 86160000 2026-08-31_10:45 -999.9 -999.9 -999.9 -999.9 -999.9 -999.9 -999.9 -999.9 -999.9 -999.9 -999.9 -999.9 -999.9 -999.9 -999.9 -999.9 0.0 3.4 35.6 74.0 77.6 77.6 -999.9 -999.9 -999.9 -999.9 -999.9 SGB/CPRM_-_Passo_Tainhas_(634_m) -999.9 -999.9 -999.9 -999.9 -999.9 -999.9 -999.9 -999.9 Brasil SGB/CPRM -999.9 0.0 3.4 2.65 2.77 2.38 1 0.03 2.87 3 3 3
-28.86805 -50.45611 86160000 2026-08-31_11:00 -999.9 -999.9 -999.9 -999.9 -999.9 -999.9 -999.9 -999.9 -999.9 -999.9 -999.9 -999.9 -999.9 -999.9 -999.9 -999.9 0.0 3.4 35.6 74.0 77.6 77.6 -999.9 -999.9 -999.9 -999.9 -999.9 SGB/CPRM_-_Passo_Tainhas_(634_m) -999.9 -999.9 -999.9 -999.9 -999.9 -999.9 -999.9 -999.9 Brasil SGB/CPRM -999.9 0.0 3.4 2.66 2.77 2.38 1 0.05 2.87 3 3 3
-28.86805 -50.45611 86160000 2026-08-31_11:15 -999.9 -999.9 -999.9 -999.9 -999.9 -999.9 -999.9 -999.9 -999.9 -999.9 -999.9 -999.9 -999.9 -999.9 -999.9 -999.9 0.0 3.4 35.6 74.0 77.6 77.6 -999.9 -999.9 -999.9 -999.9 -999.9 SGB/CPRM_-_Passo_Tainhas_(634_m) -999.9 -999.9 -999.9 -999.9 -999.9 -999.9 -999.9 -999.9 Brasil SGB/CPRM -999.9 0.0 3.4 2.63 2.77 2.38 -1 -0.03 2.87 3 3 3
-28.86805 -50.45611 86160000 2026-08-31_11:30 -999.9 -999.9 -999.9 -999.9 -999.9 -999.9 -999.9 -999.9 -999.9 -999.9 -999.9 -999.9 -999.9 -999.9 -999.9 -999.9 0.0 3.4 35.6 74.0 77.6 77.6 -999.9 -999.9 -999.9 -999.9 -999.9 SGB/CPRM_-_Passo_Tainhas_(634_m) -999.9 -999.9 -999.9 -999.9 -999.9 -999.9 -999.9 -999.9 Brasil SGB/CPRM -999.9 0.0 3.4 2.65 2.77 2.38 -1 -0.02 2.87 3 3 3
-28.86805 -50.45611 86160000 2026-08-31_11:45 -999.9 -999.9 -999.9 -999.9 -999.9 -999.9 -999.9 -999.9 -999.9 -999.9 -999.9 -999.9 -999.9 -999.9 -999.9 -999.9 0.0 3.4 35.6 74.0 77.6 77.6 -999.9 -999.9 -999.9 -999.9 -999.9 SGB/CPRM_-_Passo_Tainhas_(634_m) -999.9 -999.9 -999.9 -999.9 -999.9 -999.9 -999.9 -999.9 Brasil SGB/CPRM -999.9 0.0 3.4 2.65 2.77 2.38 0 0 2.87 3 3 3
-28.86805 -50.45611 86160000 2026-08-31_12:00 -999.9 -999.9 -999.9 -999.9 -999.9 -999.9 -999.9 -999.9 -999.9 -999.9 -999.9 -999.9 -999.9 -999.9 -999.9 -999.9 0.0 3.4 35.6 74.0 77.6 77.6 -999.9 -999.9 -999.9 -999.9 -999.9 SGB/CPRM_-_Passo_Tainhas_(634_m) -999.9 -999.9 -999.9 -999.9 -999.9 -999.9 -999.9 -999.9 Brasil SGB/CPRM -999.9 0.0 3.4 2.58 2.77 2.38 -1 -0.08 2.87 3 3 3
-28.86805 -50.45611 86160000 2026-08-31_12:15 -999.9 -999.9 -999.9 -999.9 -999.9 -999.9 -999.9 -999.9 -999.9 -999.9 -999.9 -999.9 -999.9 -999.9 -999.9 -999.9 0.0 3.4 35.6 74.0 77.6 77.6 -999.9 -999.9 -999.9 -999.9 -999.9 SGB/CPRM_-_Passo_Tainhas_(634_m) -999.9 -999.9 -999.9 -999.9 -999.9 -999.9 -999.9 -999.9 Brasil SGB/CPRM -999.9 0.0 3.4 2.57 2.77 2.38 -1 -0.06 2.87 3 3 3
-28.86805 -50.45611 86160000 2026-08-31_12:30 -999.9 -999.9 -999.9 -999.9 -999.9 -999.9 -999.9 -999.9 -999.9 -999.9 -999.9 -999.9 -999.9 -999.9 -999.9 -999.9 0.0 3.4 35.6 74.0 77.6 77.6 -999.9 -999.9 -999.9 -999.9 -999.9 SGB/CPRM_-_Passo_Tainhas_(634_m) -999.9 -999.9 -999.9 -999.9 -999.9 -999.9 -999.9 -999.9 Brasil SGB/CPRM -999.9 0.0 3.4 2.56 2.77 2.38 -1 -0.09 2.87 3 3 3
-28.86805 -50.45611 86160000 2026-08-31_12:45 -999.9 -999.9 -999.9 -999.9 -999.9 -999.9 -999.9 -999.9 -999.9 -999.9 -999.9 -999.9 -999.9 -999.9 -999.9 -999.9 0.0 3.4 35.6 74.0 77.6 77.6 -999.9 -999.9 -999.9 -999.9 -999.9 SGB/CPRM_-_Passo_Tainhas_(634_m) -999.9 -999.9 -999.9 -999.9 -999.9 -999.9 -999.9 -999.9 Brasil SGB/CPRM -999.9 0.0 3.4 2.55 2.77 2.38 -1 -0.1 2.87 3 3 3
-28.86805 -50.45611 86160000 2026-08-31_13:00 -999.9 -999.9 -999.9 -999.9 -999.9 -999.9 -999.9 -999.9 -999.9 -999.9 -999.9 -999.9 -999.9 -999.9 -999.9 -999.9 0.0 3.4 35.6 74.0 77.6 77.6 -999.9 -999.9 -999.9 -999.9 -999.9 SGB/CPRM_-_Passo_Tainhas_(634_m) -999.9 -999.9 -999.9 -999.9 -999.9 -999.9 -999.9 -999.9 Brasil SGB/CPRM -999.9 0.0 3.4 2.53 2.77 2.38 -1 -0.05 2.87 3 3 3
-28.86805 -50.45611 86160000 2026-08-31_13:15 -999.9 -999.9 -999.9 -999.9 -999.9 -999.9 -999.9 -999.9 -999.9 -999.9 -999.9 -999.9 -999.9 -999.9 -999.9 -999.9 0.0 3.4 35.6 74.0 77.6 77.6 -999.9 -999.9 -999.9 -999.9 -999.9 SGB/CPRM_-_Passo_Tainhas_(634_m) -999.9 -999.9 -999.9 -999.9 -999.9 -999.9 -999.9 -999.9 Brasil SGB/CPRM -999.9 0.0 3.4 2.54 2.77 2.38 -1 -0.03 2.87 3 3 3
-28.86805 -50.45611 86160000 2026-08-31_13:30 -999.9 -999.9 -999.9 -999.9 -999.9 -999.9 -999.9 -999.9 -999.9 -999.9 -999.9 -999.9 -999.9 -999.9 -999.9 -999.9 0.0 3.4 35.6 74.0 77.6 77.6 -999.9 -999.9 -999.9 -999.9 -999.9 SGB/CPRM_-_Passo_Tainhas_(634_m) -999.9 -999.9 -999.9 -999.9 -999.9 -999.9 -999.9 -999.9 Brasil SGB/CPRM -999.9 0.0 3.4 2.67 2.77 2.38 1 0.11 2.87 3 3 3
-28.86805 -50.45611 86160000 2026-08-31_13:45 -999.9 -999.9 -999.9 -999.9 -999.9 -999.9 -999.9 -999.9 -999.9 -999.9 -999.9 -999.9 -999.9 -999.9 -999.9 -999.9 0.0 3.4 35.6 74.0 77.6 77.6 -999.9 -999.9 -999.9 -999.9 -999.9 SGB/CPRM_-_Passo_Tainhas_(634_m) -999.9 -999.9 -999.9 -999.9 -999.9 -999.9 -999.9 -999.9 Brasil SGB/CPRM -999.9 0.0 3.4 2.66 2.77 2.38 1 0.11 2.87 3 3 3
-28.86805 -50.45611 86160000 2026-08-31_14:00 -999.9 -999.9 -999.9 -999.9 -999.9 -999.9 -999.9 -999.9 -999.9 -999.9 -999.9 -999.9 -999.9 -999.9 -999.9 -999.9 0.0 3.4 35.6 74.0 77.6 77.6 -999.9 -999.9 -999.9 -999.9 -999.9 SGB/CPRM_-_Passo_Tainhas_(634_m) -999.9 -999.9 -999.9 -999.9 -999.9 -999.9 -999.9 -999.9 Brasil SGB/CPRM -999.9 0.0 3.4 2.66 2.77 2.38 1 0.13 2.87 3 3 3
-28.86805 -50.45611 86160000 2026-08-31_14:15 -999.9 -999.9 -999.9 -999.9 -999.9 -999.9 -999.9 -999.9 -999.9 -999.9 -999.9 -999.9 -999.9 -999.9 -999.9 -999.9 0.0 3.4 35.6 74.0 77.6 77.6 -999.9 -999.9 -999.9 -999.9 -999.9 SGB/CPRM_-_Passo_Tainhas_(634_m) -999.9 -999.9 -999.9 -999.9 -999.9 -999.9 -999.9 -999.9 Brasil SGB/CPRM -999.9 0.0 3.4 2.65 2.77 2.38 1 0.11 2.87 3 3 3
-28.86805 -50.45611 86160000 2026-08-31_14:30 -999.9 -999.9 -999.9 -999.9 -999.9 -999.9 -999.9 -999.9 -999.9 -999.9 -999.9 -999.9 -999.9 -999.9 -999.9 -999.9 0.0 3.4 35.6 74.0 77.6 77.6 -999.9 -999.9 -999.9 -999.9 -999.9 SGB/CPRM_-_Passo_Tainhas_(634_m) -999.9 -999.9 -999.9 -999.9 -999.9 -999.9 -999.9 -999.9 Brasil SGB/CPRM -999.9 0.0 3.4 2.7 2.77 2.38 0 0.03 2.87 3 3 3
-28.86805 -50.45611 86160000 2026-08-31_14:45 -999.9 -999.9 -999.9 -999.9 -999.9 -999.9 -999.9 -999.9 -999.9 -999.9 -999.9 -999.9 -999.9 -999.9 -999.9 -999.9 0.0 3.4 35.6 74.0 77.6 77.6 -999.9 -999.9 -999.9 -999.9 -999.9 SGB/CPRM_-_Passo_Tainhas_(634_m) -999.9 -999.9 -999.9 -999.9 -999.9 -999.9 -999.9 -999.9 Brasil SGB/CPRM -999.9 0.0 3.4 2.52 2.77 2.38 -1 -0.14 2.87 3 3 3
-28.86805 -50.45611 86160000 2026-08-31_15:00 -999.9 -999.9 -999.9 -999.9 -999.9 -999.9 -999.9 -999.9 -999.9 -999.9 -999.9 -999.9 -999.9 -999.9 -999.9 -999.9 0.0 3.4 35.6 74.0 77.6 77.6 -999.9 -999.9 -999.9 -999.9 -999.9 SGB/CPRM_-_Passo_Tainhas_(634_m) -999.9 -999.9 -999.9 -999.9 -999.9 -999.9 -999.9 -999.9 Brasil SGB/CPRM -999.9 0.0 3.4 2.51 2.77 2.38 -1 -0.15 2.87 3 3 3
-28.86805 -50.45611 86160000 2026-08-31_15:15 -999.9 -999.9 -999.9 -999.9 -999.9 -999.9 -999.9 -999.9 -999.9 -999.9 -999.9 -999.9 -999.9 -999.9 -999.9 -999.9 0.0 3.4 35.6 74.0 77.6 77.6 -999.9 -999.9 -999.9 -999.9 -999.9 SGB/CPRM_-_Passo_Tainhas_(634_m) -999.9 -999.9 -999.9 -999.9 -999.9 -999.9 -999.9 -999.9 Brasil SGB/CPRM -999.9 0.0 3.4 2.67 2.77 2.38 -1 0.02 2.87 3 3 3
-28.86805 -50.45611 86160000 2026-08-31_15:30 -999.9 -999.9 -999.9 -999.9 -999.9 -999.9 -999.9 -999.9 -999.9 -999.9 -999.9 -999.9 -999.9 -999.9 -999.9 -999.9 0.0 3.4 35.6 74.0 77.6 77.6 -999.9 -999.9 -999.9 -999.9 -999.9 SGB/CPRM_-_Passo_Tainhas_(634_m) -999.9 -999.9 -999.9 -999.9 -999.9 -999.9 -999.9 -999.9 Brasil SGB/CPRM -999.9 0.0 3.4 2.63 2.77 2.38 -1 -0.07 2.87 3 3 3
-28.86805 -50.45611 86160000 2026-08-31_15:45 -999.9 -999.9 -999.9 -999.9 -999.9 -999.9 -999.9 -999.9 -999.9 -999.9 -999.9 -999.9 -999.9 -999.9 -999.9 -999.9 0.0 3.4 35.6 74.0 77.6 77.6 -999.9 -999.9 -999.9 -999.9 -999.9 SGB/CPRM_-_Passo_Tainhas_(634_m) -999.9 -999.9 -999.9 -999.9 -999.9 -999.9 -999.9 -999.9 Brasil SGB/CPRM -999.9 0.0 3.4 2.49 2.77 2.38 1 -0.03 2.87 3 3 3
-28.86805 -50.45611 86160000 2026-08-31_16:00 -999.9 -999.9 -999.9 -999.9 -999.9 -999.9 -999.9 -999.9 -999.9 -999.9 -999.9 -999.9 -999.9 -999.9 -999.9 -999.9 0.0 3.4 35.6 74.0 77.6 77.6 -999.9 -999.9 -999.9 -999.9 -999.9 SGB/CPRM_-_Passo_Tainhas_(634_m) -999.9 -999.9 -999.9 -999.9 -999.9 -999.9 -999.9 -999.9 Brasil SGB/CPRM -999.9 0.0 3.4 2.49 2.77 2.38 1 -0.02 2.87 3 3 3
-28.86805 -50.45611 86160000 2026-08-31_16:15 -999.9 -999.9 -999.9 -999.9 -999.9 -999.9 -999.9 -999.9 -999.9 -999.9 -999.9 -999.9 -999.9 -999.9 -999.9 -999.9 0.4 3.8 36.0 74.4 78.0 78.0 -999.9 -999.9 -999.9 -999.9 -999.9 SGB/CPRM_-_Passo_Tainhas_(634_m) -999.9 -999.9 -999.9 -999.9 -999.9 -999.9 -999.9 -999.9 Brasil SGB/CPRM -999.9 0.4 3.8 2.47 2.77 2.38 -1 -0.2 2.87 3 3 3
-28.86805 -50.45611 86160000 2026-08-31_16:30 -999.9 -999.9 -999.9 -999.9 -999.9 -999.9 -999.9 -999.9 -999.9 -999.9 -999.9 -999.9 -999.9 -999.9 -999.9 -999.9 0.6 4.0 36.2 74.6 78.2 78.2 -999.9 -999.9 -999.9 -999.9 -999.9 SGB/CPRM_-_Passo_Tainhas_(634_m) -999.9 -999.9 -999.9 -999.9 -999.9 -999.9 -999.9 -999.9 Brasil SGB/CPRM -999.9 0.2 4.0 2.48 2.77 2.38 -1 -0.15 2.87 3 3 3
-28.86805 -50.45611 86160000 2026-08-31_16:45 -999.9 -999.9 -999.9 -999.9 -999.9 -999.9 -999.9 -999.9 -999.9 -999.9 -999.9 -999.9 -999.9 -999.9 -999.9 -999.9 1.0 4.4 36.6 75.0 78.6 78.6 -999.9 -999.9 -999.9 -999.9 -999.9 SGB/CPRM_-_Passo_Tainhas_(634_m) -999.9 -999.9 -999.9 -999.9 -999.9 -999.9 -999.9 -999.9 Brasil SGB/CPRM -999.9 0.4 4.4 2.47 2.77 2.38 -1 -0.02 2.87 3 3 3
-28.86805 -50.45611 86160000 2026-08-31_17:00 -999.9 -999.9 -999.9 -999.9 -999.9 -999.9 -999.9 -999.9 -999.9 -999.9 -999.9 -999.9 -999.9 -999.9 -999.9 -999.9 1.4 4.8 37.0 75.4 79.0 79.0 -999.9 -999.9 -999.9 -999.9 -999.9 SGB/CPRM_-_Passo_Tainhas_(634_m) -999.9 -999.9 -999.9 -999.9 -999.9 -999.9 -999.9 -999.9 Brasil SGB/CPRM -999.9 0.4 4.8 2.47 2.77 2.38 -1 -0.02 2.87 3 3 3
-28.86805 -50.45611 86160000 2026-08-31_17:15 -999.9 -999.9 -999.9 -999.9 -999.9 -999.9 -999.9 -999.9 -999.9 -999.9 -999.9 -999.9 -999.9 -999.9 -999.9 -999.9 1.4 5.2 37.4 75.8 79.4 79.4 -999.9 -999.9 -999.9 -999.9 -999.9 SGB/CPRM_-_Passo_Tainhas_(634_m) -999.9 -999.9 -999.9 -999.9 -999.9 -999.9 -999.9 -999.9 Brasil SGB/CPRM -999.9 0.4 5.2 2.45 2.77 2.38 0 -0.02 2.87 3 3 3
-28.86805 -50.45611 86160000 2026-08-31_17:30 -999.9 -999.9 -999.9 -999.9 -999.9 -999.9 -999.9 -999.9 -999.9 -999.9 -999.9 -999.9 -999.9 -999.9 -999.9 -999.9 1.4 5.4 37.6 76.0 79.6 79.6 -999.9 -999.9 -999.9 -999.9 -999.9 SGB/CPRM_-_Passo_Tainhas_(634_m) -999.9 -999.9 -999.9 -999.9 -999.9 -999.9 -999.9 -999.9 Brasil SGB/CPRM -999.9 0.2 5.4 2.45 2.77 2.38 -1 -0.03 2.87 3 3 3
-28.86805 -50.45611 86160000 2026-08-31_17:45 -999.9 -999.9 -999.9 -999.9 -999.9 -999.9 -999.9 -999.9 -999.9 -999.9 -999.9 -999.9 -999.9 -999.9 -999.9 -999.9 1.4 5.8 38.0 76.4 80.0 80.0 -999.9 -999.9 -999.9 -999.9 -999.9 SGB/CPRM_-_Passo_Tainhas_(634_m) -999.9 -999.9 -999.9 -999.9 -999.9 -999.9 -999.9 -999.9 Brasil SGB/CPRM -999.9 0.4 5.8 2.44 2.77 2.38 -1 -0.03 2.87 3 3 3
-28.86805 -50.45611 86160000 2026-08-31_18:00 -999.9 -999.9 -999.9 -999.9 -999.9 -999.9 -999.9 -999.9 -999.9 -999.9 -999.9 -999.9 -999.9 -999.9 -999.9 -999.9 1.0 5.8 38.0 76.4 80.0 80.0 -999.9 -999.9 -999.9 -999.9 -999.9 SGB/CPRM_-_Passo_Tainhas_(634_m) -999.9 -999.9 -999.9 -999.9 -999.9 -999.9 -999.9 -999.9 Brasil SGB/CPRM -999.9 0.0 5.8 2.42 2.77 2.38 -1 -0.05 2.87 3 3 3
-28.86805 -50.45611 86160000 2026-08-31_18:15 -999.9 -999.9 -999.9 -999.9 -999.9 -999.9 -999.9 -999.9 -999.9 -999.9 -999.9 -999.9 -999.9 -999.9 -999.9 -999.9 0.8 6.0 38.2 76.6 80.2 80.2 -999.9 -999.9 -999.9 -999.9 -999.9 SGB/CPRM_-_Passo_Tainhas_(634_m) -999.9 -999.9 -999.9 -999.9 -999.9 -999.9 -999.9 -999.9 Brasil SGB/CPRM -999.9 0.2 6.0 2.41 2.77 2.38 -1 -0.04 2.87 3 3 3
-28.86805 -50.45611 86160000 2026-08-31_18:30 -999.9 -999.9 -999.9 -999.9 -999.9 -999.9 -999.9 -999.9 -999.9 -999.9 -999.9 -999.9 -999.9 -999.9 -999.9 -999.9 0.8 6.2 38.4 76.8 80.4 80.4 -999.9 -999.9 -999.9 -999.9 -999.9 SGB/CPRM_-_Passo_Tainhas_(634_m) -999.9 -999.9 -999.9 -999.9 -999.9 -999.9 -999.9 -999.9 Brasil SGB/CPRM -999.9 0.2 6.2 2.41 2.77 2.38 -1 -0.04 2.87 3 3 3
-28.86805 -50.45611 86160000 2026-08-31_18:45 -999.9 -999.9 -999.9 -999.9 -999.9 -999.9 -999.9 -999.9 -999.9 -999.9 -999.9 -999.9 -999.9 -999.9 -999.9 -999.9 0.6 6.4 38.6 77.0 80.6 80.6 -999.9 -999.9 -999.9 -999.9 -999.9 SGB/CPRM_-_Passo_Tainhas_(634_m) -999.9 -999.9 -999.9 -999.9 -999.9 -999.9 -999.9 -999.9 Brasil SGB/CPRM -999.9 0.2 6.4 2.4 2.77 2.38 -1 -0.04 2.87 3 3 3
-28.86805 -50.45611 86160000 2026-08-31_19:00 -999.9 -999.9 -999.9 -999.9 -999.9 -999.9 -999.9 -999.9 -999.9 -999.9 -999.9 -999.9 -999.9 -999.9 -999.9 -999.9 0.8 6.6 38.8 77.2 80.8 80.8 -999.9 -999.9 -999.9 -999.9 -999.9 SGB/CPRM_-_Passo_Tainhas_(634_m) -999.9 -999.9 -999.9 -999.9 -999.9 -999.9 -999.9 -999.9 Brasil SGB/CPRM -999.9 0.2 6.6 2.41 2.77 2.38 -1 -0.01 2.87 3 3 3
-28.86805 -50.45611 86160000 2026-08-31_19:15 -999.9 -999.9 -999.9 -999.9 -999.9 -999.9 -999.9 -999.9 -999.9 -999.9 -999.9 -999.9 -999.9 -999.9 -999.9 -999.9 0.8 6.8 39.0 77.4 81.0 81.0 -999.9 -999.9 -999.9 -999.9 -999.9 SGB/CPRM_-_Passo_Tainhas_(634_m) -999.9 -999.9 -999.9 -999.9 -999.9 -999.9 -999.9 -999.9 Brasil SGB/CPRM -999.9 0.2 6.8 2.4 2.77 2.38 0 -0.01 2.87 3 3 3
-28.86805 -50.45611 86160000 2026-08-31_19:30 -999.9 -999.9 -999.9 -999.9 -999.9 -999.9 -999.9 -999.9 -999.9 -999.9 -999.9 -999.9 -999.9 -999.9 -999.9 -999.9 0.8 7.0 39.2 77.6 81.2 81.2 -999.9 -999.9 -999.9 -999.9 -999.9 SGB/CPRM_-_Passo_Tainhas_(634_m) -999.9 -999.9 -999.9 -999.9 -999.9 -999.9 -999.9 -999.9 Brasil SGB/CPRM -999.9 0.2 7.0 2.39 2.77 2.38 0 -0.02 2.87 3 3 3
-28.86805 -50.45611 86160000 2026-08-31_19:45 -999.9 -999.9 -999.9 -999.9 -999.9 -999.9 -999.9 -999.9 -999.9 -999.9 -999.9 -999.9 -999.9 -999.9 -999.9 -999.9 1.2 7.6 39.8 78.2 81.8 81.8 -999.9 -999.9 -999.9 -999.9 -999.9 SGB/CPRM_-_Passo_Tainhas_(634_m) -999.9 -999.9 -999.9 -999.9 -999.9 -999.9 -999.9 -999.9 Brasil SGB/CPRM -999.9 0.6 7.6 2.38 2.77 2.38 -1 -0.02 2.87 3 3 3
-28.86805 -50.45611 86160000 2026-08-31_20:00 -999.9 -999.9 -999.9 -999.9 -999.9 -999.9 -999.9 -999.9 -999.9 -999.9 -999.9 -999.9 -999.9 -999.9 -999.9 -999.9 1.4 8.0 40.2 78.6 82.2 82.2 -999.9 -999.9 -999.9 -999.9 -999.9 SGB/CPRM_-_Passo_Tainhas_(634_m) -999.9 -999.9 -999.9 -999.9 -999.9 -999.9 -999.9 -999.9 Brasil SGB/CPRM -999.9 0.4 8.0 2.37 2.77 2.37 -1 -0.04 2.87 3 3 3
-28.86805 -50.45611 86160000 2026-08-31_20:15 -999.9 -999.9 -999.9 -999.9 -999.9 -999.9 -999.9 -999.9 -999.9 -999.9 -999.9 -999.9 -999.9 -999.9 -999.9 -999.9 1.4 8.2 40.4 78.8 82.4 82.4 -999.9 -999.9 -999.9 -999.9 -999.9 SGB/CPRM_-_Passo_Tainhas_(634_m) -999.9 -999.9 -999.9 -999.9 -999.9 -999.9 -999.9 -999.9 Brasil SGB/CPRM -999.9 0.2 8.2 2.36 2.77 2.36 -1 -0.04 2.87 3 3 3
-28.86805 -50.45611 86160000 2026-08-31_20:30 -999.9 -999.9 -999.9 -999.9 -999.9 -999.9 -999.9 -999.9 -999.9 -999.9 -999.9 -999.9 -999.9 -999.9 -999.9 -999.9 1.2 8.2 40.4 78.8 82.4 82.4 -999.9 -999.9 -999.9 -999.9 -999.9 SGB/CPRM_-_Passo_Tainhas_(634_m) -999.9 -999.9 -999.9 -999.9 -999.9 -999.9 -999.9 -999.9 Brasil SGB/CPRM -999.9 0.0 8.2 2.36 2.77 2.36 -1 -0.03 2.87 3 3 3
-28.86805 -50.45611 86160000 2026-08-31_20:45 -999.9 -999.9 -999.9 -999.9 -999.9 -999.9 -999.9 -999.9 -999.9 -999.9 -999.9 -999.9 -999.9 -999.9 -999.9 -999.9 0.6 8.2 40.4 78.8 82.4 82.4 -999.9 -999.9 -999.9 -999.9 -999.9 SGB/CPRM_-_Passo_Tainhas_(634_m) -999.9 -999.9 -999.9 -999.9 -999.9 -999.9 -999.9 -999.9 Brasil SGB/CPRM -999.9 0.0 8.2 2.35 2.77 2.35 -1 -0.03 2.87 3 3 3
-28.86805 -50.45611 86160000 2026-08-31_21:00 -999.9 -999.9 -999.9 -999.9 -999.9 -999.9 -999.9 -999.9 -999.9 -999.9 -999.9 -999.9 -999.9 -999.9 -999.9 -999.9 0.2 8.2 40.4 78.8 82.4 82.4 -999.9 -999.9 -999.9 -999.9 -999.9 SGB/CPRM_-_Passo_Tainhas_(634_m) -999.9 -999.9 -999.9 -999.9 -999.9 -999.9 -999.9 -999.9 Brasil SGB/CPRM -999.9 0.0 8.2 2.34 2.77 2.34 -1 -0.03 2.87 3 3 3
-28.86805 -50.45611 86160000 2026-08-31_21:15 -999.9 -999.9 -999.9 -999.9 -999.9 -999.9 -999.9 -999.9 -999.9 -999.9 -999.9 -999.9 -999.9 -999.9 -999.9 -999.9 0.0 8.2 40.4 78.8 82.4 82.4 -999.9 -999.9 -999.9 -999.9 -999.9 SGB/CPRM_-_Passo_Tainhas_(634_m) -999.9 -999.9 -999.9 -999.9 -999.9 -999.9 -999.9 -999.9 Brasil SGB/CPRM -999.9 0.0 8.2 2.34 2.77 2.34 -1 -0.02 2.87 3 3 3
-28.86805 -50.45611 86160000 2026-08-31_21:30 -999.9 -999.9 -999.9 -999.9 -999.9 -999.9 -999.9 -999.9 -999.9 -999.9 -999.9 -999.9 -999.9 -999.9 -999.9 -999.9 0.0 8.2 40.4 78.8 82.4 82.4 -999.9 -999.9 -999.9 -999.9 -999.9 SGB/CPRM_-_Passo_Tainhas_(634_m) -999.9 -999.9 -999.9 -999.9 -999.9 -999.9 -999.9 -999.9 Brasil SGB/CPRM -999.9 0.0 8.2 2.31 2.77 2.31 -1 -0.05 2.87 3 3 3
-28.86805 -50.45611 86160000 2026-08-31_21:45 -999.9 -999.9 -999.9 -999.9 -999.9 -999.9 -999.9 -999.9 -999.9 -999.9 -999.9 -999.9 -999.9 -999.9 -999.9 -999.9 0.0 8.2 40.4 78.8 82.4 82.4 -999.9 -999.9 -999.9 -999.9 -999.9 SGB/CPRM_-_Passo_Tainhas_(634_m) -999.9 -999.9 -999.9 -999.9 -999.9 -999.9 -999.9 -999.9 Brasil SGB/CPRM -999.9 0.0 8.2 2.32 2.77 2.31 -1 -0.03 2.87 3 3 3
-28.86805 -50.45611 86160000 2026-08-31_22:00 -999.9 -999.9 -999.9 -999.9 -999.9 -999.9 -999.9 -999.9 -999.9 -999.9 -999.9 -999.9 -999.9 -999.9 -999.9 -999.9 0.0 8.2 40.4 78.8 82.4 82.4 -999.9 -999.9 -999.9 -999.9 -999.9 SGB/CPRM_-_Passo_Tainhas_(634_m) -999.9 -999.9 -999.9 -999.9 -999.9 -999.9 -999.9 -999.9 Brasil SGB/CPRM -999.9 0.0 8.2 2.31 2.77 2.31 -1 -0.03 2.87 3 3 3
-28.86805 -50.45611 86160000 2026-08-31_22:15 -999.9 -999.9 -999.9 -999.9 -999.9 -999.9 -999.9 -999.9 -999.9 -999.9 -999.9 -999.9 -999.9 -999.9 -999.9 -999.9 0.0 8.2 40.4 78.8 82.4 82.4 -999.9 -999.9 -999.9 -999.9 -999.9 SGB/CPRM_-_Passo_Tainhas_(634_m) -999.9 -999.9 -999.9 -999.9 -999.9 -999.9 -999.9 -999.9 Brasil SGB/CPRM -999.9 0.0 8.2 2.31 2.77 2.31 -1 -0.03 2.87 3 3 3
-28.86805 -50.45611 86160000 2026-08-31_22:30 -999.9 -999.9 -999.9 -999.9 -999.9 -999.9 -999.9 -999.9 -999.9 -999.9 -999.9 -999.9 -999.9 -999.9 -999.9 -999.9 0.0 8.2 40.4 78.8 82.4 82.4 -999.9 -999.9 -999.9 -999.9 -999.9 SGB/CPRM_-_Passo_Tainhas_(634_m) -999.9 -999.9 -999.9 -999.9 -999.9 -999.9 -999.9 -999.9 Brasil SGB/CPRM -999.9 0.0 8.2 2.29 2.77 2.29 0 -0.02 2.87 3 3 3
-28.86805 -50.45611 86160000 2026-08-31_22:45 -999.9 -999.9 -999.9 -999.9 -999.9 -999.9 -999.9 -999.9 -999.9 -999.9 -999.9 -999.9 -999.9 -999.9 -999.9 -999.9 0.0 8.2 40.4 78.8 82.4 82.4 -999.9 -999.9 -999.9 -999.9 -999.9 SGB/CPRM_-_Passo_Tainhas_(634_m) -999.9 -999.9 -999.9 -999.9 -999.9 -999.9 -999.9 -999.9 Brasil SGB/CPRM -999.9 0.0 8.2 2.27 2.77 2.27 -1 -0.05 2.87 3 3 3
