-29.094 -51.4508 16918 2026-08-23_00:10 -999.9 -999.9 -999.9 -999.9 -999.9 -999.9 -999.9 -999.9 -999.9 -999.9 -999.9 -999.9 -999.9 -999.9 -999.9 -999.9 -999.9 0.0 0.2 0.2 0.4 0.6 -999.9 -999.9 -999.9 -999.9 -999.9 CEMADEN_-_Pinto_Bandeira_-_G2-431454802A_(632_m) -999.9 -999.9 -999.9 -999.9 -999.9 -999.9 -999.9 -999.9 Rio_Grande_do_Sul CEMADEN -999.9 0.0 -999.9
-29.094 -51.4508 16918 2026-08-23_01:10 -999.9 -999.9 -999.9 -999.9 -999.9 -999.9 -999.9 -999.9 -999.9 -999.9 -999.9 -999.9 -999.9 -999.9 -999.9 -999.9 -999.9 0.0 0.2 0.2 0.4 0.6 -999.9 -999.9 -999.9 -999.9 -999.9 CEMADEN_-_Pinto_Bandeira_-_G2-431454802A_(632_m) -999.9 -999.9 -999.9 -999.9 -999.9 -999.9 -999.9 -999.9 Rio_Grande_do_Sul CEMADEN -999.9 0.0 -999.9
-29.094 -51.4508 16918 2026-08-23_02:10 -999.9 -999.9 -999.9 -999.9 -999.9 -999.9 -999.9 -999.9 -999.9 -999.9 -999.9 -999.9 -999.9 -999.9 -999.9 -999.9 -999.9 0.0 0.2 0.2 0.4 0.6 -999.9 -999.9 -999.9 -999.9 -999.9 CEMADEN_-_Pinto_Bandeira_-_G2-431454802A_(632_m) -999.9 -999.9 -999.9 -999.9 -999.9 -999.9 -999.9 -999.9 Rio_Grande_do_Sul CEMADEN -999.9 0.0 -999.9
-29.094 -51.4508 16918 2026-08-23_03:10 -999.9 -999.9 -999.9 -999.9 -999.9 -999.9 -999.9 -999.9 -999.9 -999.9 -999.9 -999.9 -999.9 -999.9 -999.9 -999.9 -999.9 0.0 0.2 0.2 0.4 0.6 -999.9 -999.9 -999.9 -999.9 -999.9 CEMADEN_-_Pinto_Bandeira_-_G2-431454802A_(632_m) -999.9 -999.9 -999.9 -999.9 -999.9 -999.9 -999.9 -999.9 Rio_Grande_do_Sul CEMADEN -999.9 0.0 -999.9
-29.094 -51.4508 16918 2026-08-23_04:10 -999.9 -999.9 -999.9 -999.9 -999.9 -999.9 -999.9 -999.9 -999.9 -999.9 -999.9 -999.9 -999.9 -999.9 -999.9 -999.9 -999.9 0.0 0.2 0.2 0.4 0.6 -999.9 -999.9 -999.9 -999.9 -999.9 CEMADEN_-_Pinto_Bandeira_-_G2-431454802A_(632_m) -999.9 -999.9 -999.9 -999.9 -999.9 -999.9 -999.9 -999.9 Rio_Grande_do_Sul CEMADEN -999.9 0.0 -999.9
-29.094 -51.4508 16918 2026-08-23_05:10 -999.9 -999.9 -999.9 -999.9 -999.9 -999.9 -999.9 -999.9 -999.9 -999.9 -999.9 -999.9 -999.9 -999.9 -999.9 -999.9 -999.9 0.0 0.2 0.2 0.4 0.6 -999.9 -999.9 -999.9 -999.9 -999.9 CEMADEN_-_Pinto_Bandeira_-_G2-431454802A_(632_m) -999.9 -999.9 -999.9 -999.9 -999.9 -999.9 -999.9 -999.9 Rio_Grande_do_Sul CEMADEN -999.9 0.0 -999.9
-29.094 -51.4508 16918 2026-08-23_06:10 -999.9 -999.9 -999.9 -999.9 -999.9 -999.9 -999.9 -999.9 -999.9 -999.9 -999.9 -999.9 -999.9 -999.9 -999.9 -999.9 -999.9 0.0 -999.9 0.2 0.4 0.6 -999.9 -999.9 -999.9 -999.9 -999.9 CEMADEN_-_Pinto_Bandeira_-_G2-431454802A_(632_m) -999.9 -999.9 -999.9 -999.9 -999.9 -999.9 -999.9 -999.9 Rio_Grande_do_Sul CEMADEN -999.9 0.0 -999.9
-29.094 -51.4508 16918 2026-08-23_08:20 -999.9 -999.9 -999.9 -999.9 -999.9 -999.9 -999.9 -999.9 -999.9 -999.9 -999.9 -999.9 -999.9 -999.9 -999.9 -999.9 -999.9 0.0 -999.9 0.2 0.4 0.6 -999.9 -999.9 -999.9 -999.9 -999.9 CEMADEN_-_Pinto_Bandeira_-_G2-431454802A_(632_m) -999.9 -999.9 -999.9 -999.9 -999.9 -999.9 -999.9 -999.9 Rio_Grande_do_Sul CEMADEN -999.9 0.0 -999.9
-29.094 -51.4508 16918 2026-08-23_09:10 -999.9 -999.9 -999.9 -999.9 -999.9 -999.9 -999.9 -999.9 -999.9 -999.9 -999.9 -999.9 -999.9 -999.9 -999.9 -999.9 -999.9 0.0 -999.9 0.2 0.4 0.6 -999.9 -999.9 -999.9 -999.9 -999.9 CEMADEN_-_Pinto_Bandeira_-_G2-431454802A_(632_m) -999.9 -999.9 -999.9 -999.9 -999.9 -999.9 -999.9 -999.9 Rio_Grande_do_Sul CEMADEN -999.9 0.0 -999.9
-29.094 -51.4508 16918 2026-08-23_10:10 -999.9 -999.9 -999.9 -999.9 -999.9 -999.9 -999.9 -999.9 -999.9 -999.9 -999.9 -999.9 -999.9 -999.9 -999.9 -999.9 -999.9 0.0 -999.9 0.2 0.4 0.6 -999.9 -999.9 -999.9 -999.9 -999.9 CEMADEN_-_Pinto_Bandeira_-_G2-431454802A_(632_m) -999.9 -999.9 -999.9 -999.9 -999.9 -999.9 -999.9 -999.9 Rio_Grande_do_Sul CEMADEN -999.9 0.0 -999.9
-29.094 -51.4508 16918 2026-08-23_11:10 -999.9 -999.9 -999.9 -999.9 -999.9 -999.9 -999.9 -999.9 -999.9 -999.9 -999.9 -999.9 -999.9 -999.9 -999.9 -999.9 -999.9 0.0 -999.9 0.2 0.4 0.6 -999.9 -999.9 -999.9 -999.9 -999.9 CEMADEN_-_Pinto_Bandeira_-_G2-431454802A_(632_m) -999.9 -999.9 -999.9 -999.9 -999.9 -999.9 -999.9 -999.9 Rio_Grande_do_Sul CEMADEN -999.9 0.0 -999.9
-29.094 -51.4508 16918 2026-08-23_23:10 -999.9 -999.9 -999.9 -999.9 -999.9 -999.9 -999.9 -999.9 -999.9 -999.9 -999.9 -999.9 -999.9 -999.9 -999.9 -999.9 -999.9 0.0 0.2 0.4 0.4 0.6 -999.9 -999.9 -999.9 -999.9 -999.9 CEMADEN_-_Pinto_Bandeira_-_G2-431454802A_(632_m) -999.9 -999.9 -999.9 -999.9 -999.9 -999.9 -999.9 -999.9 Rio_Grande_do_Sul CEMADEN -999.9 0.0 -999.9
