-28.31624 -51.18542 17794 2026-09-13_00:10 -999.9 -999.9 -999.9 -999.9 -999.9 -999.9 -999.9 -999.9 -999.9 -999.9 -999.9 -999.9 -999.9 -999.9 -999.9 -999.9 -999.9 0.0 45.8 51.4 64.4 80.8 -999.9 -999.9 -999.9 -999.9 -999.9 CEMADEN_-_Muitos_Capões_-_G2-431261701A_(928_m) -999.9 -999.9 -999.9 -999.9 -999.9 -999.9 -999.9 -999.9 Rio_Grande_do_Sul CEMADEN -999.9 0.0 -999.9
-28.31624 -51.18542 17794 2026-09-13_01:10 -999.9 -999.9 -999.9 -999.9 -999.9 -999.9 -999.9 -999.9 -999.9 -999.9 -999.9 -999.9 -999.9 -999.9 -999.9 -999.9 -999.9 0.0 45.2 51.4 64.4 80.8 -999.9 -999.9 -999.9 -999.9 -999.9 CEMADEN_-_Muitos_Capões_-_G2-431261701A_(928_m) -999.9 -999.9 -999.9 -999.9 -999.9 -999.9 -999.9 -999.9 Rio_Grande_do_Sul CEMADEN -999.9 0.0 -999.9
-28.31624 -51.18542 17794 2026-09-13_02:10 -999.9 -999.9 -999.9 -999.9 -999.9 -999.9 -999.9 -999.9 -999.9 -999.9 -999.9 -999.9 -999.9 -999.9 -999.9 -999.9 -999.9 0.0 45.2 51.4 64.4 80.8 -999.9 -999.9 -999.9 -999.9 -999.9 CEMADEN_-_Muitos_Capões_-_G2-431261701A_(928_m) -999.9 -999.9 -999.9 -999.9 -999.9 -999.9 -999.9 -999.9 Rio_Grande_do_Sul CEMADEN -999.9 0.0 -999.9
-28.31624 -51.18542 17794 2026-09-13_03:10 -999.9 -999.9 -999.9 -999.9 -999.9 -999.9 -999.9 -999.9 -999.9 -999.9 -999.9 -999.9 -999.9 -999.9 -999.9 -999.9 -999.9 0.0 45.2 51.4 64.4 80.8 -999.9 -999.9 -999.9 -999.9 -999.9 CEMADEN_-_Muitos_Capões_-_G2-431261701A_(928_m) -999.9 -999.9 -999.9 -999.9 -999.9 -999.9 -999.9 -999.9 Rio_Grande_do_Sul CEMADEN -999.9 0.0 -999.9
-28.31624 -51.18542 17794 2026-09-13_04:10 -999.9 -999.9 -999.9 -999.9 -999.9 -999.9 -999.9 -999.9 -999.9 -999.9 -999.9 -999.9 -999.9 -999.9 -999.9 -999.9 -999.9 0.0 45.2 51.4 64.4 80.8 -999.9 -999.9 -999.9 -999.9 -999.9 CEMADEN_-_Muitos_Capões_-_G2-431261701A_(928_m) -999.9 -999.9 -999.9 -999.9 -999.9 -999.9 -999.9 -999.9 Rio_Grande_do_Sul CEMADEN -999.9 0.0 -999.9
-28.31624 -51.18542 17794 2026-09-13_05:10 -999.9 -999.9 -999.9 -999.9 -999.9 -999.9 -999.9 -999.9 -999.9 -999.9 -999.9 -999.9 -999.9 -999.9 -999.9 -999.9 -999.9 0.0 37.2 51.4 64.4 80.8 -999.9 -999.9 -999.9 -999.9 -999.9 CEMADEN_-_Muitos_Capões_-_G2-431261701A_(928_m) -999.9 -999.9 -999.9 -999.9 -999.9 -999.9 -999.9 -999.9 Rio_Grande_do_Sul CEMADEN -999.9 0.0 -999.9
-28.31624 -51.18542 17794 2026-09-13_06:10 -999.9 -999.9 -999.9 -999.9 -999.9 -999.9 -999.9 -999.9 -999.9 -999.9 -999.9 -999.9 -999.9 -999.9 -999.9 -999.9 -999.9 0.0 37.2 51.4 64.4 80.8 -999.9 -999.9 -999.9 -999.9 -999.9 CEMADEN_-_Muitos_Capões_-_G2-431261701A_(928_m) -999.9 -999.9 -999.9 -999.9 -999.9 -999.9 -999.9 -999.9 Rio_Grande_do_Sul CEMADEN -999.9 0.0 -999.9
-28.31624 -51.18542 17794 2026-09-13_07:10 -999.9 -999.9 -999.9 -999.9 -999.9 -999.9 -999.9 -999.9 -999.9 -999.9 -999.9 -999.9 -999.9 -999.9 -999.9 -999.9 -999.9 0.0 37.2 51.4 64.4 80.8 -999.9 -999.9 -999.9 -999.9 -999.9 CEMADEN_-_Muitos_Capões_-_G2-431261701A_(928_m) -999.9 -999.9 -999.9 -999.9 -999.9 -999.9 -999.9 -999.9 Rio_Grande_do_Sul CEMADEN -999.9 0.0 -999.9
-28.31624 -51.18542 17794 2026-09-13_08:10 -999.9 -999.9 -999.9 -999.9 -999.9 -999.9 -999.9 -999.9 -999.9 -999.9 -999.9 -999.9 -999.9 -999.9 -999.9 -999.9 -999.9 0.0 37.2 51.4 64.4 80.8 -999.9 -999.9 -999.9 -999.9 -999.9 CEMADEN_-_Muitos_Capões_-_G2-431261701A_(928_m) -999.9 -999.9 -999.9 -999.9 -999.9 -999.9 -999.9 -999.9 Rio_Grande_do_Sul CEMADEN -999.9 0.0 -999.9
-28.31624 -51.18542 17794 2026-09-13_09:10 -999.9 -999.9 -999.9 -999.9 -999.9 -999.9 -999.9 -999.9 -999.9 -999.9 -999.9 -999.9 -999.9 -999.9 -999.9 -999.9 -999.9 0.0 32.4 51.4 64.4 80.8 -999.9 -999.9 -999.9 -999.9 -999.9 CEMADEN_-_Muitos_Capões_-_G2-431261701A_(928_m) -999.9 -999.9 -999.9 -999.9 -999.9 -999.9 -999.9 -999.9 Rio_Grande_do_Sul CEMADEN -999.9 0.0 -999.9
-28.31624 -51.18542 17794 2026-09-13_10:10 -999.9 -999.9 -999.9 -999.9 -999.9 -999.9 -999.9 -999.9 -999.9 -999.9 -999.9 -999.9 -999.9 -999.9 -999.9 -999.9 -999.9 0.0 27.8 51.4 64.4 80.8 -999.9 -999.9 -999.9 -999.9 -999.9 CEMADEN_-_Muitos_Capões_-_G2-431261701A_(928_m) -999.9 -999.9 -999.9 -999.9 -999.9 -999.9 -999.9 -999.9 Rio_Grande_do_Sul CEMADEN -999.9 0.0 -999.9
-28.31624 -51.18542 17794 2026-09-13_11:10 -999.9 -999.9 -999.9 -999.9 -999.9 -999.9 -999.9 -999.9 -999.9 -999.9 -999.9 -999.9 -999.9 -999.9 -999.9 -999.9 -999.9 0.0 25.2 51.4 64.4 80.8 -999.9 -999.9 -999.9 -999.9 -999.9 CEMADEN_-_Muitos_Capões_-_G2-431261701A_(928_m) -999.9 -999.9 -999.9 -999.9 -999.9 -999.9 -999.9 -999.9 Rio_Grande_do_Sul CEMADEN -999.9 0.0 -999.9
-28.31624 -51.18542 17794 2026-09-13_12:10 -999.9 -999.9 -999.9 -999.9 -999.9 -999.9 -999.9 -999.9 -999.9 -999.9 -999.9 -999.9 -999.9 -999.9 -999.9 -999.9 -999.9 0.0 21.4 51.4 64.4 80.8 -999.9 -999.9 -999.9 -999.9 -999.9 CEMADEN_-_Muitos_Capões_-_G2-431261701A_(928_m) -999.9 -999.9 -999.9 -999.9 -999.9 -999.9 -999.9 -999.9 Rio_Grande_do_Sul CEMADEN -999.9 0.0 -999.9
-28.31624 -51.18542 17794 2026-09-13_13:10 -999.9 -999.9 -999.9 -999.9 -999.9 -999.9 -999.9 -999.9 -999.9 -999.9 -999.9 -999.9 -999.9 -999.9 -999.9 -999.9 -999.9 0.0 13.8 51.4 64.4 80.8 -999.9 -999.9 -999.9 -999.9 -999.9 CEMADEN_-_Muitos_Capões_-_G2-431261701A_(928_m) -999.9 -999.9 -999.9 -999.9 -999.9 -999.9 -999.9 -999.9 Rio_Grande_do_Sul CEMADEN -999.9 0.0 -999.9
-28.31624 -51.18542 17794 2026-09-13_14:10 -999.9 -999.9 -999.9 -999.9 -999.9 -999.9 -999.9 -999.9 -999.9 -999.9 -999.9 -999.9 -999.9 -999.9 -999.9 -999.9 -999.9 0.0 6.2 51.4 64.4 80.8 -999.9 -999.9 -999.9 -999.9 -999.9 CEMADEN_-_Muitos_Capões_-_G2-431261701A_(928_m) -999.9 -999.9 -999.9 -999.9 -999.9 -999.9 -999.9 -999.9 Rio_Grande_do_Sul CEMADEN -999.9 0.0 -999.9
-28.31624 -51.18542 17794 2026-09-13_15:10 -999.9 -999.9 -999.9 -999.9 -999.9 -999.9 -999.9 -999.9 -999.9 -999.9 -999.9 -999.9 -999.9 -999.9 -999.9 -999.9 -999.9 0.0 1.4 51.4 64.4 80.8 -999.9 -999.9 -999.9 -999.9 -999.9 CEMADEN_-_Muitos_Capões_-_G2-431261701A_(928_m) -999.9 -999.9 -999.9 -999.9 -999.9 -999.9 -999.9 -999.9 Rio_Grande_do_Sul CEMADEN -999.9 0.0 -999.9
-28.31624 -51.18542 17794 2026-09-13_16:10 -999.9 -999.9 -999.9 -999.9 -999.9 -999.9 -999.9 -999.9 -999.9 -999.9 -999.9 -999.9 -999.9 -999.9 -999.9 -999.9 -999.9 0.0 1.0 51.4 64.4 80.8 -999.9 -999.9 -999.9 -999.9 -999.9 CEMADEN_-_Muitos_Capões_-_G2-431261701A_(928_m) -999.9 -999.9 -999.9 -999.9 -999.9 -999.9 -999.9 -999.9 Rio_Grande_do_Sul CEMADEN -999.9 0.0 -999.9
-28.31624 -51.18542 17794 2026-09-13_17:10 -999.9 -999.9 -999.9 -999.9 -999.9 -999.9 -999.9 -999.9 -999.9 -999.9 -999.9 -999.9 -999.9 -999.9 -999.9 -999.9 -999.9 -0.2 1.0 51.4 64.2 80.6 -999.9 -999.9 -999.9 -999.9 -999.9 CEMADEN_-_Muitos_Capões_-_G2-431261701A_(928_m) -999.9 -999.9 -999.9 -999.9 -999.9 -999.9 -999.9 -999.9 Rio_Grande_do_Sul CEMADEN -999.9 -0.2 -999.9
-28.31624 -51.18542 17794 2026-09-13_18:10 -999.9 -999.9 -999.9 -999.9 -999.9 -999.9 -999.9 -999.9 -999.9 -999.9 -999.9 -999.9 -999.9 -999.9 -999.9 -999.9 -999.9 -2.8 1.0 51.4 61.6 78.0 -999.9 -999.9 -999.9 -999.9 -999.9 CEMADEN_-_Muitos_Capões_-_G2-431261701A_(928_m) -999.9 -999.9 -999.9 -999.9 -999.9 -999.9 -999.9 -999.9 Rio_Grande_do_Sul CEMADEN -999.9 -2.6 -999.9
-28.31624 -51.18542 17794 2026-09-13_19:10 -999.9 -999.9 -999.9 -999.9 -999.9 -999.9 -999.9 -999.9 -999.9 -999.9 -999.9 -999.9 -999.9 -999.9 -999.9 -999.9 -999.9 -7.0 1.0 51.4 57.4 73.8 -999.9 -999.9 -999.9 -999.9 -999.9 CEMADEN_-_Muitos_Capões_-_G2-431261701A_(928_m) -999.9 -999.9 -999.9 -999.9 -999.9 -999.9 -999.9 -999.9 Rio_Grande_do_Sul CEMADEN -999.9 -4.2 -999.9
-28.31624 -51.18542 17794 2026-09-13_20:10 -999.9 -999.9 -999.9 -999.9 -999.9 -999.9 -999.9 -999.9 -999.9 -999.9 -999.9 -999.9 -999.9 -999.9 -999.9 -999.9 -999.9 -9.6 1.0 51.2 54.8 71.2 -999.9 -999.9 -999.9 -999.9 -999.9 CEMADEN_-_Muitos_Capões_-_G2-431261701A_(928_m) -999.9 -999.9 -999.9 -999.9 -999.9 -999.9 -999.9 -999.9 Rio_Grande_do_Sul CEMADEN -999.9 -2.6 -999.9
-28.31624 -51.18542 17794 2026-09-13_21:10 -999.9 -999.9 -999.9 -999.9 -999.9 -999.9 -999.9 -999.9 -999.9 -999.9 -999.9 -999.9 -999.9 -999.9 -999.9 -999.9 -999.9 -12.4 1.0 50.8 52.0 68.4 -999.9 -999.9 -999.9 -999.9 -999.9 CEMADEN_-_Muitos_Capões_-_G2-431261701A_(928_m) -999.9 -999.9 -999.9 -999.9 -999.9 -999.9 -999.9 -999.9 Rio_Grande_do_Sul CEMADEN -999.9 -2.8 -999.9
-28.31624 -51.18542 17794 2026-09-13_22:10 -999.9 -999.9 -999.9 -999.9 -999.9 -999.9 -999.9 -999.9 -999.9 -999.9 -999.9 -999.9 -999.9 -999.9 -999.9 -999.9 -999.9 -12.6 1.0 50.8 51.8 68.2 -999.9 -999.9 -999.9 -999.9 -999.9 CEMADEN_-_Muitos_Capões_-_G2-431261701A_(928_m) -999.9 -999.9 -999.9 -999.9 -999.9 -999.9 -999.9 -999.9 Rio_Grande_do_Sul CEMADEN -999.9 -0.2 -999.9
-28.31624 -51.18542 17794 2026-09-13_23:10 -999.9 -999.9 -999.9 -999.9 -999.9 -999.9 -999.9 -999.9 -999.9 -999.9 -999.9 -999.9 -999.9 -999.9 -999.9 -999.9 -999.9 -13.0 1.0 48.6 51.4 67.8 -999.9 -999.9 -999.9 -999.9 -999.9 CEMADEN_-_Muitos_Capões_-_G2-431261701A_(928_m) -999.9 -999.9 -999.9 -999.9 -999.9 -999.9 -999.9 -999.9 Rio_Grande_do_Sul CEMADEN -999.9 -0.4 -999.9
