-28.9973 -51.2175 16920 2026-08-17_00:10 -999.9 -999.9 -999.9 -999.9 -999.9 -999.9 -999.9 -999.9 -999.9 -999.9 -999.9 -999.9 -999.9 -999.9 -999.9 -999.9 -999.9 0.0 4.8 6.4 11.8 67.6 -999.9 -999.9 -999.9 -999.9 -999.9 CEMADEN_-_Flores_da_Cunha_-_G2-430820101A_(720_m) -999.9 -999.9 -999.9 -999.9 -999.9 -999.9 -999.9 -999.9 Rio_Grande_do_Sul CEMADEN -999.9 0.0 -999.9
-28.9973 -51.2175 16920 2026-08-17_01:10 -999.9 -999.9 -999.9 -999.9 -999.9 -999.9 -999.9 -999.9 -999.9 -999.9 -999.9 -999.9 -999.9 -999.9 -999.9 -999.9 -999.9 0.0 4.8 6.4 11.8 67.6 -999.9 -999.9 -999.9 -999.9 -999.9 CEMADEN_-_Flores_da_Cunha_-_G2-430820101A_(720_m) -999.9 -999.9 -999.9 -999.9 -999.9 -999.9 -999.9 -999.9 Rio_Grande_do_Sul CEMADEN -999.9 0.0 -999.9
-28.9973 -51.2175 16920 2026-08-17_01:40 -999.9 -999.9 -999.9 -999.9 -999.9 -999.9 -999.9 -999.9 -999.9 -999.9 -999.9 -999.9 -999.9 -999.9 -999.9 -999.9 0.2 0.2 4.8 6.6 12.0 67.8 -999.9 -999.9 -999.9 -999.9 -999.9 CEMADEN_-_Flores_da_Cunha_-_G2-430820101A_(720_m) -999.9 -999.9 -999.9 -999.9 -999.9 -999.9 -999.9 -999.9 Rio_Grande_do_Sul CEMADEN -999.9 0.2 -999.9
-28.9973 -51.2175 16920 2026-08-17_02:10 -999.9 -999.9 -999.9 -999.9 -999.9 -999.9 -999.9 -999.9 -999.9 -999.9 -999.9 -999.9 -999.9 -999.9 -999.9 -999.9 -999.9 0.2 4.8 6.4 12.0 67.8 -999.9 -999.9 -999.9 -999.9 -999.9 CEMADEN_-_Flores_da_Cunha_-_G2-430820101A_(720_m) -999.9 -999.9 -999.9 -999.9 -999.9 -999.9 -999.9 -999.9 Rio_Grande_do_Sul CEMADEN -999.9 0.0 -999.9
-28.9973 -51.2175 16920 2026-08-17_03:10 -999.9 -999.9 -999.9 -999.9 -999.9 -999.9 -999.9 -999.9 -999.9 -999.9 -999.9 -999.9 -999.9 -999.9 -999.9 -999.9 -999.9 0.2 4.8 6.2 12.0 67.8 -999.9 -999.9 -999.9 -999.9 -999.9 CEMADEN_-_Flores_da_Cunha_-_G2-430820101A_(720_m) -999.9 -999.9 -999.9 -999.9 -999.9 -999.9 -999.9 -999.9 Rio_Grande_do_Sul CEMADEN -999.9 0.0 -999.9
-28.9973 -51.2175 16920 2026-08-17_04:10 -999.9 -999.9 -999.9 -999.9 -999.9 -999.9 -999.9 -999.9 -999.9 -999.9 -999.9 -999.9 -999.9 -999.9 -999.9 -999.9 -999.9 0.2 4.8 6.2 12.0 67.8 -999.9 -999.9 -999.9 -999.9 -999.9 CEMADEN_-_Flores_da_Cunha_-_G2-430820101A_(720_m) -999.9 -999.9 -999.9 -999.9 -999.9 -999.9 -999.9 -999.9 Rio_Grande_do_Sul CEMADEN -999.9 0.0 -999.9
-28.9973 -51.2175 16920 2026-08-17_05:10 -999.9 -999.9 -999.9 -999.9 -999.9 -999.9 -999.9 -999.9 -999.9 -999.9 -999.9 -999.9 -999.9 -999.9 -999.9 -999.9 -999.9 0.2 4.8 6.0 12.0 67.8 -999.9 -999.9 -999.9 -999.9 -999.9 CEMADEN_-_Flores_da_Cunha_-_G2-430820101A_(720_m) -999.9 -999.9 -999.9 -999.9 -999.9 -999.9 -999.9 -999.9 Rio_Grande_do_Sul CEMADEN -999.9 0.0 -999.9
-28.9973 -51.2175 16920 2026-08-17_05:30 -999.9 -999.9 -999.9 -999.9 -999.9 -999.9 -999.9 -999.9 -999.9 -999.9 -999.9 -999.9 -999.9 -999.9 -999.9 -999.9 0.2 0.4 5.0 6.2 12.2 68.0 -999.9 -999.9 -999.9 -999.9 -999.9 CEMADEN_-_Flores_da_Cunha_-_G2-430820101A_(720_m) -999.9 -999.9 -999.9 -999.9 -999.9 -999.9 -999.9 -999.9 Rio_Grande_do_Sul CEMADEN -999.9 0.2 -999.9
-28.9973 -51.2175 16920 2026-08-17_06:10 -999.9 -999.9 -999.9 -999.9 -999.9 -999.9 -999.9 -999.9 -999.9 -999.9 -999.9 -999.9 -999.9 -999.9 -999.9 -999.9 -999.9 0.2 5.0 6.0 12.0 67.8 -999.9 -999.9 -999.9 -999.9 -999.9 CEMADEN_-_Flores_da_Cunha_-_G2-430820101A_(720_m) -999.9 -999.9 -999.9 -999.9 -999.9 -999.9 -999.9 -999.9 Rio_Grande_do_Sul CEMADEN -999.9 -0.2 -999.9
-28.9973 -51.2175 16920 2026-08-17_07:10 -999.9 -999.9 -999.9 -999.9 -999.9 -999.9 -999.9 -999.9 -999.9 -999.9 -999.9 -999.9 -999.9 -999.9 -999.9 -999.9 -999.9 -0.2 5.0 6.0 11.6 67.4 -999.9 -999.9 -999.9 -999.9 -999.9 CEMADEN_-_Flores_da_Cunha_-_G2-430820101A_(720_m) -999.9 -999.9 -999.9 -999.9 -999.9 -999.9 -999.9 -999.9 Rio_Grande_do_Sul CEMADEN -999.9 -0.4 -999.9
-28.9973 -51.2175 16920 2026-08-17_08:10 -999.9 -999.9 -999.9 -999.9 -999.9 -999.9 -999.9 -999.9 -999.9 -999.9 -999.9 -999.9 -999.9 -999.9 -999.9 -999.9 -999.9 -0.6 5.0 5.8 11.2 67.0 -999.9 -999.9 -999.9 -999.9 -999.9 CEMADEN_-_Flores_da_Cunha_-_G2-430820101A_(720_m) -999.9 -999.9 -999.9 -999.9 -999.9 -999.9 -999.9 -999.9 Rio_Grande_do_Sul CEMADEN -999.9 -0.4 -999.9
-28.9973 -51.2175 16920 2026-08-17_09:10 -999.9 -999.9 -999.9 -999.9 -999.9 -999.9 -999.9 -999.9 -999.9 -999.9 -999.9 -999.9 -999.9 -999.9 -999.9 -999.9 -999.9 -0.8 5.0 5.8 11.0 66.8 -999.9 -999.9 -999.9 -999.9 -999.9 CEMADEN_-_Flores_da_Cunha_-_G2-430820101A_(720_m) -999.9 -999.9 -999.9 -999.9 -999.9 -999.9 -999.9 -999.9 Rio_Grande_do_Sul CEMADEN -999.9 -0.2 -999.9
-28.9973 -51.2175 16920 2026-08-17_10:10 -999.9 -999.9 -999.9 -999.9 -999.9 -999.9 -999.9 -999.9 -999.9 -999.9 -999.9 -999.9 -999.9 -999.9 -999.9 -999.9 -999.9 -1.2 5.0 5.8 10.6 66.4 -999.9 -999.9 -999.9 -999.9 -999.9 CEMADEN_-_Flores_da_Cunha_-_G2-430820101A_(720_m) -999.9 -999.9 -999.9 -999.9 -999.9 -999.9 -999.9 -999.9 Rio_Grande_do_Sul CEMADEN -999.9 -0.4 -999.9
-28.9973 -51.2175 16920 2026-08-17_11:10 -999.9 -999.9 -999.9 -999.9 -999.9 -999.9 -999.9 -999.9 -999.9 -999.9 -999.9 -999.9 -999.9 -999.9 -999.9 -999.9 -999.9 -1.4 4.8 5.6 10.4 66.2 -999.9 -999.9 -999.9 -999.9 -999.9 CEMADEN_-_Flores_da_Cunha_-_G2-430820101A_(720_m) -999.9 -999.9 -999.9 -999.9 -999.9 -999.9 -999.9 -999.9 Rio_Grande_do_Sul CEMADEN -999.9 -0.2 -999.9
-28.9973 -51.2175 16920 2026-08-17_12:10 -999.9 -999.9 -999.9 -999.9 -999.9 -999.9 -999.9 -999.9 -999.9 -999.9 -999.9 -999.9 -999.9 -999.9 -999.9 -999.9 -999.9 -1.6 4.6 5.6 10.2 66.0 -999.9 -999.9 -999.9 -999.9 -999.9 CEMADEN_-_Flores_da_Cunha_-_G2-430820101A_(720_m) -999.9 -999.9 -999.9 -999.9 -999.9 -999.9 -999.9 -999.9 Rio_Grande_do_Sul CEMADEN -999.9 -0.2 -999.9
-28.9973 -51.2175 16920 2026-08-17_13:10 -999.9 -999.9 -999.9 -999.9 -999.9 -999.9 -999.9 -999.9 -999.9 -999.9 -999.9 -999.9 -999.9 -999.9 -999.9 -999.9 -999.9 -2.0 4.4 5.6 9.8 65.6 -999.9 -999.9 -999.9 -999.9 -999.9 CEMADEN_-_Flores_da_Cunha_-_G2-430820101A_(720_m) -999.9 -999.9 -999.9 -999.9 -999.9 -999.9 -999.9 -999.9 Rio_Grande_do_Sul CEMADEN -999.9 -0.4 -999.9
-28.9973 -51.2175 16920 2026-08-17_14:10 -999.9 -999.9 -999.9 -999.9 -999.9 -999.9 -999.9 -999.9 -999.9 -999.9 -999.9 -999.9 -999.9 -999.9 -999.9 -999.9 -999.9 -2.2 4.2 5.4 9.6 65.4 -999.9 -999.9 -999.9 -999.9 -999.9 CEMADEN_-_Flores_da_Cunha_-_G2-430820101A_(720_m) -999.9 -999.9 -999.9 -999.9 -999.9 -999.9 -999.9 -999.9 Rio_Grande_do_Sul CEMADEN -999.9 -0.2 -999.9
-28.9973 -51.2175 16920 2026-08-17_15:10 -999.9 -999.9 -999.9 -999.9 -999.9 -999.9 -999.9 -999.9 -999.9 -999.9 -999.9 -999.9 -999.9 -999.9 -999.9 -999.9 -999.9 -2.4 4.2 5.4 9.4 65.2 -999.9 -999.9 -999.9 -999.9 -999.9 CEMADEN_-_Flores_da_Cunha_-_G2-430820101A_(720_m) -999.9 -999.9 -999.9 -999.9 -999.9 -999.9 -999.9 -999.9 Rio_Grande_do_Sul CEMADEN -999.9 -0.2 -999.9
-28.9973 -51.2175 16920 2026-08-17_15:20 -999.9 -999.9 -999.9 -999.9 -999.9 -999.9 -999.9 -999.9 -999.9 -999.9 -999.9 -999.9 -999.9 -999.9 -999.9 -999.9 0.2 -2.4 4.2 5.6 9.4 65.2 -999.9 -999.9 -999.9 -999.9 -999.9 CEMADEN_-_Flores_da_Cunha_-_G2-430820101A_(720_m) -999.9 -999.9 -999.9 -999.9 -999.9 -999.9 -999.9 -999.9 Rio_Grande_do_Sul CEMADEN -999.9 0.0 -999.9
-28.9973 -51.2175 16920 2026-08-17_16:10 -999.9 -999.9 -999.9 -999.9 -999.9 -999.9 -999.9 -999.9 -999.9 -999.9 -999.9 -999.9 -999.9 -999.9 -999.9 -999.9 -999.9 -2.6 4.0 5.6 9.2 65.0 -999.9 -999.9 -999.9 -999.9 -999.9 CEMADEN_-_Flores_da_Cunha_-_G2-430820101A_(720_m) -999.9 -999.9 -999.9 -999.9 -999.9 -999.9 -999.9 -999.9 Rio_Grande_do_Sul CEMADEN -999.9 -0.2 -999.9
-28.9973 -51.2175 16920 2026-08-17_17:10 -999.9 -999.9 -999.9 -999.9 -999.9 -999.9 -999.9 -999.9 -999.9 -999.9 -999.9 -999.9 -999.9 -999.9 -999.9 -999.9 -999.9 -3.0 3.8 5.6 8.8 64.6 -999.9 -999.9 -999.9 -999.9 -999.9 CEMADEN_-_Flores_da_Cunha_-_G2-430820101A_(720_m) -999.9 -999.9 -999.9 -999.9 -999.9 -999.9 -999.9 -999.9 Rio_Grande_do_Sul CEMADEN -999.9 -0.4 -999.9
-28.9973 -51.2175 16920 2026-08-17_18:10 -999.9 -999.9 -999.9 -999.9 -999.9 -999.9 -999.9 -999.9 -999.9 -999.9 -999.9 -999.9 -999.9 -999.9 -999.9 -999.9 -999.9 -3.2 3.8 5.4 8.6 64.4 -999.9 -999.9 -999.9 -999.9 -999.9 CEMADEN_-_Flores_da_Cunha_-_G2-430820101A_(720_m) -999.9 -999.9 -999.9 -999.9 -999.9 -999.9 -999.9 -999.9 Rio_Grande_do_Sul CEMADEN -999.9 -0.2 -999.9
-28.9973 -51.2175 16920 2026-08-17_19:10 -999.9 -999.9 -999.9 -999.9 -999.9 -999.9 -999.9 -999.9 -999.9 -999.9 -999.9 -999.9 -999.9 -999.9 -999.9 -999.9 -999.9 -3.6 3.6 5.4 8.2 64.0 -999.9 -999.9 -999.9 -999.9 -999.9 CEMADEN_-_Flores_da_Cunha_-_G2-430820101A_(720_m) -999.9 -999.9 -999.9 -999.9 -999.9 -999.9 -999.9 -999.9 Rio_Grande_do_Sul CEMADEN -999.9 -0.4 -999.9
-28.9973 -51.2175 16920 2026-08-17_20:10 -999.9 -999.9 -999.9 -999.9 -999.9 -999.9 -999.9 -999.9 -999.9 -999.9 -999.9 -999.9 -999.9 -999.9 -999.9 -999.9 -999.9 -3.8 3.4 5.4 8.0 63.8 -999.9 -999.9 -999.9 -999.9 -999.9 CEMADEN_-_Flores_da_Cunha_-_G2-430820101A_(720_m) -999.9 -999.9 -999.9 -999.9 -999.9 -999.9 -999.9 -999.9 Rio_Grande_do_Sul CEMADEN -999.9 -0.2 -999.9
-28.9973 -51.2175 16920 2026-08-17_21:10 -999.9 -999.9 -999.9 -999.9 -999.9 -999.9 -999.9 -999.9 -999.9 -999.9 -999.9 -999.9 -999.9 -999.9 -999.9 -999.9 -999.9 -4.2 3.2 5.4 7.6 63.4 -999.9 -999.9 -999.9 -999.9 -999.9 CEMADEN_-_Flores_da_Cunha_-_G2-430820101A_(720_m) -999.9 -999.9 -999.9 -999.9 -999.9 -999.9 -999.9 -999.9 Rio_Grande_do_Sul CEMADEN -999.9 -0.4 -999.9
-28.9973 -51.2175 16920 2026-08-17_22:10 -999.9 -999.9 -999.9 -999.9 -999.9 -999.9 -999.9 -999.9 -999.9 -999.9 -999.9 -999.9 -999.9 -999.9 -999.9 -999.9 -999.9 -4.4 3.2 5.4 7.4 63.2 -999.9 -999.9 -999.9 -999.9 -999.9 CEMADEN_-_Flores_da_Cunha_-_G2-430820101A_(720_m) -999.9 -999.9 -999.9 -999.9 -999.9 -999.9 -999.9 -999.9 Rio_Grande_do_Sul CEMADEN -999.9 -0.2 -999.9
-28.9973 -51.2175 16920 2026-08-17_23:10 -999.9 -999.9 -999.9 -999.9 -999.9 -999.9 -999.9 -999.9 -999.9 -999.9 -999.9 -999.9 -999.9 -999.9 -999.9 -999.9 -999.9 -4.4 3.0 5.4 7.4 63.2 -999.9 -999.9 -999.9 -999.9 -999.9 CEMADEN_-_Flores_da_Cunha_-_G2-430820101A_(720_m) -999.9 -999.9 -999.9 -999.9 -999.9 -999.9 -999.9 -999.9 Rio_Grande_do_Sul CEMADEN -999.9 0.0 -999.9
