-28.3163 -51.18498 17794 2026-08-08_00:10 -999.9 -999.9 -999.9 -999.9 -999.9 -999.9 -999.9 -999.9 -999.9 -999.9 -999.9 -999.9 -999.9 -999.9 -999.9 -999.9 -999.9 0.0 18.4 24.2 24.4 31.2 -999.9 -999.9 -999.9 -999.9 -999.9 CEMADEN_-_Muitos_Capões_-_G2-431261701A_(929_m) -999.9 -999.9 -999.9 -999.9 -999.9 -999.9 -999.9 -999.9 Rio_Grande_do_Sul CEMADEN -999.9 0.0 -999.9
-28.3163 -51.18498 17794 2026-08-08_01:10 -999.9 -999.9 -999.9 -999.9 -999.9 -999.9 -999.9 -999.9 -999.9 -999.9 -999.9 -999.9 -999.9 -999.9 -999.9 -999.9 -999.9 0.0 18.4 24.2 24.4 31.2 -999.9 -999.9 -999.9 -999.9 -999.9 CEMADEN_-_Muitos_Capões_-_G2-431261701A_(929_m) -999.9 -999.9 -999.9 -999.9 -999.9 -999.9 -999.9 -999.9 Rio_Grande_do_Sul CEMADEN -999.9 0.0 -999.9
-28.3163 -51.18498 17794 2026-08-08_02:10 -999.9 -999.9 -999.9 -999.9 -999.9 -999.9 -999.9 -999.9 -999.9 -999.9 -999.9 -999.9 -999.9 -999.9 -999.9 -999.9 -999.9 0.0 18.4 24.2 24.4 31.2 -999.9 -999.9 -999.9 -999.9 -999.9 CEMADEN_-_Muitos_Capões_-_G2-431261701A_(929_m) -999.9 -999.9 -999.9 -999.9 -999.9 -999.9 -999.9 -999.9 Rio_Grande_do_Sul CEMADEN -999.9 0.0 -999.9
-28.3163 -51.18498 17794 2026-08-08_03:10 -999.9 -999.9 -999.9 -999.9 -999.9 -999.9 -999.9 -999.9 -999.9 -999.9 -999.9 -999.9 -999.9 -999.9 -999.9 -999.9 -999.9 0.0 18.4 24.2 24.4 31.2 -999.9 -999.9 -999.9 -999.9 -999.9 CEMADEN_-_Muitos_Capões_-_G2-431261701A_(929_m) -999.9 -999.9 -999.9 -999.9 -999.9 -999.9 -999.9 -999.9 Rio_Grande_do_Sul CEMADEN -999.9 0.0 -999.9
-28.3163 -51.18498 17794 2026-08-08_04:10 -999.9 -999.9 -999.9 -999.9 -999.9 -999.9 -999.9 -999.9 -999.9 -999.9 -999.9 -999.9 -999.9 -999.9 -999.9 -999.9 -999.9 0.0 18.4 24.2 24.4 31.2 -999.9 -999.9 -999.9 -999.9 -999.9 CEMADEN_-_Muitos_Capões_-_G2-431261701A_(929_m) -999.9 -999.9 -999.9 -999.9 -999.9 -999.9 -999.9 -999.9 Rio_Grande_do_Sul CEMADEN -999.9 0.0 -999.9
-28.3163 -51.18498 17794 2026-08-08_05:10 -999.9 -999.9 -999.9 -999.9 -999.9 -999.9 -999.9 -999.9 -999.9 -999.9 -999.9 -999.9 -999.9 -999.9 -999.9 -999.9 -999.9 0.0 18.4 24.2 24.4 31.2 -999.9 -999.9 -999.9 -999.9 -999.9 CEMADEN_-_Muitos_Capões_-_G2-431261701A_(929_m) -999.9 -999.9 -999.9 -999.9 -999.9 -999.9 -999.9 -999.9 Rio_Grande_do_Sul CEMADEN -999.9 0.0 -999.9
-28.3163 -51.18498 17794 2026-08-08_06:10 -999.9 -999.9 -999.9 -999.9 -999.9 -999.9 -999.9 -999.9 -999.9 -999.9 -999.9 -999.9 -999.9 -999.9 -999.9 -999.9 -999.9 0.0 18.4 24.2 24.4 31.2 -999.9 -999.9 -999.9 -999.9 -999.9 CEMADEN_-_Muitos_Capões_-_G2-431261701A_(929_m) -999.9 -999.9 -999.9 -999.9 -999.9 -999.9 -999.9 -999.9 Rio_Grande_do_Sul CEMADEN -999.9 0.0 -999.9
-28.3163 -51.18498 17794 2026-08-08_07:10 -999.9 -999.9 -999.9 -999.9 -999.9 -999.9 -999.9 -999.9 -999.9 -999.9 -999.9 -999.9 -999.9 -999.9 -999.9 -999.9 -999.9 0.0 18.4 24.2 24.4 31.2 -999.9 -999.9 -999.9 -999.9 -999.9 CEMADEN_-_Muitos_Capões_-_G2-431261701A_(929_m) -999.9 -999.9 -999.9 -999.9 -999.9 -999.9 -999.9 -999.9 Rio_Grande_do_Sul CEMADEN -999.9 0.0 -999.9
-28.3163 -51.18498 17794 2026-08-08_08:10 -999.9 -999.9 -999.9 -999.9 -999.9 -999.9 -999.9 -999.9 -999.9 -999.9 -999.9 -999.9 -999.9 -999.9 -999.9 -999.9 -999.9 -0.2 18.4 23.0 24.2 31.0 -999.9 -999.9 -999.9 -999.9 -999.9 CEMADEN_-_Muitos_Capões_-_G2-431261701A_(929_m) -999.9 -999.9 -999.9 -999.9 -999.9 -999.9 -999.9 -999.9 Rio_Grande_do_Sul CEMADEN -999.9 -0.2 -999.9
-28.3163 -51.18498 17794 2026-08-08_09:10 -999.9 -999.9 -999.9 -999.9 -999.9 -999.9 -999.9 -999.9 -999.9 -999.9 -999.9 -999.9 -999.9 -999.9 -999.9 -999.9 -999.9 -0.2 18.4 20.2 24.2 31.0 -999.9 -999.9 -999.9 -999.9 -999.9 CEMADEN_-_Muitos_Capões_-_G2-431261701A_(929_m) -999.9 -999.9 -999.9 -999.9 -999.9 -999.9 -999.9 -999.9 Rio_Grande_do_Sul CEMADEN -999.9 0.0 -999.9
-28.3163 -51.18498 17794 2026-08-08_10:10 -999.9 -999.9 -999.9 -999.9 -999.9 -999.9 -999.9 -999.9 -999.9 -999.9 -999.9 -999.9 -999.9 -999.9 -999.9 -999.9 -999.9 -0.2 18.4 19.4 24.2 31.0 -999.9 -999.9 -999.9 -999.9 -999.9 CEMADEN_-_Muitos_Capões_-_G2-431261701A_(929_m) -999.9 -999.9 -999.9 -999.9 -999.9 -999.9 -999.9 -999.9 Rio_Grande_do_Sul CEMADEN -999.9 0.0 -999.9
-28.3163 -51.18498 17794 2026-08-08_11:10 -999.9 -999.9 -999.9 -999.9 -999.9 -999.9 -999.9 -999.9 -999.9 -999.9 -999.9 -999.9 -999.9 -999.9 -999.9 -999.9 -999.9 -0.2 18.4 19.2 24.2 31.0 -999.9 -999.9 -999.9 -999.9 -999.9 CEMADEN_-_Muitos_Capões_-_G2-431261701A_(929_m) -999.9 -999.9 -999.9 -999.9 -999.9 -999.9 -999.9 -999.9 Rio_Grande_do_Sul CEMADEN -999.9 0.0 -999.9
-28.3163 -51.18498 17794 2026-08-08_11:20 -999.9 -999.9 -999.9 -999.9 -999.9 -999.9 -999.9 -999.9 -999.9 -999.9 -999.9 -999.9 -999.9 -999.9 -999.9 -999.9 0.6 0.4 18.8 19.8 24.8 31.6 -999.9 -999.9 -999.9 -999.9 -999.9 CEMADEN_-_Muitos_Capões_-_G2-431261701A_(929_m) -999.9 -999.9 -999.9 -999.9 -999.9 -999.9 -999.9 -999.9 Rio_Grande_do_Sul CEMADEN -999.9 0.6 -999.9
-28.3163 -51.18498 17794 2026-08-08_11:30 -999.9 -999.9 -999.9 -999.9 -999.9 -999.9 -999.9 -999.9 -999.9 -999.9 -999.9 -999.9 -999.9 -999.9 -999.9 -999.9 1.4 1.2 19.6 20.6 25.6 32.4 -999.9 -999.9 -999.9 -999.9 -999.9 CEMADEN_-_Muitos_Capões_-_G2-431261701A_(929_m) -999.9 -999.9 -999.9 -999.9 -999.9 -999.9 -999.9 -999.9 Rio_Grande_do_Sul CEMADEN -999.9 0.8 -999.9
-28.3163 -51.18498 17794 2026-08-08_11:40 -999.9 -999.9 -999.9 -999.9 -999.9 -999.9 -999.9 -999.9 -999.9 -999.9 -999.9 -999.9 -999.9 -999.9 -999.9 -999.9 1.6 1.4 19.8 20.8 25.8 32.6 -999.9 -999.9 -999.9 -999.9 -999.9 CEMADEN_-_Muitos_Capões_-_G2-431261701A_(929_m) -999.9 -999.9 -999.9 -999.9 -999.9 -999.9 -999.9 -999.9 Rio_Grande_do_Sul CEMADEN -999.9 0.2 -999.9
-28.3163 -51.18498 17794 2026-08-08_11:50 -999.9 -999.9 -999.9 -999.9 -999.9 -999.9 -999.9 -999.9 -999.9 -999.9 -999.9 -999.9 -999.9 -999.9 -999.9 -999.9 1.8 1.6 19.6 20.4 26.0 32.8 -999.9 -999.9 -999.9 -999.9 -999.9 CEMADEN_-_Muitos_Capões_-_G2-431261701A_(929_m) -999.9 -999.9 -999.9 -999.9 -999.9 -999.9 -999.9 -999.9 Rio_Grande_do_Sul CEMADEN -999.9 0.2 -999.9
-28.3163 -51.18498 17794 2026-08-08_12:00 -999.9 -999.9 -999.9 -999.9 -999.9 -999.9 -999.9 -999.9 -999.9 -999.9 -999.9 -999.9 -999.9 -999.9 -999.9 -999.9 2.2 2.0 20.0 20.8 26.4 33.2 -999.9 -999.9 -999.9 -999.9 -999.9 CEMADEN_-_Muitos_Capões_-_G2-431261701A_(929_m) -999.9 -999.9 -999.9 -999.9 -999.9 -999.9 -999.9 -999.9 Rio_Grande_do_Sul CEMADEN -999.9 0.4 -999.9
-28.3163 -51.18498 17794 2026-08-08_12:10 -999.9 -999.9 -999.9 -999.9 -999.9 -999.9 -999.9 -999.9 -999.9 -999.9 -999.9 -999.9 -999.9 -999.9 -999.9 -999.9 3.4 3.8 21.8 22.4 28.2 35.0 -999.9 -999.9 -999.9 -999.9 -999.9 CEMADEN_-_Muitos_Capões_-_G2-431261701A_(929_m) -999.9 -999.9 -999.9 -999.9 -999.9 -999.9 -999.9 -999.9 Rio_Grande_do_Sul CEMADEN -999.9 1.8 -999.9
-28.3163 -51.18498 17794 2026-08-08_12:30 -999.9 -999.9 -999.9 -999.9 -999.9 -999.9 -999.9 -999.9 -999.9 -999.9 -999.9 -999.9 -999.9 -999.9 -999.9 -999.9 6.2 7.4 25.4 26.0 31.8 38.6 -999.9 -999.9 -999.9 -999.9 -999.9 CEMADEN_-_Muitos_Capões_-_G2-431261701A_(929_m) -999.9 -999.9 -999.9 -999.9 -999.9 -999.9 -999.9 -999.9 Rio_Grande_do_Sul CEMADEN -999.9 3.6 -999.9
-28.3163 -51.18498 17794 2026-08-08_12:40 -999.9 -999.9 -999.9 -999.9 -999.9 -999.9 -999.9 -999.9 -999.9 -999.9 -999.9 -999.9 -999.9 -999.9 -999.9 -999.9 6.0 8.0 25.2 26.6 32.4 39.2 -999.9 -999.9 -999.9 -999.9 -999.9 CEMADEN_-_Muitos_Capões_-_G2-431261701A_(929_m) -999.9 -999.9 -999.9 -999.9 -999.9 -999.9 -999.9 -999.9 Rio_Grande_do_Sul CEMADEN -999.9 0.6 -999.9
-28.3163 -51.18498 17794 2026-08-08_13:10 -999.9 -999.9 -999.9 -999.9 -999.9 -999.9 -999.9 -999.9 -999.9 -999.9 -999.9 -999.9 -999.9 -999.9 -999.9 -999.9 3.4 8.0 24.2 26.6 32.4 39.2 -999.9 -999.9 -999.9 -999.9 -999.9 CEMADEN_-_Muitos_Capões_-_G2-431261701A_(929_m) -999.9 -999.9 -999.9 -999.9 -999.9 -999.9 -999.9 -999.9 Rio_Grande_do_Sul CEMADEN -999.9 0.0 -999.9
-28.3163 -51.18498 17794 2026-08-08_13:20 -999.9 -999.9 -999.9 -999.9 -999.9 -999.9 -999.9 -999.9 -999.9 -999.9 -999.9 -999.9 -999.9 -999.9 -999.9 -999.9 0.8 8.2 23.6 26.8 32.6 39.4 -999.9 -999.9 -999.9 -999.9 -999.9 CEMADEN_-_Muitos_Capões_-_G2-431261701A_(929_m) -999.9 -999.9 -999.9 -999.9 -999.9 -999.9 -999.9 -999.9 Rio_Grande_do_Sul CEMADEN -999.9 0.2 -999.9
-28.3163 -51.18498 17794 2026-08-08_13:30 -999.9 -999.9 -999.9 -999.9 -999.9 -999.9 -999.9 -999.9 -999.9 -999.9 -999.9 -999.9 -999.9 -999.9 -999.9 -999.9 0.8 8.8 24.2 27.4 33.2 40.0 -999.9 -999.9 -999.9 -999.9 -999.9 CEMADEN_-_Muitos_Capões_-_G2-431261701A_(929_m) -999.9 -999.9 -999.9 -999.9 -999.9 -999.9 -999.9 -999.9 Rio_Grande_do_Sul CEMADEN -999.9 0.6 -999.9
-28.3163 -51.18498 17794 2026-08-08_13:40 -999.9 -999.9 -999.9 -999.9 -999.9 -999.9 -999.9 -999.9 -999.9 -999.9 -999.9 -999.9 -999.9 -999.9 -999.9 -999.9 1.0 9.0 24.4 27.6 33.4 40.2 -999.9 -999.9 -999.9 -999.9 -999.9 CEMADEN_-_Muitos_Capões_-_G2-431261701A_(929_m) -999.9 -999.9 -999.9 -999.9 -999.9 -999.9 -999.9 -999.9 Rio_Grande_do_Sul CEMADEN -999.9 0.2 -999.9
-28.3163 -51.18498 17794 2026-08-08_14:00 -999.9 -999.9 -999.9 -999.9 -999.9 -999.9 -999.9 -999.9 -999.9 -999.9 -999.9 -999.9 -999.9 -999.9 -999.9 -999.9 0.4 9.2 24.6 27.8 33.6 40.4 -999.9 -999.9 -999.9 -999.9 -999.9 CEMADEN_-_Muitos_Capões_-_G2-431261701A_(929_m) -999.9 -999.9 -999.9 -999.9 -999.9 -999.9 -999.9 -999.9 Rio_Grande_do_Sul CEMADEN -999.9 0.2 -999.9
-28.3163 -51.18498 17794 2026-08-08_14:30 -999.9 -999.9 -999.9 -999.9 -999.9 -999.9 -999.9 -999.9 -999.9 -999.9 -999.9 -999.9 -999.9 -999.9 -999.9 -999.9 0.6 9.6 25.0 28.2 34.0 40.8 -999.9 -999.9 -999.9 -999.9 -999.9 CEMADEN_-_Muitos_Capões_-_G2-431261701A_(929_m) -999.9 -999.9 -999.9 -999.9 -999.9 -999.9 -999.9 -999.9 Rio_Grande_do_Sul CEMADEN -999.9 0.4 -999.9
-28.3163 -51.18498 17794 2026-08-08_14:40 -999.9 -999.9 -999.9 -999.9 -999.9 -999.9 -999.9 -999.9 -999.9 -999.9 -999.9 -999.9 -999.9 -999.9 -999.9 -999.9 0.6 9.8 25.2 28.4 34.2 41.0 -999.9 -999.9 -999.9 -999.9 -999.9 CEMADEN_-_Muitos_Capões_-_G2-431261701A_(929_m) -999.9 -999.9 -999.9 -999.9 -999.9 -999.9 -999.9 -999.9 Rio_Grande_do_Sul CEMADEN -999.9 0.2 -999.9
-28.3163 -51.18498 17794 2026-08-08_15:10 -999.9 -999.9 -999.9 -999.9 -999.9 -999.9 -999.9 -999.9 -999.9 -999.9 -999.9 -999.9 -999.9 -999.9 -999.9 -999.9 0.2 9.8 25.2 28.4 34.2 41.0 -999.9 -999.9 -999.9 -999.9 -999.9 CEMADEN_-_Muitos_Capões_-_G2-431261701A_(929_m) -999.9 -999.9 -999.9 -999.9 -999.9 -999.9 -999.9 -999.9 Rio_Grande_do_Sul CEMADEN -999.9 0.0 -999.9
-28.3163 -51.18498 17794 2026-08-08_15:30 -999.9 -999.9 -999.9 -999.9 -999.9 -999.9 -999.9 -999.9 -999.9 -999.9 -999.9 -999.9 -999.9 -999.9 -999.9 -999.9 0.4 10.2 25.6 28.8 34.6 41.4 -999.9 -999.9 -999.9 -999.9 -999.9 CEMADEN_-_Muitos_Capões_-_G2-431261701A_(929_m) -999.9 -999.9 -999.9 -999.9 -999.9 -999.9 -999.9 -999.9 Rio_Grande_do_Sul CEMADEN -999.9 0.4 -999.9
-28.3163 -51.18498 17794 2026-08-08_16:10 -999.9 -999.9 -999.9 -999.9 -999.9 -999.9 -999.9 -999.9 -999.9 -999.9 -999.9 -999.9 -999.9 -999.9 -999.9 -999.9 -999.9 10.2 25.6 28.8 34.6 41.4 -999.9 -999.9 -999.9 -999.9 -999.9 CEMADEN_-_Muitos_Capões_-_G2-431261701A_(929_m) -999.9 -999.9 -999.9 -999.9 -999.9 -999.9 -999.9 -999.9 Rio_Grande_do_Sul CEMADEN -999.9 0.0 -999.9
-28.3163 -51.18498 17794 2026-08-08_17:10 -999.9 -999.9 -999.9 -999.9 -999.9 -999.9 -999.9 -999.9 -999.9 -999.9 -999.9 -999.9 -999.9 -999.9 -999.9 -999.9 -999.9 10.2 25.6 28.8 34.6 41.4 -999.9 -999.9 -999.9 -999.9 -999.9 CEMADEN_-_Muitos_Capões_-_G2-431261701A_(929_m) -999.9 -999.9 -999.9 -999.9 -999.9 -999.9 -999.9 -999.9 Rio_Grande_do_Sul CEMADEN -999.9 0.0 -999.9
-28.3163 -51.18498 17794 2026-08-08_18:10 -999.9 -999.9 -999.9 -999.9 -999.9 -999.9 -999.9 -999.9 -999.9 -999.9 -999.9 -999.9 -999.9 -999.9 -999.9 -999.9 -999.9 10.2 25.6 28.8 34.6 41.4 -999.9 -999.9 -999.9 -999.9 -999.9 CEMADEN_-_Muitos_Capões_-_G2-431261701A_(929_m) -999.9 -999.9 -999.9 -999.9 -999.9 -999.9 -999.9 -999.9 Rio_Grande_do_Sul CEMADEN -999.9 0.0 -999.9
-28.3163 -51.18498 17794 2026-08-08_19:10 -999.9 -999.9 -999.9 -999.9 -999.9 -999.9 -999.9 -999.9 -999.9 -999.9 -999.9 -999.9 -999.9 -999.9 -999.9 -999.9 -999.9 10.2 25.4 28.8 34.6 41.4 -999.9 -999.9 -999.9 -999.9 -999.9 CEMADEN_-_Muitos_Capões_-_G2-431261701A_(929_m) -999.9 -999.9 -999.9 -999.9 -999.9 -999.9 -999.9 -999.9 Rio_Grande_do_Sul CEMADEN -999.9 0.0 -999.9
-28.3163 -51.18498 17794 2026-08-08_20:10 -999.9 -999.9 -999.9 -999.9 -999.9 -999.9 -999.9 -999.9 -999.9 -999.9 -999.9 -999.9 -999.9 -999.9 -999.9 -999.9 -999.9 10.2 25.4 28.8 34.6 41.4 -999.9 -999.9 -999.9 -999.9 -999.9 CEMADEN_-_Muitos_Capões_-_G2-431261701A_(929_m) -999.9 -999.9 -999.9 -999.9 -999.9 -999.9 -999.9 -999.9 Rio_Grande_do_Sul CEMADEN -999.9 0.0 -999.9
-28.3163 -51.18498 17794 2026-08-08_21:10 -999.9 -999.9 -999.9 -999.9 -999.9 -999.9 -999.9 -999.9 -999.9 -999.9 -999.9 -999.9 -999.9 -999.9 -999.9 -999.9 -999.9 10.2 24.2 28.8 34.6 41.4 -999.9 -999.9 -999.9 -999.9 -999.9 CEMADEN_-_Muitos_Capões_-_G2-431261701A_(929_m) -999.9 -999.9 -999.9 -999.9 -999.9 -999.9 -999.9 -999.9 Rio_Grande_do_Sul CEMADEN -999.9 0.0 -999.9
-28.3163 -51.18498 17794 2026-08-08_22:10 -999.9 -999.9 -999.9 -999.9 -999.9 -999.9 -999.9 -999.9 -999.9 -999.9 -999.9 -999.9 -999.9 -999.9 -999.9 -999.9 -999.9 10.2 17.0 28.8 34.6 41.4 -999.9 -999.9 -999.9 -999.9 -999.9 CEMADEN_-_Muitos_Capões_-_G2-431261701A_(929_m) -999.9 -999.9 -999.9 -999.9 -999.9 -999.9 -999.9 -999.9 Rio_Grande_do_Sul CEMADEN -999.9 0.0 -999.9
-28.3163 -51.18498 17794 2026-08-08_23:10 -999.9 -999.9 -999.9 -999.9 -999.9 -999.9 -999.9 -999.9 -999.9 -999.9 -999.9 -999.9 -999.9 -999.9 -999.9 -999.9 -999.9 10.2 12.0 28.8 34.6 41.4 -999.9 -999.9 -999.9 -999.9 -999.9 CEMADEN_-_Muitos_Capões_-_G2-431261701A_(929_m) -999.9 -999.9 -999.9 -999.9 -999.9 -999.9 -999.9 -999.9 Rio_Grande_do_Sul CEMADEN -999.9 0.0 -999.9
