-28.97216 -50.05423 17896 2026-07-28_00:10 -999.9 -999.9 -999.9 -999.9 -999.9 -999.9 -999.9 -999.9 -999.9 -999.9 -999.9 -999.9 -999.9 -999.9 -999.9 -999.9 -999.9 0.0 15.8 16.2 16.6 22.0 -999.9 -999.9 -999.9 -999.9 -999.9 CEMADEN_-_Cambará_do_Sul_-_G2-430360802A_(953_m) -999.9 -999.9 -999.9 -999.9 -999.9 -999.9 -999.9 -999.9 Rio_Grande_do_Sul CEMADEN -999.9 0.0 -999.9
-28.97216 -50.05423 17896 2026-07-28_01:10 -999.9 -999.9 -999.9 -999.9 -999.9 -999.9 -999.9 -999.9 -999.9 -999.9 -999.9 -999.9 -999.9 -999.9 -999.9 -999.9 -999.9 -0.2 15.8 16.0 16.4 21.8 -999.9 -999.9 -999.9 -999.9 -999.9 CEMADEN_-_Cambará_do_Sul_-_G2-430360802A_(953_m) -999.9 -999.9 -999.9 -999.9 -999.9 -999.9 -999.9 -999.9 Rio_Grande_do_Sul CEMADEN -999.9 -0.2 -999.9
-28.97216 -50.05423 17896 2026-07-28_03:10 -999.9 -999.9 -999.9 -999.9 -999.9 -999.9 -999.9 -999.9 -999.9 -999.9 -999.9 -999.9 -999.9 -999.9 -999.9 -999.9 -999.9 -0.2 15.8 16.0 16.4 21.8 -999.9 -999.9 -999.9 -999.9 -999.9 CEMADEN_-_Cambará_do_Sul_-_G2-430360802A_(953_m) -999.9 -999.9 -999.9 -999.9 -999.9 -999.9 -999.9 -999.9 Rio_Grande_do_Sul CEMADEN -999.9 0.0 -999.9
-28.97216 -50.05423 17896 2026-07-28_04:10 -999.9 -999.9 -999.9 -999.9 -999.9 -999.9 -999.9 -999.9 -999.9 -999.9 -999.9 -999.9 -999.9 -999.9 -999.9 -999.9 -999.9 -0.2 15.8 16.0 16.4 21.8 -999.9 -999.9 -999.9 -999.9 -999.9 CEMADEN_-_Cambará_do_Sul_-_G2-430360802A_(953_m) -999.9 -999.9 -999.9 -999.9 -999.9 -999.9 -999.9 -999.9 Rio_Grande_do_Sul CEMADEN -999.9 0.0 -999.9
-28.97216 -50.05423 17896 2026-07-28_05:10 -999.9 -999.9 -999.9 -999.9 -999.9 -999.9 -999.9 -999.9 -999.9 -999.9 -999.9 -999.9 -999.9 -999.9 -999.9 -999.9 -999.9 -0.2 15.8 16.0 16.4 21.8 -999.9 -999.9 -999.9 -999.9 -999.9 CEMADEN_-_Cambará_do_Sul_-_G2-430360802A_(953_m) -999.9 -999.9 -999.9 -999.9 -999.9 -999.9 -999.9 -999.9 Rio_Grande_do_Sul CEMADEN -999.9 0.0 -999.9
-28.97216 -50.05423 17896 2026-07-28_06:10 -999.9 -999.9 -999.9 -999.9 -999.9 -999.9 -999.9 -999.9 -999.9 -999.9 -999.9 -999.9 -999.9 -999.9 -999.9 -999.9 0.2 0.0 16.0 16.2 16.6 22.0 -999.9 -999.9 -999.9 -999.9 -999.9 CEMADEN_-_Cambará_do_Sul_-_G2-430360802A_(953_m) -999.9 -999.9 -999.9 -999.9 -999.9 -999.9 -999.9 -999.9 Rio_Grande_do_Sul CEMADEN -999.9 0.2 -999.9
-28.97216 -50.05423 17896 2026-07-28_06:20 -999.9 -999.9 -999.9 -999.9 -999.9 -999.9 -999.9 -999.9 -999.9 -999.9 -999.9 -999.9 -999.9 -999.9 -999.9 -999.9 4.2 4.0 20.0 20.2 20.6 26.0 -999.9 -999.9 -999.9 -999.9 -999.9 CEMADEN_-_Cambará_do_Sul_-_G2-430360802A_(953_m) -999.9 -999.9 -999.9 -999.9 -999.9 -999.9 -999.9 -999.9 Rio_Grande_do_Sul CEMADEN -999.9 4.0 -999.9
-28.97216 -50.05423 17896 2026-07-28_06:30 -999.9 -999.9 -999.9 -999.9 -999.9 -999.9 -999.9 -999.9 -999.9 -999.9 -999.9 -999.9 -999.9 -999.9 -999.9 -999.9 4.6 4.4 20.4 20.6 21.0 26.4 -999.9 -999.9 -999.9 -999.9 -999.9 CEMADEN_-_Cambará_do_Sul_-_G2-430360802A_(953_m) -999.9 -999.9 -999.9 -999.9 -999.9 -999.9 -999.9 -999.9 Rio_Grande_do_Sul CEMADEN -999.9 0.4 -999.9
-28.97216 -50.05423 17896 2026-07-28_06:40 -999.9 -999.9 -999.9 -999.9 -999.9 -999.9 -999.9 -999.9 -999.9 -999.9 -999.9 -999.9 -999.9 -999.9 -999.9 -999.9 5.0 4.8 20.8 21.0 21.4 26.8 -999.9 -999.9 -999.9 -999.9 -999.9 CEMADEN_-_Cambará_do_Sul_-_G2-430360802A_(953_m) -999.9 -999.9 -999.9 -999.9 -999.9 -999.9 -999.9 -999.9 Rio_Grande_do_Sul CEMADEN -999.9 0.4 -999.9
-28.97216 -50.05423 17896 2026-07-28_07:00 -999.9 -999.9 -999.9 -999.9 -999.9 -999.9 -999.9 -999.9 -999.9 -999.9 -999.9 -999.9 -999.9 -999.9 -999.9 -999.9 5.8 5.6 21.6 21.8 22.2 27.6 -999.9 -999.9 -999.9 -999.9 -999.9 CEMADEN_-_Cambará_do_Sul_-_G2-430360802A_(953_m) -999.9 -999.9 -999.9 -999.9 -999.9 -999.9 -999.9 -999.9 Rio_Grande_do_Sul CEMADEN -999.9 0.8 -999.9
-28.97216 -50.05423 17896 2026-07-28_07:10 -999.9 -999.9 -999.9 -999.9 -999.9 -999.9 -999.9 -999.9 -999.9 -999.9 -999.9 -999.9 -999.9 -999.9 -999.9 -999.9 2.0 6.0 22.0 22.2 22.6 28.0 -999.9 -999.9 -999.9 -999.9 -999.9 CEMADEN_-_Cambará_do_Sul_-_G2-430360802A_(953_m) -999.9 -999.9 -999.9 -999.9 -999.9 -999.9 -999.9 -999.9 Rio_Grande_do_Sul CEMADEN -999.9 0.4 -999.9
-28.97216 -50.05423 17896 2026-07-28_07:20 -999.9 -999.9 -999.9 -999.9 -999.9 -999.9 -999.9 -999.9 -999.9 -999.9 -999.9 -999.9 -999.9 -999.9 -999.9 -999.9 2.2 6.6 22.6 22.8 23.2 28.6 -999.9 -999.9 -999.9 -999.9 -999.9 CEMADEN_-_Cambará_do_Sul_-_G2-430360802A_(953_m) -999.9 -999.9 -999.9 -999.9 -999.9 -999.9 -999.9 -999.9 Rio_Grande_do_Sul CEMADEN -999.9 0.6 -999.9
-28.97216 -50.05423 17896 2026-07-28_07:30 -999.9 -999.9 -999.9 -999.9 -999.9 -999.9 -999.9 -999.9 -999.9 -999.9 -999.9 -999.9 -999.9 -999.9 -999.9 -999.9 3.6 8.0 24.0 24.2 24.6 30.0 -999.9 -999.9 -999.9 -999.9 -999.9 CEMADEN_-_Cambará_do_Sul_-_G2-430360802A_(953_m) -999.9 -999.9 -999.9 -999.9 -999.9 -999.9 -999.9 -999.9 Rio_Grande_do_Sul CEMADEN -999.9 1.4 -999.9
-28.97216 -50.05423 17896 2026-07-28_07:40 -999.9 -999.9 -999.9 -999.9 -999.9 -999.9 -999.9 -999.9 -999.9 -999.9 -999.9 -999.9 -999.9 -999.9 -999.9 -999.9 5.0 10.0 26.0 26.2 26.6 32.0 -999.9 -999.9 -999.9 -999.9 -999.9 CEMADEN_-_Cambará_do_Sul_-_G2-430360802A_(953_m) -999.9 -999.9 -999.9 -999.9 -999.9 -999.9 -999.9 -999.9 Rio_Grande_do_Sul CEMADEN -999.9 2.0 -999.9
-28.97216 -50.05423 17896 2026-07-28_07:50 -999.9 -999.9 -999.9 -999.9 -999.9 -999.9 -999.9 -999.9 -999.9 -999.9 -999.9 -999.9 -999.9 -999.9 -999.9 -999.9 4.8 10.4 26.4 26.6 27.0 32.4 -999.9 -999.9 -999.9 -999.9 -999.9 CEMADEN_-_Cambará_do_Sul_-_G2-430360802A_(953_m) -999.9 -999.9 -999.9 -999.9 -999.9 -999.9 -999.9 -999.9 Rio_Grande_do_Sul CEMADEN -999.9 0.4 -999.9
-28.97216 -50.05423 17896 2026-07-28_08:00 -999.9 -999.9 -999.9 -999.9 -999.9 -999.9 -999.9 -999.9 -999.9 -999.9 -999.9 -999.9 -999.9 -999.9 -999.9 -999.9 6.4 12.0 28.0 28.2 28.6 34.0 -999.9 -999.9 -999.9 -999.9 -999.9 CEMADEN_-_Cambará_do_Sul_-_G2-430360802A_(953_m) -999.9 -999.9 -999.9 -999.9 -999.9 -999.9 -999.9 -999.9 Rio_Grande_do_Sul CEMADEN -999.9 1.6 -999.9
-28.97216 -50.05423 17896 2026-07-28_08:10 -999.9 -999.9 -999.9 -999.9 -999.9 -999.9 -999.9 -999.9 -999.9 -999.9 -999.9 -999.9 -999.9 -999.9 -999.9 -999.9 6.8 13.4 29.4 29.6 30.0 35.4 -999.9 -999.9 -999.9 -999.9 -999.9 CEMADEN_-_Cambará_do_Sul_-_G2-430360802A_(953_m) -999.9 -999.9 -999.9 -999.9 -999.9 -999.9 -999.9 -999.9 Rio_Grande_do_Sul CEMADEN -999.9 1.4 -999.9
-28.97216 -50.05423 17896 2026-07-28_08:30 -999.9 -999.9 -999.9 -999.9 -999.9 -999.9 -999.9 -999.9 -999.9 -999.9 -999.9 -999.9 -999.9 -999.9 -999.9 -999.9 7.2 17.2 33.2 33.4 33.8 39.2 -999.9 -999.9 -999.9 -999.9 -999.9 CEMADEN_-_Cambará_do_Sul_-_G2-430360802A_(953_m) -999.9 -999.9 -999.9 -999.9 -999.9 -999.9 -999.9 -999.9 Rio_Grande_do_Sul CEMADEN -999.9 3.8 -999.9
-28.97216 -50.05423 17896 2026-07-28_08:50 -999.9 -999.9 -999.9 -999.9 -999.9 -999.9 -999.9 -999.9 -999.9 -999.9 -999.9 -999.9 -999.9 -999.9 -999.9 -999.9 8.6 20.6 36.6 36.8 37.2 42.6 -999.9 -999.9 -999.9 -999.9 -999.9 CEMADEN_-_Cambará_do_Sul_-_G2-430360802A_(953_m) -999.9 -999.9 -999.9 -999.9 -999.9 -999.9 -999.9 -999.9 Rio_Grande_do_Sul CEMADEN -999.9 3.4 -999.9
-28.97216 -50.05423 17896 2026-07-28_09:10 -999.9 -999.9 -999.9 -999.9 -999.9 -999.9 -999.9 -999.9 -999.9 -999.9 -999.9 -999.9 -999.9 -999.9 -999.9 -999.9 10.2 22.2 38.2 38.4 38.8 44.2 -999.9 -999.9 -999.9 -999.9 -999.9 CEMADEN_-_Cambará_do_Sul_-_G2-430360802A_(953_m) -999.9 -999.9 -999.9 -999.9 -999.9 -999.9 -999.9 -999.9 Rio_Grande_do_Sul CEMADEN -999.9 1.6 -999.9
-28.97216 -50.05423 17896 2026-07-28_09:20 -999.9 -999.9 -999.9 -999.9 -999.9 -999.9 -999.9 -999.9 -999.9 -999.9 -999.9 -999.9 -999.9 -999.9 -999.9 -999.9 8.8 26.0 42.0 42.2 42.6 48.0 -999.9 -999.9 -999.9 -999.9 -999.9 CEMADEN_-_Cambará_do_Sul_-_G2-430360802A_(953_m) -999.9 -999.9 -999.9 -999.9 -999.9 -999.9 -999.9 -999.9 Rio_Grande_do_Sul CEMADEN -999.9 3.8 -999.9
-28.97216 -50.05423 17896 2026-07-28_09:30 -999.9 -999.9 -999.9 -999.9 -999.9 -999.9 -999.9 -999.9 -999.9 -999.9 -999.9 -999.9 -999.9 -999.9 -999.9 -999.9 8.6 27.2 43.2 43.4 43.8 49.2 -999.9 -999.9 -999.9 -999.9 -999.9 CEMADEN_-_Cambará_do_Sul_-_G2-430360802A_(953_m) -999.9 -999.9 -999.9 -999.9 -999.9 -999.9 -999.9 -999.9 Rio_Grande_do_Sul CEMADEN -999.9 1.2 -999.9
-28.97216 -50.05423 17896 2026-07-28_09:40 -999.9 -999.9 -999.9 -999.9 -999.9 -999.9 -999.9 -999.9 -999.9 -999.9 -999.9 -999.9 -999.9 -999.9 -999.9 -999.9 8.0 28.6 44.6 44.8 45.2 50.6 -999.9 -999.9 -999.9 -999.9 -999.9 CEMADEN_-_Cambará_do_Sul_-_G2-430360802A_(953_m) -999.9 -999.9 -999.9 -999.9 -999.9 -999.9 -999.9 -999.9 Rio_Grande_do_Sul CEMADEN -999.9 1.4 -999.9
-28.97216 -50.05423 17896 2026-07-28_10:00 -999.9 -999.9 -999.9 -999.9 -999.9 -999.9 -999.9 -999.9 -999.9 -999.9 -999.9 -999.9 -999.9 -999.9 -999.9 -999.9 9.0 31.0 47.0 47.2 47.6 53.0 -999.9 -999.9 -999.9 -999.9 -999.9 CEMADEN_-_Cambará_do_Sul_-_G2-430360802A_(953_m) -999.9 -999.9 -999.9 -999.9 -999.9 -999.9 -999.9 -999.9 Rio_Grande_do_Sul CEMADEN -999.9 2.4 -999.9
-28.97216 -50.05423 17896 2026-07-28_10:10 -999.9 -999.9 -999.9 -999.9 -999.9 -999.9 -999.9 -999.9 -999.9 -999.9 -999.9 -999.9 -999.9 -999.9 -999.9 -999.9 6.2 32.2 48.2 48.4 48.8 54.2 -999.9 -999.9 -999.9 -999.9 -999.9 CEMADEN_-_Cambará_do_Sul_-_G2-430360802A_(953_m) -999.9 -999.9 -999.9 -999.9 -999.9 -999.9 -999.9 -999.9 Rio_Grande_do_Sul CEMADEN -999.9 1.2 -999.9
-28.97216 -50.05423 17896 2026-07-28_10:30 -999.9 -999.9 -999.9 -999.9 -999.9 -999.9 -999.9 -999.9 -999.9 -999.9 -999.9 -999.9 -999.9 -999.9 -999.9 -999.9 7.4 34.6 50.6 50.8 51.2 56.6 -999.9 -999.9 -999.9 -999.9 -999.9 CEMADEN_-_Cambará_do_Sul_-_G2-430360802A_(953_m) -999.9 -999.9 -999.9 -999.9 -999.9 -999.9 -999.9 -999.9 Rio_Grande_do_Sul CEMADEN -999.9 2.4 -999.9
-28.97216 -50.05423 17896 2026-07-28_10:40 -999.9 -999.9 -999.9 -999.9 -999.9 -999.9 -999.9 -999.9 -999.9 -999.9 -999.9 -999.9 -999.9 -999.9 -999.9 -999.9 5.0 35.0 51.0 51.2 51.6 57.0 -999.9 -999.9 -999.9 -999.9 -999.9 CEMADEN_-_Cambará_do_Sul_-_G2-430360802A_(953_m) -999.9 -999.9 -999.9 -999.9 -999.9 -999.9 -999.9 -999.9 Rio_Grande_do_Sul CEMADEN -999.9 0.4 -999.9
-28.97216 -50.05423 17896 2026-07-28_10:50 -999.9 -999.9 -999.9 -999.9 -999.9 -999.9 -999.9 -999.9 -999.9 -999.9 -999.9 -999.9 -999.9 -999.9 -999.9 -999.9 4.2 35.2 51.2 51.4 51.8 57.2 -999.9 -999.9 -999.9 -999.9 -999.9 CEMADEN_-_Cambará_do_Sul_-_G2-430360802A_(953_m) -999.9 -999.9 -999.9 -999.9 -999.9 -999.9 -999.9 -999.9 Rio_Grande_do_Sul CEMADEN -999.9 0.2 -999.9
-28.97216 -50.05423 17896 2026-07-28_11:10 -999.9 -999.9 -999.9 -999.9 -999.9 -999.9 -999.9 -999.9 -999.9 -999.9 -999.9 -999.9 -999.9 -999.9 -999.9 -999.9 2.2 35.2 51.2 51.4 51.8 57.2 -999.9 -999.9 -999.9 -999.9 -999.9 CEMADEN_-_Cambará_do_Sul_-_G2-430360802A_(953_m) -999.9 -999.9 -999.9 -999.9 -999.9 -999.9 -999.9 -999.9 Rio_Grande_do_Sul CEMADEN -999.9 0.0 -999.9
-28.97216 -50.05423 17896 2026-07-28_11:20 -999.9 -999.9 -999.9 -999.9 -999.9 -999.9 -999.9 -999.9 -999.9 -999.9 -999.9 -999.9 -999.9 -999.9 -999.9 -999.9 1.2 35.8 51.8 52.0 52.4 57.8 -999.9 -999.9 -999.9 -999.9 -999.9 CEMADEN_-_Cambará_do_Sul_-_G2-430360802A_(953_m) -999.9 -999.9 -999.9 -999.9 -999.9 -999.9 -999.9 -999.9 Rio_Grande_do_Sul CEMADEN -999.9 0.6 -999.9
-28.97216 -50.05423 17896 2026-07-28_11:30 -999.9 -999.9 -999.9 -999.9 -999.9 -999.9 -999.9 -999.9 -999.9 -999.9 -999.9 -999.9 -999.9 -999.9 -999.9 -999.9 1.8 36.4 52.4 52.6 53.0 58.4 -999.9 -999.9 -999.9 -999.9 -999.9 CEMADEN_-_Cambará_do_Sul_-_G2-430360802A_(953_m) -999.9 -999.9 -999.9 -999.9 -999.9 -999.9 -999.9 -999.9 Rio_Grande_do_Sul CEMADEN -999.9 0.6 -999.9
-28.97216 -50.05423 17896 2026-07-28_11:50 -999.9 -999.9 -999.9 -999.9 -999.9 -999.9 -999.9 -999.9 -999.9 -999.9 -999.9 -999.9 -999.9 -999.9 -999.9 -999.9 3.4 38.6 54.6 54.8 55.2 60.6 -999.9 -999.9 -999.9 -999.9 -999.9 CEMADEN_-_Cambará_do_Sul_-_G2-430360802A_(953_m) -999.9 -999.9 -999.9 -999.9 -999.9 -999.9 -999.9 -999.9 Rio_Grande_do_Sul CEMADEN -999.9 2.2 -999.9
-28.97216 -50.05423 17896 2026-07-28_12:00 -999.9 -999.9 -999.9 -999.9 -999.9 -999.9 -999.9 -999.9 -999.9 -999.9 -999.9 -999.9 -999.9 -999.9 -999.9 -999.9 4.2 39.4 55.4 55.6 56.0 61.4 -999.9 -999.9 -999.9 -999.9 -999.9 CEMADEN_-_Cambará_do_Sul_-_G2-430360802A_(953_m) -999.9 -999.9 -999.9 -999.9 -999.9 -999.9 -999.9 -999.9 Rio_Grande_do_Sul CEMADEN -999.9 0.8 -999.9
-28.97216 -50.05423 17896 2026-07-28_12:10 -999.9 -999.9 -999.9 -999.9 -999.9 -999.9 -999.9 -999.9 -999.9 -999.9 -999.9 -999.9 -999.9 -999.9 -999.9 -999.9 4.2 40.0 56.0 56.2 56.6 62.0 -999.9 -999.9 -999.9 -999.9 -999.9 CEMADEN_-_Cambará_do_Sul_-_G2-430360802A_(953_m) -999.9 -999.9 -999.9 -999.9 -999.9 -999.9 -999.9 -999.9 Rio_Grande_do_Sul CEMADEN -999.9 0.6 -999.9
-28.97216 -50.05423 17896 2026-07-28_12:20 -999.9 -999.9 -999.9 -999.9 -999.9 -999.9 -999.9 -999.9 -999.9 -999.9 -999.9 -999.9 -999.9 -999.9 -999.9 -999.9 4.0 40.4 56.4 56.6 57.0 62.4 -999.9 -999.9 -999.9 -999.9 -999.9 CEMADEN_-_Cambará_do_Sul_-_G2-430360802A_(953_m) -999.9 -999.9 -999.9 -999.9 -999.9 -999.9 -999.9 -999.9 Rio_Grande_do_Sul CEMADEN -999.9 0.4 -999.9
-28.97216 -50.05423 17896 2026-07-28_12:30 -999.9 -999.9 -999.9 -999.9 -999.9 -999.9 -999.9 -999.9 -999.9 -999.9 -999.9 -999.9 -999.9 -999.9 -999.9 -999.9 4.2 40.6 56.6 56.8 57.2 62.6 -999.9 -999.9 -999.9 -999.9 -999.9 CEMADEN_-_Cambará_do_Sul_-_G2-430360802A_(953_m) -999.9 -999.9 -999.9 -999.9 -999.9 -999.9 -999.9 -999.9 Rio_Grande_do_Sul CEMADEN -999.9 0.2 -999.9
-28.97216 -50.05423 17896 2026-07-28_12:40 -999.9 -999.9 -999.9 -999.9 -999.9 -999.9 -999.9 -999.9 -999.9 -999.9 -999.9 -999.9 -999.9 -999.9 -999.9 -999.9 2.4 41.0 57.0 57.2 57.6 63.0 -999.9 -999.9 -999.9 -999.9 -999.9 CEMADEN_-_Cambará_do_Sul_-_G2-430360802A_(953_m) -999.9 -999.9 -999.9 -999.9 -999.9 -999.9 -999.9 -999.9 Rio_Grande_do_Sul CEMADEN -999.9 0.4 -999.9
-28.97216 -50.05423 17896 2026-07-28_13:00 -999.9 -999.9 -999.9 -999.9 -999.9 -999.9 -999.9 -999.9 -999.9 -999.9 -999.9 -999.9 -999.9 -999.9 -999.9 -999.9 3.4 42.8 58.8 59.0 59.4 64.8 -999.9 -999.9 -999.9 -999.9 -999.9 CEMADEN_-_Cambará_do_Sul_-_G2-430360802A_(953_m) -999.9 -999.9 -999.9 -999.9 -999.9 -999.9 -999.9 -999.9 Rio_Grande_do_Sul CEMADEN -999.9 1.8 -999.9
-28.97216 -50.05423 17896 2026-07-28_13:10 -999.9 -999.9 -999.9 -999.9 -999.9 -999.9 -999.9 -999.9 -999.9 -999.9 -999.9 -999.9 -999.9 -999.9 -999.9 -999.9 3.4 43.8 59.8 60.0 60.4 65.8 -999.9 -999.9 -999.9 -999.9 -999.9 CEMADEN_-_Cambará_do_Sul_-_G2-430360802A_(953_m) -999.9 -999.9 -999.9 -999.9 -999.9 -999.9 -999.9 -999.9 Rio_Grande_do_Sul CEMADEN -999.9 1.0 -999.9
-28.97216 -50.05423 17896 2026-07-28_13:20 -999.9 -999.9 -999.9 -999.9 -999.9 -999.9 -999.9 -999.9 -999.9 -999.9 -999.9 -999.9 -999.9 -999.9 -999.9 -999.9 3.8 44.4 60.4 60.6 61.0 66.4 -999.9 -999.9 -999.9 -999.9 -999.9 CEMADEN_-_Cambará_do_Sul_-_G2-430360802A_(953_m) -999.9 -999.9 -999.9 -999.9 -999.9 -999.9 -999.9 -999.9 Rio_Grande_do_Sul CEMADEN -999.9 0.6 -999.9
-28.97216 -50.05423 17896 2026-07-28_13:30 -999.9 -999.9 -999.9 -999.9 -999.9 -999.9 -999.9 -999.9 -999.9 -999.9 -999.9 -999.9 -999.9 -999.9 -999.9 -999.9 4.0 44.6 60.6 60.8 61.2 66.6 -999.9 -999.9 -999.9 -999.9 -999.9 CEMADEN_-_Cambará_do_Sul_-_G2-430360802A_(953_m) -999.9 -999.9 -999.9 -999.9 -999.9 -999.9 -999.9 -999.9 Rio_Grande_do_Sul CEMADEN -999.9 0.2 -999.9
-28.97216 -50.05423 17896 2026-07-28_13:40 -999.9 -999.9 -999.9 -999.9 -999.9 -999.9 -999.9 -999.9 -999.9 -999.9 -999.9 -999.9 -999.9 -999.9 -999.9 -999.9 3.2 45.0 61.0 61.2 61.6 67.0 -999.9 -999.9 -999.9 -999.9 -999.9 CEMADEN_-_Cambará_do_Sul_-_G2-430360802A_(953_m) -999.9 -999.9 -999.9 -999.9 -999.9 -999.9 -999.9 -999.9 Rio_Grande_do_Sul CEMADEN -999.9 0.4 -999.9
-28.97216 -50.05423 17896 2026-07-28_13:50 -999.9 -999.9 -999.9 -999.9 -999.9 -999.9 -999.9 -999.9 -999.9 -999.9 -999.9 -999.9 -999.9 -999.9 -999.9 -999.9 3.2 46.0 62.0 62.2 62.6 68.0 -999.9 -999.9 -999.9 -999.9 -999.9 CEMADEN_-_Cambará_do_Sul_-_G2-430360802A_(953_m) -999.9 -999.9 -999.9 -999.9 -999.9 -999.9 -999.9 -999.9 Rio_Grande_do_Sul CEMADEN -999.9 1.0 -999.9
-28.97216 -50.05423 17896 2026-07-28_14:00 -999.9 -999.9 -999.9 -999.9 -999.9 -999.9 -999.9 -999.9 -999.9 -999.9 -999.9 -999.9 -999.9 -999.9 -999.9 -999.9 4.4 47.2 63.2 63.4 63.8 69.2 -999.9 -999.9 -999.9 -999.9 -999.9 CEMADEN_-_Cambará_do_Sul_-_G2-430360802A_(953_m) -999.9 -999.9 -999.9 -999.9 -999.9 -999.9 -999.9 -999.9 Rio_Grande_do_Sul CEMADEN -999.9 1.2 -999.9
-28.97216 -50.05423 17896 2026-07-28_14:10 -999.9 -999.9 -999.9 -999.9 -999.9 -999.9 -999.9 -999.9 -999.9 -999.9 -999.9 -999.9 -999.9 -999.9 -999.9 -999.9 3.4 47.8 63.8 64.0 64.4 69.8 -999.9 -999.9 -999.9 -999.9 -999.9 CEMADEN_-_Cambará_do_Sul_-_G2-430360802A_(953_m) -999.9 -999.9 -999.9 -999.9 -999.9 -999.9 -999.9 -999.9 Rio_Grande_do_Sul CEMADEN -999.9 0.6 -999.9
-28.97216 -50.05423 17896 2026-07-28_14:20 -999.9 -999.9 -999.9 -999.9 -999.9 -999.9 -999.9 -999.9 -999.9 -999.9 -999.9 -999.9 -999.9 -999.9 -999.9 -999.9 3.2 48.2 64.2 64.4 64.8 70.2 -999.9 -999.9 -999.9 -999.9 -999.9 CEMADEN_-_Cambará_do_Sul_-_G2-430360802A_(953_m) -999.9 -999.9 -999.9 -999.9 -999.9 -999.9 -999.9 -999.9 Rio_Grande_do_Sul CEMADEN -999.9 0.4 -999.9
-28.97216 -50.05423 17896 2026-07-28_14:40 -999.9 -999.9 -999.9 -999.9 -999.9 -999.9 -999.9 -999.9 -999.9 -999.9 -999.9 -999.9 -999.9 -999.9 -999.9 -999.9 1.2 48.4 64.4 64.6 65.0 70.4 -999.9 -999.9 -999.9 -999.9 -999.9 CEMADEN_-_Cambará_do_Sul_-_G2-430360802A_(953_m) -999.9 -999.9 -999.9 -999.9 -999.9 -999.9 -999.9 -999.9 Rio_Grande_do_Sul CEMADEN -999.9 0.2 -999.9
-28.97216 -50.05423 17896 2026-07-28_15:10 -999.9 -999.9 -999.9 -999.9 -999.9 -999.9 -999.9 -999.9 -999.9 -999.9 -999.9 -999.9 -999.9 -999.9 -999.9 -999.9 0.4 48.8 60.6 65.0 65.4 70.8 -999.9 -999.9 -999.9 -999.9 -999.9 CEMADEN_-_Cambará_do_Sul_-_G2-430360802A_(953_m) -999.9 -999.9 -999.9 -999.9 -999.9 -999.9 -999.9 -999.9 Rio_Grande_do_Sul CEMADEN -999.9 0.4 -999.9
-28.97216 -50.05423 17896 2026-07-28_15:40 -999.9 -999.9 -999.9 -999.9 -999.9 -999.9 -999.9 -999.9 -999.9 -999.9 -999.9 -999.9 -999.9 -999.9 -999.9 -999.9 0.6 49.0 60.6 65.2 65.6 71.0 -999.9 -999.9 -999.9 -999.9 -999.9 CEMADEN_-_Cambará_do_Sul_-_G2-430360802A_(953_m) -999.9 -999.9 -999.9 -999.9 -999.9 -999.9 -999.9 -999.9 Rio_Grande_do_Sul CEMADEN -999.9 0.2 -999.9
-28.97216 -50.05423 17896 2026-07-28_15:50 -999.9 -999.9 -999.9 -999.9 -999.9 -999.9 -999.9 -999.9 -999.9 -999.9 -999.9 -999.9 -999.9 -999.9 -999.9 -999.9 0.8 49.2 60.8 65.4 65.8 71.2 -999.9 -999.9 -999.9 -999.9 -999.9 CEMADEN_-_Cambará_do_Sul_-_G2-430360802A_(953_m) -999.9 -999.9 -999.9 -999.9 -999.9 -999.9 -999.9 -999.9 Rio_Grande_do_Sul CEMADEN -999.9 0.2 -999.9
-28.97216 -50.05423 17896 2026-07-28_16:00 -999.9 -999.9 -999.9 -999.9 -999.9 -999.9 -999.9 -999.9 -999.9 -999.9 -999.9 -999.9 -999.9 -999.9 -999.9 -999.9 0.8 49.6 60.8 65.8 66.2 71.6 -999.9 -999.9 -999.9 -999.9 -999.9 CEMADEN_-_Cambará_do_Sul_-_G2-430360802A_(953_m) -999.9 -999.9 -999.9 -999.9 -999.9 -999.9 -999.9 -999.9 Rio_Grande_do_Sul CEMADEN -999.9 0.4 -999.9
-28.97216 -50.05423 17896 2026-07-28_16:10 -999.9 -999.9 -999.9 -999.9 -999.9 -999.9 -999.9 -999.9 -999.9 -999.9 -999.9 -999.9 -999.9 -999.9 -999.9 -999.9 1.6 50.4 61.2 66.6 67.0 72.4 -999.9 -999.9 -999.9 -999.9 -999.9 CEMADEN_-_Cambará_do_Sul_-_G2-430360802A_(953_m) -999.9 -999.9 -999.9 -999.9 -999.9 -999.9 -999.9 -999.9 Rio_Grande_do_Sul CEMADEN -999.9 0.8 -999.9
-28.97216 -50.05423 17896 2026-07-28_16:20 -999.9 -999.9 -999.9 -999.9 -999.9 -999.9 -999.9 -999.9 -999.9 -999.9 -999.9 -999.9 -999.9 -999.9 -999.9 -999.9 1.8 50.6 61.4 66.8 67.2 72.6 -999.9 -999.9 -999.9 -999.9 -999.9 CEMADEN_-_Cambará_do_Sul_-_G2-430360802A_(953_m) -999.9 -999.9 -999.9 -999.9 -999.9 -999.9 -999.9 -999.9 Rio_Grande_do_Sul CEMADEN -999.9 0.2 -999.9
-28.97216 -50.05423 17896 2026-07-28_16:30 -999.9 -999.9 -999.9 -999.9 -999.9 -999.9 -999.9 -999.9 -999.9 -999.9 -999.9 -999.9 -999.9 -999.9 -999.9 -999.9 1.8 50.8 61.4 67.0 67.4 72.8 -999.9 -999.9 -999.9 -999.9 -999.9 CEMADEN_-_Cambará_do_Sul_-_G2-430360802A_(953_m) -999.9 -999.9 -999.9 -999.9 -999.9 -999.9 -999.9 -999.9 Rio_Grande_do_Sul CEMADEN -999.9 0.2 -999.9
-28.97216 -50.05423 17896 2026-07-28_16:40 -999.9 -999.9 -999.9 -999.9 -999.9 -999.9 -999.9 -999.9 -999.9 -999.9 -999.9 -999.9 -999.9 -999.9 -999.9 -999.9 2.6 51.8 61.8 68.0 68.4 73.8 -999.9 -999.9 -999.9 -999.9 -999.9 CEMADEN_-_Cambará_do_Sul_-_G2-430360802A_(953_m) -999.9 -999.9 -999.9 -999.9 -999.9 -999.9 -999.9 -999.9 Rio_Grande_do_Sul CEMADEN -999.9 1.0 -999.9
-28.97216 -50.05423 17896 2026-07-28_16:50 -999.9 -999.9 -999.9 -999.9 -999.9 -999.9 -999.9 -999.9 -999.9 -999.9 -999.9 -999.9 -999.9 -999.9 -999.9 -999.9 2.4 52.0 60.2 68.2 68.6 74.0 -999.9 -999.9 -999.9 -999.9 -999.9 CEMADEN_-_Cambará_do_Sul_-_G2-430360802A_(953_m) -999.9 -999.9 -999.9 -999.9 -999.9 -999.9 -999.9 -999.9 Rio_Grande_do_Sul CEMADEN -999.9 0.2 -999.9
-28.97216 -50.05423 17896 2026-07-28_17:10 -999.9 -999.9 -999.9 -999.9 -999.9 -999.9 -999.9 -999.9 -999.9 -999.9 -999.9 -999.9 -999.9 -999.9 -999.9 -999.9 1.2 52.0 58.8 68.2 68.6 74.0 -999.9 -999.9 -999.9 -999.9 -999.9 CEMADEN_-_Cambará_do_Sul_-_G2-430360802A_(953_m) -999.9 -999.9 -999.9 -999.9 -999.9 -999.9 -999.9 -999.9 Rio_Grande_do_Sul CEMADEN -999.9 0.0 -999.9
-28.97216 -50.05423 17896 2026-07-28_17:30 -999.9 -999.9 -999.9 -999.9 -999.9 -999.9 -999.9 -999.9 -999.9 -999.9 -999.9 -999.9 -999.9 -999.9 -999.9 -999.9 0.4 52.4 58.8 68.6 69.0 74.4 -999.9 -999.9 -999.9 -999.9 -999.9 CEMADEN_-_Cambará_do_Sul_-_G2-430360802A_(953_m) -999.9 -999.9 -999.9 -999.9 -999.9 -999.9 -999.9 -999.9 Rio_Grande_do_Sul CEMADEN -999.9 0.4 -999.9
-28.97216 -50.05423 17896 2026-07-28_18:00 -999.9 -999.9 -999.9 -999.9 -999.9 -999.9 -999.9 -999.9 -999.9 -999.9 -999.9 -999.9 -999.9 -999.9 -999.9 -999.9 -999.9 52.8 59.2 69.0 69.4 74.8 -999.9 -999.9 -999.9 -999.9 -999.9 CEMADEN_-_Cambará_do_Sul_-_G2-430360802A_(953_m) -999.9 -999.9 -999.9 -999.9 -999.9 -999.9 -999.9 -999.9 Rio_Grande_do_Sul CEMADEN -999.9 0.4 -999.9
-28.97216 -50.05423 17896 2026-07-28_19:10 -999.9 -999.9 -999.9 -999.9 -999.9 -999.9 -999.9 -999.9 -999.9 -999.9 -999.9 -999.9 -999.9 -999.9 -999.9 -999.9 -999.9 52.8 59.2 69.0 69.4 74.8 -999.9 -999.9 -999.9 -999.9 -999.9 CEMADEN_-_Cambará_do_Sul_-_G2-430360802A_(953_m) -999.9 -999.9 -999.9 -999.9 -999.9 -999.9 -999.9 -999.9 Rio_Grande_do_Sul CEMADEN -999.9 0.0 -999.9
-28.97216 -50.05423 17896 2026-07-28_20:10 -999.9 -999.9 -999.9 -999.9 -999.9 -999.9 -999.9 -999.9 -999.9 -999.9 -999.9 -999.9 -999.9 -999.9 -999.9 -999.9 -999.9 52.8 59.2 69.0 69.4 74.8 -999.9 -999.9 -999.9 -999.9 -999.9 CEMADEN_-_Cambará_do_Sul_-_G2-430360802A_(953_m) -999.9 -999.9 -999.9 -999.9 -999.9 -999.9 -999.9 -999.9 Rio_Grande_do_Sul CEMADEN -999.9 0.0 -999.9
-28.97216 -50.05423 17896 2026-07-28_21:10 -999.9 -999.9 -999.9 -999.9 -999.9 -999.9 -999.9 -999.9 -999.9 -999.9 -999.9 -999.9 -999.9 -999.9 -999.9 -999.9 0.6 53.4 59.8 69.6 70.0 75.4 -999.9 -999.9 -999.9 -999.9 -999.9 CEMADEN_-_Cambará_do_Sul_-_G2-430360802A_(953_m) -999.9 -999.9 -999.9 -999.9 -999.9 -999.9 -999.9 -999.9 Rio_Grande_do_Sul CEMADEN -999.9 0.6 -999.9
-28.97216 -50.05423 17896 2026-07-28_22:10 -999.9 -999.9 -999.9 -999.9 -999.9 -999.9 -999.9 -999.9 -999.9 -999.9 -999.9 -999.9 -999.9 -999.9 -999.9 -999.9 -999.9 53.4 59.8 69.6 70.0 75.4 -999.9 -999.9 -999.9 -999.9 -999.9 CEMADEN_-_Cambará_do_Sul_-_G2-430360802A_(953_m) -999.9 -999.9 -999.9 -999.9 -999.9 -999.9 -999.9 -999.9 Rio_Grande_do_Sul CEMADEN -999.9 0.0 -999.9
-28.97216 -50.05423 17896 2026-07-28_23:10 -999.9 -999.9 -999.9 -999.9 -999.9 -999.9 -999.9 -999.9 -999.9 -999.9 -999.9 -999.9 -999.9 -999.9 -999.9 -999.9 -999.9 53.2 59.8 69.6 69.8 75.2 -999.9 -999.9 -999.9 -999.9 -999.9 CEMADEN_-_Cambará_do_Sul_-_G2-430360802A_(953_m) -999.9 -999.9 -999.9 -999.9 -999.9 -999.9 -999.9 -999.9 Rio_Grande_do_Sul CEMADEN -999.9 -0.2 -999.9
