-28.74094 -51.70108 17795 2026-08-09_00:10 -999.9 -999.9 -999.9 -999.9 -999.9 -999.9 -999.9 -999.9 -999.9 -999.9 -999.9 -999.9 -999.9 -999.9 -999.9 -999.9 -999.9 0.0 2.8 36.0 36.4 70.2 -999.9 -999.9 -999.9 -999.9 -999.9 CEMADEN_-_Nova_Bassano_-_G2-431290601A_(544_m) -999.9 -999.9 -999.9 -999.9 -999.9 -999.9 -999.9 -999.9 Rio_Grande_do_Sul CEMADEN -999.9 0.0 -999.9
-28.74094 -51.70108 17795 2026-08-09_01:10 -999.9 -999.9 -999.9 -999.9 -999.9 -999.9 -999.9 -999.9 -999.9 -999.9 -999.9 -999.9 -999.9 -999.9 -999.9 -999.9 -999.9 0.0 2.2 36.0 36.4 70.2 -999.9 -999.9 -999.9 -999.9 -999.9 CEMADEN_-_Nova_Bassano_-_G2-431290601A_(544_m) -999.9 -999.9 -999.9 -999.9 -999.9 -999.9 -999.9 -999.9 Rio_Grande_do_Sul CEMADEN -999.9 0.0 -999.9
-28.74094 -51.70108 17795 2026-08-09_02:10 -999.9 -999.9 -999.9 -999.9 -999.9 -999.9 -999.9 -999.9 -999.9 -999.9 -999.9 -999.9 -999.9 -999.9 -999.9 -999.9 -999.9 0.0 2.2 36.0 36.4 70.2 -999.9 -999.9 -999.9 -999.9 -999.9 CEMADEN_-_Nova_Bassano_-_G2-431290601A_(544_m) -999.9 -999.9 -999.9 -999.9 -999.9 -999.9 -999.9 -999.9 Rio_Grande_do_Sul CEMADEN -999.9 0.0 -999.9
-28.74094 -51.70108 17795 2026-08-09_03:10 -999.9 -999.9 -999.9 -999.9 -999.9 -999.9 -999.9 -999.9 -999.9 -999.9 -999.9 -999.9 -999.9 -999.9 -999.9 -999.9 -999.9 0.0 2.2 36.0 36.4 70.2 -999.9 -999.9 -999.9 -999.9 -999.9 CEMADEN_-_Nova_Bassano_-_G2-431290601A_(544_m) -999.9 -999.9 -999.9 -999.9 -999.9 -999.9 -999.9 -999.9 Rio_Grande_do_Sul CEMADEN -999.9 0.0 -999.9
-28.74094 -51.70108 17795 2026-08-09_04:10 -999.9 -999.9 -999.9 -999.9 -999.9 -999.9 -999.9 -999.9 -999.9 -999.9 -999.9 -999.9 -999.9 -999.9 -999.9 -999.9 -999.9 0.0 2.2 36.0 36.4 70.2 -999.9 -999.9 -999.9 -999.9 -999.9 CEMADEN_-_Nova_Bassano_-_G2-431290601A_(544_m) -999.9 -999.9 -999.9 -999.9 -999.9 -999.9 -999.9 -999.9 Rio_Grande_do_Sul CEMADEN -999.9 0.0 -999.9
-28.74094 -51.70108 17795 2026-08-09_04:50 -999.9 -999.9 -999.9 -999.9 -999.9 -999.9 -999.9 -999.9 -999.9 -999.9 -999.9 -999.9 -999.9 -999.9 -999.9 -999.9 0.2 0.2 2.4 36.2 36.6 70.4 -999.9 -999.9 -999.9 -999.9 -999.9 CEMADEN_-_Nova_Bassano_-_G2-431290601A_(544_m) -999.9 -999.9 -999.9 -999.9 -999.9 -999.9 -999.9 -999.9 Rio_Grande_do_Sul CEMADEN -999.9 0.2 -999.9
-28.74094 -51.70108 17795 2026-08-09_05:10 -999.9 -999.9 -999.9 -999.9 -999.9 -999.9 -999.9 -999.9 -999.9 -999.9 -999.9 -999.9 -999.9 -999.9 -999.9 -999.9 -999.9 0.2 2.4 36.2 36.6 70.4 -999.9 -999.9 -999.9 -999.9 -999.9 CEMADEN_-_Nova_Bassano_-_G2-431290601A_(544_m) -999.9 -999.9 -999.9 -999.9 -999.9 -999.9 -999.9 -999.9 Rio_Grande_do_Sul CEMADEN -999.9 0.0 -999.9
-28.74094 -51.70108 17795 2026-08-09_06:10 -999.9 -999.9 -999.9 -999.9 -999.9 -999.9 -999.9 -999.9 -999.9 -999.9 -999.9 -999.9 -999.9 -999.9 -999.9 -999.9 -999.9 0.2 2.4 36.2 36.6 70.4 -999.9 -999.9 -999.9 -999.9 -999.9 CEMADEN_-_Nova_Bassano_-_G2-431290601A_(544_m) -999.9 -999.9 -999.9 -999.9 -999.9 -999.9 -999.9 -999.9 Rio_Grande_do_Sul CEMADEN -999.9 0.0 -999.9
-28.74094 -51.70108 17795 2026-08-09_07:10 -999.9 -999.9 -999.9 -999.9 -999.9 -999.9 -999.9 -999.9 -999.9 -999.9 -999.9 -999.9 -999.9 -999.9 -999.9 -999.9 -999.9 -0.2 2.4 36.2 36.2 70.0 -999.9 -999.9 -999.9 -999.9 -999.9 CEMADEN_-_Nova_Bassano_-_G2-431290601A_(544_m) -999.9 -999.9 -999.9 -999.9 -999.9 -999.9 -999.9 -999.9 Rio_Grande_do_Sul CEMADEN -999.9 -0.4 -999.9
-28.74094 -51.70108 17795 2026-08-09_08:10 -999.9 -999.9 -999.9 -999.9 -999.9 -999.9 -999.9 -999.9 -999.9 -999.9 -999.9 -999.9 -999.9 -999.9 -999.9 -999.9 -999.9 -0.2 2.4 36.2 36.2 70.0 -999.9 -999.9 -999.9 -999.9 -999.9 CEMADEN_-_Nova_Bassano_-_G2-431290601A_(544_m) -999.9 -999.9 -999.9 -999.9 -999.9 -999.9 -999.9 -999.9 Rio_Grande_do_Sul CEMADEN -999.9 0.0 -999.9
-28.74094 -51.70108 17795 2026-08-09_09:10 -999.9 -999.9 -999.9 -999.9 -999.9 -999.9 -999.9 -999.9 -999.9 -999.9 -999.9 -999.9 -999.9 -999.9 -999.9 -999.9 -999.9 -0.2 2.4 36.2 36.2 70.0 -999.9 -999.9 -999.9 -999.9 -999.9 CEMADEN_-_Nova_Bassano_-_G2-431290601A_(544_m) -999.9 -999.9 -999.9 -999.9 -999.9 -999.9 -999.9 -999.9 Rio_Grande_do_Sul CEMADEN -999.9 0.0 -999.9
-28.74094 -51.70108 17795 2026-08-09_10:10 -999.9 -999.9 -999.9 -999.9 -999.9 -999.9 -999.9 -999.9 -999.9 -999.9 -999.9 -999.9 -999.9 -999.9 -999.9 -999.9 -999.9 -0.2 2.4 36.2 36.2 70.0 -999.9 -999.9 -999.9 -999.9 -999.9 CEMADEN_-_Nova_Bassano_-_G2-431290601A_(544_m) -999.9 -999.9 -999.9 -999.9 -999.9 -999.9 -999.9 -999.9 Rio_Grande_do_Sul CEMADEN -999.9 0.0 -999.9
-28.74094 -51.70108 17795 2026-08-09_11:10 -999.9 -999.9 -999.9 -999.9 -999.9 -999.9 -999.9 -999.9 -999.9 -999.9 -999.9 -999.9 -999.9 -999.9 -999.9 -999.9 -999.9 -0.2 2.4 36.2 36.2 70.0 -999.9 -999.9 -999.9 -999.9 -999.9 CEMADEN_-_Nova_Bassano_-_G2-431290601A_(544_m) -999.9 -999.9 -999.9 -999.9 -999.9 -999.9 -999.9 -999.9 Rio_Grande_do_Sul CEMADEN -999.9 0.0 -999.9
-28.74094 -51.70108 17795 2026-08-09_12:10 -999.9 -999.9 -999.9 -999.9 -999.9 -999.9 -999.9 -999.9 -999.9 -999.9 -999.9 -999.9 -999.9 -999.9 -999.9 -999.9 -999.9 -0.2 2.4 28.2 36.2 70.0 -999.9 -999.9 -999.9 -999.9 -999.9 CEMADEN_-_Nova_Bassano_-_G2-431290601A_(544_m) -999.9 -999.9 -999.9 -999.9 -999.9 -999.9 -999.9 -999.9 Rio_Grande_do_Sul CEMADEN -999.9 0.0 -999.9
-28.74094 -51.70108 17795 2026-08-09_13:10 -999.9 -999.9 -999.9 -999.9 -999.9 -999.9 -999.9 -999.9 -999.9 -999.9 -999.9 -999.9 -999.9 -999.9 -999.9 -999.9 -999.9 -0.2 2.4 27.8 36.2 70.0 -999.9 -999.9 -999.9 -999.9 -999.9 CEMADEN_-_Nova_Bassano_-_G2-431290601A_(544_m) -999.9 -999.9 -999.9 -999.9 -999.9 -999.9 -999.9 -999.9 Rio_Grande_do_Sul CEMADEN -999.9 0.0 -999.9
-28.74094 -51.70108 17795 2026-08-09_14:10 -999.9 -999.9 -999.9 -999.9 -999.9 -999.9 -999.9 -999.9 -999.9 -999.9 -999.9 -999.9 -999.9 -999.9 -999.9 -999.9 -999.9 -0.2 2.4 27.4 36.2 70.0 -999.9 -999.9 -999.9 -999.9 -999.9 CEMADEN_-_Nova_Bassano_-_G2-431290601A_(544_m) -999.9 -999.9 -999.9 -999.9 -999.9 -999.9 -999.9 -999.9 Rio_Grande_do_Sul CEMADEN -999.9 0.0 -999.9
-28.74094 -51.70108 17795 2026-08-09_15:10 -999.9 -999.9 -999.9 -999.9 -999.9 -999.9 -999.9 -999.9 -999.9 -999.9 -999.9 -999.9 -999.9 -999.9 -999.9 -999.9 -999.9 -0.2 2.4 27.4 36.2 70.0 -999.9 -999.9 -999.9 -999.9 -999.9 CEMADEN_-_Nova_Bassano_-_G2-431290601A_(544_m) -999.9 -999.9 -999.9 -999.9 -999.9 -999.9 -999.9 -999.9 Rio_Grande_do_Sul CEMADEN -999.9 0.0 -999.9
-28.74094 -51.70108 17795 2026-08-09_16:10 -999.9 -999.9 -999.9 -999.9 -999.9 -999.9 -999.9 -999.9 -999.9 -999.9 -999.9 -999.9 -999.9 -999.9 -999.9 -999.9 -999.9 -0.2 2.4 27.4 36.2 70.0 -999.9 -999.9 -999.9 -999.9 -999.9 CEMADEN_-_Nova_Bassano_-_G2-431290601A_(544_m) -999.9 -999.9 -999.9 -999.9 -999.9 -999.9 -999.9 -999.9 Rio_Grande_do_Sul CEMADEN -999.9 0.0 -999.9
-28.74094 -51.70108 17795 2026-08-09_17:10 -999.9 -999.9 -999.9 -999.9 -999.9 -999.9 -999.9 -999.9 -999.9 -999.9 -999.9 -999.9 -999.9 -999.9 -999.9 -999.9 -999.9 -0.2 2.4 27.4 36.2 70.0 -999.9 -999.9 -999.9 -999.9 -999.9 CEMADEN_-_Nova_Bassano_-_G2-431290601A_(544_m) -999.9 -999.9 -999.9 -999.9 -999.9 -999.9 -999.9 -999.9 Rio_Grande_do_Sul CEMADEN -999.9 0.0 -999.9
-28.74094 -51.70108 17795 2026-08-09_18:10 -999.9 -999.9 -999.9 -999.9 -999.9 -999.9 -999.9 -999.9 -999.9 -999.9 -999.9 -999.9 -999.9 -999.9 -999.9 -999.9 -999.9 -0.2 2.4 26.2 36.2 70.0 -999.9 -999.9 -999.9 -999.9 -999.9 CEMADEN_-_Nova_Bassano_-_G2-431290601A_(544_m) -999.9 -999.9 -999.9 -999.9 -999.9 -999.9 -999.9 -999.9 Rio_Grande_do_Sul CEMADEN -999.9 0.0 -999.9
-28.74094 -51.70108 17795 2026-08-09_19:10 -999.9 -999.9 -999.9 -999.9 -999.9 -999.9 -999.9 -999.9 -999.9 -999.9 -999.9 -999.9 -999.9 -999.9 -999.9 -999.9 -999.9 -0.2 2.4 25.4 36.2 70.0 -999.9 -999.9 -999.9 -999.9 -999.9 CEMADEN_-_Nova_Bassano_-_G2-431290601A_(544_m) -999.9 -999.9 -999.9 -999.9 -999.9 -999.9 -999.9 -999.9 Rio_Grande_do_Sul CEMADEN -999.9 0.0 -999.9
-28.74094 -51.70108 17795 2026-08-09_20:10 -999.9 -999.9 -999.9 -999.9 -999.9 -999.9 -999.9 -999.9 -999.9 -999.9 -999.9 -999.9 -999.9 -999.9 -999.9 -999.9 -999.9 -0.2 2.4 25.2 36.2 70.0 -999.9 -999.9 -999.9 -999.9 -999.9 CEMADEN_-_Nova_Bassano_-_G2-431290601A_(544_m) -999.9 -999.9 -999.9 -999.9 -999.9 -999.9 -999.9 -999.9 Rio_Grande_do_Sul CEMADEN -999.9 0.0 -999.9
-28.74094 -51.70108 17795 2026-08-09_21:10 -999.9 -999.9 -999.9 -999.9 -999.9 -999.9 -999.9 -999.9 -999.9 -999.9 -999.9 -999.9 -999.9 -999.9 -999.9 -999.9 -999.9 -0.2 2.4 13.4 36.2 70.0 -999.9 -999.9 -999.9 -999.9 -999.9 CEMADEN_-_Nova_Bassano_-_G2-431290601A_(544_m) -999.9 -999.9 -999.9 -999.9 -999.9 -999.9 -999.9 -999.9 Rio_Grande_do_Sul CEMADEN -999.9 0.0 -999.9
-28.74094 -51.70108 17795 2026-08-09_22:10 -999.9 -999.9 -999.9 -999.9 -999.9 -999.9 -999.9 -999.9 -999.9 -999.9 -999.9 -999.9 -999.9 -999.9 -999.9 -999.9 -999.9 -0.2 2.4 4.0 36.2 70.0 -999.9 -999.9 -999.9 -999.9 -999.9 CEMADEN_-_Nova_Bassano_-_G2-431290601A_(544_m) -999.9 -999.9 -999.9 -999.9 -999.9 -999.9 -999.9 -999.9 Rio_Grande_do_Sul CEMADEN -999.9 0.0 -999.9
-28.74094 -51.70108 17795 2026-08-09_23:10 -999.9 -999.9 -999.9 -999.9 -999.9 -999.9 -999.9 -999.9 -999.9 -999.9 -999.9 -999.9 -999.9 -999.9 -999.9 -999.9 -999.9 -0.2 2.4 3.0 36.2 70.0 -999.9 -999.9 -999.9 -999.9 -999.9 CEMADEN_-_Nova_Bassano_-_G2-431290601A_(544_m) -999.9 -999.9 -999.9 -999.9 -999.9 -999.9 -999.9 -999.9 Rio_Grande_do_Sul CEMADEN -999.9 0.0 -999.9
