-29.06439 -51.28956 16912 2026-07-14_00:10 -999.9 -999.9 -999.9 -999.9 -999.9 -999.9 -999.9 -999.9 -999.9 -999.9 -999.9 -999.9 -999.9 -999.9 -999.9 -999.9 -999.9 0.0 1.6 2.6 3.0 4.0 -999.9 -999.9 -999.9 -999.9 -999.9 CEMADEN_-_Flores_da_Cunha_-_G2-430820102A_(746_m) -999.9 -999.9 -999.9 -999.9 -999.9 -999.9 -999.9 -999.9 Rio_Grande_do_Sul CEMADEN -999.9 0.0 -999.9
-29.06439 -51.28956 16912 2026-07-14_01:10 -999.9 -999.9 -999.9 -999.9 -999.9 -999.9 -999.9 -999.9 -999.9 -999.9 -999.9 -999.9 -999.9 -999.9 -999.9 -999.9 -999.9 0.0 1.4 2.6 3.0 4.0 -999.9 -999.9 -999.9 -999.9 -999.9 CEMADEN_-_Flores_da_Cunha_-_G2-430820102A_(746_m) -999.9 -999.9 -999.9 -999.9 -999.9 -999.9 -999.9 -999.9 Rio_Grande_do_Sul CEMADEN -999.9 0.0 -999.9
-29.06439 -51.28956 16912 2026-07-14_02:10 -999.9 -999.9 -999.9 -999.9 -999.9 -999.9 -999.9 -999.9 -999.9 -999.9 -999.9 -999.9 -999.9 -999.9 -999.9 -999.9 -999.9 0.0 1.4 2.4 3.0 4.0 -999.9 -999.9 -999.9 -999.9 -999.9 CEMADEN_-_Flores_da_Cunha_-_G2-430820102A_(746_m) -999.9 -999.9 -999.9 -999.9 -999.9 -999.9 -999.9 -999.9 Rio_Grande_do_Sul CEMADEN -999.9 0.0 -999.9
-29.06439 -51.28956 16912 2026-07-14_03:10 -999.9 -999.9 -999.9 -999.9 -999.9 -999.9 -999.9 -999.9 -999.9 -999.9 -999.9 -999.9 -999.9 -999.9 -999.9 -999.9 -999.9 0.0 1.4 2.4 3.0 4.0 -999.9 -999.9 -999.9 -999.9 -999.9 CEMADEN_-_Flores_da_Cunha_-_G2-430820102A_(746_m) -999.9 -999.9 -999.9 -999.9 -999.9 -999.9 -999.9 -999.9 Rio_Grande_do_Sul CEMADEN -999.9 0.0 -999.9
-29.06439 -51.28956 16912 2026-07-14_04:10 -999.9 -999.9 -999.9 -999.9 -999.9 -999.9 -999.9 -999.9 -999.9 -999.9 -999.9 -999.9 -999.9 -999.9 -999.9 -999.9 -999.9 0.0 1.2 2.4 3.0 4.0 -999.9 -999.9 -999.9 -999.9 -999.9 CEMADEN_-_Flores_da_Cunha_-_G2-430820102A_(746_m) -999.9 -999.9 -999.9 -999.9 -999.9 -999.9 -999.9 -999.9 Rio_Grande_do_Sul CEMADEN -999.9 0.0 -999.9
-29.06439 -51.28956 16912 2026-07-14_05:10 -999.9 -999.9 -999.9 -999.9 -999.9 -999.9 -999.9 -999.9 -999.9 -999.9 -999.9 -999.9 -999.9 -999.9 -999.9 -999.9 -999.9 0.0 1.2 2.4 3.0 4.0 -999.9 -999.9 -999.9 -999.9 -999.9 CEMADEN_-_Flores_da_Cunha_-_G2-430820102A_(746_m) -999.9 -999.9 -999.9 -999.9 -999.9 -999.9 -999.9 -999.9 Rio_Grande_do_Sul CEMADEN -999.9 0.0 -999.9
-29.06439 -51.28956 16912 2026-07-14_06:10 -999.9 -999.9 -999.9 -999.9 -999.9 -999.9 -999.9 -999.9 -999.9 -999.9 -999.9 -999.9 -999.9 -999.9 -999.9 -999.9 -999.9 0.0 1.2 2.4 3.0 4.0 -999.9 -999.9 -999.9 -999.9 -999.9 CEMADEN_-_Flores_da_Cunha_-_G2-430820102A_(746_m) -999.9 -999.9 -999.9 -999.9 -999.9 -999.9 -999.9 -999.9 Rio_Grande_do_Sul CEMADEN -999.9 0.0 -999.9
-29.06439 -51.28956 16912 2026-07-14_06:30 -999.9 -999.9 -999.9 -999.9 -999.9 -999.9 -999.9 -999.9 -999.9 -999.9 -999.9 -999.9 -999.9 -999.9 -999.9 -999.9 0.2 0.2 1.4 2.6 3.2 4.2 -999.9 -999.9 -999.9 -999.9 -999.9 CEMADEN_-_Flores_da_Cunha_-_G2-430820102A_(746_m) -999.9 -999.9 -999.9 -999.9 -999.9 -999.9 -999.9 -999.9 Rio_Grande_do_Sul CEMADEN -999.9 0.2 -999.9
-29.06439 -51.28956 16912 2026-07-14_07:10 -999.9 -999.9 -999.9 -999.9 -999.9 -999.9 -999.9 -999.9 -999.9 -999.9 -999.9 -999.9 -999.9 -999.9 -999.9 -999.9 -999.9 0.0 1.4 2.6 3.0 4.0 -999.9 -999.9 -999.9 -999.9 -999.9 CEMADEN_-_Flores_da_Cunha_-_G2-430820102A_(746_m) -999.9 -999.9 -999.9 -999.9 -999.9 -999.9 -999.9 -999.9 Rio_Grande_do_Sul CEMADEN -999.9 -0.2 -999.9
-29.06439 -51.28956 16912 2026-07-14_08:10 -999.9 -999.9 -999.9 -999.9 -999.9 -999.9 -999.9 -999.9 -999.9 -999.9 -999.9 -999.9 -999.9 -999.9 -999.9 -999.9 -999.9 0.0 1.2 2.6 3.0 4.0 -999.9 -999.9 -999.9 -999.9 -999.9 CEMADEN_-_Flores_da_Cunha_-_G2-430820102A_(746_m) -999.9 -999.9 -999.9 -999.9 -999.9 -999.9 -999.9 -999.9 Rio_Grande_do_Sul CEMADEN -999.9 0.0 -999.9
-29.06439 -51.28956 16912 2026-07-14_09:10 -999.9 -999.9 -999.9 -999.9 -999.9 -999.9 -999.9 -999.9 -999.9 -999.9 -999.9 -999.9 -999.9 -999.9 -999.9 -999.9 -999.9 0.0 1.0 2.6 3.0 4.0 -999.9 -999.9 -999.9 -999.9 -999.9 CEMADEN_-_Flores_da_Cunha_-_G2-430820102A_(746_m) -999.9 -999.9 -999.9 -999.9 -999.9 -999.9 -999.9 -999.9 Rio_Grande_do_Sul CEMADEN -999.9 0.0 -999.9
-29.06439 -51.28956 16912 2026-07-14_10:10 -999.9 -999.9 -999.9 -999.9 -999.9 -999.9 -999.9 -999.9 -999.9 -999.9 -999.9 -999.9 -999.9 -999.9 -999.9 -999.9 -999.9 0.0 1.0 2.6 3.0 4.0 -999.9 -999.9 -999.9 -999.9 -999.9 CEMADEN_-_Flores_da_Cunha_-_G2-430820102A_(746_m) -999.9 -999.9 -999.9 -999.9 -999.9 -999.9 -999.9 -999.9 Rio_Grande_do_Sul CEMADEN -999.9 0.0 -999.9
-29.06439 -51.28956 16912 2026-07-14_11:10 -999.9 -999.9 -999.9 -999.9 -999.9 -999.9 -999.9 -999.9 -999.9 -999.9 -999.9 -999.9 -999.9 -999.9 -999.9 -999.9 -999.9 0.0 1.0 2.4 3.0 4.0 -999.9 -999.9 -999.9 -999.9 -999.9 CEMADEN_-_Flores_da_Cunha_-_G2-430820102A_(746_m) -999.9 -999.9 -999.9 -999.9 -999.9 -999.9 -999.9 -999.9 Rio_Grande_do_Sul CEMADEN -999.9 0.0 -999.9
-29.06439 -51.28956 16912 2026-07-14_12:10 -999.9 -999.9 -999.9 -999.9 -999.9 -999.9 -999.9 -999.9 -999.9 -999.9 -999.9 -999.9 -999.9 -999.9 -999.9 -999.9 -999.9 0.0 1.0 2.4 3.0 4.0 -999.9 -999.9 -999.9 -999.9 -999.9 CEMADEN_-_Flores_da_Cunha_-_G2-430820102A_(746_m) -999.9 -999.9 -999.9 -999.9 -999.9 -999.9 -999.9 -999.9 Rio_Grande_do_Sul CEMADEN -999.9 0.0 -999.9
-29.06439 -51.28956 16912 2026-07-14_13:10 -999.9 -999.9 -999.9 -999.9 -999.9 -999.9 -999.9 -999.9 -999.9 -999.9 -999.9 -999.9 -999.9 -999.9 -999.9 -999.9 -999.9 0.0 1.0 2.4 3.0 4.0 -999.9 -999.9 -999.9 -999.9 -999.9 CEMADEN_-_Flores_da_Cunha_-_G2-430820102A_(746_m) -999.9 -999.9 -999.9 -999.9 -999.9 -999.9 -999.9 -999.9 Rio_Grande_do_Sul CEMADEN -999.9 0.0 -999.9
-29.06439 -51.28956 16912 2026-07-14_14:10 -999.9 -999.9 -999.9 -999.9 -999.9 -999.9 -999.9 -999.9 -999.9 -999.9 -999.9 -999.9 -999.9 -999.9 -999.9 -999.9 -999.9 0.0 1.0 2.4 3.0 4.0 -999.9 -999.9 -999.9 -999.9 -999.9 CEMADEN_-_Flores_da_Cunha_-_G2-430820102A_(746_m) -999.9 -999.9 -999.9 -999.9 -999.9 -999.9 -999.9 -999.9 Rio_Grande_do_Sul CEMADEN -999.9 0.0 -999.9
-29.06439 -51.28956 16912 2026-07-14_15:10 -999.9 -999.9 -999.9 -999.9 -999.9 -999.9 -999.9 -999.9 -999.9 -999.9 -999.9 -999.9 -999.9 -999.9 -999.9 -999.9 -999.9 0.0 1.0 2.4 3.0 4.0 -999.9 -999.9 -999.9 -999.9 -999.9 CEMADEN_-_Flores_da_Cunha_-_G2-430820102A_(746_m) -999.9 -999.9 -999.9 -999.9 -999.9 -999.9 -999.9 -999.9 Rio_Grande_do_Sul CEMADEN -999.9 0.0 -999.9
-29.06439 -51.28956 16912 2026-07-14_16:10 -999.9 -999.9 -999.9 -999.9 -999.9 -999.9 -999.9 -999.9 -999.9 -999.9 -999.9 -999.9 -999.9 -999.9 -999.9 -999.9 -999.9 0.0 1.0 2.4 3.0 4.0 -999.9 -999.9 -999.9 -999.9 -999.9 CEMADEN_-_Flores_da_Cunha_-_G2-430820102A_(746_m) -999.9 -999.9 -999.9 -999.9 -999.9 -999.9 -999.9 -999.9 Rio_Grande_do_Sul CEMADEN -999.9 0.0 -999.9
-29.06439 -51.28956 16912 2026-07-14_17:10 -999.9 -999.9 -999.9 -999.9 -999.9 -999.9 -999.9 -999.9 -999.9 -999.9 -999.9 -999.9 -999.9 -999.9 -999.9 -999.9 -999.9 0.0 1.0 2.4 3.0 4.0 -999.9 -999.9 -999.9 -999.9 -999.9 CEMADEN_-_Flores_da_Cunha_-_G2-430820102A_(746_m) -999.9 -999.9 -999.9 -999.9 -999.9 -999.9 -999.9 -999.9 Rio_Grande_do_Sul CEMADEN -999.9 0.0 -999.9
-29.06439 -51.28956 16912 2026-07-14_18:10 -999.9 -999.9 -999.9 -999.9 -999.9 -999.9 -999.9 -999.9 -999.9 -999.9 -999.9 -999.9 -999.9 -999.9 -999.9 -999.9 -999.9 0.0 1.0 2.4 3.0 4.0 -999.9 -999.9 -999.9 -999.9 -999.9 CEMADEN_-_Flores_da_Cunha_-_G2-430820102A_(746_m) -999.9 -999.9 -999.9 -999.9 -999.9 -999.9 -999.9 -999.9 Rio_Grande_do_Sul CEMADEN -999.9 0.0 -999.9
-29.06439 -51.28956 16912 2026-07-14_19:10 -999.9 -999.9 -999.9 -999.9 -999.9 -999.9 -999.9 -999.9 -999.9 -999.9 -999.9 -999.9 -999.9 -999.9 -999.9 -999.9 -999.9 0.0 1.0 2.4 3.0 4.0 -999.9 -999.9 -999.9 -999.9 -999.9 CEMADEN_-_Flores_da_Cunha_-_G2-430820102A_(746_m) -999.9 -999.9 -999.9 -999.9 -999.9 -999.9 -999.9 -999.9 Rio_Grande_do_Sul CEMADEN -999.9 0.0 -999.9
-29.06439 -51.28956 16912 2026-07-14_20:10 -999.9 -999.9 -999.9 -999.9 -999.9 -999.9 -999.9 -999.9 -999.9 -999.9 -999.9 -999.9 -999.9 -999.9 -999.9 -999.9 -999.9 0.0 1.0 2.4 3.0 4.0 -999.9 -999.9 -999.9 -999.9 -999.9 CEMADEN_-_Flores_da_Cunha_-_G2-430820102A_(746_m) -999.9 -999.9 -999.9 -999.9 -999.9 -999.9 -999.9 -999.9 Rio_Grande_do_Sul CEMADEN -999.9 0.0 -999.9
-29.06439 -51.28956 16912 2026-07-14_21:10 -999.9 -999.9 -999.9 -999.9 -999.9 -999.9 -999.9 -999.9 -999.9 -999.9 -999.9 -999.9 -999.9 -999.9 -999.9 -999.9 -999.9 0.0 1.0 2.4 3.0 4.0 -999.9 -999.9 -999.9 -999.9 -999.9 CEMADEN_-_Flores_da_Cunha_-_G2-430820102A_(746_m) -999.9 -999.9 -999.9 -999.9 -999.9 -999.9 -999.9 -999.9 Rio_Grande_do_Sul CEMADEN -999.9 0.0 -999.9
-29.06439 -51.28956 16912 2026-07-14_22:10 -999.9 -999.9 -999.9 -999.9 -999.9 -999.9 -999.9 -999.9 -999.9 -999.9 -999.9 -999.9 -999.9 -999.9 -999.9 -999.9 -999.9 -0.2 1.0 2.2 2.8 3.8 -999.9 -999.9 -999.9 -999.9 -999.9 CEMADEN_-_Flores_da_Cunha_-_G2-430820102A_(746_m) -999.9 -999.9 -999.9 -999.9 -999.9 -999.9 -999.9 -999.9 Rio_Grande_do_Sul CEMADEN -999.9 -0.2 -999.9
-29.06439 -51.28956 16912 2026-07-14_23:10 -999.9 -999.9 -999.9 -999.9 -999.9 -999.9 -999.9 -999.9 -999.9 -999.9 -999.9 -999.9 -999.9 -999.9 -999.9 -999.9 -999.9 -0.2 1.0 2.2 2.8 3.8 -999.9 -999.9 -999.9 -999.9 -999.9 CEMADEN_-_Flores_da_Cunha_-_G2-430820102A_(746_m) -999.9 -999.9 -999.9 -999.9 -999.9 -999.9 -999.9 -999.9 Rio_Grande_do_Sul CEMADEN -999.9 0.0 -999.9
