-29.21434 -51.28252 7330 2026-08-30_00:00 -999.9 -999.9 -999.9 -999.9 -999.9 -999.9 -999.9 -999.9 -999.9 -999.9 -999.9 -999.9 -999.9 -999.9 -999.9 -999.9 0.2 0.0 14.6 14.6 14.8 15.0 -999.9 -999.9 -999.9 -999.9 -999.9 CEMADEN_-_Caxias_do_Sul_-_G2-Forqueta_(768_m) -999.9 -999.9 -999.9 -999.9 -999.9 -999.9 -999.9 -999.9 Rio_Grande_do_Sul CEMADEN -999.9 0.0 -999.9
-29.21434 -51.28252 7330 2026-08-30_01:10 -999.9 -999.9 -999.9 -999.9 -999.9 -999.9 -999.9 -999.9 -999.9 -999.9 -999.9 -999.9 -999.9 -999.9 -999.9 -999.9 -999.9 0.0 14.6 14.6 14.8 15.0 -999.9 -999.9 -999.9 -999.9 -999.9 CEMADEN_-_Caxias_do_Sul_-_G2-Forqueta_(768_m) -999.9 -999.9 -999.9 -999.9 -999.9 -999.9 -999.9 -999.9 Rio_Grande_do_Sul CEMADEN -999.9 0.0 -999.9
-29.21434 -51.28252 7330 2026-08-30_01:30 -999.9 -999.9 -999.9 -999.9 -999.9 -999.9 -999.9 -999.9 -999.9 -999.9 -999.9 -999.9 -999.9 -999.9 -999.9 -999.9 0.2 0.2 14.8 14.8 15.0 15.2 -999.9 -999.9 -999.9 -999.9 -999.9 CEMADEN_-_Caxias_do_Sul_-_G2-Forqueta_(768_m) -999.9 -999.9 -999.9 -999.9 -999.9 -999.9 -999.9 -999.9 Rio_Grande_do_Sul CEMADEN -999.9 0.2 -999.9
-29.21434 -51.28252 7330 2026-08-30_02:10 -999.9 -999.9 -999.9 -999.9 -999.9 -999.9 -999.9 -999.9 -999.9 -999.9 -999.9 -999.9 -999.9 -999.9 -999.9 -999.9 -999.9 0.2 14.8 14.8 15.0 15.2 -999.9 -999.9 -999.9 -999.9 -999.9 CEMADEN_-_Caxias_do_Sul_-_G2-Forqueta_(768_m) -999.9 -999.9 -999.9 -999.9 -999.9 -999.9 -999.9 -999.9 Rio_Grande_do_Sul CEMADEN -999.9 0.0 -999.9
-29.21434 -51.28252 7330 2026-08-30_02:50 -999.9 -999.9 -999.9 -999.9 -999.9 -999.9 -999.9 -999.9 -999.9 -999.9 -999.9 -999.9 -999.9 -999.9 -999.9 -999.9 0.2 0.4 15.0 15.0 15.2 15.4 -999.9 -999.9 -999.9 -999.9 -999.9 CEMADEN_-_Caxias_do_Sul_-_G2-Forqueta_(768_m) -999.9 -999.9 -999.9 -999.9 -999.9 -999.9 -999.9 -999.9 Rio_Grande_do_Sul CEMADEN -999.9 0.2 -999.9
-29.21434 -51.28252 7330 2026-08-30_03:10 -999.9 -999.9 -999.9 -999.9 -999.9 -999.9 -999.9 -999.9 -999.9 -999.9 -999.9 -999.9 -999.9 -999.9 -999.9 -999.9 -999.9 0.4 15.0 15.0 15.2 15.4 -999.9 -999.9 -999.9 -999.9 -999.9 CEMADEN_-_Caxias_do_Sul_-_G2-Forqueta_(768_m) -999.9 -999.9 -999.9 -999.9 -999.9 -999.9 -999.9 -999.9 Rio_Grande_do_Sul CEMADEN -999.9 0.0 -999.9
-29.21434 -51.28252 7330 2026-08-30_04:10 -999.9 -999.9 -999.9 -999.9 -999.9 -999.9 -999.9 -999.9 -999.9 -999.9 -999.9 -999.9 -999.9 -999.9 -999.9 -999.9 -999.9 0.4 15.0 15.0 15.2 15.4 -999.9 -999.9 -999.9 -999.9 -999.9 CEMADEN_-_Caxias_do_Sul_-_G2-Forqueta_(768_m) -999.9 -999.9 -999.9 -999.9 -999.9 -999.9 -999.9 -999.9 Rio_Grande_do_Sul CEMADEN -999.9 0.0 -999.9
-29.21434 -51.28252 7330 2026-08-30_04:30 -999.9 -999.9 -999.9 -999.9 -999.9 -999.9 -999.9 -999.9 -999.9 -999.9 -999.9 -999.9 -999.9 -999.9 -999.9 -999.9 0.2 0.6 15.2 15.2 15.4 15.6 -999.9 -999.9 -999.9 -999.9 -999.9 CEMADEN_-_Caxias_do_Sul_-_G2-Forqueta_(768_m) -999.9 -999.9 -999.9 -999.9 -999.9 -999.9 -999.9 -999.9 Rio_Grande_do_Sul CEMADEN -999.9 0.2 -999.9
-29.21434 -51.28252 7330 2026-08-30_05:10 -999.9 -999.9 -999.9 -999.9 -999.9 -999.9 -999.9 -999.9 -999.9 -999.9 -999.9 -999.9 -999.9 -999.9 -999.9 -999.9 -999.9 0.6 15.2 15.2 15.4 15.6 -999.9 -999.9 -999.9 -999.9 -999.9 CEMADEN_-_Caxias_do_Sul_-_G2-Forqueta_(768_m) -999.9 -999.9 -999.9 -999.9 -999.9 -999.9 -999.9 -999.9 Rio_Grande_do_Sul CEMADEN -999.9 0.0 -999.9
-29.21434 -51.28252 7330 2026-08-30_06:00 -999.9 -999.9 -999.9 -999.9 -999.9 -999.9 -999.9 -999.9 -999.9 -999.9 -999.9 -999.9 -999.9 -999.9 -999.9 -999.9 0.2 0.8 15.4 15.4 15.6 15.8 -999.9 -999.9 -999.9 -999.9 -999.9 CEMADEN_-_Caxias_do_Sul_-_G2-Forqueta_(768_m) -999.9 -999.9 -999.9 -999.9 -999.9 -999.9 -999.9 -999.9 Rio_Grande_do_Sul CEMADEN -999.9 0.2 -999.9
-29.21434 -51.28252 7330 2026-08-30_07:10 -999.9 -999.9 -999.9 -999.9 -999.9 -999.9 -999.9 -999.9 -999.9 -999.9 -999.9 -999.9 -999.9 -999.9 -999.9 -999.9 -999.9 0.6 15.4 15.4 15.4 15.6 -999.9 -999.9 -999.9 -999.9 -999.9 CEMADEN_-_Caxias_do_Sul_-_G2-Forqueta_(768_m) -999.9 -999.9 -999.9 -999.9 -999.9 -999.9 -999.9 -999.9 Rio_Grande_do_Sul CEMADEN -999.9 -0.2 -999.9
-29.21434 -51.28252 7330 2026-08-30_07:50 -999.9 -999.9 -999.9 -999.9 -999.9 -999.9 -999.9 -999.9 -999.9 -999.9 -999.9 -999.9 -999.9 -999.9 -999.9 -999.9 0.2 0.8 15.6 15.6 15.6 15.8 -999.9 -999.9 -999.9 -999.9 -999.9 CEMADEN_-_Caxias_do_Sul_-_G2-Forqueta_(768_m) -999.9 -999.9 -999.9 -999.9 -999.9 -999.9 -999.9 -999.9 Rio_Grande_do_Sul CEMADEN -999.9 0.2 -999.9
-29.21434 -51.28252 7330 2026-08-30_08:10 -999.9 -999.9 -999.9 -999.9 -999.9 -999.9 -999.9 -999.9 -999.9 -999.9 -999.9 -999.9 -999.9 -999.9 -999.9 -999.9 -999.9 0.8 15.6 15.6 15.6 15.8 -999.9 -999.9 -999.9 -999.9 -999.9 CEMADEN_-_Caxias_do_Sul_-_G2-Forqueta_(768_m) -999.9 -999.9 -999.9 -999.9 -999.9 -999.9 -999.9 -999.9 Rio_Grande_do_Sul CEMADEN -999.9 0.0 -999.9
-29.21434 -51.28252 7330 2026-08-30_09:10 -999.9 -999.9 -999.9 -999.9 -999.9 -999.9 -999.9 -999.9 -999.9 -999.9 -999.9 -999.9 -999.9 -999.9 -999.9 -999.9 -999.9 0.8 15.4 15.6 15.6 15.8 -999.9 -999.9 -999.9 -999.9 -999.9 CEMADEN_-_Caxias_do_Sul_-_G2-Forqueta_(768_m) -999.9 -999.9 -999.9 -999.9 -999.9 -999.9 -999.9 -999.9 Rio_Grande_do_Sul CEMADEN -999.9 0.0 -999.9
-29.21434 -51.28252 7330 2026-08-30_09:20 -999.9 -999.9 -999.9 -999.9 -999.9 -999.9 -999.9 -999.9 -999.9 -999.9 -999.9 -999.9 -999.9 -999.9 -999.9 -999.9 0.2 1.0 15.2 15.8 15.8 16.0 -999.9 -999.9 -999.9 -999.9 -999.9 CEMADEN_-_Caxias_do_Sul_-_G2-Forqueta_(768_m) -999.9 -999.9 -999.9 -999.9 -999.9 -999.9 -999.9 -999.9 Rio_Grande_do_Sul CEMADEN -999.9 0.2 -999.9
-29.21434 -51.28252 7330 2026-08-30_10:10 -999.9 -999.9 -999.9 -999.9 -999.9 -999.9 -999.9 -999.9 -999.9 -999.9 -999.9 -999.9 -999.9 -999.9 -999.9 -999.9 -999.9 1.0 12.6 15.8 15.8 16.0 -999.9 -999.9 -999.9 -999.9 -999.9 CEMADEN_-_Caxias_do_Sul_-_G2-Forqueta_(768_m) -999.9 -999.9 -999.9 -999.9 -999.9 -999.9 -999.9 -999.9 Rio_Grande_do_Sul CEMADEN -999.9 0.0 -999.9
-29.21434 -51.28252 7330 2026-08-30_11:00 -999.9 -999.9 -999.9 -999.9 -999.9 -999.9 -999.9 -999.9 -999.9 -999.9 -999.9 -999.9 -999.9 -999.9 -999.9 -999.9 0.2 1.2 10.8 16.0 16.0 16.2 -999.9 -999.9 -999.9 -999.9 -999.9 CEMADEN_-_Caxias_do_Sul_-_G2-Forqueta_(768_m) -999.9 -999.9 -999.9 -999.9 -999.9 -999.9 -999.9 -999.9 Rio_Grande_do_Sul CEMADEN -999.9 0.2 -999.9
-29.21434 -51.28252 7330 2026-08-30_12:10 -999.9 -999.9 -999.9 -999.9 -999.9 -999.9 -999.9 -999.9 -999.9 -999.9 -999.9 -999.9 -999.9 -999.9 -999.9 -999.9 -999.9 1.2 10.6 16.0 16.0 16.2 -999.9 -999.9 -999.9 -999.9 -999.9 CEMADEN_-_Caxias_do_Sul_-_G2-Forqueta_(768_m) -999.9 -999.9 -999.9 -999.9 -999.9 -999.9 -999.9 -999.9 Rio_Grande_do_Sul CEMADEN -999.9 0.0 -999.9
-29.21434 -51.28252 7330 2026-08-30_12:20 -999.9 -999.9 -999.9 -999.9 -999.9 -999.9 -999.9 -999.9 -999.9 -999.9 -999.9 -999.9 -999.9 -999.9 -999.9 -999.9 0.2 1.4 10.0 16.2 16.2 16.4 -999.9 -999.9 -999.9 -999.9 -999.9 CEMADEN_-_Caxias_do_Sul_-_G2-Forqueta_(768_m) -999.9 -999.9 -999.9 -999.9 -999.9 -999.9 -999.9 -999.9 Rio_Grande_do_Sul CEMADEN -999.9 0.2 -999.9
-29.21434 -51.28252 7330 2026-08-30_13:10 -999.9 -999.9 -999.9 -999.9 -999.9 -999.9 -999.9 -999.9 -999.9 -999.9 -999.9 -999.9 -999.9 -999.9 -999.9 -999.9 -999.9 1.4 9.6 16.2 16.2 16.4 -999.9 -999.9 -999.9 -999.9 -999.9 CEMADEN_-_Caxias_do_Sul_-_G2-Forqueta_(768_m) -999.9 -999.9 -999.9 -999.9 -999.9 -999.9 -999.9 -999.9 Rio_Grande_do_Sul CEMADEN -999.9 0.0 -999.9
-29.21434 -51.28252 7330 2026-08-30_13:30 -999.9 -999.9 -999.9 -999.9 -999.9 -999.9 -999.9 -999.9 -999.9 -999.9 -999.9 -999.9 -999.9 -999.9 -999.9 -999.9 0.2 1.6 9.4 16.4 16.4 16.6 -999.9 -999.9 -999.9 -999.9 -999.9 CEMADEN_-_Caxias_do_Sul_-_G2-Forqueta_(768_m) -999.9 -999.9 -999.9 -999.9 -999.9 -999.9 -999.9 -999.9 Rio_Grande_do_Sul CEMADEN -999.9 0.2 -999.9
-29.21434 -51.28252 7330 2026-08-30_14:10 -999.9 -999.9 -999.9 -999.9 -999.9 -999.9 -999.9 -999.9 -999.9 -999.9 -999.9 -999.9 -999.9 -999.9 -999.9 -999.9 -999.9 1.6 8.8 16.4 16.4 16.6 -999.9 -999.9 -999.9 -999.9 -999.9 CEMADEN_-_Caxias_do_Sul_-_G2-Forqueta_(768_m) -999.9 -999.9 -999.9 -999.9 -999.9 -999.9 -999.9 -999.9 Rio_Grande_do_Sul CEMADEN -999.9 0.0 -999.9
-29.21434 -51.28252 7330 2026-08-30_15:10 -999.9 -999.9 -999.9 -999.9 -999.9 -999.9 -999.9 -999.9 -999.9 -999.9 -999.9 -999.9 -999.9 -999.9 -999.9 -999.9 0.2 1.8 8.4 16.6 16.6 16.8 -999.9 -999.9 -999.9 -999.9 -999.9 CEMADEN_-_Caxias_do_Sul_-_G2-Forqueta_(768_m) -999.9 -999.9 -999.9 -999.9 -999.9 -999.9 -999.9 -999.9 Rio_Grande_do_Sul CEMADEN -999.9 0.2 -999.9
-29.21434 -51.28252 7330 2026-08-30_16:10 -999.9 -999.9 -999.9 -999.9 -999.9 -999.9 -999.9 -999.9 -999.9 -999.9 -999.9 -999.9 -999.9 -999.9 -999.9 -999.9 -999.9 1.8 8.0 16.6 16.6 16.8 -999.9 -999.9 -999.9 -999.9 -999.9 CEMADEN_-_Caxias_do_Sul_-_G2-Forqueta_(768_m) -999.9 -999.9 -999.9 -999.9 -999.9 -999.9 -999.9 -999.9 Rio_Grande_do_Sul CEMADEN -999.9 0.0 -999.9
-29.21434 -51.28252 7330 2026-08-30_17:10 -999.9 -999.9 -999.9 -999.9 -999.9 -999.9 -999.9 -999.9 -999.9 -999.9 -999.9 -999.9 -999.9 -999.9 -999.9 -999.9 -999.9 1.8 7.6 16.6 16.6 16.8 -999.9 -999.9 -999.9 -999.9 -999.9 CEMADEN_-_Caxias_do_Sul_-_G2-Forqueta_(768_m) -999.9 -999.9 -999.9 -999.9 -999.9 -999.9 -999.9 -999.9 Rio_Grande_do_Sul CEMADEN -999.9 0.0 -999.9
-29.21434 -51.28252 7330 2026-08-30_18:10 -999.9 -999.9 -999.9 -999.9 -999.9 -999.9 -999.9 -999.9 -999.9 -999.9 -999.9 -999.9 -999.9 -999.9 -999.9 -999.9 -999.9 1.8 7.4 16.6 16.6 16.8 -999.9 -999.9 -999.9 -999.9 -999.9 CEMADEN_-_Caxias_do_Sul_-_G2-Forqueta_(768_m) -999.9 -999.9 -999.9 -999.9 -999.9 -999.9 -999.9 -999.9 Rio_Grande_do_Sul CEMADEN -999.9 0.0 -999.9
-29.21434 -51.28252 7330 2026-08-30_18:20 -999.9 -999.9 -999.9 -999.9 -999.9 -999.9 -999.9 -999.9 -999.9 -999.9 -999.9 -999.9 -999.9 -999.9 -999.9 -999.9 0.2 2.0 7.4 16.8 16.8 17.0 -999.9 -999.9 -999.9 -999.9 -999.9 CEMADEN_-_Caxias_do_Sul_-_G2-Forqueta_(768_m) -999.9 -999.9 -999.9 -999.9 -999.9 -999.9 -999.9 -999.9 Rio_Grande_do_Sul CEMADEN -999.9 0.2 -999.9
-29.21434 -51.28252 7330 2026-08-30_19:10 -999.9 -999.9 -999.9 -999.9 -999.9 -999.9 -999.9 -999.9 -999.9 -999.9 -999.9 -999.9 -999.9 -999.9 -999.9 -999.9 -999.9 2.0 7.0 16.8 16.8 17.0 -999.9 -999.9 -999.9 -999.9 -999.9 CEMADEN_-_Caxias_do_Sul_-_G2-Forqueta_(768_m) -999.9 -999.9 -999.9 -999.9 -999.9 -999.9 -999.9 -999.9 Rio_Grande_do_Sul CEMADEN -999.9 0.0 -999.9
-29.21434 -51.28252 7330 2026-08-30_20:10 -999.9 -999.9 -999.9 -999.9 -999.9 -999.9 -999.9 -999.9 -999.9 -999.9 -999.9 -999.9 -999.9 -999.9 -999.9 -999.9 -999.9 2.0 6.8 16.8 16.8 17.0 -999.9 -999.9 -999.9 -999.9 -999.9 CEMADEN_-_Caxias_do_Sul_-_G2-Forqueta_(768_m) -999.9 -999.9 -999.9 -999.9 -999.9 -999.9 -999.9 -999.9 Rio_Grande_do_Sul CEMADEN -999.9 0.0 -999.9
-29.21434 -51.28252 7330 2026-08-30_21:10 -999.9 -999.9 -999.9 -999.9 -999.9 -999.9 -999.9 -999.9 -999.9 -999.9 -999.9 -999.9 -999.9 -999.9 -999.9 -999.9 -999.9 2.0 6.8 16.8 16.8 17.0 -999.9 -999.9 -999.9 -999.9 -999.9 CEMADEN_-_Caxias_do_Sul_-_G2-Forqueta_(768_m) -999.9 -999.9 -999.9 -999.9 -999.9 -999.9 -999.9 -999.9 Rio_Grande_do_Sul CEMADEN -999.9 0.0 -999.9
-29.21434 -51.28252 7330 2026-08-30_21:40 -999.9 -999.9 -999.9 -999.9 -999.9 -999.9 -999.9 -999.9 -999.9 -999.9 -999.9 -999.9 -999.9 -999.9 -999.9 -999.9 0.2 2.2 6.8 17.0 17.0 17.2 -999.9 -999.9 -999.9 -999.9 -999.9 CEMADEN_-_Caxias_do_Sul_-_G2-Forqueta_(768_m) -999.9 -999.9 -999.9 -999.9 -999.9 -999.9 -999.9 -999.9 Rio_Grande_do_Sul CEMADEN -999.9 0.2 -999.9
-29.21434 -51.28252 7330 2026-08-30_22:10 -999.9 -999.9 -999.9 -999.9 -999.9 -999.9 -999.9 -999.9 -999.9 -999.9 -999.9 -999.9 -999.9 -999.9 -999.9 -999.9 -999.9 2.2 6.6 17.0 17.0 17.2 -999.9 -999.9 -999.9 -999.9 -999.9 CEMADEN_-_Caxias_do_Sul_-_G2-Forqueta_(768_m) -999.9 -999.9 -999.9 -999.9 -999.9 -999.9 -999.9 -999.9 Rio_Grande_do_Sul CEMADEN -999.9 0.0 -999.9
-29.21434 -51.28252 7330 2026-08-30_23:10 -999.9 -999.9 -999.9 -999.9 -999.9 -999.9 -999.9 -999.9 -999.9 -999.9 -999.9 -999.9 -999.9 -999.9 -999.9 -999.9 -999.9 2.2 6.6 17.0 17.0 17.2 -999.9 -999.9 -999.9 -999.9 -999.9 CEMADEN_-_Caxias_do_Sul_-_G2-Forqueta_(768_m) -999.9 -999.9 -999.9 -999.9 -999.9 -999.9 -999.9 -999.9 Rio_Grande_do_Sul CEMADEN -999.9 0.0 -999.9
