-28.71893 -51.70357 17825 2026-08-15_00:10 -999.9 -999.9 -999.9 -999.9 -999.9 -999.9 -999.9 -999.9 -999.9 -999.9 -999.9 -999.9 -999.9 -999.9 -999.9 -999.9 -999.9 0.0 17.0 79.2 84.0 151.0 -999.9 -999.9 -999.9 -999.9 -999.9 CEMADEN_-_Nova_Bassano_-_G2-431290602A_(621_m) -999.9 -999.9 -999.9 -999.9 -999.9 -999.9 -999.9 -999.9 Rio_Grande_do_Sul CEMADEN -999.9 0.0 -999.9
-28.71893 -51.70357 17825 2026-08-15_01:10 -999.9 -999.9 -999.9 -999.9 -999.9 -999.9 -999.9 -999.9 -999.9 -999.9 -999.9 -999.9 -999.9 -999.9 -999.9 -999.9 -999.9 0.0 16.8 78.6 84.0 151.0 -999.9 -999.9 -999.9 -999.9 -999.9 CEMADEN_-_Nova_Bassano_-_G2-431290602A_(621_m) -999.9 -999.9 -999.9 -999.9 -999.9 -999.9 -999.9 -999.9 Rio_Grande_do_Sul CEMADEN -999.9 0.0 -999.9
-28.71893 -51.70357 17825 2026-08-15_02:10 -999.9 -999.9 -999.9 -999.9 -999.9 -999.9 -999.9 -999.9 -999.9 -999.9 -999.9 -999.9 -999.9 -999.9 -999.9 -999.9 -999.9 0.0 15.6 78.2 84.0 151.0 -999.9 -999.9 -999.9 -999.9 -999.9 CEMADEN_-_Nova_Bassano_-_G2-431290602A_(621_m) -999.9 -999.9 -999.9 -999.9 -999.9 -999.9 -999.9 -999.9 Rio_Grande_do_Sul CEMADEN -999.9 0.0 -999.9
-28.71893 -51.70357 17825 2026-08-15_03:10 -999.9 -999.9 -999.9 -999.9 -999.9 -999.9 -999.9 -999.9 -999.9 -999.9 -999.9 -999.9 -999.9 -999.9 -999.9 -999.9 -999.9 0.0 15.6 75.8 84.0 151.0 -999.9 -999.9 -999.9 -999.9 -999.9 CEMADEN_-_Nova_Bassano_-_G2-431290602A_(621_m) -999.9 -999.9 -999.9 -999.9 -999.9 -999.9 -999.9 -999.9 Rio_Grande_do_Sul CEMADEN -999.9 0.0 -999.9
-28.71893 -51.70357 17825 2026-08-15_04:10 -999.9 -999.9 -999.9 -999.9 -999.9 -999.9 -999.9 -999.9 -999.9 -999.9 -999.9 -999.9 -999.9 -999.9 -999.9 -999.9 -999.9 0.0 15.6 68.4 84.0 151.0 -999.9 -999.9 -999.9 -999.9 -999.9 CEMADEN_-_Nova_Bassano_-_G2-431290602A_(621_m) -999.9 -999.9 -999.9 -999.9 -999.9 -999.9 -999.9 -999.9 Rio_Grande_do_Sul CEMADEN -999.9 0.0 -999.9
-28.71893 -51.70357 17825 2026-08-15_05:10 -999.9 -999.9 -999.9 -999.9 -999.9 -999.9 -999.9 -999.9 -999.9 -999.9 -999.9 -999.9 -999.9 -999.9 -999.9 -999.9 -999.9 0.0 15.6 64.8 84.0 151.0 -999.9 -999.9 -999.9 -999.9 -999.9 CEMADEN_-_Nova_Bassano_-_G2-431290602A_(621_m) -999.9 -999.9 -999.9 -999.9 -999.9 -999.9 -999.9 -999.9 Rio_Grande_do_Sul CEMADEN -999.9 0.0 -999.9
-28.71893 -51.70357 17825 2026-08-15_06:10 -999.9 -999.9 -999.9 -999.9 -999.9 -999.9 -999.9 -999.9 -999.9 -999.9 -999.9 -999.9 -999.9 -999.9 -999.9 -999.9 -999.9 0.0 14.4 59.2 84.0 151.0 -999.9 -999.9 -999.9 -999.9 -999.9 CEMADEN_-_Nova_Bassano_-_G2-431290602A_(621_m) -999.9 -999.9 -999.9 -999.9 -999.9 -999.9 -999.9 -999.9 Rio_Grande_do_Sul CEMADEN -999.9 0.0 -999.9
-28.71893 -51.70357 17825 2026-08-15_07:10 -999.9 -999.9 -999.9 -999.9 -999.9 -999.9 -999.9 -999.9 -999.9 -999.9 -999.9 -999.9 -999.9 -999.9 -999.9 -999.9 -999.9 0.0 9.0 54.6 84.0 151.0 -999.9 -999.9 -999.9 -999.9 -999.9 CEMADEN_-_Nova_Bassano_-_G2-431290602A_(621_m) -999.9 -999.9 -999.9 -999.9 -999.9 -999.9 -999.9 -999.9 Rio_Grande_do_Sul CEMADEN -999.9 0.0 -999.9
-28.71893 -51.70357 17825 2026-08-15_08:10 -999.9 -999.9 -999.9 -999.9 -999.9 -999.9 -999.9 -999.9 -999.9 -999.9 -999.9 -999.9 -999.9 -999.9 -999.9 -999.9 -999.9 0.0 1.8 46.8 84.0 151.0 -999.9 -999.9 -999.9 -999.9 -999.9 CEMADEN_-_Nova_Bassano_-_G2-431290602A_(621_m) -999.9 -999.9 -999.9 -999.9 -999.9 -999.9 -999.9 -999.9 Rio_Grande_do_Sul CEMADEN -999.9 0.0 -999.9
-28.71893 -51.70357 17825 2026-08-15_09:10 -999.9 -999.9 -999.9 -999.9 -999.9 -999.9 -999.9 -999.9 -999.9 -999.9 -999.9 -999.9 -999.9 -999.9 -999.9 -999.9 -999.9 0.0 1.8 37.8 84.0 151.0 -999.9 -999.9 -999.9 -999.9 -999.9 CEMADEN_-_Nova_Bassano_-_G2-431290602A_(621_m) -999.9 -999.9 -999.9 -999.9 -999.9 -999.9 -999.9 -999.9 Rio_Grande_do_Sul CEMADEN -999.9 0.0 -999.9
-28.71893 -51.70357 17825 2026-08-15_10:10 -999.9 -999.9 -999.9 -999.9 -999.9 -999.9 -999.9 -999.9 -999.9 -999.9 -999.9 -999.9 -999.9 -999.9 -999.9 -999.9 -999.9 0.0 1.8 30.4 84.0 151.0 -999.9 -999.9 -999.9 -999.9 -999.9 CEMADEN_-_Nova_Bassano_-_G2-431290602A_(621_m) -999.9 -999.9 -999.9 -999.9 -999.9 -999.9 -999.9 -999.9 Rio_Grande_do_Sul CEMADEN -999.9 0.0 -999.9
-28.71893 -51.70357 17825 2026-08-15_11:10 -999.9 -999.9 -999.9 -999.9 -999.9 -999.9 -999.9 -999.9 -999.9 -999.9 -999.9 -999.9 -999.9 -999.9 -999.9 -999.9 -999.9 0.0 1.8 25.6 84.0 151.0 -999.9 -999.9 -999.9 -999.9 -999.9 CEMADEN_-_Nova_Bassano_-_G2-431290602A_(621_m) -999.9 -999.9 -999.9 -999.9 -999.9 -999.9 -999.9 -999.9 Rio_Grande_do_Sul CEMADEN -999.9 0.0 -999.9
-28.71893 -51.70357 17825 2026-08-15_12:10 -999.9 -999.9 -999.9 -999.9 -999.9 -999.9 -999.9 -999.9 -999.9 -999.9 -999.9 -999.9 -999.9 -999.9 -999.9 -999.9 -999.9 0.0 1.8 21.8 84.0 151.0 -999.9 -999.9 -999.9 -999.9 -999.9 CEMADEN_-_Nova_Bassano_-_G2-431290602A_(621_m) -999.9 -999.9 -999.9 -999.9 -999.9 -999.9 -999.9 -999.9 Rio_Grande_do_Sul CEMADEN -999.9 0.0 -999.9
-28.71893 -51.70357 17825 2026-08-15_13:10 -999.9 -999.9 -999.9 -999.9 -999.9 -999.9 -999.9 -999.9 -999.9 -999.9 -999.9 -999.9 -999.9 -999.9 -999.9 -999.9 -999.9 -0.8 1.8 17.4 83.2 150.2 -999.9 -999.9 -999.9 -999.9 -999.9 CEMADEN_-_Nova_Bassano_-_G2-431290602A_(621_m) -999.9 -999.9 -999.9 -999.9 -999.9 -999.9 -999.9 -999.9 Rio_Grande_do_Sul CEMADEN -999.9 -0.8 -999.9
-28.71893 -51.70357 17825 2026-08-15_14:10 -999.9 -999.9 -999.9 -999.9 -999.9 -999.9 -999.9 -999.9 -999.9 -999.9 -999.9 -999.9 -999.9 -999.9 -999.9 -999.9 -999.9 -1.2 1.8 17.4 82.8 149.8 -999.9 -999.9 -999.9 -999.9 -999.9 CEMADEN_-_Nova_Bassano_-_G2-431290602A_(621_m) -999.9 -999.9 -999.9 -999.9 -999.9 -999.9 -999.9 -999.9 Rio_Grande_do_Sul CEMADEN -999.9 -0.4 -999.9
-28.71893 -51.70357 17825 2026-08-15_15:10 -999.9 -999.9 -999.9 -999.9 -999.9 -999.9 -999.9 -999.9 -999.9 -999.9 -999.9 -999.9 -999.9 -999.9 -999.9 -999.9 -999.9 -1.2 1.8 17.4 82.8 149.8 -999.9 -999.9 -999.9 -999.9 -999.9 CEMADEN_-_Nova_Bassano_-_G2-431290602A_(621_m) -999.9 -999.9 -999.9 -999.9 -999.9 -999.9 -999.9 -999.9 Rio_Grande_do_Sul CEMADEN -999.9 0.0 -999.9
-28.71893 -51.70357 17825 2026-08-15_16:10 -999.9 -999.9 -999.9 -999.9 -999.9 -999.9 -999.9 -999.9 -999.9 -999.9 -999.9 -999.9 -999.9 -999.9 -999.9 -999.9 -999.9 -1.2 1.8 17.4 82.8 149.8 -999.9 -999.9 -999.9 -999.9 -999.9 CEMADEN_-_Nova_Bassano_-_G2-431290602A_(621_m) -999.9 -999.9 -999.9 -999.9 -999.9 -999.9 -999.9 -999.9 Rio_Grande_do_Sul CEMADEN -999.9 0.0 -999.9
-28.71893 -51.70357 17825 2026-08-15_17:10 -999.9 -999.9 -999.9 -999.9 -999.9 -999.9 -999.9 -999.9 -999.9 -999.9 -999.9 -999.9 -999.9 -999.9 -999.9 -999.9 -999.9 -1.4 1.8 17.4 82.6 149.6 -999.9 -999.9 -999.9 -999.9 -999.9 CEMADEN_-_Nova_Bassano_-_G2-431290602A_(621_m) -999.9 -999.9 -999.9 -999.9 -999.9 -999.9 -999.9 -999.9 Rio_Grande_do_Sul CEMADEN -999.9 -0.2 -999.9
-28.71893 -51.70357 17825 2026-08-15_18:10 -999.9 -999.9 -999.9 -999.9 -999.9 -999.9 -999.9 -999.9 -999.9 -999.9 -999.9 -999.9 -999.9 -999.9 -999.9 -999.9 -999.9 -2.2 1.8 17.4 81.8 148.8 -999.9 -999.9 -999.9 -999.9 -999.9 CEMADEN_-_Nova_Bassano_-_G2-431290602A_(621_m) -999.9 -999.9 -999.9 -999.9 -999.9 -999.9 -999.9 -999.9 Rio_Grande_do_Sul CEMADEN -999.9 -0.8 -999.9
-28.71893 -51.70357 17825 2026-08-15_19:10 -999.9 -999.9 -999.9 -999.9 -999.9 -999.9 -999.9 -999.9 -999.9 -999.9 -999.9 -999.9 -999.9 -999.9 -999.9 -999.9 -999.9 -2.8 1.8 17.4 81.2 148.2 -999.9 -999.9 -999.9 -999.9 -999.9 CEMADEN_-_Nova_Bassano_-_G2-431290602A_(621_m) -999.9 -999.9 -999.9 -999.9 -999.9 -999.9 -999.9 -999.9 Rio_Grande_do_Sul CEMADEN -999.9 -0.6 -999.9
-28.71893 -51.70357 17825 2026-08-15_20:10 -999.9 -999.9 -999.9 -999.9 -999.9 -999.9 -999.9 -999.9 -999.9 -999.9 -999.9 -999.9 -999.9 -999.9 -999.9 -999.9 -999.9 -3.2 1.6 17.4 80.8 147.8 -999.9 -999.9 -999.9 -999.9 -999.9 CEMADEN_-_Nova_Bassano_-_G2-431290602A_(621_m) -999.9 -999.9 -999.9 -999.9 -999.9 -999.9 -999.9 -999.9 Rio_Grande_do_Sul CEMADEN -999.9 -0.4 -999.9
-28.71893 -51.70357 17825 2026-08-15_21:10 -999.9 -999.9 -999.9 -999.9 -999.9 -999.9 -999.9 -999.9 -999.9 -999.9 -999.9 -999.9 -999.9 -999.9 -999.9 -999.9 -999.9 -3.4 1.6 17.4 80.6 147.6 -999.9 -999.9 -999.9 -999.9 -999.9 CEMADEN_-_Nova_Bassano_-_G2-431290602A_(621_m) -999.9 -999.9 -999.9 -999.9 -999.9 -999.9 -999.9 -999.9 Rio_Grande_do_Sul CEMADEN -999.9 -0.2 -999.9
-28.71893 -51.70357 17825 2026-08-15_22:10 -999.9 -999.9 -999.9 -999.9 -999.9 -999.9 -999.9 -999.9 -999.9 -999.9 -999.9 -999.9 -999.9 -999.9 -999.9 -999.9 -999.9 -4.2 1.6 17.2 79.8 146.8 -999.9 -999.9 -999.9 -999.9 -999.9 CEMADEN_-_Nova_Bassano_-_G2-431290602A_(621_m) -999.9 -999.9 -999.9 -999.9 -999.9 -999.9 -999.9 -999.9 Rio_Grande_do_Sul CEMADEN -999.9 -0.8 -999.9
-28.71893 -51.70357 17825 2026-08-15_23:10 -999.9 -999.9 -999.9 -999.9 -999.9 -999.9 -999.9 -999.9 -999.9 -999.9 -999.9 -999.9 -999.9 -999.9 -999.9 -999.9 -999.9 -4.2 1.6 17.0 79.8 146.8 -999.9 -999.9 -999.9 -999.9 -999.9 CEMADEN_-_Nova_Bassano_-_G2-431290602A_(621_m) -999.9 -999.9 -999.9 -999.9 -999.9 -999.9 -999.9 -999.9 Rio_Grande_do_Sul CEMADEN -999.9 0.0 -999.9
