-28.748611 -50.057778 A829 2026-07-26_00:00 8.5 9 7.9 88 92 86 6.6 -999.9 -999.9 -999.9 -999.9 -999.9 -999.9 -999.9 -999.9 -999.9 0.0 0.0 0.2 0.2 3.8 62.2 16.5 6.8 100.0 66.0 38.9 INMET_-_SAO_JOSE_DOS_AUSENTES_(1229_m) -999.9 -999.9 -999.9 -999.9 -999.9 -999.9 -999.9 -999.9 Rio_Grande_do_Sul INMET -999.9 -999.9 -999.9
-28.748611 -50.057778 A829 2026-07-26_01:00 8.2 9 7.2 92 96 90 7.0 -999.9 -999.9 -999.9 -999.9 -999.9 -999.9 -999.9 -999.9 -999.9 0.0 0.0 0.2 0.2 3.8 62.2 16.5 6.8 100.0 66.0 38.9 INMET_-_SAO_JOSE_DOS_AUSENTES_(1229_m) -999.9 -999.9 -999.9 -999.9 -999.9 -999.9 -999.9 -999.9 Rio_Grande_do_Sul INMET -999.9 -999.9 -999.9
-28.748611 -50.057778 A829 2026-07-26_02:00 7.9 9.2 6.8 93 97 89 6.8 -999.9 -999.9 -999.9 -999.9 -999.9 -999.9 -999.9 -999.9 -999.9 0.0 0.0 0.2 0.2 3.8 62.2 16.5 6.8 100.0 66.0 38.9 INMET_-_SAO_JOSE_DOS_AUSENTES_(1229_m) -999.9 -999.9 -999.9 -999.9 -999.9 -999.9 -999.9 -999.9 Rio_Grande_do_Sul INMET -999.9 -999.9 -999.9
-28.748611 -50.057778 A829 2026-07-26_03:00 8.2 9.5 6.8 92 98 88 7.0 -999.9 -999.9 -999.9 -999.9 -999.9 -999.9 -999.9 -999.9 -999.9 0.0 0.0 0.2 0.2 3.8 62.2 16.5 6.8 100.0 66.0 38.9 INMET_-_SAO_JOSE_DOS_AUSENTES_(1229_m) -999.9 -999.9 -999.9 -999.9 -999.9 -999.9 -999.9 -999.9 Rio_Grande_do_Sul INMET -999.9 -999.9 -999.9
-28.748611 -50.057778 A829 2026-07-26_04:00 10.2 10.8 9.4 87 90 84 8.1 -999.9 -999.9 -999.9 -999.9 -999.9 -999.9 -999.9 -999.9 -999.9 0.0 0.0 0.2 0.2 3.8 62.2 16.5 6.8 100.0 66.0 38.9 INMET_-_SAO_JOSE_DOS_AUSENTES_(1229_m) -999.9 -999.9 -999.9 -999.9 -999.9 -999.9 -999.9 -999.9 Rio_Grande_do_Sul INMET -999.9 -999.9 -999.9
-28.748611 -50.057778 A829 2026-07-26_05:00 9.5 9.8 9.1 87 89 86 7.4 -999.9 -999.9 -999.9 -999.9 -999.9 -999.9 -999.9 -999.9 -999.9 0.0 0.0 0.2 0.2 3.8 62.2 16.5 6.8 100.0 66.0 38.9 INMET_-_SAO_JOSE_DOS_AUSENTES_(1229_m) -999.9 -999.9 -999.9 -999.9 -999.9 -999.9 -999.9 -999.9 Rio_Grande_do_Sul INMET -999.9 -999.9 -999.9
-28.748611 -50.057778 A829 2026-07-26_06:00 9.7 10.8 9 87 90 81 7.6 -999.9 -999.9 -999.9 -999.9 -999.9 -999.9 -999.9 -999.9 -999.9 0.0 0.0 0.2 0.2 3.8 62.2 16.5 6.8 100.0 66.0 38.9 INMET_-_SAO_JOSE_DOS_AUSENTES_(1229_m) -999.9 -999.9 -999.9 -999.9 -999.9 -999.9 -999.9 -999.9 Rio_Grande_do_Sul INMET -999.9 -999.9 -999.9
-28.748611 -50.057778 A829 2026-07-26_07:00 10.7 10.9 10.5 81 83 78 7.5 -999.9 -999.9 -999.9 -999.9 -999.9 24.1 334 29.9 -999.9 0.0 0.0 0.2 0.2 3.8 62.2 16.5 6.8 100.0 66.0 38.9 INMET_-_SAO_JOSE_DOS_AUSENTES_(1229_m) -999.9 -999.9 -999.9 -999.9 -999.9 -999.9 -999.9 -999.9 Rio_Grande_do_Sul INMET -999.9 -999.9 -999.9
-28.748611 -50.057778 A829 2026-07-26_09:00 12.3 12.8 11.4 73 76 69 7.6 -999.9 -999.9 -999.9 -999.9 -999.9 23.8 331 29.2 -999.9 0.0 0.0 0.2 0.2 3.8 62.2 16.5 6.8 100.0 66.0 38.9 INMET_-_SAO_JOSE_DOS_AUSENTES_(1229_m) -999.9 -999.9 -999.9 -999.9 -999.9 -999.9 -999.9 -999.9 Rio_Grande_do_Sul INMET -999.9 -999.9 -999.9
-28.748611 -50.057778 A829 2026-07-26_10:00 14 15.8 12.8 70 73 66 8.6 -999.9 -999.9 -999.9 -999.9 -999.9 29.5 336 38.9 -999.9 0.0 0.0 0.2 0.2 3.8 62.2 16.5 6.8 100.0 66.0 38.9 INMET_-_SAO_JOSE_DOS_AUSENTES_(1229_m) -999.9 -999.9 -999.9 -999.9 -999.9 -999.9 -999.9 -999.9 Rio_Grande_do_Sul INMET -999.9 -999.9 -999.9
-28.748611 -50.057778 A829 2026-07-26_18:00 16.1 16.5 15.7 94 95 91 15.1 -999.9 -999.9 -999.9 -999.9 -999.9 -999.9 -999.9 -999.9 -999.9 0.0 0.0 0.2 0.2 3.8 62.2 16.5 6.8 100.0 66.0 38.9 INMET_-_SAO_JOSE_DOS_AUSENTES_(1229_m) -999.9 -999.9 -999.9 -999.9 -999.9 -999.9 -999.9 -999.9 Rio_Grande_do_Sul INMET -999.9 -999.9 -999.9
-28.748611 -50.057778 A829 2026-07-26_21:00 15.2 15.2 15.1 98 99 98 14.9 -999.9 -999.9 -999.9 -999.9 -999.9 -999.9 -999.9 -999.9 -999.9 0.0 0.0 0.2 0.2 3.8 62.2 16.5 6.8 100.0 66.0 38.9 INMET_-_SAO_JOSE_DOS_AUSENTES_(1229_m) -999.9 -999.9 -999.9 -999.9 -999.9 -999.9 -999.9 -999.9 Rio_Grande_do_Sul INMET -999.9 -999.9 -999.9
-28.748611 -50.057778 A829 2026-07-26_22:00 15 15.1 14.9 98 100 98 14.7 -999.9 -999.9 -999.9 -999.9 -999.9 -999.9 -999.9 -999.9 -999.9 0.2 0.2 0.2 0.2 3.8 62.2 16.5 6.8 100.0 66.0 38.9 INMET_-_SAO_JOSE_DOS_AUSENTES_(1229_m) -999.9 -999.9 -999.9 -999.9 -999.9 -999.9 -999.9 -999.9 Rio_Grande_do_Sul INMET -999.9 -999.9 -999.9
