-29.225000 -51.353001 IFARRO1 2026-09-20_00:04 15.2 -999.9 -999.9 99.0 -999.9 -999.9 15.0 -999.9 -999.9 1008.5 -999.9 -999.9 0.7 354 1.8 -999.9 0.0 0.0 44.5 46.2 46.2 46.2 25.6 15.1 99.0 76.0 20.1 Farroupilha_(766_m) -999.9 -999.9 1008.74 1002.44 1008.5 21.3 14.9 1037.2 Rio_Grande_do_Sul WU UTC_2026-09-20_03:04 0.0 -999.9
-29.225000 -51.353001 IFARRO1 2026-09-20_00:09 15.2 -999.9 -999.9 99.0 -999.9 -999.9 15.0 -999.9 -999.9 1008.6 -999.9 -999.9 0.6 301 3.5 -999.9 0.0 1.3 44.5 46.2 46.2 46.2 25.6 15.1 99.0 76.0 20.1 Farroupilha_(766_m) -999.9 -999.9 1008.74 1002.44 1008.6 21.3 14.9 1037.2 Rio_Grande_do_Sul WU UTC_2026-09-20_03:09 1.3 -999.9
-29.225000 -51.353001 IFARRO1 2026-09-20_00:14 15.2 -999.9 -999.9 99.0 -999.9 -999.9 15.0 -999.9 -999.9 1008.5 -999.9 -999.9 0.5 340 1.8 -999.9 0.0 2.1 44.5 46.2 46.2 46.2 25.6 15.1 99.0 76.0 20.1 Farroupilha_(766_m) -999.9 -999.9 1008.74 1002.44 1008.5 21.3 14.9 1037.2 Rio_Grande_do_Sul WU UTC_2026-09-20_03:14 0.8 -999.9
-29.225000 -51.353001 IFARRO1 2026-09-20_00:19 15.2 -999.9 -999.9 99.0 -999.9 -999.9 15.0 -999.9 -999.9 1008.2 -999.9 -999.9 1.9 63 5.5 -999.9 0.0 3.1 44.5 46.2 46.2 46.2 25.6 15.1 99.0 76.0 20.1 Farroupilha_(766_m) -999.9 -999.9 1008.74 1002.44 1008.2 21.3 14.9 1037.2 Rio_Grande_do_Sul WU UTC_2026-09-20_03:19 1.0 -999.9
-29.225000 -51.353001 IFARRO1 2026-09-20_00:24 15.2 -999.9 -999.9 99.0 -999.9 -999.9 15.0 -999.9 -999.9 1008.0 -999.9 -999.9 1.8 349 7.2 -999.9 0.0 3.3000000000000003 44.5 46.2 46.2 46.2 25.6 15.1 99.0 76.0 20.1 Farroupilha_(766_m) -999.9 -999.9 1008.74 1002.44 1008.0 21.3 14.9 1037.2 Rio_Grande_do_Sul WU UTC_2026-09-20_03:24 0.2 -999.9
-29.225000 -51.353001 IFARRO1 2026-09-20_00:29 15.2 -999.9 -999.9 99.0 -999.9 -999.9 15.0 -999.9 -999.9 1007.9 -999.9 -999.9 0.6 24 3.5 -999.9 0.0 3.6 44.5 46.2 46.2 46.2 25.6 15.1 99.0 76.0 20.1 Farroupilha_(766_m) -999.9 -999.9 1008.74 1002.44 1007.9 21.3 14.9 1037.2 Rio_Grande_do_Sul WU UTC_2026-09-20_03:29 0.3 -999.9
-29.225000 -51.353001 IFARRO1 2026-09-20_00:34 15.1 -999.9 -999.9 99.0 -999.9 -999.9 14.9 -999.9 -999.9 1008.0 -999.9 -999.9 0.4 27 1.8 -999.9 0.0 3.6 44.5 46.2 46.2 46.2 25.6 15.1 99.0 76.0 20.1 Farroupilha_(766_m) -999.9 -999.9 1008.74 1002.44 1008.0 21.3 14.9 1037.2 Rio_Grande_do_Sul WU UTC_2026-09-20_03:34 0.0 -999.9
-29.225000 -51.353001 IFARRO1 2026-09-20_00:39 15.1 -999.9 -999.9 99.0 -999.9 -999.9 14.9 -999.9 -999.9 1008.0 -999.9 -999.9 0.9 28 3.5 -999.9 0.0 3.6 44.5 46.2 46.2 46.2 25.6 15.1 99.0 76.0 20.1 Farroupilha_(766_m) -999.9 -999.9 1008.74 1002.44 1008.0 21.3 14.9 1037.2 Rio_Grande_do_Sul WU UTC_2026-09-20_03:39 0.0 -999.9
-29.225000 -51.353001 IFARRO1 2026-09-20_00:44 15.1 -999.9 -999.9 99.0 -999.9 -999.9 14.9 -999.9 -999.9 1007.9 -999.9 -999.9 1.4 25 5.5 -999.9 0.0 3.6 44.5 46.2 46.2 46.2 25.6 15.1 99.0 76.0 20.1 Farroupilha_(766_m) -999.9 -999.9 1008.74 1002.44 1007.9 21.3 14.9 1037.2 Rio_Grande_do_Sul WU UTC_2026-09-20_03:44 0.0 -999.9
-29.225000 -51.353001 IFARRO1 2026-09-20_00:49 15.2 -999.9 -999.9 99.0 -999.9 -999.9 14.9 -999.9 -999.9 1007.8 -999.9 -999.9 1.5 29 5.5 -999.9 0.0 3.9 44.5 46.2 46.2 46.2 25.6 15.1 99.0 76.0 20.1 Farroupilha_(766_m) -999.9 -999.9 1008.74 1002.44 1007.8 21.3 14.9 1037.2 Rio_Grande_do_Sul WU UTC_2026-09-20_03:49 0.3 -999.9
-29.225000 -51.353001 IFARRO1 2026-09-20_00:54 15.1 -999.9 -999.9 99.0 -999.9 -999.9 14.9 -999.9 -999.9 1007.6 -999.9 -999.9 2.1 37 5.5 -999.9 0.0 3.9 44.5 46.2 46.2 46.2 25.6 15.1 99.0 76.0 20.1 Farroupilha_(766_m) -999.9 -999.9 1008.74 1002.44 1007.6 21.3 14.9 1037.2 Rio_Grande_do_Sul WU UTC_2026-09-20_03:54 0.0 -999.9
-29.225000 -51.353001 IFARRO1 2026-09-20_00:59 15.1 -999.9 -999.9 99.0 -999.9 -999.9 14.9 -999.9 -999.9 1007.3 -999.9 -999.9 1.5 24 7.2 -999.9 0.0 4.1 44.5 46.2 46.2 46.2 25.6 15.1 99.0 76.0 20.1 Farroupilha_(766_m) -999.9 -999.9 1008.74 1002.44 1007.3 21.3 14.9 1037.2 Rio_Grande_do_Sul WU UTC_2026-09-20_03:59 0.2 -999.9
-29.225000 -51.353001 IFARRO1 2026-09-20_01:04 15.1 -999.9 -999.9 99.0 -999.9 -999.9 14.9 -999.9 -999.9 1007.2 -999.9 -999.9 1.7 8 5.5 -999.9 0.0 4.1 44.5 46.2 46.2 46.2 25.6 15.1 99.0 76.0 20.1 Farroupilha_(766_m) -999.9 -999.9 1008.74 1002.44 1007.2 21.3 14.9 1037.2 Rio_Grande_do_Sul WU UTC_2026-09-20_04:04 0.0 -999.9
-29.225000 -51.353001 IFARRO1 2026-09-20_01:09 15.1 -999.9 -999.9 99.0 -999.9 -999.9 14.9 -999.9 -999.9 1007.0 -999.9 -999.9 1.7 4 5.5 -999.9 0.0 4.1 44.5 46.2 46.2 46.2 25.6 15.1 99.0 76.0 20.1 Farroupilha_(766_m) -999.9 -999.9 1008.74 1002.44 1007.0 21.3 14.9 1037.2 Rio_Grande_do_Sul WU UTC_2026-09-20_04:09 0.0 -999.9
-29.225000 -51.353001 IFARRO1 2026-09-20_01:14 15.2 -999.9 -999.9 99.0 -999.9 -999.9 15.0 -999.9 -999.9 1006.9 -999.9 -999.9 1.9 28 7.2 -999.9 0.0 4.1 44.5 46.2 46.2 46.2 25.6 15.1 99.0 76.0 20.1 Farroupilha_(766_m) -999.9 -999.9 1008.74 1002.44 1006.9 21.3 14.9 1037.2 Rio_Grande_do_Sul WU UTC_2026-09-20_04:14 0.0 -999.9
-29.225000 -51.353001 IFARRO1 2026-09-20_01:19 15.2 -999.9 -999.9 99.0 -999.9 -999.9 15.0 -999.9 -999.9 1006.7 -999.9 -999.9 3.4 16 9.3 -999.9 0.0 4.1 44.5 46.2 46.2 46.2 25.6 15.1 99.0 76.0 20.1 Farroupilha_(766_m) -999.9 -999.9 1008.74 1002.44 1006.7 21.3 14.9 1037.2 Rio_Grande_do_Sul WU UTC_2026-09-20_04:19 0.0 -999.9
-29.225000 -51.353001 IFARRO1 2026-09-20_01:24 15.2 -999.9 -999.9 99.0 -999.9 -999.9 15.0 -999.9 -999.9 1006.7 -999.9 -999.9 4.0 9 16.6 -999.9 0.0 4.1 44.5 46.2 46.2 46.2 25.6 15.1 99.0 76.0 20.1 Farroupilha_(766_m) -999.9 -999.9 1008.74 1002.44 1006.7 21.3 14.9 1037.2 Rio_Grande_do_Sul WU UTC_2026-09-20_04:24 0.0 -999.9
-29.225000 -51.353001 IFARRO1 2026-09-20_01:29 15.2 -999.9 -999.9 99.0 -999.9 -999.9 15.0 -999.9 -999.9 1006.9 -999.9 -999.9 6.2 30 14.8 -999.9 0.0 4.1 44.5 46.2 46.2 46.2 25.6 15.1 99.0 76.0 20.1 Farroupilha_(766_m) -999.9 -999.9 1008.74 1002.44 1006.9 21.3 14.9 1037.2 Rio_Grande_do_Sul WU UTC_2026-09-20_04:29 0.0 -999.9
-29.225000 -51.353001 IFARRO1 2026-09-20_01:34 15.2 -999.9 -999.9 99.0 -999.9 -999.9 15.0 -999.9 -999.9 1007.0 -999.9 -999.9 7.0 26 14.8 -999.9 0.0 4.1 44.5 46.2 46.2 46.2 25.6 15.1 99.0 76.0 20.1 Farroupilha_(766_m) -999.9 -999.9 1008.74 1002.44 1007.0 21.3 14.9 1037.2 Rio_Grande_do_Sul WU UTC_2026-09-20_04:34 0.0 -999.9
-29.225000 -51.353001 IFARRO1 2026-09-20_01:39 15.2 -999.9 -999.9 99.0 -999.9 -999.9 15.0 -999.9 -999.9 1007.1 -999.9 -999.9 6.6 26 14.8 -999.9 0.0 4.1 44.5 46.2 46.2 46.2 25.6 15.1 99.0 76.0 20.1 Farroupilha_(766_m) -999.9 -999.9 1008.74 1002.44 1007.1 21.3 14.9 1037.2 Rio_Grande_do_Sul WU UTC_2026-09-20_04:39 0.0 -999.9
-29.225000 -51.353001 IFARRO1 2026-09-20_01:44 15.2 -999.9 -999.9 99.0 -999.9 -999.9 15.0 -999.9 -999.9 1006.9 -999.9 -999.9 6.3 33 14.8 -999.9 0.0 4.1 44.5 46.2 46.2 46.2 25.6 15.1 99.0 76.0 20.1 Farroupilha_(766_m) -999.9 -999.9 1008.74 1002.44 1006.9 21.3 14.9 1037.2 Rio_Grande_do_Sul WU UTC_2026-09-20_04:44 0.0 -999.9
-29.225000 -51.353001 IFARRO1 2026-09-20_01:49 15.1 -999.9 -999.9 99.0 -999.9 -999.9 14.9 -999.9 -999.9 1006.9 -999.9 -999.9 5.7 31 13.0 -999.9 0.0 4.1 44.5 46.2 46.2 46.2 25.6 15.1 99.0 76.0 20.1 Farroupilha_(766_m) -999.9 -999.9 1008.74 1002.44 1006.9 21.3 14.9 1037.2 Rio_Grande_do_Sul WU UTC_2026-09-20_04:49 0.0 -999.9
-29.225000 -51.353001 IFARRO1 2026-09-20_01:54 15.2 -999.9 -999.9 99.0 -999.9 -999.9 15.0 -999.9 -999.9 1006.6 -999.9 -999.9 4.9 29 11.1 -999.9 0.0 4.1 44.5 46.2 46.2 46.2 25.6 15.1 99.0 76.0 20.1 Farroupilha_(766_m) -999.9 -999.9 1008.74 1002.44 1006.6 21.3 14.9 1037.2 Rio_Grande_do_Sul WU UTC_2026-09-20_04:54 0.0 -999.9
-29.225000 -51.353001 IFARRO1 2026-09-20_01:59 15.2 -999.9 -999.9 99.0 -999.9 -999.9 15.0 -999.9 -999.9 1006.6 -999.9 -999.9 5.4 29 14.8 -999.9 0.0 4.1 44.5 46.2 46.2 46.2 25.6 15.1 99.0 76.0 20.1 Farroupilha_(766_m) -999.9 -999.9 1008.74 1002.44 1006.6 21.3 14.9 1037.2 Rio_Grande_do_Sul WU UTC_2026-09-20_04:59 0.0 -999.9
-29.225000 -51.353001 IFARRO1 2026-09-20_02:04 15.2 -999.9 -999.9 99.0 -999.9 -999.9 15.0 -999.9 -999.9 1006.4 -999.9 -999.9 6.1 19 18.3 -999.9 0.0 4.1 44.5 46.2 46.2 46.2 25.6 15.1 99.0 76.0 20.1 Farroupilha_(766_m) -999.9 -999.9 1008.74 1002.44 1006.4 21.3 14.9 1037.2 Rio_Grande_do_Sul WU UTC_2026-09-20_05:04 0.0 -999.9
-29.225000 -51.353001 IFARRO1 2026-09-20_02:09 15.3 -999.9 -999.9 99.0 -999.9 -999.9 15.1 -999.9 -999.9 1006.3 -999.9 -999.9 6.0 25 13.0 -999.9 0.0 4.3999999999999995 44.5 46.2 46.2 46.2 25.6 15.1 99.0 76.0 20.1 Farroupilha_(766_m) -999.9 -999.9 1008.74 1002.44 1006.3 21.3 14.9 1037.2 Rio_Grande_do_Sul WU UTC_2026-09-20_05:09 0.3 -999.9
-29.225000 -51.353001 IFARRO1 2026-09-20_02:14 15.3 -999.9 -999.9 99.0 -999.9 -999.9 15.1 -999.9 -999.9 1006.0 -999.9 -999.9 5.6 15 18.3 -999.9 0.0 4.3999999999999995 44.5 46.2 46.2 46.2 25.6 15.1 99.0 76.0 20.1 Farroupilha_(766_m) -999.9 -999.9 1008.74 1002.44 1006.0 21.3 14.9 1037.2 Rio_Grande_do_Sul WU UTC_2026-09-20_05:14 0.0 -999.9
-29.225000 -51.353001 IFARRO1 2026-09-20_02:19 15.4 -999.9 -999.9 99.0 -999.9 -999.9 15.2 -999.9 -999.9 1006.1 -999.9 -999.9 5.9 27 13.0 -999.9 0.0 4.3999999999999995 44.5 46.2 46.2 46.2 25.6 15.1 99.0 76.0 20.1 Farroupilha_(766_m) -999.9 -999.9 1008.74 1002.44 1006.1 21.3 14.9 1037.2 Rio_Grande_do_Sul WU UTC_2026-09-20_05:19 0.0 -999.9
-29.225000 -51.353001 IFARRO1 2026-09-20_02:24 15.4 -999.9 -999.9 99.0 -999.9 -999.9 15.2 -999.9 -999.9 1006.3 -999.9 -999.9 6.0 22 14.8 -999.9 0.0 4.3999999999999995 44.5 46.2 46.2 46.2 25.6 15.1 99.0 76.0 20.1 Farroupilha_(766_m) -999.9 -999.9 1008.74 1002.44 1006.3 21.3 14.9 1037.2 Rio_Grande_do_Sul WU UTC_2026-09-20_05:24 0.0 -999.9
-29.225000 -51.353001 IFARRO1 2026-09-20_02:29 15.4 -999.9 -999.9 99.0 -999.9 -999.9 15.2 -999.9 -999.9 1006.2 -999.9 -999.9 5.3 39 13.0 -999.9 0.0 4.3999999999999995 44.5 46.2 46.2 46.2 25.6 15.1 99.0 76.0 20.1 Farroupilha_(766_m) -999.9 -999.9 1008.74 1002.44 1006.2 21.3 14.9 1037.2 Rio_Grande_do_Sul WU UTC_2026-09-20_05:29 0.0 -999.9
-29.225000 -51.353001 IFARRO1 2026-09-20_02:34 15.4 -999.9 -999.9 99.0 -999.9 -999.9 15.2 -999.9 -999.9 1006.2 -999.9 -999.9 5.2 11 14.8 -999.9 0.0 4.6 44.5 46.2 46.2 46.2 25.6 15.1 99.0 76.0 20.1 Farroupilha_(766_m) -999.9 -999.9 1008.74 1002.44 1006.2 21.3 14.9 1037.2 Rio_Grande_do_Sul WU UTC_2026-09-20_05:34 0.2 -999.9
-29.225000 -51.353001 IFARRO1 2026-09-20_02:39 15.4 -999.9 -999.9 99.0 -999.9 -999.9 15.2 -999.9 -999.9 1006.4 -999.9 -999.9 5.9 27 13.0 -999.9 0.0 4.6 44.5 46.2 46.2 46.2 25.6 15.1 99.0 76.0 20.1 Farroupilha_(766_m) -999.9 -999.9 1008.74 1002.44 1006.4 21.3 14.9 1037.2 Rio_Grande_do_Sul WU UTC_2026-09-20_05:39 0.0 -999.9
-29.225000 -51.353001 IFARRO1 2026-09-20_02:44 15.4 -999.9 -999.9 99.0 -999.9 -999.9 15.2 -999.9 -999.9 1006.7 -999.9 -999.9 5.8 19 13.0 -999.9 0.0 4.6 44.5 46.2 46.2 46.2 25.6 15.1 99.0 76.0 20.1 Farroupilha_(766_m) -999.9 -999.9 1008.74 1002.44 1006.7 21.3 14.9 1037.2 Rio_Grande_do_Sul WU UTC_2026-09-20_05:44 0.0 -999.9
-29.225000 -51.353001 IFARRO1 2026-09-20_02:49 15.4 -999.9 -999.9 99.0 -999.9 -999.9 15.2 -999.9 -999.9 1006.6 -999.9 -999.9 5.3 27 13.0 -999.9 0.0 4.6 44.5 46.2 46.2 46.2 25.6 15.1 99.0 76.0 20.1 Farroupilha_(766_m) -999.9 -999.9 1008.74 1002.44 1006.6 21.3 14.9 1037.2 Rio_Grande_do_Sul WU UTC_2026-09-20_05:49 0.0 -999.9
-29.225000 -51.353001 IFARRO1 2026-09-20_02:54 15.4 -999.9 -999.9 99.0 -999.9 -999.9 15.2 -999.9 -999.9 1006.5 -999.9 -999.9 4.5 16 11.1 -999.9 0.0 4.6 44.5 46.2 46.2 46.2 25.6 15.1 99.0 76.0 20.1 Farroupilha_(766_m) -999.9 -999.9 1008.74 1002.44 1006.5 21.3 14.9 1037.2 Rio_Grande_do_Sul WU UTC_2026-09-20_05:54 0.0 -999.9
-29.225000 -51.353001 IFARRO1 2026-09-20_02:59 15.4 -999.9 -999.9 99.0 -999.9 -999.9 15.2 -999.9 -999.9 1006.4 -999.9 -999.9 4.5 27 9.3 -999.9 0.0 4.6 44.5 46.2 46.2 46.2 25.6 15.1 99.0 76.0 20.1 Farroupilha_(766_m) -999.9 -999.9 1008.74 1002.44 1006.4 21.3 14.9 1037.2 Rio_Grande_do_Sul WU UTC_2026-09-20_05:59 0.0 -999.9
-29.225000 -51.353001 IFARRO1 2026-09-20_03:04 15.4 -999.9 -999.9 99.0 -999.9 -999.9 15.2 -999.9 -999.9 1006.4 -999.9 -999.9 4.0 31 9.3 -999.9 0.0 4.6 44.5 46.2 46.2 46.2 25.6 15.1 99.0 76.0 20.1 Farroupilha_(766_m) -999.9 -999.9 1008.74 1002.44 1006.4 21.3 14.9 1037.2 Rio_Grande_do_Sul WU UTC_2026-09-20_06:04 0.0 -999.9
-29.225000 -51.353001 IFARRO1 2026-09-20_03:09 15.3 -999.9 -999.9 99.0 -999.9 -999.9 15.2 -999.9 -999.9 1006.2 -999.9 -999.9 3.8 14 11.1 -999.9 0.0 4.6 44.5 46.2 46.2 46.2 25.6 15.1 99.0 76.0 20.1 Farroupilha_(766_m) -999.9 -999.9 1008.74 1002.44 1006.2 21.3 14.9 1037.2 Rio_Grande_do_Sul WU UTC_2026-09-20_06:09 0.0 -999.9
-29.225000 -51.353001 IFARRO1 2026-09-20_03:14 15.3 -999.9 -999.9 99.0 -999.9 -999.9 15.1 -999.9 -999.9 1006.1 -999.9 -999.9 3.5 41 9.3 -999.9 0.0 4.6 44.5 46.2 46.2 46.2 25.6 15.1 99.0 76.0 20.1 Farroupilha_(766_m) -999.9 -999.9 1008.74 1002.44 1006.1 21.3 14.9 1037.2 Rio_Grande_do_Sul WU UTC_2026-09-20_06:14 0.0 -999.9
-29.225000 -51.353001 IFARRO1 2026-09-20_03:19 15.3 -999.9 -999.9 99.0 -999.9 -999.9 15.1 -999.9 -999.9 1006.1 -999.9 -999.9 3.1 33 5.5 -999.9 0.0 4.6 44.5 46.2 46.2 46.2 25.6 15.1 99.0 76.0 20.1 Farroupilha_(766_m) -999.9 -999.9 1008.74 1002.44 1006.1 21.3 14.9 1037.2 Rio_Grande_do_Sul WU UTC_2026-09-20_06:19 0.0 -999.9
-29.225000 -51.353001 IFARRO1 2026-09-20_03:24 15.3 -999.9 -999.9 99.0 -999.9 -999.9 15.1 -999.9 -999.9 1006.2 -999.9 -999.9 4.6 23 11.1 -999.9 0.0 4.6 44.5 46.2 46.2 46.2 25.6 15.1 99.0 76.0 20.1 Farroupilha_(766_m) -999.9 -999.9 1008.74 1002.44 1006.2 21.3 14.9 1037.2 Rio_Grande_do_Sul WU UTC_2026-09-20_06:24 0.0 -999.9
-29.225000 -51.353001 IFARRO1 2026-09-20_03:29 15.3 -999.9 -999.9 99.0 -999.9 -999.9 15.2 -999.9 -999.9 1006.1 -999.9 -999.9 2.3 17 7.2 -999.9 0.0 4.6 44.5 46.2 46.2 46.2 25.6 15.1 99.0 76.0 20.1 Farroupilha_(766_m) -999.9 -999.9 1008.74 1002.44 1006.1 21.3 14.9 1037.2 Rio_Grande_do_Sul WU UTC_2026-09-20_06:29 0.0 -999.9
-29.225000 -51.353001 IFARRO1 2026-09-20_03:34 15.3 -999.9 -999.9 99.0 -999.9 -999.9 15.1 -999.9 -999.9 1006.1 -999.9 -999.9 2.7 22 5.5 -999.9 0.0 4.6 44.5 46.2 46.2 46.2 25.6 15.1 99.0 76.0 20.1 Farroupilha_(766_m) -999.9 -999.9 1008.74 1002.44 1006.1 21.3 14.9 1037.2 Rio_Grande_do_Sul WU UTC_2026-09-20_06:34 0.0 -999.9
-29.225000 -51.353001 IFARRO1 2026-09-20_03:39 15.3 -999.9 -999.9 99.0 -999.9 -999.9 15.1 -999.9 -999.9 1006.2 -999.9 -999.9 2.7 49 9.3 -999.9 0.0 4.6 44.5 46.2 46.2 46.2 25.6 15.1 99.0 76.0 20.1 Farroupilha_(766_m) -999.9 -999.9 1008.74 1002.44 1006.2 21.3 14.9 1037.2 Rio_Grande_do_Sul WU UTC_2026-09-20_06:39 0.0 -999.9
-29.225000 -51.353001 IFARRO1 2026-09-20_03:44 15.3 -999.9 -999.9 99.0 -999.9 -999.9 15.1 -999.9 -999.9 1006.3 -999.9 -999.9 3.0 26 7.2 -999.9 0.0 4.6 44.5 46.2 46.2 46.2 25.6 15.1 99.0 76.0 20.1 Farroupilha_(766_m) -999.9 -999.9 1008.74 1002.44 1006.3 21.3 14.9 1037.2 Rio_Grande_do_Sul WU UTC_2026-09-20_06:44 0.0 -999.9
-29.225000 -51.353001 IFARRO1 2026-09-20_03:49 15.3 -999.9 -999.9 99.0 -999.9 -999.9 15.1 -999.9 -999.9 1006.2 -999.9 -999.9 2.8 33 9.3 -999.9 0.0 4.6 44.5 46.2 46.2 46.2 25.6 15.1 99.0 76.0 20.1 Farroupilha_(766_m) -999.9 -999.9 1008.74 1002.44 1006.2 21.3 14.9 1037.2 Rio_Grande_do_Sul WU UTC_2026-09-20_06:49 0.0 -999.9
-29.225000 -51.353001 IFARRO1 2026-09-20_03:54 15.3 -999.9 -999.9 99.0 -999.9 -999.9 15.1 -999.9 -999.9 1006.3 -999.9 -999.9 3.4 29 9.3 -999.9 0.0 4.6 44.5 46.2 46.2 46.2 25.6 15.1 99.0 76.0 20.1 Farroupilha_(766_m) -999.9 -999.9 1008.74 1002.44 1006.3 21.3 14.9 1037.2 Rio_Grande_do_Sul WU UTC_2026-09-20_06:54 0.0 -999.9
-29.225000 -51.353001 IFARRO1 2026-09-20_03:59 15.2 -999.9 -999.9 99.0 -999.9 -999.9 15.0 -999.9 -999.9 1006.4 -999.9 -999.9 3.1 14 7.2 -999.9 0.0 4.6 44.5 46.2 46.2 46.2 25.6 15.1 99.0 76.0 20.1 Farroupilha_(766_m) -999.9 -999.9 1008.74 1002.44 1006.4 21.3 14.9 1037.2 Rio_Grande_do_Sul WU UTC_2026-09-20_06:59 0.0 -999.9
-29.225000 -51.353001 IFARRO1 2026-09-20_04:04 15.3 -999.9 -999.9 99.0 -999.9 -999.9 15.1 -999.9 -999.9 1006.4 -999.9 -999.9 3.2 30 7.2 -999.9 0.0 4.6 44.5 46.2 46.2 46.2 25.6 15.1 99.0 76.0 20.1 Farroupilha_(766_m) -999.9 -999.9 1008.74 1002.44 1006.4 21.3 14.9 1037.2 Rio_Grande_do_Sul WU UTC_2026-09-20_07:04 0.0 -999.9
-29.225000 -51.353001 IFARRO1 2026-09-20_04:09 15.3 -999.9 -999.9 99.0 -999.9 -999.9 15.1 -999.9 -999.9 1006.4 -999.9 -999.9 4.6 24 11.1 -999.9 0.0 4.6 44.5 46.2 46.2 46.2 25.6 15.1 99.0 76.0 20.1 Farroupilha_(766_m) -999.9 -999.9 1008.74 1002.44 1006.4 21.3 14.9 1037.2 Rio_Grande_do_Sul WU UTC_2026-09-20_07:09 0.0 -999.9
-29.225000 -51.353001 IFARRO1 2026-09-20_04:14 15.2 -999.9 -999.9 99.0 -999.9 -999.9 15.1 -999.9 -999.9 1006.4 -999.9 -999.9 2.9 14 7.2 -999.9 0.0 4.6 44.5 46.2 46.2 46.2 25.6 15.1 99.0 76.0 20.1 Farroupilha_(766_m) -999.9 -999.9 1008.74 1002.44 1006.4 21.3 14.9 1037.2 Rio_Grande_do_Sul WU UTC_2026-09-20_07:14 0.0 -999.9
-29.225000 -51.353001 IFARRO1 2026-09-20_04:19 15.2 -999.9 -999.9 99.0 -999.9 -999.9 15.0 -999.9 -999.9 1006.3 -999.9 -999.9 2.2 16 5.5 -999.9 0.0 4.6 44.5 46.2 46.2 46.2 25.6 15.1 99.0 76.0 20.1 Farroupilha_(766_m) -999.9 -999.9 1008.74 1002.44 1006.3 21.3 14.9 1037.2 Rio_Grande_do_Sul WU UTC_2026-09-20_07:19 0.0 -999.9
-29.225000 -51.353001 IFARRO1 2026-09-20_04:24 15.2 -999.9 -999.9 99.0 -999.9 -999.9 15.0 -999.9 -999.9 1006.3 -999.9 -999.9 3.2 29 9.3 -999.9 0.0 4.6 44.5 46.2 46.2 46.2 25.6 15.1 99.0 76.0 20.1 Farroupilha_(766_m) -999.9 -999.9 1008.74 1002.44 1006.3 21.3 14.9 1037.2 Rio_Grande_do_Sul WU UTC_2026-09-20_07:24 0.0 -999.9
-29.225000 -51.353001 IFARRO1 2026-09-20_04:29 15.2 -999.9 -999.9 99.0 -999.9 -999.9 15.0 -999.9 -999.9 1006.4 -999.9 -999.9 2.6 24 7.2 -999.9 0.0 4.6 44.5 46.2 46.2 46.2 25.6 15.1 99.0 76.0 20.1 Farroupilha_(766_m) -999.9 -999.9 1008.74 1002.44 1006.4 21.3 14.9 1037.2 Rio_Grande_do_Sul WU UTC_2026-09-20_07:29 0.0 -999.9
-29.225000 -51.353001 IFARRO1 2026-09-20_04:34 15.1 -999.9 -999.9 99.0 -999.9 -999.9 14.9 -999.9 -999.9 1006.4 -999.9 -999.9 2.5 27 5.5 -999.9 0.0 4.6 44.5 46.2 46.2 46.2 25.6 15.1 99.0 76.0 20.1 Farroupilha_(766_m) -999.9 -999.9 1008.74 1002.44 1006.4 21.3 14.9 1037.2 Rio_Grande_do_Sul WU UTC_2026-09-20_07:34 0.0 -999.9
-29.225000 -51.353001 IFARRO1 2026-09-20_04:39 15.1 -999.9 -999.9 99.0 -999.9 -999.9 14.9 -999.9 -999.9 1006.4 -999.9 -999.9 3.8 24 9.3 -999.9 0.0 4.6 44.5 46.2 46.2 46.2 25.6 15.1 99.0 76.0 20.1 Farroupilha_(766_m) -999.9 -999.9 1008.74 1002.44 1006.4 21.3 14.9 1037.2 Rio_Grande_do_Sul WU UTC_2026-09-20_07:39 0.0 -999.9
-29.225000 -51.353001 IFARRO1 2026-09-20_04:44 15.1 -999.9 -999.9 99.0 -999.9 -999.9 14.9 -999.9 -999.9 1006.4 -999.9 -999.9 3.7 25 9.3 -999.9 0.0 4.6 44.5 46.2 46.2 46.2 25.6 15.1 99.0 76.0 20.1 Farroupilha_(766_m) -999.9 -999.9 1008.74 1002.44 1006.4 21.3 14.9 1037.2 Rio_Grande_do_Sul WU UTC_2026-09-20_07:44 0.0 -999.9
-29.225000 -51.353001 IFARRO1 2026-09-20_04:49 15.1 -999.9 -999.9 99.0 -999.9 -999.9 14.9 -999.9 -999.9 1006.3 -999.9 -999.9 3.5 28 9.3 -999.9 0.0 4.6 44.5 46.2 46.2 46.2 25.6 15.1 99.0 76.0 20.1 Farroupilha_(766_m) -999.9 -999.9 1008.74 1002.44 1006.3 21.3 14.9 1037.2 Rio_Grande_do_Sul WU UTC_2026-09-20_07:49 0.0 -999.9
-29.225000 -51.353001 IFARRO1 2026-09-20_04:54 15.1 -999.9 -999.9 99.0 -999.9 -999.9 14.9 -999.9 -999.9 1006.4 -999.9 -999.9 3.9 28 9.3 -999.9 0.0 4.6 44.5 46.2 46.2 46.2 25.6 15.1 99.0 76.0 20.1 Farroupilha_(766_m) -999.9 -999.9 1008.74 1002.44 1006.4 21.3 14.9 1037.2 Rio_Grande_do_Sul WU UTC_2026-09-20_07:54 0.0 -999.9
-29.225000 -51.353001 IFARRO1 2026-09-20_04:59 15.1 -999.9 -999.9 99.0 -999.9 -999.9 14.9 -999.9 -999.9 1006.3 -999.9 -999.9 4.7 29 13.0 -999.9 0.0 4.6 44.5 46.2 46.2 46.2 25.6 15.1 99.0 76.0 20.1 Farroupilha_(766_m) -999.9 -999.9 1008.74 1002.44 1006.3 21.3 14.9 1037.2 Rio_Grande_do_Sul WU UTC_2026-09-20_07:59 0.0 -999.9
-29.225000 -51.353001 IFARRO1 2026-09-20_05:04 15.1 -999.9 -999.9 99.0 -999.9 -999.9 14.9 -999.9 -999.9 1006.3 -999.9 -999.9 4.1 35 9.3 -999.9 0.0 4.6 44.5 46.2 46.2 46.2 25.6 15.1 99.0 76.0 20.1 Farroupilha_(766_m) -999.9 -999.9 1008.74 1002.44 1006.3 21.3 14.9 1037.2 Rio_Grande_do_Sul WU UTC_2026-09-20_08:04 0.0 -999.9
-29.225000 -51.353001 IFARRO1 2026-09-20_05:09 15.1 -999.9 -999.9 99.0 -999.9 -999.9 14.9 -999.9 -999.9 1006.4 -999.9 -999.9 4.5 41 11.1 -999.9 0.0 4.6 44.5 46.2 46.2 46.2 25.6 15.1 99.0 76.0 20.1 Farroupilha_(766_m) -999.9 -999.9 1008.74 1002.44 1006.4 21.3 14.9 1037.2 Rio_Grande_do_Sul WU UTC_2026-09-20_08:09 0.0 -999.9
-29.225000 -51.353001 IFARRO1 2026-09-20_05:14 15.2 -999.9 -999.9 99.0 -999.9 -999.9 15.0 -999.9 -999.9 1006.6 -999.9 -999.9 3.9 18 9.3 -999.9 0.0 4.6 44.5 46.2 46.2 46.2 25.6 15.1 99.0 76.0 20.1 Farroupilha_(766_m) -999.9 -999.9 1008.74 1002.44 1006.6 21.3 14.9 1037.2 Rio_Grande_do_Sul WU UTC_2026-09-20_08:14 0.0 -999.9
-29.225000 -51.353001 IFARRO1 2026-09-20_05:19 15.2 -999.9 -999.9 99.0 -999.9 -999.9 15.0 -999.9 -999.9 1006.6 -999.9 -999.9 3.4 31 9.3 -999.9 0.0 4.6 44.5 46.2 46.2 46.2 25.6 15.1 99.0 76.0 20.1 Farroupilha_(766_m) -999.9 -999.9 1008.74 1002.44 1006.6 21.3 14.9 1037.2 Rio_Grande_do_Sul WU UTC_2026-09-20_08:19 0.0 -999.9
-29.225000 -51.353001 IFARRO1 2026-09-20_05:24 15.2 -999.9 -999.9 99.0 -999.9 -999.9 15.0 -999.9 -999.9 1006.6 -999.9 -999.9 4.7 22 14.8 -999.9 0.0 4.6 44.5 46.2 46.2 46.2 25.6 15.1 99.0 76.0 20.1 Farroupilha_(766_m) -999.9 -999.9 1008.74 1002.44 1006.6 21.3 14.9 1037.2 Rio_Grande_do_Sul WU UTC_2026-09-20_08:24 0.0 -999.9
-29.225000 -51.353001 IFARRO1 2026-09-20_05:29 15.2 -999.9 -999.9 99.0 -999.9 -999.9 15.0 -999.9 -999.9 1006.8 -999.9 -999.9 3.2 21 11.1 -999.9 0.0 4.6 44.5 46.2 46.2 46.2 25.6 15.1 99.0 76.0 20.1 Farroupilha_(766_m) -999.9 -999.9 1008.74 1002.44 1006.8 21.3 14.9 1037.2 Rio_Grande_do_Sul WU UTC_2026-09-20_08:29 0.0 -999.9
-29.225000 -51.353001 IFARRO1 2026-09-20_05:34 15.2 -999.9 -999.9 99.0 -999.9 -999.9 15.0 -999.9 -999.9 1006.8 -999.9 -999.9 4.4 34 9.3 -999.9 0.0 4.6 44.5 46.2 46.2 46.2 25.6 15.1 99.0 76.0 20.1 Farroupilha_(766_m) -999.9 -999.9 1008.74 1002.44 1006.8 21.3 14.9 1037.2 Rio_Grande_do_Sul WU UTC_2026-09-20_08:34 0.0 -999.9
-29.225000 -51.353001 IFARRO1 2026-09-20_05:39 15.2 -999.9 -999.9 99.0 -999.9 -999.9 15.0 -999.9 -999.9 1006.8 -999.9 -999.9 4.0 30 11.1 -999.9 0.0 4.6 44.5 46.2 46.2 46.2 25.6 15.1 99.0 76.0 20.1 Farroupilha_(766_m) -999.9 -999.9 1008.74 1002.44 1006.8 21.3 14.9 1037.2 Rio_Grande_do_Sul WU UTC_2026-09-20_08:39 0.0 -999.9
-29.225000 -51.353001 IFARRO1 2026-09-20_05:44 15.2 -999.9 -999.9 99.0 -999.9 -999.9 15.0 -999.9 -999.9 1006.9 -999.9 -999.9 3.6 19 13.0 -999.9 0.0 4.6 44.5 46.2 46.2 46.2 25.6 15.1 99.0 76.0 20.1 Farroupilha_(766_m) -999.9 -999.9 1008.74 1002.44 1006.9 21.3 14.9 1037.2 Rio_Grande_do_Sul WU UTC_2026-09-20_08:44 0.0 -999.9
-29.225000 -51.353001 IFARRO1 2026-09-20_05:49 15.2 -999.9 -999.9 99.0 -999.9 -999.9 15.0 -999.9 -999.9 1006.9 -999.9 -999.9 3.1 29 9.3 -999.9 0.0 4.6 44.5 46.2 46.2 46.2 25.6 15.1 99.0 76.0 20.1 Farroupilha_(766_m) -999.9 -999.9 1008.74 1002.44 1006.9 21.3 14.9 1037.2 Rio_Grande_do_Sul WU UTC_2026-09-20_08:49 0.0 -999.9
-29.225000 -51.353001 IFARRO1 2026-09-20_05:54 15.2 -999.9 -999.9 99.0 -999.9 -999.9 15.0 -999.9 -999.9 1007.0 -999.9 -999.9 3.2 37 11.1 -999.9 0.0 4.6 44.5 46.2 46.2 46.2 25.6 15.1 99.0 76.0 20.1 Farroupilha_(766_m) -999.9 -999.9 1008.74 1002.44 1007.0 21.3 14.9 1037.2 Rio_Grande_do_Sul WU UTC_2026-09-20_08:54 0.0 -999.9
-29.225000 -51.353001 IFARRO1 2026-09-20_05:59 15.2 -999.9 -999.9 99.0 -999.9 -999.9 15.0 -999.9 -999.9 1007.0 -999.9 -999.9 3.3 27 7.2 -999.9 0.0 4.6 44.5 46.2 46.2 46.2 25.6 15.1 99.0 76.0 20.1 Farroupilha_(766_m) -999.9 -999.9 1008.74 1002.44 1007.0 21.3 14.9 1037.2 Rio_Grande_do_Sul WU UTC_2026-09-20_08:59 0.0 -999.9
-29.225000 -51.353001 IFARRO1 2026-09-20_06:04 15.2 -999.9 -999.9 99.0 -999.9 -999.9 15.0 -999.9 -999.9 1007.1 -999.9 -999.9 3.1 17 13.0 -999.9 0.0 4.6 44.5 46.2 46.2 46.2 25.6 15.1 99.0 76.0 20.1 Farroupilha_(766_m) -999.9 -999.9 1008.74 1002.44 1007.1 21.3 14.9 1037.2 Rio_Grande_do_Sul WU UTC_2026-09-20_09:04 0.0 -999.9
-29.225000 -51.353001 IFARRO1 2026-09-20_06:09 15.2 -999.9 -999.9 99.0 -999.9 -999.9 15.0 -999.9 -999.9 1007.2 -999.9 -999.9 3.5 34 11.1 -999.9 0.0 4.6 44.5 46.2 46.2 46.2 25.6 15.1 99.0 76.0 20.1 Farroupilha_(766_m) -999.9 -999.9 1008.74 1002.44 1007.2 21.3 14.9 1037.2 Rio_Grande_do_Sul WU UTC_2026-09-20_09:09 0.0 -999.9
-29.225000 -51.353001 IFARRO1 2026-09-20_06:14 15.2 -999.9 -999.9 99.0 -999.9 -999.9 15.0 -999.9 -999.9 1007.2 -999.9 -999.9 3.1 19 9.3 -999.9 0.0 4.6 44.5 46.2 46.2 46.2 25.6 15.1 99.0 76.0 20.1 Farroupilha_(766_m) -999.9 -999.9 1008.74 1002.44 1007.2 21.3 14.9 1037.2 Rio_Grande_do_Sul WU UTC_2026-09-20_09:14 0.0 -999.9
-29.225000 -51.353001 IFARRO1 2026-09-20_06:19 15.2 -999.9 -999.9 99.0 -999.9 -999.9 15.0 -999.9 -999.9 1007.2 -999.9 -999.9 4.0 14 13.0 -999.9 0.0 4.6 44.5 46.2 46.2 46.2 25.6 15.1 99.0 76.0 20.1 Farroupilha_(766_m) -999.9 -999.9 1008.74 1002.44 1007.2 21.3 14.9 1037.2 Rio_Grande_do_Sul WU UTC_2026-09-20_09:19 0.0 -999.9
-29.225000 -51.353001 IFARRO1 2026-09-20_06:24 15.2 -999.9 -999.9 99.0 -999.9 -999.9 15.0 -999.9 -999.9 1007.1 -999.9 -999.9 3.3 17 9.3 0.9 0.0 4.6 44.5 46.2 46.2 46.2 25.6 15.1 99.0 76.0 20.1 Farroupilha_(766_m) -999.9 -999.9 1008.74 1002.44 1007.1 21.3 14.9 1037.2 Rio_Grande_do_Sul WU UTC_2026-09-20_09:24 0.0 -999.9
-29.225000 -51.353001 IFARRO1 2026-09-20_06:29 15.2 -999.9 -999.9 99.0 -999.9 -999.9 15.0 -999.9 -999.9 1007.1 -999.9 -999.9 2.2 22 9.3 1.2 0.0 4.6 44.5 46.2 46.2 46.2 25.6 15.1 99.0 76.0 20.1 Farroupilha_(766_m) -999.9 -999.9 1008.74 1002.44 1007.1 21.3 14.9 1037.2 Rio_Grande_do_Sul WU UTC_2026-09-20_09:29 0.0 -999.9
-29.225000 -51.353001 IFARRO1 2026-09-20_06:34 15.3 -999.9 -999.9 99.0 -999.9 -999.9 15.1 -999.9 -999.9 1007.4 -999.9 -999.9 3.1 30 9.3 9.1 0.0 4.6 44.5 46.2 46.2 46.2 25.6 15.1 99.0 76.0 20.1 Farroupilha_(766_m) -999.9 -999.9 1008.74 1002.44 1007.4 21.3 14.9 1037.2 Rio_Grande_do_Sul WU UTC_2026-09-20_09:34 0.0 -999.9
-29.225000 -51.353001 IFARRO1 2026-09-20_06:39 15.3 -999.9 -999.9 99.0 -999.9 -999.9 15.1 -999.9 -999.9 1007.3 -999.9 -999.9 4.4 25 13.0 16.4 0.0 4.6 44.5 46.2 46.2 46.2 25.6 15.1 99.0 76.0 20.1 Farroupilha_(766_m) -999.9 -999.9 1008.74 1002.44 1007.3 21.3 14.9 1037.2 Rio_Grande_do_Sul WU UTC_2026-09-20_09:39 0.0 -999.9
-29.225000 -51.353001 IFARRO1 2026-09-20_06:44 15.3 -999.9 -999.9 99.0 -999.9 -999.9 15.1 -999.9 -999.9 1007.2 -999.9 -999.9 3.5 31 11.1 22.5 0.0 4.6 44.5 46.2 46.2 46.2 25.6 15.1 99.0 76.0 20.1 Farroupilha_(766_m) -999.9 -999.9 1008.74 1002.44 1007.2 21.3 14.9 1037.2 Rio_Grande_do_Sul WU UTC_2026-09-20_09:44 0.0 -999.9
-29.225000 -51.353001 IFARRO1 2026-09-20_06:49 15.4 -999.9 -999.9 99.0 -999.9 -999.9 15.2 -999.9 -999.9 1007.2 -999.9 -999.9 3.2 21 11.1 33.4 0.0 4.6 44.5 46.2 46.2 46.2 25.6 15.1 99.0 76.0 20.1 Farroupilha_(766_m) -999.9 -999.9 1008.74 1002.44 1007.2 21.3 14.9 1037.2 Rio_Grande_do_Sul WU UTC_2026-09-20_09:49 0.0 -999.9
-29.225000 -51.353001 IFARRO1 2026-09-20_06:54 15.4 -999.9 -999.9 99.0 -999.9 -999.9 15.2 -999.9 -999.9 1007.3 -999.9 -999.9 3.5 30 9.3 32.9 0.0 4.6 44.5 46.2 46.2 46.2 25.6 15.1 99.0 76.0 20.1 Farroupilha_(766_m) -999.9 -999.9 1008.74 1002.44 1007.3 21.3 14.9 1037.2 Rio_Grande_do_Sul WU UTC_2026-09-20_09:54 0.0 -999.9
-29.225000 -51.353001 IFARRO1 2026-09-20_06:59 15.4 -999.9 -999.9 99.0 -999.9 -999.9 15.2 -999.9 -999.9 1007.3 -999.9 -999.9 4.7 26 11.1 67.2 0.0 4.6 44.5 46.2 46.2 46.2 25.6 15.1 99.0 76.0 20.1 Farroupilha_(766_m) -999.9 -999.9 1008.74 1002.44 1007.3 21.3 14.9 1037.2 Rio_Grande_do_Sul WU UTC_2026-09-20_09:59 0.0 -999.9
-29.225000 -51.353001 IFARRO1 2026-09-20_07:04 15.5 -999.9 -999.9 99.0 -999.9 -999.9 15.3 -999.9 -999.9 1007.4 -999.9 -999.9 1.6 27 13.0 61.5 0.0 4.6 44.5 46.2 46.2 46.2 25.6 15.1 99.0 76.0 20.1 Farroupilha_(766_m) -999.9 -999.9 1008.74 1002.44 1007.4 21.3 14.9 1037.2 Rio_Grande_do_Sul WU UTC_2026-09-20_10:04 0.0 -999.9
-29.225000 -51.353001 IFARRO1 2026-09-20_07:09 15.5 -999.9 -999.9 99.0 -999.9 -999.9 15.3 -999.9 -999.9 1007.5 -999.9 -999.9 4.2 26 11.1 26.8 0.0 4.6 44.5 46.2 46.2 46.2 25.6 15.1 99.0 76.0 20.1 Farroupilha_(766_m) -999.9 -999.9 1008.74 1002.44 1007.5 21.3 14.9 1037.2 Rio_Grande_do_Sul WU UTC_2026-09-20_10:09 0.0 -999.9
-29.225000 -51.353001 IFARRO1 2026-09-20_07:14 15.5 -999.9 -999.9 99.0 -999.9 -999.9 15.3 -999.9 -999.9 1007.5 -999.9 -999.9 3.8 21 9.3 68.0 0.0 4.6 44.5 46.2 46.2 46.2 25.6 15.1 99.0 76.0 20.1 Farroupilha_(766_m) -999.9 -999.9 1008.74 1002.44 1007.5 21.3 14.9 1037.2 Rio_Grande_do_Sul WU UTC_2026-09-20_10:14 0.0 -999.9
-29.225000 -51.353001 IFARRO1 2026-09-20_07:19 15.6 -999.9 -999.9 99.0 -999.9 -999.9 15.4 -999.9 -999.9 1007.3 -999.9 -999.9 3.8 20 9.3 41.1 0.0 4.6 44.5 46.2 46.2 46.2 25.6 15.1 99.0 76.0 20.1 Farroupilha_(766_m) -999.9 -999.9 1008.74 1002.44 1007.3 21.3 14.9 1037.2 Rio_Grande_do_Sul WU UTC_2026-09-20_10:19 0.0 -999.9
-29.225000 -51.353001 IFARRO1 2026-09-20_07:24 15.6 -999.9 -999.9 99.0 -999.9 -999.9 15.4 -999.9 -999.9 1007.5 -999.9 -999.9 3.3 41 7.2 58.5 0.0 4.6 44.5 46.2 46.2 46.2 25.6 15.1 99.0 76.0 20.1 Farroupilha_(766_m) -999.9 -999.9 1008.74 1002.44 1007.5 21.3 14.9 1037.2 Rio_Grande_do_Sul WU UTC_2026-09-20_10:24 0.0 -999.9
-29.225000 -51.353001 IFARRO1 2026-09-20_07:29 15.6 -999.9 -999.9 99.0 -999.9 -999.9 15.4 -999.9 -999.9 1007.6 -999.9 -999.9 3.9 23 7.2 55.4 0.0 4.6 44.5 46.2 46.2 46.2 25.6 15.1 99.0 76.0 20.1 Farroupilha_(766_m) -999.9 -999.9 1008.74 1002.44 1007.6 21.3 14.9 1037.2 Rio_Grande_do_Sul WU UTC_2026-09-20_10:29 0.0 -999.9
-29.225000 -51.353001 IFARRO1 2026-09-20_07:34 15.6 -999.9 -999.9 99.0 -999.9 -999.9 15.4 -999.9 -999.9 1007.6 -999.9 -999.9 4.3 25 11.1 130.9 0.0 4.6 44.5 46.2 46.2 46.2 25.6 15.1 99.0 76.0 20.1 Farroupilha_(766_m) -999.9 -999.9 1008.74 1002.44 1007.6 21.3 14.9 1037.2 Rio_Grande_do_Sul WU UTC_2026-09-20_10:34 0.0 -999.9
-29.225000 -51.353001 IFARRO1 2026-09-20_07:39 15.8 -999.9 -999.9 99.0 -999.9 -999.9 15.6 -999.9 -999.9 1007.8 -999.9 -999.9 3.8 32 9.3 85.9 0.0 4.6 44.5 46.2 46.2 46.2 25.6 15.1 99.0 76.0 20.1 Farroupilha_(766_m) -999.9 -999.9 1008.74 1002.44 1007.8 21.3 14.9 1037.2 Rio_Grande_do_Sul WU UTC_2026-09-20_10:39 0.0 -999.9
-29.225000 -51.353001 IFARRO1 2026-09-20_07:44 15.7 -999.9 -999.9 99.0 -999.9 -999.9 15.5 -999.9 -999.9 1007.7 -999.9 -999.9 3.6 36 7.2 57.3 0.0 4.6 44.5 46.2 46.2 46.2 25.6 15.1 99.0 76.0 20.1 Farroupilha_(766_m) -999.9 -999.9 1008.74 1002.44 1007.7 21.3 14.9 1037.2 Rio_Grande_do_Sul WU UTC_2026-09-20_10:44 0.0 -999.9
-29.225000 -51.353001 IFARRO1 2026-09-20_07:49 15.7 -999.9 -999.9 99.0 -999.9 -999.9 15.5 -999.9 -999.9 1007.9 -999.9 -999.9 3.2 32 11.1 68.9 0.0 4.6 44.5 46.2 46.2 46.2 25.6 15.1 99.0 76.0 20.1 Farroupilha_(766_m) -999.9 -999.9 1008.74 1002.44 1007.9 21.3 14.9 1037.2 Rio_Grande_do_Sul WU UTC_2026-09-20_10:49 0.0 -999.9
-29.225000 -51.353001 IFARRO1 2026-09-20_07:54 15.7 -999.9 -999.9 99.0 -999.9 -999.9 15.5 -999.9 -999.9 1007.9 -999.9 -999.9 2.7 24 7.2 61.5 0.0 4.6 44.5 46.2 46.2 46.2 25.6 15.1 99.0 76.0 20.1 Farroupilha_(766_m) -999.9 -999.9 1008.74 1002.44 1007.9 21.3 14.9 1037.2 Rio_Grande_do_Sul WU UTC_2026-09-20_10:54 0.0 -999.9
-29.225000 -51.353001 IFARRO1 2026-09-20_07:59 15.8 -999.9 -999.9 99.0 -999.9 -999.9 15.6 -999.9 -999.9 1007.9 -999.9 -999.9 4.3 31 9.3 72.4 0.0 4.6 44.5 46.2 46.2 46.2 25.6 15.1 99.0 76.0 20.1 Farroupilha_(766_m) -999.9 -999.9 1008.74 1002.44 1007.9 21.3 14.9 1037.2 Rio_Grande_do_Sul WU UTC_2026-09-20_10:59 0.0 -999.9
-29.225000 -51.353001 IFARRO1 2026-09-20_08:04 15.8 -999.9 -999.9 99.0 -999.9 -999.9 15.6 -999.9 -999.9 1008.0 -999.9 -999.9 4.0 26 11.1 107.5 0.0 4.6 44.5 46.2 46.2 46.2 25.6 15.1 99.0 76.0 20.1 Farroupilha_(766_m) -999.9 -999.9 1008.74 1002.44 1008.0 21.3 14.9 1037.2 Rio_Grande_do_Sul WU UTC_2026-09-20_11:04 0.0 -999.9
-29.225000 -51.353001 IFARRO1 2026-09-20_08:09 15.8 -999.9 -999.9 99.0 -999.9 -999.9 15.7 -999.9 -999.9 1008.0 -999.9 -999.9 4.5 40 13.0 86.2 0.0 4.6 44.5 46.2 46.2 46.2 25.6 15.1 99.0 76.0 20.1 Farroupilha_(766_m) -999.9 -999.9 1008.74 1002.44 1008.0 21.3 14.9 1037.2 Rio_Grande_do_Sul WU UTC_2026-09-20_11:09 0.0 -999.9
-29.225000 -51.353001 IFARRO1 2026-09-20_08:14 15.9 -999.9 -999.9 99.0 -999.9 -999.9 15.7 -999.9 -999.9 1008.1 -999.9 -999.9 3.2 38 11.1 93.2 0.0 4.6 44.5 46.2 46.2 46.2 25.6 15.1 99.0 76.0 20.1 Farroupilha_(766_m) -999.9 -999.9 1008.74 1002.44 1008.1 21.3 14.9 1037.2 Rio_Grande_do_Sul WU UTC_2026-09-20_11:14 0.0 -999.9
-29.225000 -51.353001 IFARRO1 2026-09-20_08:19 15.9 -999.9 -999.9 99.0 -999.9 -999.9 15.7 -999.9 -999.9 1008.2 -999.9 -999.9 2.5 33 5.5 86.7 0.0 4.6 44.5 46.2 46.2 46.2 25.6 15.1 99.0 76.0 20.1 Farroupilha_(766_m) -999.9 -999.9 1008.74 1002.44 1008.2 21.3 14.9 1037.2 Rio_Grande_do_Sul WU UTC_2026-09-20_11:19 0.0 -999.9
-29.225000 -51.353001 IFARRO1 2026-09-20_08:24 16.0 -999.9 -999.9 99.0 -999.9 -999.9 15.8 -999.9 -999.9 1008.2 -999.9 -999.9 3.0 21 7.2 110.1 0.0 4.6 44.5 46.2 46.2 46.2 25.6 15.1 99.0 76.0 20.1 Farroupilha_(766_m) -999.9 -999.9 1008.74 1002.44 1008.2 21.3 14.9 1037.2 Rio_Grande_do_Sul WU UTC_2026-09-20_11:24 0.0 -999.9
-29.225000 -51.353001 IFARRO1 2026-09-20_08:29 16.0 -999.9 -999.9 99.0 -999.9 -999.9 15.8 -999.9 -999.9 1008.3 -999.9 -999.9 3.7 19 11.1 73.7 0.0 4.6 44.5 46.2 46.2 46.2 25.6 15.1 99.0 76.0 20.1 Farroupilha_(766_m) -999.9 -999.9 1008.74 1002.44 1008.3 21.3 14.9 1037.2 Rio_Grande_do_Sul WU UTC_2026-09-20_11:29 0.0 -999.9
-29.225000 -51.353001 IFARRO1 2026-09-20_08:34 16.0 -999.9 -999.9 99.0 -999.9 -999.9 15.8 -999.9 -999.9 1008.3 -999.9 -999.9 3.0 19 9.3 55.9 0.0 4.6 44.5 46.2 46.2 46.2 25.6 15.1 99.0 76.0 20.1 Farroupilha_(766_m) -999.9 -999.9 1008.74 1002.44 1008.3 21.3 14.9 1037.2 Rio_Grande_do_Sul WU UTC_2026-09-20_11:34 0.0 -999.9
-29.225000 -51.353001 IFARRO1 2026-09-20_08:39 16.0 -999.9 -999.9 99.0 -999.9 -999.9 15.8 -999.9 -999.9 1008.3 -999.9 -999.9 2.9 17 9.3 122.7 0.0 4.6 44.5 46.2 46.2 46.2 25.6 15.1 99.0 76.0 20.1 Farroupilha_(766_m) -999.9 -999.9 1008.74 1002.44 1008.3 21.3 14.9 1037.2 Rio_Grande_do_Sul WU UTC_2026-09-20_11:39 0.0 -999.9
-29.225000 -51.353001 IFARRO1 2026-09-20_08:44 16.0 -999.9 -999.9 99.0 -999.9 -999.9 15.8 -999.9 -999.9 1008.3 -999.9 -999.9 2.9 10 11.1 122.3 0.0 4.6 44.5 46.2 46.2 46.2 25.6 15.1 99.0 76.0 20.1 Farroupilha_(766_m) -999.9 -999.9 1008.74 1002.44 1008.3 21.3 14.9 1037.2 Rio_Grande_do_Sul WU UTC_2026-09-20_11:44 0.0 -999.9
-29.225000 -51.353001 IFARRO1 2026-09-20_08:49 16.0 -999.9 -999.9 99.0 -999.9 -999.9 15.8 -999.9 -999.9 1008.2 -999.9 -999.9 2.8 36 7.2 71.9 0.0 4.6 44.5 46.2 46.2 46.2 25.6 15.1 99.0 76.0 20.1 Farroupilha_(766_m) -999.9 -999.9 1008.74 1002.44 1008.2 21.3 14.9 1037.2 Rio_Grande_do_Sul WU UTC_2026-09-20_11:49 0.0 -999.9
-29.225000 -51.353001 IFARRO1 2026-09-20_08:54 16.0 -999.9 -999.9 99.0 -999.9 -999.9 15.8 -999.9 -999.9 1008.4 -999.9 -999.9 3.1 25 9.3 98.0 0.0 4.6 44.5 46.2 46.2 46.2 25.6 15.1 99.0 76.0 20.1 Farroupilha_(766_m) -999.9 -999.9 1008.74 1002.44 1008.4 21.3 14.9 1037.2 Rio_Grande_do_Sul WU UTC_2026-09-20_11:54 0.0 -999.9
-29.225000 -51.353001 IFARRO1 2026-09-20_08:59 16.1 -999.9 -999.9 99.0 -999.9 -999.9 15.9 -999.9 -999.9 1008.4 -999.9 -999.9 2.1 12 7.2 124.1 0.0 4.6 44.5 46.2 46.2 46.2 25.6 15.1 99.0 76.0 20.1 Farroupilha_(766_m) -999.9 -999.9 1008.74 1002.44 1008.4 21.3 14.9 1037.2 Rio_Grande_do_Sul WU UTC_2026-09-20_11:59 0.0 -999.9
-29.225000 -51.353001 IFARRO1 2026-09-20_09:04 16.1 -999.9 -999.9 99.0 -999.9 -999.9 15.9 -999.9 -999.9 1008.3 -999.9 -999.9 3.5 21 13.0 105.3 0.0 4.6 44.5 46.2 46.2 46.2 25.6 15.1 99.0 76.0 20.1 Farroupilha_(766_m) -999.9 -999.9 1008.74 1002.44 1008.3 21.3 14.9 1037.2 Rio_Grande_do_Sul WU UTC_2026-09-20_12:04 0.0 -999.9
-29.225000 -51.353001 IFARRO1 2026-09-20_09:09 16.1 -999.9 -999.9 99.0 -999.9 -999.9 15.9 -999.9 -999.9 1008.3 -999.9 -999.9 3.3 25 11.1 94.9 0.0 4.6 44.5 46.2 46.2 46.2 25.6 15.1 99.0 76.0 20.1 Farroupilha_(766_m) -999.9 -999.9 1008.74 1002.44 1008.3 21.3 14.9 1037.2 Rio_Grande_do_Sul WU UTC_2026-09-20_12:09 0.0 -999.9
-29.225000 -51.353001 IFARRO1 2026-09-20_09:14 16.1 -999.9 -999.9 99.0 -999.9 -999.9 15.9 -999.9 -999.9 1008.3 -999.9 -999.9 4.2 27 9.3 95.4 0.0 4.6 44.5 46.2 46.2 46.2 25.6 15.1 99.0 76.0 20.1 Farroupilha_(766_m) -999.9 -999.9 1008.74 1002.44 1008.3 21.3 14.9 1037.2 Rio_Grande_do_Sul WU UTC_2026-09-20_12:14 0.0 -999.9
-29.225000 -51.353001 IFARRO1 2026-09-20_09:19 16.2 -999.9 -999.9 99.0 -999.9 -999.9 16.0 -999.9 -999.9 1008.4 -999.9 -999.9 4.3 30 7.2 89.8 0.0 4.6 44.5 46.2 46.2 46.2 25.6 15.1 99.0 76.0 20.1 Farroupilha_(766_m) -999.9 -999.9 1008.74 1002.44 1008.4 21.3 14.9 1037.2 Rio_Grande_do_Sul WU UTC_2026-09-20_12:19 0.0 -999.9
-29.225000 -51.353001 IFARRO1 2026-09-20_09:24 16.2 -999.9 -999.9 99.0 -999.9 -999.9 16.0 -999.9 -999.9 1008.3 -999.9 -999.9 4.2 37 7.2 112.3 0.0 4.6 44.5 46.2 46.2 46.2 25.6 15.1 99.0 76.0 20.1 Farroupilha_(766_m) -999.9 -999.9 1008.74 1002.44 1008.3 21.3 14.9 1037.2 Rio_Grande_do_Sul WU UTC_2026-09-20_12:24 0.0 -999.9
-29.225000 -51.353001 IFARRO1 2026-09-20_09:29 16.3 -999.9 -999.9 99.0 -999.9 -999.9 16.1 -999.9 -999.9 1008.3 -999.9 -999.9 3.7 31 7.2 130.5 0.0 4.6 44.5 46.2 46.2 46.2 25.6 15.1 99.0 76.0 20.1 Farroupilha_(766_m) -999.9 -999.9 1008.74 1002.44 1008.3 21.3 14.9 1037.2 Rio_Grande_do_Sul WU UTC_2026-09-20_12:29 0.0 -999.9
-29.225000 -51.353001 IFARRO1 2026-09-20_09:34 16.3 -999.9 -999.9 99.0 -999.9 -999.9 16.1 -999.9 -999.9 1008.4 -999.9 -999.9 4.2 35 11.1 117.9 0.0 4.6 44.5 46.2 46.2 46.2 25.6 15.1 99.0 76.0 20.1 Farroupilha_(766_m) -999.9 -999.9 1008.74 1002.44 1008.4 21.3 14.9 1037.2 Rio_Grande_do_Sul WU UTC_2026-09-20_12:34 0.0 -999.9
-29.225000 -51.353001 IFARRO1 2026-09-20_09:39 16.3 -999.9 -999.9 99.0 -999.9 -999.9 16.1 -999.9 -999.9 1008.3 -999.9 -999.9 4.6 30 11.1 107.0 0.0 4.6 44.5 46.2 46.2 46.2 25.6 15.1 99.0 76.0 20.1 Farroupilha_(766_m) -999.9 -999.9 1008.74 1002.44 1008.3 21.3 14.9 1037.2 Rio_Grande_do_Sul WU UTC_2026-09-20_12:39 0.0 -999.9
-29.225000 -51.353001 IFARRO1 2026-09-20_09:44 16.4 -999.9 -999.9 99.0 -999.9 -999.9 16.2 -999.9 -999.9 1008.4 -999.9 -999.9 4.4 26 11.1 123.2 0.0 4.6 44.5 46.2 46.2 46.2 25.6 15.1 99.0 76.0 20.1 Farroupilha_(766_m) -999.9 -999.9 1008.74 1002.44 1008.4 21.3 14.9 1037.2 Rio_Grande_do_Sul WU UTC_2026-09-20_12:44 0.0 -999.9
-29.225000 -51.353001 IFARRO1 2026-09-20_09:49 16.5 -999.9 -999.9 99.0 -999.9 -999.9 16.3 -999.9 -999.9 1008.4 -999.9 -999.9 3.6 12 9.3 144.0 0.0 4.6 44.5 46.2 46.2 46.2 25.6 15.1 99.0 76.0 20.1 Farroupilha_(766_m) -999.9 -999.9 1008.74 1002.44 1008.4 21.3 14.9 1037.2 Rio_Grande_do_Sul WU UTC_2026-09-20_12:49 0.0 -999.9
-29.225000 -51.353001 IFARRO1 2026-09-20_09:54 16.5 -999.9 -999.9 99.0 -999.9 -999.9 16.3 -999.9 -999.9 1008.3 -999.9 -999.9 3.6 20 11.1 146.2 0.0 4.6 44.5 46.2 46.2 46.2 25.6 15.1 99.0 76.0 20.1 Farroupilha_(766_m) -999.9 -999.9 1008.74 1002.44 1008.3 21.3 14.9 1037.2 Rio_Grande_do_Sul WU UTC_2026-09-20_12:54 0.0 -999.9
-29.225000 -51.353001 IFARRO1 2026-09-20_09:59 16.6 -999.9 -999.9 99.0 -999.9 -999.9 16.4 -999.9 -999.9 1008.3 -999.9 -999.9 2.7 25 7.2 135.3 0.0 4.6 44.5 46.2 46.2 46.2 25.6 15.1 99.0 76.0 20.1 Farroupilha_(766_m) -999.9 -999.9 1008.74 1002.44 1008.3 21.3 14.9 1037.2 Rio_Grande_do_Sul WU UTC_2026-09-20_12:59 0.0 -999.9
-29.225000 -51.353001 IFARRO1 2026-09-20_10:04 16.7 -999.9 -999.9 99.0 -999.9 -999.9 16.5 -999.9 -999.9 1008.2 -999.9 -999.9 2.8 25 5.5 188.6 0.0 4.6 44.5 46.2 46.2 46.2 25.6 15.1 99.0 76.0 20.1 Farroupilha_(766_m) -999.9 -999.9 1008.74 1002.44 1008.2 21.3 14.9 1037.2 Rio_Grande_do_Sul WU UTC_2026-09-20_13:04 0.0 -999.9
-29.225000 -51.353001 IFARRO1 2026-09-20_10:09 16.8 -999.9 -999.9 99.0 -999.9 -999.9 16.7 -999.9 -999.9 1008.2 -999.9 -999.9 2.4 22 5.5 213.0 0.0 4.6 44.5 46.2 46.2 46.2 25.6 15.1 99.0 76.0 20.1 Farroupilha_(766_m) -999.9 -999.9 1008.74 1002.44 1008.2 21.3 14.9 1037.2 Rio_Grande_do_Sul WU UTC_2026-09-20_13:09 0.0 -999.9
-29.225000 -51.353001 IFARRO1 2026-09-20_10:14 16.9 -999.9 -999.9 99.0 -999.9 -999.9 16.7 -999.9 -999.9 1008.3 -999.9 -999.9 3.4 23 9.3 185.6 0.0 4.6 44.5 46.2 46.2 46.2 25.6 15.1 99.0 76.0 20.1 Farroupilha_(766_m) -999.9 -999.9 1008.74 1002.44 1008.3 21.3 14.9 1037.2 Rio_Grande_do_Sul WU UTC_2026-09-20_13:14 0.0 -999.9
-29.225000 -51.353001 IFARRO1 2026-09-20_10:19 17.1 -999.9 -999.9 99.0 -999.9 -999.9 16.9 -999.9 -999.9 1008.1 -999.9 -999.9 1.6 28 3.5 206.4 0.0 4.6 44.5 46.2 46.2 46.2 25.6 15.1 99.0 76.0 20.1 Farroupilha_(766_m) -999.9 -999.9 1008.74 1002.44 1008.1 21.3 14.9 1037.2 Rio_Grande_do_Sul WU UTC_2026-09-20_13:19 0.0 -999.9
-29.225000 -51.353001 IFARRO1 2026-09-20_10:24 17.2 -999.9 -999.9 99.0 -999.9 -999.9 17.0 -999.9 -999.9 1008.1 -999.9 -999.9 3.2 15 9.3 145.7 0.0 4.6 44.5 46.2 46.2 46.2 25.6 15.1 99.0 76.0 20.1 Farroupilha_(766_m) -999.9 -999.9 1008.74 1002.44 1008.1 21.3 14.9 1037.2 Rio_Grande_do_Sul WU UTC_2026-09-20_13:24 0.0 -999.9
-29.225000 -51.353001 IFARRO1 2026-09-20_10:29 17.3 -999.9 -999.9 99.0 -999.9 -999.9 17.1 -999.9 -999.9 1008.0 -999.9 -999.9 2.5 33 9.3 137.0 0.0 4.6 44.5 46.2 46.2 46.2 25.6 15.1 99.0 76.0 20.1 Farroupilha_(766_m) -999.9 -999.9 1008.74 1002.44 1008.0 21.3 14.9 1037.2 Rio_Grande_do_Sul WU UTC_2026-09-20_13:29 0.0 -999.9
-29.225000 -51.353001 IFARRO1 2026-09-20_10:34 17.4 -999.9 -999.9 99.0 -999.9 -999.9 17.3 -999.9 -999.9 1008.0 -999.9 -999.9 3.0 16 9.3 147.9 0.0 4.6 44.5 46.2 46.2 46.2 25.6 15.1 99.0 76.0 20.1 Farroupilha_(766_m) -999.9 -999.9 1008.74 1002.44 1008.0 21.3 14.9 1037.2 Rio_Grande_do_Sul WU UTC_2026-09-20_13:34 0.0 -999.9
-29.225000 -51.353001 IFARRO1 2026-09-20_10:39 17.6 -999.9 -999.9 99.0 -999.9 -999.9 17.4 -999.9 -999.9 1008.1 -999.9 -999.9 3.0 15 11.1 131.9 0.0 4.6 44.5 46.2 46.2 46.2 25.6 15.1 99.0 76.0 20.1 Farroupilha_(766_m) -999.9 -999.9 1008.74 1002.44 1008.1 21.3 14.9 1037.2 Rio_Grande_do_Sul WU UTC_2026-09-20_13:39 0.0 -999.9
-29.225000 -51.353001 IFARRO1 2026-09-20_10:44 17.7 -999.9 -999.9 99.0 -999.9 -999.9 17.5 -999.9 -999.9 1007.9 -999.9 -999.9 2.8 6 11.1 144.4 0.0 4.6 44.5 46.2 46.2 46.2 25.6 15.1 99.0 76.0 20.1 Farroupilha_(766_m) -999.9 -999.9 1008.74 1002.44 1007.9 21.3 14.9 1037.2 Rio_Grande_do_Sul WU UTC_2026-09-20_13:44 0.0 -999.9
-29.225000 -51.353001 IFARRO1 2026-09-20_10:49 17.9 -999.9 -999.9 99.0 -999.9 -999.9 17.7 -999.9 -999.9 1008.0 -999.9 -999.9 3.5 5 7.2 156.9 0.0 4.6 44.5 46.2 46.2 46.2 25.6 15.1 99.0 76.0 20.1 Farroupilha_(766_m) -999.9 -999.9 1008.74 1002.44 1008.0 21.3 14.9 1037.2 Rio_Grande_do_Sul WU UTC_2026-09-20_13:49 0.0 -999.9
-29.225000 -51.353001 IFARRO1 2026-09-20_10:54 18.0 -999.9 -999.9 99.0 -999.9 -999.9 17.8 -999.9 -999.9 1008.0 -999.9 -999.9 3.1 38 13.0 162.6 0.0 4.6 44.5 46.2 46.2 46.2 25.6 15.1 99.0 76.0 20.1 Farroupilha_(766_m) -999.9 -999.9 1008.74 1002.44 1008.0 21.3 14.9 1037.2 Rio_Grande_do_Sul WU UTC_2026-09-20_13:54 0.0 -999.9
-29.225000 -51.353001 IFARRO1 2026-09-20_10:59 18.2 -999.9 -999.9 99.0 -999.9 -999.9 18.0 -999.9 -999.9 1008.0 -999.9 -999.9 2.8 27 11.1 163.4 0.0 4.6 44.5 46.2 46.2 46.2 25.6 15.1 99.0 76.0 20.1 Farroupilha_(766_m) -999.9 -999.9 1008.74 1002.44 1008.0 21.3 14.9 1037.2 Rio_Grande_do_Sul WU UTC_2026-09-20_13:59 0.0 -999.9
-29.225000 -51.353001 IFARRO1 2026-09-20_11:04 18.3 -999.9 -999.9 99.0 -999.9 -999.9 18.1 -999.9 -999.9 1008.1 -999.9 -999.9 2.8 355 9.3 207.4 0.0 4.6 44.5 46.2 46.2 46.2 25.6 15.1 99.0 76.0 20.1 Farroupilha_(766_m) -999.9 -999.9 1008.74 1002.44 1008.1 21.3 14.9 1037.2 Rio_Grande_do_Sul WU UTC_2026-09-20_14:04 0.0 -999.9
-29.225000 -51.353001 IFARRO1 2026-09-20_11:09 18.4 -999.9 -999.9 99.0 -999.9 -999.9 18.2 -999.9 -999.9 1008.0 -999.9 -999.9 4.8 23 13.0 181.7 0.0 4.6 44.5 46.2 46.2 46.2 25.6 15.1 99.0 76.0 20.1 Farroupilha_(766_m) -999.9 -999.9 1008.74 1002.44 1008.0 21.3 14.9 1037.2 Rio_Grande_do_Sul WU UTC_2026-09-20_14:09 0.0 -999.9
-29.225000 -51.353001 IFARRO1 2026-09-20_11:14 18.5 -999.9 -999.9 99.0 -999.9 -999.9 18.3 -999.9 -999.9 1007.9 -999.9 -999.9 3.5 32 11.1 124.1 0.0 4.6 44.5 46.2 46.2 46.2 25.6 15.1 99.0 76.0 20.1 Farroupilha_(766_m) -999.9 -999.9 1008.74 1002.44 1007.9 21.3 14.9 1037.2 Rio_Grande_do_Sul WU UTC_2026-09-20_14:14 0.0 -999.9
-29.225000 -51.353001 IFARRO1 2026-09-20_11:19 18.5 -999.9 -999.9 99.0 -999.9 -999.9 18.3 -999.9 -999.9 1007.9 -999.9 -999.9 3.7 5 11.1 101.4 0.0 4.6 44.5 46.2 46.2 46.2 25.6 15.1 99.0 76.0 20.1 Farroupilha_(766_m) -999.9 -999.9 1008.74 1002.44 1007.9 21.3 14.9 1037.2 Rio_Grande_do_Sul WU UTC_2026-09-20_14:19 0.0 -999.9
-29.225000 -51.353001 IFARRO1 2026-09-20_11:24 18.7 -999.9 -999.9 99.0 -999.9 -999.9 18.5 -999.9 -999.9 1008.2 -999.9 -999.9 1.7 9 7.2 179.9 0.0 4.6 44.5 46.2 46.2 46.2 25.6 15.1 99.0 76.0 20.1 Farroupilha_(766_m) -999.9 -999.9 1008.74 1002.44 1008.2 21.3 14.9 1037.2 Rio_Grande_do_Sul WU UTC_2026-09-20_14:24 0.0 -999.9
-29.225000 -51.353001 IFARRO1 2026-09-20_11:29 18.8 -999.9 -999.9 99.0 -999.9 -999.9 18.6 -999.9 -999.9 1008.0 -999.9 -999.9 1.3 2 5.5 168.2 0.0 4.6 44.5 46.2 46.2 46.2 25.6 15.1 99.0 76.0 20.1 Farroupilha_(766_m) -999.9 -999.9 1008.74 1002.44 1008.0 21.3 14.9 1037.2 Rio_Grande_do_Sul WU UTC_2026-09-20_14:29 0.0 -999.9
-29.225000 -51.353001 IFARRO1 2026-09-20_11:34 19.0 -999.9 -999.9 99.0 -999.9 -999.9 18.8 -999.9 -999.9 1008.0 -999.9 -999.9 3.0 29 9.3 309.3 0.0 4.6 44.5 46.2 46.2 46.2 25.6 15.1 99.0 76.0 20.1 Farroupilha_(766_m) -999.9 -999.9 1008.74 1002.44 1008.0 21.3 14.9 1037.2 Rio_Grande_do_Sul WU UTC_2026-09-20_14:34 0.0 -999.9
-29.225000 -51.353001 IFARRO1 2026-09-20_11:39 19.1 -999.9 -999.9 99.0 -999.9 -999.9 18.9 -999.9 -999.9 1008.0 -999.9 -999.9 3.9 19 9.3 171.3 0.0 4.6 44.5 46.2 46.2 46.2 25.6 15.1 99.0 76.0 20.1 Farroupilha_(766_m) -999.9 -999.9 1008.74 1002.44 1008.0 21.3 14.9 1037.2 Rio_Grande_do_Sul WU UTC_2026-09-20_14:39 0.0 -999.9
-29.225000 -51.353001 IFARRO1 2026-09-20_11:44 19.2 -999.9 -999.9 99.0 -999.9 -999.9 18.9 -999.9 -999.9 1008.0 -999.9 -999.9 2.7 19 9.3 243.3 0.0 4.6 44.5 46.2 46.2 46.2 25.6 15.1 99.0 76.0 20.1 Farroupilha_(766_m) -999.9 -999.9 1008.74 1002.44 1008.0 21.3 14.9 1037.2 Rio_Grande_do_Sul WU UTC_2026-09-20_14:44 0.0 -999.9
-29.225000 -51.353001 IFARRO1 2026-09-20_11:49 19.3 -999.9 -999.9 98.6 -999.9 -999.9 19.1 -999.9 -999.9 1008.0 -999.9 -999.9 2.9 13 7.2 179.6 0.0 4.6 44.5 46.2 46.2 46.2 25.6 15.1 99.0 76.0 20.1 Farroupilha_(766_m) -999.9 -999.9 1008.74 1002.44 1008.0 21.3 14.9 1037.2 Rio_Grande_do_Sul WU UTC_2026-09-20_14:49 0.0 -999.9
-29.225000 -51.353001 IFARRO1 2026-09-20_11:54 19.3 -999.9 -999.9 98.4 -999.9 -999.9 19.0 -999.9 -999.9 1007.9 -999.9 -999.9 2.5 10 11.1 176.5 0.0 4.6 44.5 46.2 46.2 46.2 25.6 15.1 99.0 76.0 20.1 Farroupilha_(766_m) -999.9 -999.9 1008.74 1002.44 1007.9 21.3 14.9 1037.2 Rio_Grande_do_Sul WU UTC_2026-09-20_14:54 0.0 -999.9
-29.225000 -51.353001 IFARRO1 2026-09-20_11:59 19.3 -999.9 -999.9 98.4 -999.9 -999.9 19.1 -999.9 -999.9 1007.9 -999.9 -999.9 3.3 10 11.1 333.5 0.0 4.6 44.5 46.2 46.2 46.2 25.6 15.1 99.0 76.0 20.1 Farroupilha_(766_m) -999.9 -999.9 1008.74 1002.44 1007.9 21.3 14.9 1037.2 Rio_Grande_do_Sul WU UTC_2026-09-20_14:59 0.0 -999.9
-29.225000 -51.353001 IFARRO1 2026-09-20_12:04 19.5 -999.9 -999.9 98.2 -999.9 -999.9 19.2 -999.9 -999.9 1007.9 -999.9 -999.9 2.4 16 7.2 253.7 0.0 4.6 44.5 46.2 46.2 46.2 25.6 15.1 99.0 76.0 20.1 Farroupilha_(766_m) -999.9 -999.9 1008.74 1002.44 1007.9 21.3 14.9 1037.2 Rio_Grande_do_Sul WU UTC_2026-09-20_15:04 0.0 -999.9
-29.225000 -51.353001 IFARRO1 2026-09-20_12:09 19.8 -999.9 -999.9 98.0 -999.9 -999.9 19.4 -999.9 -999.9 1007.7 -999.9 -999.9 2.4 31 7.2 452.4 0.0 4.6 44.5 46.2 46.2 46.2 25.6 15.1 99.0 76.0 20.1 Farroupilha_(766_m) -999.9 -999.9 1008.74 1002.44 1007.7 21.3 14.9 1037.2 Rio_Grande_do_Sul WU UTC_2026-09-20_15:09 0.0 -999.9
-29.225000 -51.353001 IFARRO1 2026-09-20_12:14 20.0 -999.9 -999.9 96.9 -999.9 -999.9 19.6 -999.9 -999.9 1007.7 -999.9 -999.9 3.0 10 7.2 341.8 0.0 4.6 44.5 46.2 46.2 46.2 25.6 15.1 99.0 76.0 20.1 Farroupilha_(766_m) -999.9 -999.9 1008.74 1002.44 1007.7 21.3 14.9 1037.2 Rio_Grande_do_Sul WU UTC_2026-09-20_15:14 0.0 -999.9
-29.225000 -51.353001 IFARRO1 2026-09-20_12:19 20.3 -999.9 -999.9 96.2 -999.9 -999.9 19.7 -999.9 -999.9 1007.7 -999.9 -999.9 2.5 10 7.2 267.5 0.0 4.6 44.5 46.2 46.2 46.2 25.6 15.1 99.0 76.0 20.1 Farroupilha_(766_m) -999.9 -999.9 1008.74 1002.44 1007.7 21.3 14.9 1037.2 Rio_Grande_do_Sul WU UTC_2026-09-20_15:19 0.0 -999.9
-29.225000 -51.353001 IFARRO1 2026-09-20_12:24 20.4 -999.9 -999.9 95.8 -999.9 -999.9 19.8 -999.9 -999.9 1007.6 -999.9 -999.9 4.4 31 11.1 281.5 0.0 4.6 44.5 46.2 46.2 46.2 25.6 15.1 99.0 76.0 20.1 Farroupilha_(766_m) -999.9 -999.9 1008.74 1002.44 1007.6 21.3 14.9 1037.2 Rio_Grande_do_Sul WU UTC_2026-09-20_15:24 0.0 -999.9
-29.225000 -51.353001 IFARRO1 2026-09-20_12:29 20.5 -999.9 -999.9 95.6 -999.9 -999.9 19.7 -999.9 -999.9 1007.4 -999.9 -999.9 3.9 6 13.0 387.8 0.0 4.6 44.5 46.2 46.2 46.2 25.6 15.1 99.0 76.0 20.1 Farroupilha_(766_m) -999.9 -999.9 1008.74 1002.44 1007.4 21.3 14.9 1037.2 Rio_Grande_do_Sul WU UTC_2026-09-20_15:29 0.0 -999.9
-29.225000 -51.353001 IFARRO1 2026-09-20_12:34 20.7 -999.9 -999.9 94.5 -999.9 -999.9 19.8 -999.9 -999.9 1007.4 -999.9 -999.9 2.2 358 7.2 291.9 0.0 4.6 44.5 46.2 46.2 46.2 25.6 15.1 99.0 76.0 20.1 Farroupilha_(766_m) -999.9 -999.9 1008.74 1002.44 1007.4 21.3 14.9 1037.2 Rio_Grande_do_Sul WU UTC_2026-09-20_15:34 0.0 -999.9
-29.225000 -51.353001 IFARRO1 2026-09-20_12:39 20.8 -999.9 -999.9 94.0 -999.9 -999.9 19.7 -999.9 -999.9 1007.4 -999.9 -999.9 3.6 352 9.3 276.2 0.0 4.6 44.5 46.2 46.2 46.2 25.6 15.1 99.0 76.0 20.1 Farroupilha_(766_m) -999.9 -999.9 1008.74 1002.44 1007.4 21.3 14.9 1037.2 Rio_Grande_do_Sul WU UTC_2026-09-20_15:39 0.0 -999.9
-29.225000 -51.353001 IFARRO1 2026-09-20_12:44 20.8 -999.9 -999.9 94.0 -999.9 -999.9 19.8 -999.9 -999.9 1007.3 -999.9 -999.9 3.0 7 7.2 570.5 0.0 4.6 44.5 46.2 46.2 46.2 25.6 15.1 99.0 76.0 20.1 Farroupilha_(766_m) -999.9 -999.9 1008.74 1002.44 1007.3 21.3 14.9 1037.2 Rio_Grande_do_Sul WU UTC_2026-09-20_15:44 0.0 -999.9
-29.225000 -51.353001 IFARRO1 2026-09-20_12:49 21.1 -999.9 -999.9 93.3 -999.9 -999.9 19.9 -999.9 -999.9 1007.3 -999.9 -999.9 3.0 354 7.2 476.3 0.0 4.6 44.5 46.2 46.2 46.2 25.6 15.1 99.0 76.0 20.1 Farroupilha_(766_m) -999.9 -999.9 1008.74 1002.44 1007.3 21.3 14.9 1037.2 Rio_Grande_do_Sul WU UTC_2026-09-20_15:49 0.0 -999.9
-29.225000 -51.353001 IFARRO1 2026-09-20_12:54 21.3 -999.9 -999.9 92.7 -999.9 -999.9 20.1 -999.9 -999.9 1007.2 -999.9 -999.9 2.2 303 5.5 588.2 0.0 4.6 44.5 46.2 46.2 46.2 25.6 15.1 99.0 76.0 20.1 Farroupilha_(766_m) -999.9 -999.9 1008.74 1002.44 1007.2 21.3 14.9 1037.2 Rio_Grande_do_Sul WU UTC_2026-09-20_15:54 0.0 -999.9
-29.225000 -51.353001 IFARRO1 2026-09-20_12:59 21.7 -999.9 -999.9 91.1 -999.9 -999.9 20.2 -999.9 -999.9 1007.0 -999.9 -999.9 4.1 298 13.0 1021.1 0.0 4.6 44.5 46.2 46.2 46.2 25.6 15.1 99.0 76.0 20.1 Farroupilha_(766_m) -999.9 -999.9 1008.74 1002.44 1007.0 21.3 14.9 1037.2 Rio_Grande_do_Sul WU UTC_2026-09-20_15:59 0.0 -999.9
-29.225000 -51.353001 IFARRO1 2026-09-20_13:04 22.1 -999.9 -999.9 89.5 -999.9 -999.9 20.3 -999.9 -999.9 1006.9 -999.9 -999.9 3.4 300 13.0 1037.2 0.0 4.6 44.5 46.2 46.2 46.2 25.6 15.1 99.0 76.0 20.1 Farroupilha_(766_m) -999.9 -999.9 1008.74 1002.44 1006.9 21.3 14.9 1037.2 Rio_Grande_do_Sul WU UTC_2026-09-20_16:04 0.0 -999.9
-29.225000 -51.353001 IFARRO1 2026-09-20_13:09 22.4 -999.9 -999.9 88.3 -999.9 -999.9 20.4 -999.9 -999.9 1006.9 -999.9 -999.9 3.0 313 13.0 948.2 0.0 4.6 44.5 46.2 46.2 46.2 25.6 15.1 99.0 76.0 20.1 Farroupilha_(766_m) -999.9 -999.9 1008.74 1002.44 1006.9 21.3 14.9 1037.2 Rio_Grande_do_Sul WU UTC_2026-09-20_16:09 0.0 -999.9
-29.225000 -51.353001 IFARRO1 2026-09-20_13:14 22.5 -999.9 -999.9 87.6 -999.9 -999.9 20.3 -999.9 -999.9 1006.8 -999.9 -999.9 5.4 299 16.6 861.1 0.0 4.6 44.5 46.2 46.2 46.2 25.6 15.1 99.0 76.0 20.1 Farroupilha_(766_m) -999.9 -999.9 1008.74 1002.44 1006.8 21.3 14.9 1037.2 Rio_Grande_do_Sul WU UTC_2026-09-20_16:14 0.0 -999.9
-29.225000 -51.353001 IFARRO1 2026-09-20_13:19 22.6 -999.9 -999.9 87.0 -999.9 -999.9 20.3 -999.9 -999.9 1006.8 -999.9 -999.9 3.3 263 14.8 909.2 0.0 4.6 44.5 46.2 46.2 46.2 25.6 15.1 99.0 76.0 20.1 Farroupilha_(766_m) -999.9 -999.9 1008.74 1002.44 1006.8 21.3 14.9 1037.2 Rio_Grande_do_Sul WU UTC_2026-09-20_16:19 0.0 -999.9
-29.225000 -51.353001 IFARRO1 2026-09-20_13:24 23.1 -999.9 -999.9 85.3 -999.9 -999.9 20.5 -999.9 -999.9 1006.7 -999.9 -999.9 4.9 316 18.3 816.8 0.0 4.6 44.5 46.2 46.2 46.2 25.6 15.1 99.0 76.0 20.1 Farroupilha_(766_m) -999.9 -999.9 1008.74 1002.44 1006.7 21.3 14.9 1037.2 Rio_Grande_do_Sul WU UTC_2026-09-20_16:24 0.0 -999.9
-29.225000 -51.353001 IFARRO1 2026-09-20_13:29 23.5 -999.9 -999.9 84.6 -999.9 -999.9 20.8 -999.9 -999.9 1006.6 -999.9 -999.9 4.4 330 14.8 871.0 0.0 4.6 44.5 46.2 46.2 46.2 25.6 15.1 99.0 76.0 20.1 Farroupilha_(766_m) -999.9 -999.9 1008.74 1002.44 1006.6 21.3 14.9 1037.2 Rio_Grande_do_Sul WU UTC_2026-09-20_16:29 0.0 -999.9
-29.225000 -51.353001 IFARRO1 2026-09-20_13:34 23.9 -999.9 -999.9 82.5 -999.9 -999.9 20.7 -999.9 -999.9 1006.6 -999.9 -999.9 6.7 302 18.3 914.0 0.0 4.6 44.5 46.2 46.2 46.2 25.6 15.1 99.0 76.0 20.1 Farroupilha_(766_m) -999.9 -999.9 1008.74 1002.44 1006.6 21.3 14.9 1037.2 Rio_Grande_do_Sul WU UTC_2026-09-20_16:34 0.0 -999.9
-29.225000 -51.353001 IFARRO1 2026-09-20_13:39 23.9 -999.9 -999.9 82.3 -999.9 -999.9 20.7 -999.9 -999.9 1006.5 -999.9 -999.9 5.4 310 18.3 869.7 0.0 4.6 44.5 46.2 46.2 46.2 25.6 15.1 99.0 76.0 20.1 Farroupilha_(766_m) -999.9 -999.9 1008.74 1002.44 1006.5 21.3 14.9 1037.2 Rio_Grande_do_Sul WU UTC_2026-09-20_16:39 0.0 -999.9
-29.225000 -51.353001 IFARRO1 2026-09-20_13:44 24.2 -999.9 -999.9 81.1 -999.9 -999.9 20.7 -999.9 -999.9 1006.4 -999.9 -999.9 4.5 296 13.0 839.3 0.0 4.6 44.5 46.2 46.2 46.2 25.6 15.1 99.0 76.0 20.1 Farroupilha_(766_m) -999.9 -999.9 1008.74 1002.44 1006.4 21.3 14.9 1037.2 Rio_Grande_do_Sul WU UTC_2026-09-20_16:44 0.0 -999.9
-29.225000 -51.353001 IFARRO1 2026-09-20_13:49 24.4 -999.9 -999.9 80.2 -999.9 -999.9 20.8 -999.9 -999.9 1006.4 -999.9 -999.9 4.6 315 13.0 905.8 0.0 4.6 44.5 46.2 46.2 46.2 25.6 15.1 99.0 76.0 20.1 Farroupilha_(766_m) -999.9 -999.9 1008.74 1002.44 1006.4 21.3 14.9 1037.2 Rio_Grande_do_Sul WU UTC_2026-09-20_16:49 0.0 -999.9
-29.225000 -51.353001 IFARRO1 2026-09-20_13:54 24.3 -999.9 -999.9 80.8 -999.9 -999.9 20.7 -999.9 -999.9 1006.4 -999.9 -999.9 3.8 319 11.1 922.7 0.0 4.6 44.5 46.2 46.2 46.2 25.6 15.1 99.0 76.0 20.1 Farroupilha_(766_m) -999.9 -999.9 1008.74 1002.44 1006.4 21.3 14.9 1037.2 Rio_Grande_do_Sul WU UTC_2026-09-20_16:54 0.0 -999.9
-29.225000 -51.353001 IFARRO1 2026-09-20_13:59 24.4 -999.9 -999.9 81.3 -999.9 -999.9 20.9 -999.9 -999.9 1006.3 -999.9 -999.9 6.1 324 20.1 906.1 0.0 4.6 44.5 46.2 46.2 46.2 25.6 15.1 99.0 76.0 20.1 Farroupilha_(766_m) -999.9 -999.9 1008.74 1002.44 1006.3 21.3 14.9 1037.2 Rio_Grande_do_Sul WU UTC_2026-09-20_16:59 0.0 -999.9
-29.225000 -51.353001 IFARRO1 2026-09-20_14:04 24.0 -999.9 -999.9 81.5 -999.9 -999.9 20.6 -999.9 -999.9 1006.3 -999.9 -999.9 4.1 347 13.0 746.1 0.0 4.6 44.5 46.2 46.2 46.2 25.6 15.1 99.0 76.0 20.1 Farroupilha_(766_m) -999.9 -999.9 1008.74 1002.44 1006.3 21.3 14.9 1037.2 Rio_Grande_do_Sul WU UTC_2026-09-20_17:04 0.0 -999.9
-29.225000 -51.353001 IFARRO1 2026-09-20_14:09 23.8 -999.9 -999.9 82.5 -999.9 -999.9 20.6 -999.9 -999.9 1006.3 -999.9 -999.9 3.3 34 14.8 886.2 0.0 4.6 44.5 46.2 46.2 46.2 25.6 15.1 99.0 76.0 20.1 Farroupilha_(766_m) -999.9 -999.9 1008.74 1002.44 1006.3 21.3 14.9 1037.2 Rio_Grande_do_Sul WU UTC_2026-09-20_17:09 0.0 -999.9
-29.225000 -51.353001 IFARRO1 2026-09-20_14:14 23.7 -999.9 -999.9 81.7 -999.9 -999.9 20.3 -999.9 -999.9 1006.2 -999.9 -999.9 4.2 287 11.1 624.2 0.0 4.6 44.5 46.2 46.2 46.2 25.6 15.1 99.0 76.0 20.1 Farroupilha_(766_m) -999.9 -999.9 1008.74 1002.44 1006.2 21.3 14.9 1037.2 Rio_Grande_do_Sul WU UTC_2026-09-20_17:14 0.0 -999.9
-29.225000 -51.353001 IFARRO1 2026-09-20_14:19 23.7 -999.9 -999.9 81.2 -999.9 -999.9 20.3 -999.9 -999.9 1006.2 -999.9 -999.9 4.8 298 16.6 863.2 0.0 4.6 44.5 46.2 46.2 46.2 25.6 15.1 99.0 76.0 20.1 Farroupilha_(766_m) -999.9 -999.9 1008.74 1002.44 1006.2 21.3 14.9 1037.2 Rio_Grande_do_Sul WU UTC_2026-09-20_17:19 0.0 -999.9
-29.225000 -51.353001 IFARRO1 2026-09-20_14:24 23.8 -999.9 -999.9 80.7 -999.9 -999.9 20.3 -999.9 -999.9 1006.2 -999.9 -999.9 2.9 291 11.1 819.4 0.0 4.6 44.5 46.2 46.2 46.2 25.6 15.1 99.0 76.0 20.1 Farroupilha_(766_m) -999.9 -999.9 1008.74 1002.44 1006.2 21.3 14.9 1037.2 Rio_Grande_do_Sul WU UTC_2026-09-20_17:24 0.0 -999.9
-29.225000 -51.353001 IFARRO1 2026-09-20_14:29 23.7 -999.9 -999.9 80.3 -999.9 -999.9 20.2 -999.9 -999.9 1006.1 -999.9 -999.9 4.6 339 14.8 795.2 0.0 4.6 44.5 46.2 46.2 46.2 25.6 15.1 99.0 76.0 20.1 Farroupilha_(766_m) -999.9 -999.9 1008.74 1002.44 1006.1 21.3 14.9 1037.2 Rio_Grande_do_Sul WU UTC_2026-09-20_17:29 0.0 -999.9
-29.225000 -51.353001 IFARRO1 2026-09-20_14:34 23.7 -999.9 -999.9 80.9 -999.9 -999.9 20.1 -999.9 -999.9 1006.2 -999.9 -999.9 6.1 280 16.6 773.4 0.0 4.6 44.5 46.2 46.2 46.2 25.6 15.1 99.0 76.0 20.1 Farroupilha_(766_m) -999.9 -999.9 1008.74 1002.44 1006.2 21.3 14.9 1037.2 Rio_Grande_do_Sul WU UTC_2026-09-20_17:34 0.0 -999.9
-29.225000 -51.353001 IFARRO1 2026-09-20_14:39 24.0 -999.9 -999.9 79.8 -999.9 -999.9 20.3 -999.9 -999.9 1006.2 -999.9 -999.9 6.5 296 14.8 768.6 0.0 4.6 44.5 46.2 46.2 46.2 25.6 15.1 99.0 76.0 20.1 Farroupilha_(766_m) -999.9 -999.9 1008.74 1002.44 1006.2 21.3 14.9 1037.2 Rio_Grande_do_Sul WU UTC_2026-09-20_17:39 0.0 -999.9
-29.225000 -51.353001 IFARRO1 2026-09-20_14:44 24.2 -999.9 -999.9 79.8 -999.9 -999.9 20.5 -999.9 -999.9 1006.2 -999.9 -999.9 5.1 303 18.3 776.5 0.0 4.6 44.5 46.2 46.2 46.2 25.6 15.1 99.0 76.0 20.1 Farroupilha_(766_m) -999.9 -999.9 1008.74 1002.44 1006.2 21.3 14.9 1037.2 Rio_Grande_do_Sul WU UTC_2026-09-20_17:44 0.0 -999.9
-29.225000 -51.353001 IFARRO1 2026-09-20_14:49 24.2 -999.9 -999.9 79.4 -999.9 -999.9 20.5 -999.9 -999.9 1006.0 -999.9 -999.9 4.2 291 11.1 733.0 0.0 4.6 44.5 46.2 46.2 46.2 25.6 15.1 99.0 76.0 20.1 Farroupilha_(766_m) -999.9 -999.9 1008.74 1002.44 1006.0 21.3 14.9 1037.2 Rio_Grande_do_Sul WU UTC_2026-09-20_17:49 0.0 -999.9
-29.225000 -51.353001 IFARRO1 2026-09-20_14:54 24.4 -999.9 -999.9 79.1 -999.9 -999.9 20.6 -999.9 -999.9 1006.1 -999.9 -999.9 4.9 281 13.0 544.8 0.0 4.6 44.5 46.2 46.2 46.2 25.6 15.1 99.0 76.0 20.1 Farroupilha_(766_m) -999.9 -999.9 1008.74 1002.44 1006.1 21.3 14.9 1037.2 Rio_Grande_do_Sul WU UTC_2026-09-20_17:54 0.0 -999.9
-29.225000 -51.353001 IFARRO1 2026-09-20_14:59 24.2 -999.9 -999.9 79.7 -999.9 -999.9 20.5 -999.9 -999.9 1006.0 -999.9 -999.9 4.2 332 11.1 745.3 0.0 4.6 44.5 46.2 46.2 46.2 25.6 15.1 99.0 76.0 20.1 Farroupilha_(766_m) -999.9 -999.9 1008.74 1002.44 1006.0 21.3 14.9 1037.2 Rio_Grande_do_Sul WU UTC_2026-09-20_17:59 0.0 -999.9
-29.225000 -51.353001 IFARRO1 2026-09-20_15:04 24.1 -999.9 -999.9 79.6 -999.9 -999.9 20.4 -999.9 -999.9 1005.9 -999.9 -999.9 4.4 275 13.0 170.1 0.0 4.6 44.5 46.2 46.2 46.2 25.6 15.1 99.0 76.0 20.1 Farroupilha_(766_m) -999.9 -999.9 1008.74 1002.44 1005.9 21.3 14.9 1037.2 Rio_Grande_do_Sul WU UTC_2026-09-20_18:04 0.0 -999.9
-29.225000 -51.353001 IFARRO1 2026-09-20_15:09 23.7 -999.9 -999.9 81.4 -999.9 -999.9 20.3 -999.9 -999.9 1005.9 -999.9 -999.9 2.9 16 13.0 143.1 0.0 4.6 44.5 46.2 46.2 46.2 25.6 15.1 99.0 76.0 20.1 Farroupilha_(766_m) -999.9 -999.9 1008.74 1002.44 1005.9 21.3 14.9 1037.2 Rio_Grande_do_Sul WU UTC_2026-09-20_18:09 0.0 -999.9
-29.225000 -51.353001 IFARRO1 2026-09-20_15:14 23.4 -999.9 -999.9 82.1 -999.9 -999.9 20.1 -999.9 -999.9 1006.0 -999.9 -999.9 5.0 292 14.8 169.6 0.0 4.6 44.5 46.2 46.2 46.2 25.6 15.1 99.0 76.0 20.1 Farroupilha_(766_m) -999.9 -999.9 1008.74 1002.44 1006.0 21.3 14.9 1037.2 Rio_Grande_do_Sul WU UTC_2026-09-20_18:14 0.0 -999.9
-29.225000 -51.353001 IFARRO1 2026-09-20_15:19 23.3 -999.9 -999.9 82.3 -999.9 -999.9 20.1 -999.9 -999.9 1006.1 -999.9 -999.9 4.9 283 13.0 684.1 0.0 4.6 44.5 46.2 46.2 46.2 25.6 15.1 99.0 76.0 20.1 Farroupilha_(766_m) -999.9 -999.9 1008.74 1002.44 1006.1 21.3 14.9 1037.2 Rio_Grande_do_Sul WU UTC_2026-09-20_18:19 0.0 -999.9
-29.225000 -51.353001 IFARRO1 2026-09-20_15:24 24.0 -999.9 -999.9 80.6 -999.9 -999.9 20.4 -999.9 -999.9 1006.1 -999.9 -999.9 3.2 296 9.3 648.9 0.0 4.6 44.5 46.2 46.2 46.2 25.6 15.1 99.0 76.0 20.1 Farroupilha_(766_m) -999.9 -999.9 1008.74 1002.44 1006.1 21.3 14.9 1037.2 Rio_Grande_do_Sul WU UTC_2026-09-20_18:24 0.0 -999.9
-29.225000 -51.353001 IFARRO1 2026-09-20_15:29 24.2 -999.9 -999.9 79.9 -999.9 -999.9 20.6 -999.9 -999.9 1005.9 -999.9 -999.9 4.2 170 13.0 319.7 0.0 4.6 44.5 46.2 46.2 46.2 25.6 15.1 99.0 76.0 20.1 Farroupilha_(766_m) -999.9 -999.9 1008.74 1002.44 1005.9 21.3 14.9 1037.2 Rio_Grande_do_Sul WU UTC_2026-09-20_18:29 0.0 -999.9
-29.225000 -51.353001 IFARRO1 2026-09-20_15:34 24.0 -999.9 -999.9 80.4 -999.9 -999.9 20.4 -999.9 -999.9 1005.9 -999.9 -999.9 2.1 348 5.5 534.8 0.0 4.6 44.5 46.2 46.2 46.2 25.6 15.1 99.0 76.0 20.1 Farroupilha_(766_m) -999.9 -999.9 1008.74 1002.44 1005.9 21.3 14.9 1037.2 Rio_Grande_do_Sul WU UTC_2026-09-20_18:34 0.0 -999.9
-29.225000 -51.353001 IFARRO1 2026-09-20_15:39 24.9 -999.9 -999.9 77.8 -999.9 -999.9 20.8 -999.9 -999.9 1005.8 -999.9 -999.9 3.3 342 13.0 478.8 0.0 4.6 44.5 46.2 46.2 46.2 25.6 15.1 99.0 76.0 20.1 Farroupilha_(766_m) -999.9 -999.9 1008.74 1002.44 1005.8 21.3 14.9 1037.2 Rio_Grande_do_Sul WU UTC_2026-09-20_18:39 0.0 -999.9
-29.225000 -51.353001 IFARRO1 2026-09-20_15:44 25.1 -999.9 -999.9 77.3 -999.9 -999.9 20.9 -999.9 -999.9 1005.9 -999.9 -999.9 4.3 33 11.1 476.7 0.0 4.6 44.5 46.2 46.2 46.2 25.6 15.1 99.0 76.0 20.1 Farroupilha_(766_m) -999.9 -999.9 1008.74 1002.44 1005.9 21.3 14.9 1037.2 Rio_Grande_do_Sul WU UTC_2026-09-20_18:44 0.0 -999.9
-29.225000 -51.353001 IFARRO1 2026-09-20_15:49 24.5 -999.9 -999.9 79.7 -999.9 -999.9 20.7 -999.9 -999.9 1005.9 -999.9 -999.9 4.0 306 16.6 229.4 0.0 4.6 44.5 46.2 46.2 46.2 25.6 15.1 99.0 76.0 20.1 Farroupilha_(766_m) -999.9 -999.9 1008.74 1002.44 1005.9 21.3 14.9 1037.2 Rio_Grande_do_Sul WU UTC_2026-09-20_18:49 0.0 -999.9
-29.225000 -51.353001 IFARRO1 2026-09-20_15:54 23.9 -999.9 -999.9 81.0 -999.9 -999.9 20.4 -999.9 -999.9 1006.0 -999.9 -999.9 2.4 86 18.3 167.4 0.0 4.6 44.5 46.2 46.2 46.2 25.6 15.1 99.0 76.0 20.1 Farroupilha_(766_m) -999.9 -999.9 1008.74 1002.44 1006.0 21.3 14.9 1037.2 Rio_Grande_do_Sul WU UTC_2026-09-20_18:54 0.0 -999.9
-29.225000 -51.353001 IFARRO1 2026-09-20_15:59 23.7 -999.9 -999.9 81.2 -999.9 -999.9 20.3 -999.9 -999.9 1005.4 -999.9 -999.9 2.4 20 9.3 145.2 0.0 4.6 44.5 46.2 46.2 46.2 25.6 15.1 99.0 76.0 20.1 Farroupilha_(766_m) -999.9 -999.9 1008.74 1002.44 1005.4 21.3 14.9 1037.2 Rio_Grande_do_Sul WU UTC_2026-09-20_18:59 0.0 -999.9
-29.225000 -51.353001 IFARRO1 2026-09-20_16:04 23.6 -999.9 -999.9 82.0 -999.9 -999.9 20.3 -999.9 -999.9 1004.7 -999.9 -999.9 3.4 312 7.2 137.9 0.0 4.6 44.5 46.2 46.2 46.2 25.6 15.1 99.0 76.0 20.1 Farroupilha_(766_m) -999.9 -999.9 1008.74 1002.44 1004.7 21.3 14.9 1037.2 Rio_Grande_do_Sul WU UTC_2026-09-20_19:04 0.0 -999.9
-29.225000 -51.353001 IFARRO1 2026-09-20_16:09 23.4 -999.9 -999.9 82.7 -999.9 -999.9 20.3 -999.9 -999.9 1004.8 -999.9 -999.9 1.3 301 7.2 126.1 0.0 4.6 44.5 46.2 46.2 46.2 25.6 15.1 99.0 76.0 20.1 Farroupilha_(766_m) -999.9 -999.9 1008.74 1002.44 1004.8 21.3 14.9 1037.2 Rio_Grande_do_Sul WU UTC_2026-09-20_19:09 0.0 -999.9
-29.225000 -51.353001 IFARRO1 2026-09-20_16:14 23.4 -999.9 -999.9 83.1 -999.9 -999.9 20.4 -999.9 -999.9 1004.8 -999.9 -999.9 1.6 23 5.5 129.2 0.0 4.6 44.5 46.2 46.2 46.2 25.6 15.1 99.0 76.0 20.1 Farroupilha_(766_m) -999.9 -999.9 1008.74 1002.44 1004.8 21.3 14.9 1037.2 Rio_Grande_do_Sul WU UTC_2026-09-20_19:14 0.0 -999.9
-29.225000 -51.353001 IFARRO1 2026-09-20_16:19 23.4 -999.9 -999.9 83.1 -999.9 -999.9 20.4 -999.9 -999.9 1004.7 -999.9 -999.9 0.4 14 5.5 173.8 0.0 4.6 44.5 46.2 46.2 46.2 25.6 15.1 99.0 76.0 20.1 Farroupilha_(766_m) -999.9 -999.9 1008.74 1002.44 1004.7 21.3 14.9 1037.2 Rio_Grande_do_Sul WU UTC_2026-09-20_19:19 0.0 -999.9
-29.225000 -51.353001 IFARRO1 2026-09-20_16:24 23.6 -999.9 -999.9 83.0 -999.9 -999.9 20.6 -999.9 -999.9 1004.7 -999.9 -999.9 1.6 21 5.5 254.6 0.0 4.6 44.5 46.2 46.2 46.2 25.6 15.1 99.0 76.0 20.1 Farroupilha_(766_m) -999.9 -999.9 1008.74 1002.44 1004.7 21.3 14.9 1037.2 Rio_Grande_do_Sul WU UTC_2026-09-20_19:24 0.0 -999.9
-29.225000 -51.353001 IFARRO1 2026-09-20_16:29 23.8 -999.9 -999.9 82.8 -999.9 -999.9 20.7 -999.9 -999.9 1004.6 -999.9 -999.9 1.6 31 9.3 170.1 0.0 4.6 44.5 46.2 46.2 46.2 25.6 15.1 99.0 76.0 20.1 Farroupilha_(766_m) -999.9 -999.9 1008.74 1002.44 1004.6 21.3 14.9 1037.2 Rio_Grande_do_Sul WU UTC_2026-09-20_19:29 0.0 -999.9
-29.225000 -51.353001 IFARRO1 2026-09-20_16:34 23.9 -999.9 -999.9 81.7 -999.9 -999.9 20.5 -999.9 -999.9 1004.7 -999.9 -999.9 2.6 0 11.1 327.9 0.0 4.6 44.5 46.2 46.2 46.2 25.6 15.1 99.0 76.0 20.1 Farroupilha_(766_m) -999.9 -999.9 1008.74 1002.44 1004.7 21.3 14.9 1037.2 Rio_Grande_do_Sul WU UTC_2026-09-20_19:34 0.0 -999.9
-29.225000 -51.353001 IFARRO1 2026-09-20_16:39 24.7 -999.9 -999.9 79.5 -999.9 -999.9 20.9 -999.9 -999.9 1004.7 -999.9 -999.9 1.9 334 7.2 321.4 0.0 4.6 44.5 46.2 46.2 46.2 25.6 15.1 99.0 76.0 20.1 Farroupilha_(766_m) -999.9 -999.9 1008.74 1002.44 1004.7 21.3 14.9 1037.2 Rio_Grande_do_Sul WU UTC_2026-09-20_19:39 0.0 -999.9
-29.225000 -51.353001 IFARRO1 2026-09-20_16:44 25.1 -999.9 -999.9 78.2 -999.9 -999.9 21.0 -999.9 -999.9 1004.7 -999.9 -999.9 3.6 18 13.0 271.1 0.0 4.6 44.5 46.2 46.2 46.2 25.6 15.1 99.0 76.0 20.1 Farroupilha_(766_m) -999.9 -999.9 1008.74 1002.44 1004.7 21.3 14.9 1037.2 Rio_Grande_do_Sul WU UTC_2026-09-20_19:44 0.0 -999.9
-29.225000 -51.353001 IFARRO1 2026-09-20_16:49 25.2 -999.9 -999.9 77.2 -999.9 -999.9 21.0 -999.9 -999.9 1004.8 -999.9 -999.9 1.6 349 7.2 218.6 0.0 4.6 44.5 46.2 46.2 46.2 25.6 15.1 99.0 76.0 20.1 Farroupilha_(766_m) -999.9 -999.9 1008.74 1002.44 1004.8 21.3 14.9 1037.2 Rio_Grande_do_Sul WU UTC_2026-09-20_19:49 0.0 -999.9
-29.225000 -51.353001 IFARRO1 2026-09-20_16:54 25.5 -999.9 -999.9 77.0 -999.9 -999.9 21.2 -999.9 -999.9 1004.7 -999.9 -999.9 2.3 332 7.2 190.4 0.0 4.6 44.5 46.2 46.2 46.2 25.6 15.1 99.0 76.0 20.1 Farroupilha_(766_m) -999.9 -999.9 1008.74 1002.44 1004.7 21.3 14.9 1037.2 Rio_Grande_do_Sul WU UTC_2026-09-20_19:54 0.0 -999.9
-29.225000 -51.353001 IFARRO1 2026-09-20_16:59 25.3 -999.9 -999.9 77.4 -999.9 -999.9 21.1 -999.9 -999.9 1004.8 -999.9 -999.9 2.8 2 11.1 171.3 0.0 4.6 44.5 46.2 46.2 46.2 25.6 15.1 99.0 76.0 20.1 Farroupilha_(766_m) -999.9 -999.9 1008.74 1002.44 1004.8 21.3 14.9 1037.2 Rio_Grande_do_Sul WU UTC_2026-09-20_19:59 0.0 -999.9
-29.225000 -51.353001 IFARRO1 2026-09-20_17:04 24.7 -999.9 -999.9 78.0 -999.9 -999.9 20.7 -999.9 -999.9 1004.7 -999.9 -999.9 3.9 347 11.1 154.8 0.0 4.6 44.5 46.2 46.2 46.2 25.6 15.1 99.0 76.0 20.1 Farroupilha_(766_m) -999.9 -999.9 1008.74 1002.44 1004.7 21.3 14.9 1037.2 Rio_Grande_do_Sul WU UTC_2026-09-20_20:04 0.0 -999.9
-29.225000 -51.353001 IFARRO1 2026-09-20_17:09 24.7 -999.9 -999.9 78.0 -999.9 -999.9 20.6 -999.9 -999.9 1004.7 -999.9 -999.9 2.2 54 7.2 134.8 0.0 4.6 44.5 46.2 46.2 46.2 25.6 15.1 99.0 76.0 20.1 Farroupilha_(766_m) -999.9 -999.9 1008.74 1002.44 1004.7 21.3 14.9 1037.2 Rio_Grande_do_Sul WU UTC_2026-09-20_20:09 0.0 -999.9
-29.225000 -51.353001 IFARRO1 2026-09-20_17:14 24.8 -999.9 -999.9 77.7 -999.9 -999.9 20.6 -999.9 -999.9 1004.7 -999.9 -999.9 4.4 18 14.8 117.9 0.0 4.6 44.5 46.2 46.2 46.2 25.6 15.1 99.0 76.0 20.1 Farroupilha_(766_m) -999.9 -999.9 1008.74 1002.44 1004.7 21.3 14.9 1037.2 Rio_Grande_do_Sul WU UTC_2026-09-20_20:14 0.0 -999.9
-29.225000 -51.353001 IFARRO1 2026-09-20_17:19 24.6 -999.9 -999.9 78.2 -999.9 -999.9 20.5 -999.9 -999.9 1004.6 -999.9 -999.9 2.7 225 5.5 104.1 0.0 4.6 44.5 46.2 46.2 46.2 25.6 15.1 99.0 76.0 20.1 Farroupilha_(766_m) -999.9 -999.9 1008.74 1002.44 1004.6 21.3 14.9 1037.2 Rio_Grande_do_Sul WU UTC_2026-09-20_20:19 0.0 -999.9
-29.225000 -51.353001 IFARRO1 2026-09-20_17:24 24.5 -999.9 -999.9 79.1 -999.9 -999.9 20.7 -999.9 -999.9 1004.6 -999.9 -999.9 2.9 26 9.3 84.5 0.0 4.6 44.5 46.2 46.2 46.2 25.6 15.1 99.0 76.0 20.1 Farroupilha_(766_m) -999.9 -999.9 1008.74 1002.44 1004.6 21.3 14.9 1037.2 Rio_Grande_do_Sul WU UTC_2026-09-20_20:24 0.0 -999.9
-29.225000 -51.353001 IFARRO1 2026-09-20_17:29 24.3 -999.9 -999.9 79.1 -999.9 -999.9 20.5 -999.9 -999.9 1004.7 -999.9 -999.9 3.7 16 13.0 72.4 0.0 4.6 44.5 46.2 46.2 46.2 25.6 15.1 99.0 76.0 20.1 Farroupilha_(766_m) -999.9 -999.9 1008.74 1002.44 1004.7 21.3 14.9 1037.2 Rio_Grande_do_Sul WU UTC_2026-09-20_20:29 0.0 -999.9
-29.225000 -51.353001 IFARRO1 2026-09-20_17:34 24.2 -999.9 -999.9 79.7 -999.9 -999.9 20.5 -999.9 -999.9 1004.6 -999.9 -999.9 3.3 25 7.2 62.4 0.0 4.6 44.5 46.2 46.2 46.2 25.6 15.1 99.0 76.0 20.1 Farroupilha_(766_m) -999.9 -999.9 1008.74 1002.44 1004.6 21.3 14.9 1037.2 Rio_Grande_do_Sul WU UTC_2026-09-20_20:34 0.0 -999.9
-29.225000 -51.353001 IFARRO1 2026-09-20_17:39 24.1 -999.9 -999.9 80.0 -999.9 -999.9 20.5 -999.9 -999.9 1004.5 -999.9 -999.9 1.6 21 7.2 44.7 0.0 4.6 44.5 46.2 46.2 46.2 25.6 15.1 99.0 76.0 20.1 Farroupilha_(766_m) -999.9 -999.9 1008.74 1002.44 1004.5 21.3 14.9 1037.2 Rio_Grande_do_Sul WU UTC_2026-09-20_20:39 0.0 -999.9
-29.225000 -51.353001 IFARRO1 2026-09-20_17:44 23.9 -999.9 -999.9 81.0 -999.9 -999.9 20.5 -999.9 -999.9 1004.6 -999.9 -999.9 2.6 29 7.2 39.9 0.0 4.6 44.5 46.2 46.2 46.2 25.6 15.1 99.0 76.0 20.1 Farroupilha_(766_m) -999.9 -999.9 1008.74 1002.44 1004.6 21.3 14.9 1037.2 Rio_Grande_do_Sul WU UTC_2026-09-20_20:44 0.0 -999.9
-29.225000 -51.353001 IFARRO1 2026-09-20_17:49 23.6 -999.9 -999.9 82.6 -999.9 -999.9 20.4 -999.9 -999.9 1004.6 -999.9 -999.9 2.6 33 7.2 32.1 0.0 4.6 44.5 46.2 46.2 46.2 25.6 15.1 99.0 76.0 20.1 Farroupilha_(766_m) -999.9 -999.9 1008.74 1002.44 1004.6 21.3 14.9 1037.2 Rio_Grande_do_Sul WU UTC_2026-09-20_20:49 0.0 -999.9
-29.225000 -51.353001 IFARRO1 2026-09-20_17:54 23.2 -999.9 -999.9 83.6 -999.9 -999.9 20.3 -999.9 -999.9 1004.6 -999.9 -999.9 2.9 28 11.1 27.3 0.0 4.6 44.5 46.2 46.2 46.2 25.6 15.1 99.0 76.0 20.1 Farroupilha_(766_m) -999.9 -999.9 1008.74 1002.44 1004.6 21.3 14.9 1037.2 Rio_Grande_do_Sul WU UTC_2026-09-20_20:54 0.0 -999.9
-29.225000 -51.353001 IFARRO1 2026-09-20_17:59 23.1 -999.9 -999.9 83.8 -999.9 -999.9 20.2 -999.9 -999.9 1004.5 -999.9 -999.9 3.9 29 9.3 22.5 0.0 4.6 44.5 46.2 46.2 46.2 25.6 15.1 99.0 76.0 20.1 Farroupilha_(766_m) -999.9 -999.9 1008.74 1002.44 1004.5 21.3 14.9 1037.2 Rio_Grande_do_Sul WU UTC_2026-09-20_20:59 0.0 -999.9
-29.225000 -51.353001 IFARRO1 2026-09-20_18:04 23.0 -999.9 -999.9 84.0 -999.9 -999.9 20.2 -999.9 -999.9 1004.5 -999.9 -999.9 2.3 42 5.5 17.7 0.0 4.6 44.5 46.2 46.2 46.2 25.6 15.1 99.0 76.0 20.1 Farroupilha_(766_m) -999.9 -999.9 1008.74 1002.44 1004.5 21.3 14.9 1037.2 Rio_Grande_do_Sul WU UTC_2026-09-20_21:04 0.0 -999.9
-29.225000 -51.353001 IFARRO1 2026-09-20_18:09 22.8 -999.9 -999.9 84.6 -999.9 -999.9 20.2 -999.9 -999.9 1004.5 -999.9 -999.9 3.2 28 11.1 13.8 0.0 4.6 44.5 46.2 46.2 46.2 25.6 15.1 99.0 76.0 20.1 Farroupilha_(766_m) -999.9 -999.9 1008.74 1002.44 1004.5 21.3 14.9 1037.2 Rio_Grande_do_Sul WU UTC_2026-09-20_21:09 0.0 -999.9
-29.225000 -51.353001 IFARRO1 2026-09-20_18:14 22.7 -999.9 -999.9 85.0 -999.9 -999.9 20.1 -999.9 -999.9 1004.6 -999.9 -999.9 3.8 34 9.3 9.5 0.0 4.6 44.5 46.2 46.2 46.2 25.6 15.1 99.0 76.0 20.1 Farroupilha_(766_m) -999.9 -999.9 1008.74 1002.44 1004.6 21.3 14.9 1037.2 Rio_Grande_do_Sul WU UTC_2026-09-20_21:14 0.0 -999.9
-29.225000 -51.353001 IFARRO1 2026-09-20_18:19 22.6 -999.9 -999.9 85.3 -999.9 -999.9 20.0 -999.9 -999.9 1004.6 -999.9 -999.9 2.5 20 7.2 5.6 0.0 4.6 44.5 46.2 46.2 46.2 25.6 15.1 99.0 76.0 20.1 Farroupilha_(766_m) -999.9 -999.9 1008.74 1002.44 1004.6 21.3 14.9 1037.2 Rio_Grande_do_Sul WU UTC_2026-09-20_21:19 0.0 -999.9
-29.225000 -51.353001 IFARRO1 2026-09-20_18:24 22.4 -999.9 -999.9 86.0 -999.9 -999.9 20.0 -999.9 -999.9 1004.6 -999.9 -999.9 2.4 28 5.5 2.6 0.0 4.6 44.5 46.2 46.2 46.2 25.6 15.1 99.0 76.0 20.1 Farroupilha_(766_m) -999.9 -999.9 1008.74 1002.44 1004.6 21.3 14.9 1037.2 Rio_Grande_do_Sul WU UTC_2026-09-20_21:24 0.0 -999.9
-29.225000 -51.353001 IFARRO1 2026-09-20_18:29 22.2 -999.9 -999.9 86.9 -999.9 -999.9 20.0 -999.9 -999.9 1004.6 -999.9 -999.9 2.0 37 9.3 0.4 0.0 4.6 44.5 46.2 46.2 46.2 25.6 15.1 99.0 76.0 20.1 Farroupilha_(766_m) -999.9 -999.9 1008.74 1002.44 1004.6 21.3 14.9 1037.2 Rio_Grande_do_Sul WU UTC_2026-09-20_21:29 0.0 -999.9
-29.225000 -51.353001 IFARRO1 2026-09-20_18:34 22.1 -999.9 -999.9 87.1 -999.9 -999.9 19.9 -999.9 -999.9 1004.5 -999.9 -999.9 3.3 42 5.5 -999.9 0.0 4.6 44.5 46.2 46.2 46.2 25.6 15.1 99.0 76.0 20.1 Farroupilha_(766_m) -999.9 -999.9 1008.74 1002.44 1004.5 21.3 14.9 1037.2 Rio_Grande_do_Sul WU UTC_2026-09-20_21:34 0.0 -999.9
-29.225000 -51.353001 IFARRO1 2026-09-20_18:39 21.9 -999.9 -999.9 88.0 -999.9 -999.9 19.8 -999.9 -999.9 1004.5 -999.9 -999.9 3.4 32 11.1 -999.9 0.0 4.6 44.5 46.2 46.2 46.2 25.6 15.1 99.0 76.0 20.1 Farroupilha_(766_m) -999.9 -999.9 1008.74 1002.44 1004.5 21.3 14.9 1037.2 Rio_Grande_do_Sul WU UTC_2026-09-20_21:39 0.0 -999.9
-29.225000 -51.353001 IFARRO1 2026-09-20_18:44 21.8 -999.9 -999.9 88.7 -999.9 -999.9 19.9 -999.9 -999.9 1004.5 -999.9 -999.9 4.1 38 9.3 -999.9 0.0 4.6 44.5 46.2 46.2 46.2 25.6 15.1 99.0 76.0 20.1 Farroupilha_(766_m) -999.9 -999.9 1008.74 1002.44 1004.5 21.3 14.9 1037.2 Rio_Grande_do_Sul WU UTC_2026-09-20_21:44 0.0 -999.9
-29.225000 -51.353001 IFARRO1 2026-09-20_18:49 21.8 -999.9 -999.9 89.0 -999.9 -999.9 19.9 -999.9 -999.9 1004.4 -999.9 -999.9 4.6 29 11.1 -999.9 0.0 4.6 44.5 46.2 46.2 46.2 25.6 15.1 99.0 76.0 20.1 Farroupilha_(766_m) -999.9 -999.9 1008.74 1002.44 1004.4 21.3 14.9 1037.2 Rio_Grande_do_Sul WU UTC_2026-09-20_21:49 0.0 -999.9
-29.225000 -51.353001 IFARRO1 2026-09-20_18:54 21.8 -999.9 -999.9 89.0 -999.9 -999.9 19.9 -999.9 -999.9 1004.4 -999.9 -999.9 4.2 25 9.3 -999.9 0.0 4.6 44.5 46.2 46.2 46.2 25.6 15.1 99.0 76.0 20.1 Farroupilha_(766_m) -999.9 -999.9 1008.74 1002.44 1004.4 21.3 14.9 1037.2 Rio_Grande_do_Sul WU UTC_2026-09-20_21:54 0.0 -999.9
-29.225000 -51.353001 IFARRO1 2026-09-20_18:59 21.7 -999.9 -999.9 89.2 -999.9 -999.9 19.9 -999.9 -999.9 1004.5 -999.9 -999.9 4.1 30 9.3 -999.9 0.0 4.6 44.5 46.2 46.2 46.2 25.6 15.1 99.0 76.0 20.1 Farroupilha_(766_m) -999.9 -999.9 1008.74 1002.44 1004.5 21.3 14.9 1037.2 Rio_Grande_do_Sul WU UTC_2026-09-20_21:59 0.0 -999.9
-29.225000 -51.353001 IFARRO1 2026-09-20_19:04 21.7 -999.9 -999.9 90.0 -999.9 -999.9 20.0 -999.9 -999.9 1004.4 -999.9 -999.9 5.2 25 11.1 -999.9 0.0 4.6 44.5 46.2 46.2 46.2 25.6 15.1 99.0 76.0 20.1 Farroupilha_(766_m) -999.9 -999.9 1008.74 1002.44 1004.4 21.3 14.9 1037.2 Rio_Grande_do_Sul WU UTC_2026-09-20_22:04 0.0 -999.9
-29.225000 -51.353001 IFARRO1 2026-09-20_19:09 21.7 -999.9 -999.9 90.0 -999.9 -999.9 20.0 -999.9 -999.9 1004.4 -999.9 -999.9 4.6 39 9.3 -999.9 0.0 4.6 44.5 46.2 46.2 46.2 25.6 15.1 99.0 76.0 20.1 Farroupilha_(766_m) -999.9 -999.9 1008.74 1002.44 1004.4 21.3 14.9 1037.2 Rio_Grande_do_Sul WU UTC_2026-09-20_22:09 0.0 -999.9
-29.225000 -51.353001 IFARRO1 2026-09-20_19:14 21.7 -999.9 -999.9 90.0 -999.9 -999.9 20.0 -999.9 -999.9 1004.4 -999.9 -999.9 3.9 28 9.3 -999.9 0.0 4.6 44.5 46.2 46.2 46.2 25.6 15.1 99.0 76.0 20.1 Farroupilha_(766_m) -999.9 -999.9 1008.74 1002.44 1004.4 21.3 14.9 1037.2 Rio_Grande_do_Sul WU UTC_2026-09-20_22:14 0.0 -999.9
-29.225000 -51.353001 IFARRO1 2026-09-20_19:19 21.6 -999.9 -999.9 90.5 -999.9 -999.9 20.0 -999.9 -999.9 1004.5 -999.9 -999.9 3.7 27 9.3 -999.9 0.0 4.6 44.5 46.2 46.2 46.2 25.6 15.1 99.0 76.0 20.1 Farroupilha_(766_m) -999.9 -999.9 1008.74 1002.44 1004.5 21.3 14.9 1037.2 Rio_Grande_do_Sul WU UTC_2026-09-20_22:19 0.0 -999.9
-29.225000 -51.353001 IFARRO1 2026-09-20_19:24 21.6 -999.9 -999.9 91.0 -999.9 -999.9 20.1 -999.9 -999.9 1004.5 -999.9 -999.9 3.8 33 7.2 -999.9 0.0 4.6 44.5 46.2 46.2 46.2 25.6 15.1 99.0 76.0 20.1 Farroupilha_(766_m) -999.9 -999.9 1008.74 1002.44 1004.5 21.3 14.9 1037.2 Rio_Grande_do_Sul WU UTC_2026-09-20_22:24 0.0 -999.9
-29.225000 -51.353001 IFARRO1 2026-09-20_19:29 21.5 -999.9 -999.9 91.7 -999.9 -999.9 20.1 -999.9 -999.9 1004.6 -999.9 -999.9 3.3 21 9.3 -999.9 0.0 4.6 44.5 46.2 46.2 46.2 25.6 15.1 99.0 76.0 20.1 Farroupilha_(766_m) -999.9 -999.9 1008.74 1002.44 1004.6 21.3 14.9 1037.2 Rio_Grande_do_Sul WU UTC_2026-09-20_22:29 0.0 -999.9
-29.225000 -51.353001 IFARRO1 2026-09-20_19:34 21.4 -999.9 -999.9 92.0 -999.9 -999.9 20.1 -999.9 -999.9 1004.5 -999.9 -999.9 3.9 28 9.3 -999.9 0.0 4.6 44.5 46.2 46.2 46.2 25.6 15.1 99.0 76.0 20.1 Farroupilha_(766_m) -999.9 -999.9 1008.74 1002.44 1004.5 21.3 14.9 1037.2 Rio_Grande_do_Sul WU UTC_2026-09-20_22:34 0.0 -999.9
-29.225000 -51.353001 IFARRO1 2026-09-20_19:39 21.3 -999.9 -999.9 92.5 -999.9 -999.9 20.1 -999.9 -999.9 1004.5 -999.9 -999.9 4.2 14 9.3 -999.9 0.0 4.6 44.5 46.2 46.2 46.2 25.6 15.1 99.0 76.0 20.1 Farroupilha_(766_m) -999.9 -999.9 1008.74 1002.44 1004.5 21.3 14.9 1037.2 Rio_Grande_do_Sul WU UTC_2026-09-20_22:39 0.0 -999.9
-29.225000 -51.353001 IFARRO1 2026-09-20_19:44 21.3 -999.9 -999.9 93.0 -999.9 -999.9 20.1 -999.9 -999.9 1004.6 -999.9 -999.9 4.9 35 13.0 -999.9 0.0 4.6 44.5 46.2 46.2 46.2 25.6 15.1 99.0 76.0 20.1 Farroupilha_(766_m) -999.9 -999.9 1008.74 1002.44 1004.6 21.3 14.9 1037.2 Rio_Grande_do_Sul WU UTC_2026-09-20_22:44 0.0 -999.9
-29.225000 -51.353001 IFARRO1 2026-09-20_19:49 21.3 -999.9 -999.9 93.0 -999.9 -999.9 20.1 -999.9 -999.9 1004.5 -999.9 -999.9 4.2 38 9.3 -999.9 0.0 4.6 44.5 46.2 46.2 46.2 25.6 15.1 99.0 76.0 20.1 Farroupilha_(766_m) -999.9 -999.9 1008.74 1002.44 1004.5 21.3 14.9 1037.2 Rio_Grande_do_Sul WU UTC_2026-09-20_22:49 0.0 -999.9
-29.225000 -51.353001 IFARRO1 2026-09-20_19:54 21.2 -999.9 -999.9 93.0 -999.9 -999.9 20.0 -999.9 -999.9 1004.4 -999.9 -999.9 5.2 22 11.1 -999.9 0.0 4.6 44.5 46.2 46.2 46.2 25.6 15.1 99.0 76.0 20.1 Farroupilha_(766_m) -999.9 -999.9 1008.74 1002.44 1004.4 21.3 14.9 1037.2 Rio_Grande_do_Sul WU UTC_2026-09-20_22:54 0.0 -999.9
-29.225000 -51.353001 IFARRO1 2026-09-20_19:59 21.2 -999.9 -999.9 93.0 -999.9 -999.9 20.0 -999.9 -999.9 1004.4 -999.9 -999.9 5.3 34 14.8 -999.9 0.0 4.6 44.5 46.2 46.2 46.2 25.6 15.1 99.0 76.0 20.1 Farroupilha_(766_m) -999.9 -999.9 1008.74 1002.44 1004.4 21.3 14.9 1037.2 Rio_Grande_do_Sul WU UTC_2026-09-20_22:59 0.0 -999.9
-29.225000 -51.353001 IFARRO1 2026-09-20_20:04 21.2 -999.9 -999.9 93.0 -999.9 -999.9 20.0 -999.9 -999.9 1004.4 -999.9 -999.9 5.4 27 9.3 -999.9 0.0 4.6 44.5 46.2 46.2 46.2 25.6 15.1 99.0 76.0 20.1 Farroupilha_(766_m) -999.9 -999.9 1008.74 1002.44 1004.4 21.3 14.9 1037.2 Rio_Grande_do_Sul WU UTC_2026-09-20_23:04 0.0 -999.9
-29.225000 -51.353001 IFARRO1 2026-09-20_20:09 21.2 -999.9 -999.9 93.0 -999.9 -999.9 20.0 -999.9 -999.9 1004.4 -999.9 -999.9 5.5 35 11.1 -999.9 0.0 4.6 44.5 46.2 46.2 46.2 25.6 15.1 99.0 76.0 20.1 Farroupilha_(766_m) -999.9 -999.9 1008.74 1002.44 1004.4 21.3 14.9 1037.2 Rio_Grande_do_Sul WU UTC_2026-09-20_23:09 0.0 -999.9
-29.225000 -51.353001 IFARRO1 2026-09-20_20:14 21.1 -999.9 -999.9 93.0 -999.9 -999.9 19.9 -999.9 -999.9 1004.5 -999.9 -999.9 5.9 31 14.8 -999.9 0.0 4.6 44.5 46.2 46.2 46.2 25.6 15.1 99.0 76.0 20.1 Farroupilha_(766_m) -999.9 -999.9 1008.74 1002.44 1004.5 21.3 14.9 1037.2 Rio_Grande_do_Sul WU UTC_2026-09-20_23:14 0.0 -999.9
-29.225000 -51.353001 IFARRO1 2026-09-20_20:19 21.1 -999.9 -999.9 93.4 -999.9 -999.9 19.9 -999.9 -999.9 1004.6 -999.9 -999.9 5.2 38 14.8 -999.9 0.0 4.6 44.5 46.2 46.2 46.2 25.6 15.1 99.0 76.0 20.1 Farroupilha_(766_m) -999.9 -999.9 1008.74 1002.44 1004.6 21.3 14.9 1037.2 Rio_Grande_do_Sul WU UTC_2026-09-20_23:19 0.0 -999.9
-29.225000 -51.353001 IFARRO1 2026-09-20_20:24 21.1 -999.9 -999.9 93.1 -999.9 -999.9 19.9 -999.9 -999.9 1004.7 -999.9 -999.9 4.5 34 14.8 -999.9 0.0 4.6 44.5 46.2 46.2 46.2 25.6 15.1 99.0 76.0 20.1 Farroupilha_(766_m) -999.9 -999.9 1008.74 1002.44 1004.7 21.3 14.9 1037.2 Rio_Grande_do_Sul WU UTC_2026-09-20_23:24 0.0 -999.9
-29.225000 -51.353001 IFARRO1 2026-09-20_20:29 21.0 -999.9 -999.9 94.0 -999.9 -999.9 19.9 -999.9 -999.9 1004.7 -999.9 -999.9 4.1 27 9.3 -999.9 0.0 4.6 44.5 46.2 46.2 46.2 25.6 15.1 99.0 76.0 20.1 Farroupilha_(766_m) -999.9 -999.9 1008.74 1002.44 1004.7 21.3 14.9 1037.2 Rio_Grande_do_Sul WU UTC_2026-09-20_23:29 0.0 -999.9
-29.225000 -51.353001 IFARRO1 2026-09-20_20:34 20.9 -999.9 -999.9 94.0 -999.9 -999.9 19.8 -999.9 -999.9 1004.7 -999.9 -999.9 3.5 15 7.2 -999.9 0.0 4.6 44.5 46.2 46.2 46.2 25.6 15.1 99.0 76.0 20.1 Farroupilha_(766_m) -999.9 -999.9 1008.74 1002.44 1004.7 21.3 14.9 1037.2 Rio_Grande_do_Sul WU UTC_2026-09-20_23:34 0.0 -999.9
-29.225000 -51.353001 IFARRO1 2026-09-20_20:39 20.8 -999.9 -999.9 94.0 -999.9 -999.9 19.8 -999.9 -999.9 1004.7 -999.9 -999.9 3.0 18 11.1 -999.9 0.0 4.6 44.5 46.2 46.2 46.2 25.6 15.1 99.0 76.0 20.1 Farroupilha_(766_m) -999.9 -999.9 1008.74 1002.44 1004.7 21.3 14.9 1037.2 Rio_Grande_do_Sul WU UTC_2026-09-20_23:39 0.0 -999.9
-29.225000 -51.353001 IFARRO1 2026-09-20_20:44 20.8 -999.9 -999.9 94.0 -999.9 -999.9 19.7 -999.9 -999.9 1004.6 -999.9 -999.9 3.1 10 11.1 -999.9 0.0 4.6 44.5 46.2 46.2 46.2 25.6 15.1 99.0 76.0 20.1 Farroupilha_(766_m) -999.9 -999.9 1008.74 1002.44 1004.6 21.3 14.9 1037.2 Rio_Grande_do_Sul WU UTC_2026-09-20_23:44 0.0 -999.9
-29.225000 -51.353001 IFARRO1 2026-09-20_20:49 20.8 -999.9 -999.9 94.0 -999.9 -999.9 19.7 -999.9 -999.9 1004.6 -999.9 -999.9 3.2 29 9.3 -999.9 0.0 4.6 44.5 46.2 46.2 46.2 25.6 15.1 99.0 76.0 20.1 Farroupilha_(766_m) -999.9 -999.9 1008.74 1002.44 1004.6 21.3 14.9 1037.2 Rio_Grande_do_Sul WU UTC_2026-09-20_23:49 0.0 -999.9
-29.225000 -51.353001 IFARRO1 2026-09-20_20:54 20.8 -999.9 -999.9 94.0 -999.9 -999.9 19.7 -999.9 -999.9 1004.5 -999.9 -999.9 3.3 24 7.2 -999.9 0.0 4.6 44.5 46.2 46.2 46.2 25.6 15.1 99.0 76.0 20.1 Farroupilha_(766_m) -999.9 -999.9 1008.74 1002.44 1004.5 21.3 14.9 1037.2 Rio_Grande_do_Sul WU UTC_2026-09-20_23:54 0.0 -999.9
-29.225000 -51.353001 IFARRO1 2026-09-20_20:59 20.8 -999.9 -999.9 94.0 -999.9 -999.9 19.7 -999.9 -999.9 1004.3 -999.9 -999.9 3.9 27 9.3 -999.9 0.0 4.6 44.5 46.2 46.2 46.2 25.6 15.1 99.0 76.0 20.1 Farroupilha_(766_m) -999.9 -999.9 1008.74 1002.44 1004.3 21.3 14.9 1037.2 Rio_Grande_do_Sul WU UTC_2026-09-20_23:59 0.0 -999.9
-29.225000 -51.353001 IFARRO1 2026-09-20_21:04 20.8 -999.9 -999.9 94.0 -999.9 -999.9 19.7 -999.9 -999.9 1004.4 -999.9 -999.9 3.7 37 9.3 -999.9 0.0 4.6 44.5 46.2 46.2 46.2 25.6 15.1 99.0 76.0 20.1 Farroupilha_(766_m) -999.9 -999.9 1008.74 1002.44 1004.4 21.3 14.9 1037.2 Rio_Grande_do_Sul WU UTC_2026-09-21_00:04 0.0 -999.9
-29.225000 -51.353001 IFARRO1 2026-09-20_21:09 20.7 -999.9 -999.9 94.0 -999.9 -999.9 19.7 -999.9 -999.9 1004.3 -999.9 -999.9 3.9 27 9.3 -999.9 0.0 4.6 44.5 46.2 46.2 46.2 25.6 15.1 99.0 76.0 20.1 Farroupilha_(766_m) -999.9 -999.9 1008.74 1002.44 1004.3 21.3 14.9 1037.2 Rio_Grande_do_Sul WU UTC_2026-09-21_00:09 0.0 -999.9
-29.225000 -51.353001 IFARRO1 2026-09-20_21:14 20.7 -999.9 -999.9 94.0 -999.9 -999.9 19.7 -999.9 -999.9 1004.2 -999.9 -999.9 4.7 33 11.1 -999.9 0.0 4.6 44.5 46.2 46.2 46.2 25.6 15.1 99.0 76.0 20.1 Farroupilha_(766_m) -999.9 -999.9 1008.74 1002.44 1004.2 21.3 14.9 1037.2 Rio_Grande_do_Sul WU UTC_2026-09-21_00:14 0.0 -999.9
-29.225000 -51.353001 IFARRO1 2026-09-20_21:19 20.8 -999.9 -999.9 94.0 -999.9 -999.9 19.7 -999.9 -999.9 1004.2 -999.9 -999.9 5.0 13 14.8 -999.9 0.0 4.6 44.5 46.2 46.2 46.2 25.6 15.1 99.0 76.0 20.1 Farroupilha_(766_m) -999.9 -999.9 1008.74 1002.44 1004.2 21.3 14.9 1037.2 Rio_Grande_do_Sul WU UTC_2026-09-21_00:19 0.0 -999.9
-29.225000 -51.353001 IFARRO1 2026-09-20_21:24 20.8 -999.9 -999.9 94.0 -999.9 -999.9 19.7 -999.9 -999.9 1004.4 -999.9 -999.9 4.7 17 11.1 -999.9 0.0 4.6 44.5 46.2 46.2 46.2 25.6 15.1 99.0 76.0 20.1 Farroupilha_(766_m) -999.9 -999.9 1008.74 1002.44 1004.4 21.3 14.9 1037.2 Rio_Grande_do_Sul WU UTC_2026-09-21_00:24 0.0 -999.9
-29.225000 -51.353001 IFARRO1 2026-09-20_21:29 20.8 -999.9 -999.9 94.0 -999.9 -999.9 19.7 -999.9 -999.9 1004.4 -999.9 -999.9 5.4 32 11.1 -999.9 0.0 4.6 44.5 46.2 46.2 46.2 25.6 15.1 99.0 76.0 20.1 Farroupilha_(766_m) -999.9 -999.9 1008.74 1002.44 1004.4 21.3 14.9 1037.2 Rio_Grande_do_Sul WU UTC_2026-09-21_00:29 0.0 -999.9
-29.225000 -51.353001 IFARRO1 2026-09-20_21:34 20.8 -999.9 -999.9 94.0 -999.9 -999.9 19.7 -999.9 -999.9 1004.4 -999.9 -999.9 4.7 8 13.0 -999.9 0.0 4.6 44.5 46.2 46.2 46.2 25.6 15.1 99.0 76.0 20.1 Farroupilha_(766_m) -999.9 -999.9 1008.74 1002.44 1004.4 21.3 14.9 1037.2 Rio_Grande_do_Sul WU UTC_2026-09-21_00:34 0.0 -999.9
-29.225000 -51.353001 IFARRO1 2026-09-20_21:39 20.8 -999.9 -999.9 94.0 -999.9 -999.9 19.7 -999.9 -999.9 1004.4 -999.9 -999.9 3.6 27 9.3 -999.9 0.0 4.6 44.5 46.2 46.2 46.2 25.6 15.1 99.0 76.0 20.1 Farroupilha_(766_m) -999.9 -999.9 1008.74 1002.44 1004.4 21.3 14.9 1037.2 Rio_Grande_do_Sul WU UTC_2026-09-21_00:39 0.0 -999.9
-29.225000 -51.353001 IFARRO1 2026-09-20_21:44 20.7 -999.9 -999.9 94.0 -999.9 -999.9 19.6 -999.9 -999.9 1004.3 -999.9 -999.9 3.1 29 11.1 -999.9 0.0 4.6 44.5 46.2 46.2 46.2 25.6 15.1 99.0 76.0 20.1 Farroupilha_(766_m) -999.9 -999.9 1008.74 1002.44 1004.3 21.3 14.9 1037.2 Rio_Grande_do_Sul WU UTC_2026-09-21_00:44 0.0 -999.9
-29.225000 -51.353001 IFARRO1 2026-09-20_21:49 20.7 -999.9 -999.9 94.0 -999.9 -999.9 19.6 -999.9 -999.9 1004.3 -999.9 -999.9 3.3 21 11.1 -999.9 0.0 4.6 44.5 46.2 46.2 46.2 25.6 15.1 99.0 76.0 20.1 Farroupilha_(766_m) -999.9 -999.9 1008.74 1002.44 1004.3 21.3 14.9 1037.2 Rio_Grande_do_Sul WU UTC_2026-09-21_00:49 0.0 -999.9
-29.225000 -51.353001 IFARRO1 2026-09-20_21:54 20.7 -999.9 -999.9 94.0 -999.9 -999.9 19.6 -999.9 -999.9 1004.4 -999.9 -999.9 3.4 41 16.6 -999.9 0.0 4.6 44.5 46.2 46.2 46.2 25.6 15.1 99.0 76.0 20.1 Farroupilha_(766_m) -999.9 -999.9 1008.74 1002.44 1004.4 21.3 14.9 1037.2 Rio_Grande_do_Sul WU UTC_2026-09-21_00:54 0.0 -999.9
-29.225000 -51.353001 IFARRO1 2026-09-20_21:59 20.7 -999.9 -999.9 94.0 -999.9 -999.9 19.6 -999.9 -999.9 1004.4 -999.9 -999.9 3.4 20 9.3 -999.9 0.0 4.6 44.5 46.2 46.2 46.2 25.6 15.1 99.0 76.0 20.1 Farroupilha_(766_m) -999.9 -999.9 1008.74 1002.44 1004.4 21.3 14.9 1037.2 Rio_Grande_do_Sul WU UTC_2026-09-21_00:59 0.0 -999.9
-29.225000 -51.353001 IFARRO1 2026-09-20_22:04 20.7 -999.9 -999.9 94.0 -999.9 -999.9 19.6 -999.9 -999.9 1004.4 -999.9 -999.9 2.7 43 5.5 -999.9 0.0 4.6 44.5 46.2 46.2 46.2 25.6 15.1 99.0 76.0 20.1 Farroupilha_(766_m) -999.9 -999.9 1008.74 1002.44 1004.4 21.3 14.9 1037.2 Rio_Grande_do_Sul WU UTC_2026-09-21_01:04 0.0 -999.9
-29.225000 -51.353001 IFARRO1 2026-09-20_22:09 20.6 -999.9 -999.9 94.0 -999.9 -999.9 19.5 -999.9 -999.9 1004.3 -999.9 -999.9 3.2 19 7.2 -999.9 0.0 4.6 44.5 46.2 46.2 46.2 25.6 15.1 99.0 76.0 20.1 Farroupilha_(766_m) -999.9 -999.9 1008.74 1002.44 1004.3 21.3 14.9 1037.2 Rio_Grande_do_Sul WU UTC_2026-09-21_01:09 0.0 -999.9
-29.225000 -51.353001 IFARRO1 2026-09-20_22:14 20.5 -999.9 -999.9 94.0 -999.9 -999.9 19.4 -999.9 -999.9 1004.2 -999.9 -999.9 2.0 15 5.5 -999.9 0.0 4.6 44.5 46.2 46.2 46.2 25.6 15.1 99.0 76.0 20.1 Farroupilha_(766_m) -999.9 -999.9 1008.74 1002.44 1004.2 21.3 14.9 1037.2 Rio_Grande_do_Sul WU UTC_2026-09-21_01:14 0.0 -999.9
-29.225000 -51.353001 IFARRO1 2026-09-20_22:19 20.4 -999.9 -999.9 94.8 -999.9 -999.9 19.5 -999.9 -999.9 1004.2 -999.9 -999.9 3.0 23 5.5 -999.9 0.0 4.6 44.5 46.2 46.2 46.2 25.6 15.1 99.0 76.0 20.1 Farroupilha_(766_m) -999.9 -999.9 1008.74 1002.44 1004.2 21.3 14.9 1037.2 Rio_Grande_do_Sul WU UTC_2026-09-21_01:19 0.0 -999.9
-29.225000 -51.353001 IFARRO1 2026-09-20_22:24 20.4 -999.9 -999.9 95.0 -999.9 -999.9 19.5 -999.9 -999.9 1004.0 -999.9 -999.9 2.6 18 7.2 -999.9 0.0 4.6 44.5 46.2 46.2 46.2 25.6 15.1 99.0 76.0 20.1 Farroupilha_(766_m) -999.9 -999.9 1008.74 1002.44 1004.0 21.3 14.9 1037.2 Rio_Grande_do_Sul WU UTC_2026-09-21_01:24 0.0 -999.9
-29.225000 -51.353001 IFARRO1 2026-09-20_22:29 20.3 -999.9 -999.9 95.0 -999.9 -999.9 19.4 -999.9 -999.9 1004.0 -999.9 -999.9 2.1 23 7.2 -999.9 0.0 4.6 44.5 46.2 46.2 46.2 25.6 15.1 99.0 76.0 20.1 Farroupilha_(766_m) -999.9 -999.9 1008.74 1002.44 1004.0 21.3 14.9 1037.2 Rio_Grande_do_Sul WU UTC_2026-09-21_01:29 0.0 -999.9
-29.225000 -51.353001 IFARRO1 2026-09-20_22:34 20.3 -999.9 -999.9 94.5 -999.9 -999.9 19.3 -999.9 -999.9 1004.0 -999.9 -999.9 4.0 15 9.3 -999.9 0.0 4.6 44.5 46.2 46.2 46.2 25.6 15.1 99.0 76.0 20.1 Farroupilha_(766_m) -999.9 -999.9 1008.74 1002.44 1004.0 21.3 14.9 1037.2 Rio_Grande_do_Sul WU UTC_2026-09-21_01:34 0.0 -999.9
-29.225000 -51.353001 IFARRO1 2026-09-20_22:39 20.4 -999.9 -999.9 94.0 -999.9 -999.9 19.3 -999.9 -999.9 1003.9 -999.9 -999.9 3.7 354 9.3 -999.9 0.0 4.6 44.5 46.2 46.2 46.2 25.6 15.1 99.0 76.0 20.1 Farroupilha_(766_m) -999.9 -999.9 1008.74 1002.44 1003.9 21.3 14.9 1037.2 Rio_Grande_do_Sul WU UTC_2026-09-21_01:39 0.0 -999.9
-29.225000 -51.353001 IFARRO1 2026-09-20_22:44 20.4 -999.9 -999.9 94.0 -999.9 -999.9 19.3 -999.9 -999.9 1003.9 -999.9 -999.9 3.9 28 9.3 -999.9 0.0 4.6 44.5 46.2 46.2 46.2 25.6 15.1 99.0 76.0 20.1 Farroupilha_(766_m) -999.9 -999.9 1008.74 1002.44 1003.9 21.3 14.9 1037.2 Rio_Grande_do_Sul WU UTC_2026-09-21_01:44 0.0 -999.9
-29.225000 -51.353001 IFARRO1 2026-09-20_22:49 20.4 -999.9 -999.9 94.1 -999.9 -999.9 19.3 -999.9 -999.9 1003.9 -999.9 -999.9 2.7 17 7.2 -999.9 0.0 4.6 44.5 46.2 46.2 46.2 25.6 15.1 99.0 76.0 20.1 Farroupilha_(766_m) -999.9 -999.9 1008.74 1002.44 1003.9 21.3 14.9 1037.2 Rio_Grande_do_Sul WU UTC_2026-09-21_01:49 0.0 -999.9
-29.225000 -51.353001 IFARRO1 2026-09-20_22:54 20.3 -999.9 -999.9 94.4 -999.9 -999.9 19.3 -999.9 -999.9 1003.8 -999.9 -999.9 4.1 14 13.0 -999.9 0.0 4.6 44.5 46.2 46.2 46.2 25.6 15.1 99.0 76.0 20.1 Farroupilha_(766_m) -999.9 -999.9 1008.74 1002.44 1003.8 21.3 14.9 1037.2 Rio_Grande_do_Sul WU UTC_2026-09-21_01:54 0.0 -999.9
-29.225000 -51.353001 IFARRO1 2026-09-20_22:59 20.3 -999.9 -999.9 94.3 -999.9 -999.9 19.3 -999.9 -999.9 1003.6 -999.9 -999.9 4.3 0 11.1 -999.9 0.0 4.6 44.5 46.2 46.2 46.2 25.6 15.1 99.0 76.0 20.1 Farroupilha_(766_m) -999.9 -999.9 1008.74 1002.44 1003.6 21.3 14.9 1037.2 Rio_Grande_do_Sul WU UTC_2026-09-21_01:59 0.0 -999.9
-29.225000 -51.353001 IFARRO1 2026-09-20_23:04 20.3 -999.9 -999.9 94.9 -999.9 -999.9 19.4 -999.9 -999.9 1003.6 -999.9 -999.9 4.0 33 11.1 -999.9 0.0 4.6 44.5 46.2 46.2 46.2 25.6 15.1 99.0 76.0 20.1 Farroupilha_(766_m) -999.9 -999.9 1008.74 1002.44 1003.6 21.3 14.9 1037.2 Rio_Grande_do_Sul WU UTC_2026-09-21_02:04 0.0 -999.9
-29.225000 -51.353001 IFARRO1 2026-09-20_23:09 20.3 -999.9 -999.9 94.4 -999.9 -999.9 19.3 -999.9 -999.9 1003.5 -999.9 -999.9 5.4 35 18.3 -999.9 0.0 4.6 44.5 46.2 46.2 46.2 25.6 15.1 99.0 76.0 20.1 Farroupilha_(766_m) -999.9 -999.9 1008.74 1002.44 1003.5 21.3 14.9 1037.2 Rio_Grande_do_Sul WU UTC_2026-09-21_02:09 0.0 -999.9
-29.225000 -51.353001 IFARRO1 2026-09-20_23:14 20.4 -999.9 -999.9 94.0 -999.9 -999.9 19.3 -999.9 -999.9 1003.5 -999.9 -999.9 5.2 35 11.1 -999.9 0.0 4.6 44.5 46.2 46.2 46.2 25.6 15.1 99.0 76.0 20.1 Farroupilha_(766_m) -999.9 -999.9 1008.74 1002.44 1003.5 21.3 14.9 1037.2 Rio_Grande_do_Sul WU UTC_2026-09-21_02:14 0.0 -999.9
-29.225000 -51.353001 IFARRO1 2026-09-20_23:19 20.4 -999.9 -999.9 94.0 -999.9 -999.9 19.3 -999.9 -999.9 1003.4 -999.9 -999.9 4.6 50 11.1 -999.9 0.0 4.6 44.5 46.2 46.2 46.2 25.6 15.1 99.0 76.0 20.1 Farroupilha_(766_m) -999.9 -999.9 1008.74 1002.44 1003.4 21.3 14.9 1037.2 Rio_Grande_do_Sul WU UTC_2026-09-21_02:19 0.0 -999.9
-29.225000 -51.353001 IFARRO1 2026-09-20_23:24 20.4 -999.9 -999.9 94.0 -999.9 -999.9 19.3 -999.9 -999.9 1003.0 -999.9 -999.9 5.4 19 13.0 -999.9 0.0 4.6 44.5 46.2 46.2 46.2 25.6 15.1 99.0 76.0 20.1 Farroupilha_(766_m) -999.9 -999.9 1008.74 1002.44 1003.0 21.3 14.9 1037.2 Rio_Grande_do_Sul WU UTC_2026-09-21_02:24 0.0 -999.9
-29.225000 -51.353001 IFARRO1 2026-09-20_23:29 20.4 -999.9 -999.9 93.7 -999.9 -999.9 19.3 -999.9 -999.9 1002.6 -999.9 -999.9 5.9 31 13.0 -999.9 0.0 4.6 44.5 46.2 46.2 46.2 25.6 15.1 99.0 76.0 20.1 Farroupilha_(766_m) -999.9 -999.9 1008.74 1002.44 1002.6 21.3 14.9 1037.2 Rio_Grande_do_Sul WU UTC_2026-09-21_02:29 0.0 -999.9
-29.225000 -51.353001 IFARRO1 2026-09-20_23:34 20.5 -999.9 -999.9 93.0 -999.9 -999.9 19.3 -999.9 -999.9 1002.6 -999.9 -999.9 4.7 19 13.0 -999.9 0.0 4.6 44.5 46.2 46.2 46.2 25.6 15.1 99.0 76.0 20.1 Farroupilha_(766_m) -999.9 -999.9 1008.74 1002.44 1002.6 21.3 14.9 1037.2 Rio_Grande_do_Sul WU UTC_2026-09-21_02:34 0.0 -999.9
-29.225000 -51.353001 IFARRO1 2026-09-20_23:39 20.7 -999.9 -999.9 92.2 -999.9 -999.9 19.3 -999.9 -999.9 1002.7 -999.9 -999.9 6.4 25 13.0 -999.9 0.0 4.6 44.5 46.2 46.2 46.2 25.6 15.1 99.0 76.0 20.1 Farroupilha_(766_m) -999.9 -999.9 1008.74 1002.44 1002.7 21.3 14.9 1037.2 Rio_Grande_do_Sul WU UTC_2026-09-21_02:39 0.0 -999.9
-29.225000 -51.353001 IFARRO1 2026-09-20_23:44 20.8 -999.9 -999.9 91.8 -999.9 -999.9 19.4 -999.9 -999.9 1002.7 -999.9 -999.9 6.1 36 14.8 -999.9 0.0 4.6 44.5 46.2 46.2 46.2 25.6 15.1 99.0 76.0 20.1 Farroupilha_(766_m) -999.9 -999.9 1008.74 1002.44 1002.7 21.3 14.9 1037.2 Rio_Grande_do_Sul WU UTC_2026-09-21_02:44 0.0 -999.9
-29.225000 -51.353001 IFARRO1 2026-09-20_23:49 20.8 -999.9 -999.9 91.0 -999.9 -999.9 19.3 -999.9 -999.9 1002.7 -999.9 -999.9 6.3 38 14.8 -999.9 0.0 4.6 44.5 46.2 46.2 46.2 25.6 15.1 99.0 76.0 20.1 Farroupilha_(766_m) -999.9 -999.9 1008.74 1002.44 1002.7 21.3 14.9 1037.2 Rio_Grande_do_Sul WU UTC_2026-09-21_02:49 0.0 -999.9
-29.225000 -51.353001 IFARRO1 2026-09-20_23:57 20.9 -999.9 -999.9 91.0 -999.9 -999.9 19.4 -999.9 -999.9 1002.7 -999.9 -999.9 6.4 43 11.1 -999.9 0.0 4.6 44.5 46.2 46.2 46.2 25.6 15.1 99.0 76.0 20.1 Farroupilha_(766_m) -999.9 -999.9 1008.74 1002.44 1002.7 21.3 14.9 1037.2 Rio_Grande_do_Sul WU UTC_2026-09-21_02:57 0.0 -999.9
