-29.103374 -51.607984 17561 2026-07-29_00:00 -999.9 -999.9 -999.9 -999.9 -999.9 -999.9 -999.9 -999.9 -999.9 -999.9 -999.9 -999.9 -999.9 -999.9 -999.9 -999.9 2.4 0.0 109.4 111.6 112.0 115.8 -999.9 -999.9 -999.9 -999.9 -999.9 CEMADEN_-_Bento_Gonçalves_-_Faria_Lemos_(349_m) -999.9 -999.9 -999.9 -999.9 -999.9 -999.9 -999.9 -999.9 Rio_Grande_do_Sul CEMADEN -999.9 0.0 -999.9
-29.103374 -51.607984 17561 2026-07-29_00:10 -999.9 -999.9 -999.9 -999.9 -999.9 -999.9 -999.9 -999.9 -999.9 -999.9 -999.9 -999.9 -999.9 -999.9 -999.9 -999.9 1.8 0.8 110.2 112.4 112.8 116.6 -999.9 -999.9 -999.9 -999.9 -999.9 CEMADEN_-_Bento_Gonçalves_-_Faria_Lemos_(349_m) -999.9 -999.9 -999.9 -999.9 -999.9 -999.9 -999.9 -999.9 Rio_Grande_do_Sul CEMADEN -999.9 0.8 -999.9
-29.103374 -51.607984 17561 2026-07-29_00:20 -999.9 -999.9 -999.9 -999.9 -999.9 -999.9 -999.9 -999.9 -999.9 -999.9 -999.9 -999.9 -999.9 -999.9 -999.9 -999.9 3.8 2.8 112.2 114.4 114.8 118.6 -999.9 -999.9 -999.9 -999.9 -999.9 CEMADEN_-_Bento_Gonçalves_-_Faria_Lemos_(349_m) -999.9 -999.9 -999.9 -999.9 -999.9 -999.9 -999.9 -999.9 Rio_Grande_do_Sul CEMADEN -999.9 2.0 -999.9
-29.103374 -51.607984 17561 2026-07-29_00:40 -999.9 -999.9 -999.9 -999.9 -999.9 -999.9 -999.9 -999.9 -999.9 -999.9 -999.9 -999.9 -999.9 -999.9 -999.9 -999.9 8.0 7.0 116.4 118.6 119.0 122.8 -999.9 -999.9 -999.9 -999.9 -999.9 CEMADEN_-_Bento_Gonçalves_-_Faria_Lemos_(349_m) -999.9 -999.9 -999.9 -999.9 -999.9 -999.9 -999.9 -999.9 Rio_Grande_do_Sul CEMADEN -999.9 4.2 -999.9
-29.103374 -51.607984 17561 2026-07-29_00:50 -999.9 -999.9 -999.9 -999.9 -999.9 -999.9 -999.9 -999.9 -999.9 -999.9 -999.9 -999.9 -999.9 -999.9 -999.9 -999.9 16.0 15.8 125.4 127.6 127.8 131.6 -999.9 -999.9 -999.9 -999.9 -999.9 CEMADEN_-_Bento_Gonçalves_-_Faria_Lemos_(349_m) -999.9 -999.9 -999.9 -999.9 -999.9 -999.9 -999.9 -999.9 Rio_Grande_do_Sul CEMADEN -999.9 8.8 -999.9
-29.103374 -51.607984 17561 2026-07-29_01:00 -999.9 -999.9 -999.9 -999.9 -999.9 -999.9 -999.9 -999.9 -999.9 -999.9 -999.9 -999.9 -999.9 -999.9 -999.9 -999.9 18.6 18.4 128.0 130.2 130.4 134.2 -999.9 -999.9 -999.9 -999.9 -999.9 CEMADEN_-_Bento_Gonçalves_-_Faria_Lemos_(349_m) -999.9 -999.9 -999.9 -999.9 -999.9 -999.9 -999.9 -999.9 Rio_Grande_do_Sul CEMADEN -999.9 2.6 -999.9
-29.103374 -51.607984 17561 2026-07-29_01:10 -999.9 -999.9 -999.9 -999.9 -999.9 -999.9 -999.9 -999.9 -999.9 -999.9 -999.9 -999.9 -999.9 -999.9 -999.9 -999.9 20.0 20.6 130.2 132.4 132.6 136.4 -999.9 -999.9 -999.9 -999.9 -999.9 CEMADEN_-_Bento_Gonçalves_-_Faria_Lemos_(349_m) -999.9 -999.9 -999.9 -999.9 -999.9 -999.9 -999.9 -999.9 Rio_Grande_do_Sul CEMADEN -999.9 2.2 -999.9
-29.103374 -51.607984 17561 2026-07-29_01:20 -999.9 -999.9 -999.9 -999.9 -999.9 -999.9 -999.9 -999.9 -999.9 -999.9 -999.9 -999.9 -999.9 -999.9 -999.9 -999.9 14.6 21.2 130.8 133.0 133.2 137.0 -999.9 -999.9 -999.9 -999.9 -999.9 CEMADEN_-_Bento_Gonçalves_-_Faria_Lemos_(349_m) -999.9 -999.9 -999.9 -999.9 -999.9 -999.9 -999.9 -999.9 Rio_Grande_do_Sul CEMADEN -999.9 0.6 -999.9
-29.103374 -51.607984 17561 2026-07-29_01:30 -999.9 -999.9 -999.9 -999.9 -999.9 -999.9 -999.9 -999.9 -999.9 -999.9 -999.9 -999.9 -999.9 -999.9 -999.9 -999.9 16.0 22.6 132.2 134.4 134.6 138.4 -999.9 -999.9 -999.9 -999.9 -999.9 CEMADEN_-_Bento_Gonçalves_-_Faria_Lemos_(349_m) -999.9 -999.9 -999.9 -999.9 -999.9 -999.9 -999.9 -999.9 Rio_Grande_do_Sul CEMADEN -999.9 1.4 -999.9
-29.103374 -51.607984 17561 2026-07-29_01:50 -999.9 -999.9 -999.9 -999.9 -999.9 -999.9 -999.9 -999.9 -999.9 -999.9 -999.9 -999.9 -999.9 -999.9 -999.9 -999.9 9.0 24.8 134.4 136.6 136.8 140.6 -999.9 -999.9 -999.9 -999.9 -999.9 CEMADEN_-_Bento_Gonçalves_-_Faria_Lemos_(349_m) -999.9 -999.9 -999.9 -999.9 -999.9 -999.9 -999.9 -999.9 Rio_Grande_do_Sul CEMADEN -999.9 2.2 -999.9
-29.103374 -51.607984 17561 2026-07-29_02:00 -999.9 -999.9 -999.9 -999.9 -999.9 -999.9 -999.9 -999.9 -999.9 -999.9 -999.9 -999.9 -999.9 -999.9 -999.9 -999.9 9.2 27.6 137.2 139.4 139.6 143.4 -999.9 -999.9 -999.9 -999.9 -999.9 CEMADEN_-_Bento_Gonçalves_-_Faria_Lemos_(349_m) -999.9 -999.9 -999.9 -999.9 -999.9 -999.9 -999.9 -999.9 Rio_Grande_do_Sul CEMADEN -999.9 2.8 -999.9
-29.103374 -51.607984 17561 2026-07-29_02:10 -999.9 -999.9 -999.9 -999.9 -999.9 -999.9 -999.9 -999.9 -999.9 -999.9 -999.9 -999.9 -999.9 -999.9 -999.9 -999.9 8.4 29.0 138.6 140.8 141.0 144.8 -999.9 -999.9 -999.9 -999.9 -999.9 CEMADEN_-_Bento_Gonçalves_-_Faria_Lemos_(349_m) -999.9 -999.9 -999.9 -999.9 -999.9 -999.9 -999.9 -999.9 Rio_Grande_do_Sul CEMADEN -999.9 1.4 -999.9
-29.103374 -51.607984 17561 2026-07-29_02:20 -999.9 -999.9 -999.9 -999.9 -999.9 -999.9 -999.9 -999.9 -999.9 -999.9 -999.9 -999.9 -999.9 -999.9 -999.9 -999.9 7.6 30.2 139.8 142.0 142.2 146.0 -999.9 -999.9 -999.9 -999.9 -999.9 CEMADEN_-_Bento_Gonçalves_-_Faria_Lemos_(349_m) -999.9 -999.9 -999.9 -999.9 -999.9 -999.9 -999.9 -999.9 Rio_Grande_do_Sul CEMADEN -999.9 1.2 -999.9
-29.103374 -51.607984 17561 2026-07-29_02:40 -999.9 -999.9 -999.9 -999.9 -999.9 -999.9 -999.9 -999.9 -999.9 -999.9 -999.9 -999.9 -999.9 -999.9 -999.9 -999.9 9.2 31.8 141.4 143.6 143.8 147.6 -999.9 -999.9 -999.9 -999.9 -999.9 CEMADEN_-_Bento_Gonçalves_-_Faria_Lemos_(349_m) -999.9 -999.9 -999.9 -999.9 -999.9 -999.9 -999.9 -999.9 Rio_Grande_do_Sul CEMADEN -999.9 1.6 -999.9
-29.103374 -51.607984 17561 2026-07-29_02:50 -999.9 -999.9 -999.9 -999.9 -999.9 -999.9 -999.9 -999.9 -999.9 -999.9 -999.9 -999.9 -999.9 -999.9 -999.9 -999.9 6.2 33.8 143.4 145.6 145.8 149.6 -999.9 -999.9 -999.9 -999.9 -999.9 CEMADEN_-_Bento_Gonçalves_-_Faria_Lemos_(349_m) -999.9 -999.9 -999.9 -999.9 -999.9 -999.9 -999.9 -999.9 Rio_Grande_do_Sul CEMADEN -999.9 2.0 -999.9
-29.103374 -51.607984 17561 2026-07-29_03:00 -999.9 -999.9 -999.9 -999.9 -999.9 -999.9 -999.9 -999.9 -999.9 -999.9 -999.9 -999.9 -999.9 -999.9 -999.9 -999.9 7.0 34.6 144.2 146.4 146.6 150.4 -999.9 -999.9 -999.9 -999.9 -999.9 CEMADEN_-_Bento_Gonçalves_-_Faria_Lemos_(349_m) -999.9 -999.9 -999.9 -999.9 -999.9 -999.9 -999.9 -999.9 Rio_Grande_do_Sul CEMADEN -999.9 0.8 -999.9
-29.103374 -51.607984 17561 2026-07-29_03:10 -999.9 -999.9 -999.9 -999.9 -999.9 -999.9 -999.9 -999.9 -999.9 -999.9 -999.9 -999.9 -999.9 -999.9 -999.9 -999.9 4.8 35.0 144.6 146.8 147.0 150.8 -999.9 -999.9 -999.9 -999.9 -999.9 CEMADEN_-_Bento_Gonçalves_-_Faria_Lemos_(349_m) -999.9 -999.9 -999.9 -999.9 -999.9 -999.9 -999.9 -999.9 Rio_Grande_do_Sul CEMADEN -999.9 0.4 -999.9
-29.103374 -51.607984 17561 2026-07-29_03:30 -999.9 -999.9 -999.9 -999.9 -999.9 -999.9 -999.9 -999.9 -999.9 -999.9 -999.9 -999.9 -999.9 -999.9 -999.9 -999.9 4.8 36.4 146.0 148.2 148.4 152.2 -999.9 -999.9 -999.9 -999.9 -999.9 CEMADEN_-_Bento_Gonçalves_-_Faria_Lemos_(349_m) -999.9 -999.9 -999.9 -999.9 -999.9 -999.9 -999.9 -999.9 Rio_Grande_do_Sul CEMADEN -999.9 1.4 -999.9
-29.103374 -51.607984 17561 2026-07-29_03:50 -999.9 -999.9 -999.9 -999.9 -999.9 -999.9 -999.9 -999.9 -999.9 -999.9 -999.9 -999.9 -999.9 -999.9 -999.9 -999.9 4.6 39.2 148.8 151.0 151.2 155.0 -999.9 -999.9 -999.9 -999.9 -999.9 CEMADEN_-_Bento_Gonçalves_-_Faria_Lemos_(349_m) -999.9 -999.9 -999.9 -999.9 -999.9 -999.9 -999.9 -999.9 Rio_Grande_do_Sul CEMADEN -999.9 2.8 -999.9
-29.103374 -51.607984 17561 2026-07-29_04:00 -999.9 -999.9 -999.9 -999.9 -999.9 -999.9 -999.9 -999.9 -999.9 -999.9 -999.9 -999.9 -999.9 -999.9 -999.9 -999.9 6.0 40.6 150.2 152.4 152.6 156.4 -999.9 -999.9 -999.9 -999.9 -999.9 CEMADEN_-_Bento_Gonçalves_-_Faria_Lemos_(349_m) -999.9 -999.9 -999.9 -999.9 -999.9 -999.9 -999.9 -999.9 Rio_Grande_do_Sul CEMADEN -999.9 1.4 -999.9
-29.103374 -51.607984 17561 2026-07-29_04:10 -999.9 -999.9 -999.9 -999.9 -999.9 -999.9 -999.9 -999.9 -999.9 -999.9 -999.9 -999.9 -999.9 -999.9 -999.9 -999.9 6.4 41.8 151.4 153.6 153.8 157.6 -999.9 -999.9 -999.9 -999.9 -999.9 CEMADEN_-_Bento_Gonçalves_-_Faria_Lemos_(349_m) -999.9 -999.9 -999.9 -999.9 -999.9 -999.9 -999.9 -999.9 Rio_Grande_do_Sul CEMADEN -999.9 1.2 -999.9
-29.103374 -51.607984 17561 2026-07-29_04:20 -999.9 -999.9 -999.9 -999.9 -999.9 -999.9 -999.9 -999.9 -999.9 -999.9 -999.9 -999.9 -999.9 -999.9 -999.9 -999.9 6.0 42.4 152.0 154.2 154.4 158.2 -999.9 -999.9 -999.9 -999.9 -999.9 CEMADEN_-_Bento_Gonçalves_-_Faria_Lemos_(349_m) -999.9 -999.9 -999.9 -999.9 -999.9 -999.9 -999.9 -999.9 Rio_Grande_do_Sul CEMADEN -999.9 0.6 -999.9
-29.103374 -51.607984 17561 2026-07-29_04:30 -999.9 -999.9 -999.9 -999.9 -999.9 -999.9 -999.9 -999.9 -999.9 -999.9 -999.9 -999.9 -999.9 -999.9 -999.9 -999.9 5.2 42.8 152.4 154.6 154.8 158.6 -999.9 -999.9 -999.9 -999.9 -999.9 CEMADEN_-_Bento_Gonçalves_-_Faria_Lemos_(349_m) -999.9 -999.9 -999.9 -999.9 -999.9 -999.9 -999.9 -999.9 Rio_Grande_do_Sul CEMADEN -999.9 0.4 -999.9
-29.103374 -51.607984 17561 2026-07-29_04:50 -999.9 -999.9 -999.9 -999.9 -999.9 -999.9 -999.9 -999.9 -999.9 -999.9 -999.9 -999.9 -999.9 -999.9 -999.9 -999.9 2.4 43.0 152.6 154.8 155.0 158.8 -999.9 -999.9 -999.9 -999.9 -999.9 CEMADEN_-_Bento_Gonçalves_-_Faria_Lemos_(349_m) -999.9 -999.9 -999.9 -999.9 -999.9 -999.9 -999.9 -999.9 Rio_Grande_do_Sul CEMADEN -999.9 0.2 -999.9
-29.103374 -51.607984 17561 2026-07-29_05:10 -999.9 -999.9 -999.9 -999.9 -999.9 -999.9 -999.9 -999.9 -999.9 -999.9 -999.9 -999.9 -999.9 -999.9 -999.9 -999.9 1.2 43.0 152.6 154.8 155.0 158.8 -999.9 -999.9 -999.9 -999.9 -999.9 CEMADEN_-_Bento_Gonçalves_-_Faria_Lemos_(349_m) -999.9 -999.9 -999.9 -999.9 -999.9 -999.9 -999.9 -999.9 Rio_Grande_do_Sul CEMADEN -999.9 0.0 -999.9
-29.103374 -51.607984 17561 2026-07-29_05:20 -999.9 -999.9 -999.9 -999.9 -999.9 -999.9 -999.9 -999.9 -999.9 -999.9 -999.9 -999.9 -999.9 -999.9 -999.9 -999.9 -999.9 43.2 152.8 155.0 155.2 159.0 -999.9 -999.9 -999.9 -999.9 -999.9 CEMADEN_-_Bento_Gonçalves_-_Faria_Lemos_(349_m) -999.9 -999.9 -999.9 -999.9 -999.9 -999.9 -999.9 -999.9 Rio_Grande_do_Sul CEMADEN -999.9 0.2 -999.9
-29.103374 -51.607984 17561 2026-07-29_09:30 -999.9 -999.9 -999.9 -999.9 -999.9 -999.9 -999.9 -999.9 -999.9 -999.9 -999.9 -999.9 -999.9 -999.9 -999.9 -999.9 -999.9 44.6 154.4 156.6 156.6 160.4 -999.9 -999.9 -999.9 -999.9 -999.9 CEMADEN_-_Bento_Gonçalves_-_Faria_Lemos_(349_m) -999.9 -999.9 -999.9 -999.9 -999.9 -999.9 -999.9 -999.9 Rio_Grande_do_Sul CEMADEN -999.9 1.4 -999.9
-29.103374 -51.607984 17561 2026-07-29_10:10 -999.9 -999.9 -999.9 -999.9 -999.9 -999.9 -999.9 -999.9 -999.9 -999.9 -999.9 -999.9 -999.9 -999.9 -999.9 -999.9 -999.9 44.6 154.4 156.6 156.6 160.4 -999.9 -999.9 -999.9 -999.9 -999.9 CEMADEN_-_Bento_Gonçalves_-_Faria_Lemos_(349_m) -999.9 -999.9 -999.9 -999.9 -999.9 -999.9 -999.9 -999.9 Rio_Grande_do_Sul CEMADEN -999.9 0.0 -999.9
-29.103374 -51.607984 17561 2026-07-29_11:20 -999.9 -999.9 -999.9 -999.9 -999.9 -999.9 -999.9 -999.9 -999.9 -999.9 -999.9 -999.9 -999.9 -999.9 -999.9 -999.9 -999.9 44.6 154.4 154.8 156.6 160.4 -999.9 -999.9 -999.9 -999.9 -999.9 CEMADEN_-_Bento_Gonçalves_-_Faria_Lemos_(349_m) -999.9 -999.9 -999.9 -999.9 -999.9 -999.9 -999.9 -999.9 Rio_Grande_do_Sul CEMADEN -999.9 0.0 -999.9
-29.103374 -51.607984 17561 2026-07-29_12:10 -999.9 -999.9 -999.9 -999.9 -999.9 -999.9 -999.9 -999.9 -999.9 -999.9 -999.9 -999.9 -999.9 -999.9 -999.9 -999.9 -999.9 44.6 154.4 154.8 156.6 160.4 -999.9 -999.9 -999.9 -999.9 -999.9 CEMADEN_-_Bento_Gonçalves_-_Faria_Lemos_(349_m) -999.9 -999.9 -999.9 -999.9 -999.9 -999.9 -999.9 -999.9 Rio_Grande_do_Sul CEMADEN -999.9 0.0 -999.9
-29.103374 -51.607984 17561 2026-07-29_13:10 -999.9 -999.9 -999.9 -999.9 -999.9 -999.9 -999.9 -999.9 -999.9 -999.9 -999.9 -999.9 -999.9 -999.9 -999.9 -999.9 -999.9 44.6 154.4 154.8 156.6 160.4 -999.9 -999.9 -999.9 -999.9 -999.9 CEMADEN_-_Bento_Gonçalves_-_Faria_Lemos_(349_m) -999.9 -999.9 -999.9 -999.9 -999.9 -999.9 -999.9 -999.9 Rio_Grande_do_Sul CEMADEN -999.9 0.0 -999.9
-29.103374 -51.607984 17561 2026-07-29_14:10 -999.9 -999.9 -999.9 -999.9 -999.9 -999.9 -999.9 -999.9 -999.9 -999.9 -999.9 -999.9 -999.9 -999.9 -999.9 -999.9 -999.9 44.6 154.4 154.4 156.6 160.4 -999.9 -999.9 -999.9 -999.9 -999.9 CEMADEN_-_Bento_Gonçalves_-_Faria_Lemos_(349_m) -999.9 -999.9 -999.9 -999.9 -999.9 -999.9 -999.9 -999.9 Rio_Grande_do_Sul CEMADEN -999.9 0.0 -999.9
-29.103374 -51.607984 17561 2026-07-29_15:10 -999.9 -999.9 -999.9 -999.9 -999.9 -999.9 -999.9 -999.9 -999.9 -999.9 -999.9 -999.9 -999.9 -999.9 -999.9 -999.9 -999.9 44.6 154.4 154.4 156.6 160.4 -999.9 -999.9 -999.9 -999.9 -999.9 CEMADEN_-_Bento_Gonçalves_-_Faria_Lemos_(349_m) -999.9 -999.9 -999.9 -999.9 -999.9 -999.9 -999.9 -999.9 Rio_Grande_do_Sul CEMADEN -999.9 0.0 -999.9
-29.103374 -51.607984 17561 2026-07-29_16:10 -999.9 -999.9 -999.9 -999.9 -999.9 -999.9 -999.9 -999.9 -999.9 -999.9 -999.9 -999.9 -999.9 -999.9 -999.9 -999.9 -999.9 44.6 154.4 154.4 156.6 160.4 -999.9 -999.9 -999.9 -999.9 -999.9 CEMADEN_-_Bento_Gonçalves_-_Faria_Lemos_(349_m) -999.9 -999.9 -999.9 -999.9 -999.9 -999.9 -999.9 -999.9 Rio_Grande_do_Sul CEMADEN -999.9 0.0 -999.9
-29.103374 -51.607984 17561 2026-07-29_17:10 -999.9 -999.9 -999.9 -999.9 -999.9 -999.9 -999.9 -999.9 -999.9 -999.9 -999.9 -999.9 -999.9 -999.9 -999.9 -999.9 -999.9 44.6 154.2 154.4 156.6 160.4 -999.9 -999.9 -999.9 -999.9 -999.9 CEMADEN_-_Bento_Gonçalves_-_Faria_Lemos_(349_m) -999.9 -999.9 -999.9 -999.9 -999.9 -999.9 -999.9 -999.9 Rio_Grande_do_Sul CEMADEN -999.9 0.0 -999.9
-29.103374 -51.607984 17561 2026-07-29_18:10 -999.9 -999.9 -999.9 -999.9 -999.9 -999.9 -999.9 -999.9 -999.9 -999.9 -999.9 -999.9 -999.9 -999.9 -999.9 -999.9 -999.9 44.6 138.2 154.4 156.6 160.4 -999.9 -999.9 -999.9 -999.9 -999.9 CEMADEN_-_Bento_Gonçalves_-_Faria_Lemos_(349_m) -999.9 -999.9 -999.9 -999.9 -999.9 -999.9 -999.9 -999.9 Rio_Grande_do_Sul CEMADEN -999.9 0.0 -999.9
-29.103374 -51.607984 17561 2026-07-29_19:10 -999.9 -999.9 -999.9 -999.9 -999.9 -999.9 -999.9 -999.9 -999.9 -999.9 -999.9 -999.9 -999.9 -999.9 -999.9 -999.9 -999.9 44.6 131.2 154.4 156.6 160.4 -999.9 -999.9 -999.9 -999.9 -999.9 CEMADEN_-_Bento_Gonçalves_-_Faria_Lemos_(349_m) -999.9 -999.9 -999.9 -999.9 -999.9 -999.9 -999.9 -999.9 Rio_Grande_do_Sul CEMADEN -999.9 0.0 -999.9
-29.103374 -51.607984 17561 2026-07-29_20:10 -999.9 -999.9 -999.9 -999.9 -999.9 -999.9 -999.9 -999.9 -999.9 -999.9 -999.9 -999.9 -999.9 -999.9 -999.9 -999.9 -999.9 44.6 128.2 154.4 156.6 160.4 -999.9 -999.9 -999.9 -999.9 -999.9 CEMADEN_-_Bento_Gonçalves_-_Faria_Lemos_(349_m) -999.9 -999.9 -999.9 -999.9 -999.9 -999.9 -999.9 -999.9 Rio_Grande_do_Sul CEMADEN -999.9 0.0 -999.9
-29.103374 -51.607984 17561 2026-07-29_21:10 -999.9 -999.9 -999.9 -999.9 -999.9 -999.9 -999.9 -999.9 -999.9 -999.9 -999.9 -999.9 -999.9 -999.9 -999.9 -999.9 -999.9 44.6 127.6 154.4 156.6 160.4 -999.9 -999.9 -999.9 -999.9 -999.9 CEMADEN_-_Bento_Gonçalves_-_Faria_Lemos_(349_m) -999.9 -999.9 -999.9 -999.9 -999.9 -999.9 -999.9 -999.9 Rio_Grande_do_Sul CEMADEN -999.9 0.0 -999.9
-29.103374 -51.607984 17561 2026-07-29_22:10 -999.9 -999.9 -999.9 -999.9 -999.9 -999.9 -999.9 -999.9 -999.9 -999.9 -999.9 -999.9 -999.9 -999.9 -999.9 -999.9 -999.9 44.6 127.6 154.4 156.6 160.4 -999.9 -999.9 -999.9 -999.9 -999.9 CEMADEN_-_Bento_Gonçalves_-_Faria_Lemos_(349_m) -999.9 -999.9 -999.9 -999.9 -999.9 -999.9 -999.9 -999.9 Rio_Grande_do_Sul CEMADEN -999.9 0.0 -999.9
-29.103374 -51.607984 17561 2026-07-29_23:10 -999.9 -999.9 -999.9 -999.9 -999.9 -999.9 -999.9 -999.9 -999.9 -999.9 -999.9 -999.9 -999.9 -999.9 -999.9 -999.9 -999.9 44.6 127.4 154.4 156.6 160.4 -999.9 -999.9 -999.9 -999.9 -999.9 CEMADEN_-_Bento_Gonçalves_-_Faria_Lemos_(349_m) -999.9 -999.9 -999.9 -999.9 -999.9 -999.9 -999.9 -999.9 Rio_Grande_do_Sul CEMADEN -999.9 0.0 -999.9
