-29.17598 -51.43224 16917 2026-08-31_00:10 -999.9 -999.9 -999.9 -999.9 -999.9 -999.9 -999.9 -999.9 -999.9 -999.9 -999.9 -999.9 -999.9 -999.9 -999.9 -999.9 -999.9 0.0 54.8 62.2 62.2 69.6 -999.9 -999.9 -999.9 -999.9 -999.9 CEMADEN_-_Bento_Gonçalves_-_G2-Caminhos_de_Pedra_-_São_pedro_(513_m) -999.9 -999.9 -999.9 -999.9 -999.9 -999.9 -999.9 -999.9 Rio_Grande_do_Sul CEMADEN -999.9 0.0 -999.9
-29.17598 -51.43224 16917 2026-08-31_01:10 -999.9 -999.9 -999.9 -999.9 -999.9 -999.9 -999.9 -999.9 -999.9 -999.9 -999.9 -999.9 -999.9 -999.9 -999.9 -999.9 -999.9 0.0 54.8 62.2 62.2 69.6 -999.9 -999.9 -999.9 -999.9 -999.9 CEMADEN_-_Bento_Gonçalves_-_G2-Caminhos_de_Pedra_-_São_pedro_(513_m) -999.9 -999.9 -999.9 -999.9 -999.9 -999.9 -999.9 -999.9 Rio_Grande_do_Sul CEMADEN -999.9 0.0 -999.9
-29.17598 -51.43224 16917 2026-08-31_02:10 -999.9 -999.9 -999.9 -999.9 -999.9 -999.9 -999.9 -999.9 -999.9 -999.9 -999.9 -999.9 -999.9 -999.9 -999.9 -999.9 -999.9 0.0 54.6 62.2 62.2 69.6 -999.9 -999.9 -999.9 -999.9 -999.9 CEMADEN_-_Bento_Gonçalves_-_G2-Caminhos_de_Pedra_-_São_pedro_(513_m) -999.9 -999.9 -999.9 -999.9 -999.9 -999.9 -999.9 -999.9 Rio_Grande_do_Sul CEMADEN -999.9 0.0 -999.9
-29.17598 -51.43224 16917 2026-08-31_03:10 -999.9 -999.9 -999.9 -999.9 -999.9 -999.9 -999.9 -999.9 -999.9 -999.9 -999.9 -999.9 -999.9 -999.9 -999.9 -999.9 -999.9 0.0 48.2 62.2 62.2 69.6 -999.9 -999.9 -999.9 -999.9 -999.9 CEMADEN_-_Bento_Gonçalves_-_G2-Caminhos_de_Pedra_-_São_pedro_(513_m) -999.9 -999.9 -999.9 -999.9 -999.9 -999.9 -999.9 -999.9 Rio_Grande_do_Sul CEMADEN -999.9 0.0 -999.9
-29.17598 -51.43224 16917 2026-08-31_04:10 -999.9 -999.9 -999.9 -999.9 -999.9 -999.9 -999.9 -999.9 -999.9 -999.9 -999.9 -999.9 -999.9 -999.9 -999.9 -999.9 -999.9 0.0 42.4 62.2 62.2 69.6 -999.9 -999.9 -999.9 -999.9 -999.9 CEMADEN_-_Bento_Gonçalves_-_G2-Caminhos_de_Pedra_-_São_pedro_(513_m) -999.9 -999.9 -999.9 -999.9 -999.9 -999.9 -999.9 -999.9 Rio_Grande_do_Sul CEMADEN -999.9 0.0 -999.9
-29.17598 -51.43224 16917 2026-08-31_05:10 -999.9 -999.9 -999.9 -999.9 -999.9 -999.9 -999.9 -999.9 -999.9 -999.9 -999.9 -999.9 -999.9 -999.9 -999.9 -999.9 -999.9 0.0 42.2 62.2 62.2 69.6 -999.9 -999.9 -999.9 -999.9 -999.9 CEMADEN_-_Bento_Gonçalves_-_G2-Caminhos_de_Pedra_-_São_pedro_(513_m) -999.9 -999.9 -999.9 -999.9 -999.9 -999.9 -999.9 -999.9 Rio_Grande_do_Sul CEMADEN -999.9 0.0 -999.9
-29.17598 -51.43224 16917 2026-08-31_06:10 -999.9 -999.9 -999.9 -999.9 -999.9 -999.9 -999.9 -999.9 -999.9 -999.9 -999.9 -999.9 -999.9 -999.9 -999.9 -999.9 -999.9 0.0 42.2 62.2 62.2 69.6 -999.9 -999.9 -999.9 -999.9 -999.9 CEMADEN_-_Bento_Gonçalves_-_G2-Caminhos_de_Pedra_-_São_pedro_(513_m) -999.9 -999.9 -999.9 -999.9 -999.9 -999.9 -999.9 -999.9 Rio_Grande_do_Sul CEMADEN -999.9 0.0 -999.9
-29.17598 -51.43224 16917 2026-08-31_06:50 -999.9 -999.9 -999.9 -999.9 -999.9 -999.9 -999.9 -999.9 -999.9 -999.9 -999.9 -999.9 -999.9 -999.9 -999.9 -999.9 0.2 0.2 42.4 62.4 62.4 69.8 -999.9 -999.9 -999.9 -999.9 -999.9 CEMADEN_-_Bento_Gonçalves_-_G2-Caminhos_de_Pedra_-_São_pedro_(513_m) -999.9 -999.9 -999.9 -999.9 -999.9 -999.9 -999.9 -999.9 Rio_Grande_do_Sul CEMADEN -999.9 0.2 -999.9
-29.17598 -51.43224 16917 2026-08-31_07:10 -999.9 -999.9 -999.9 -999.9 -999.9 -999.9 -999.9 -999.9 -999.9 -999.9 -999.9 -999.9 -999.9 -999.9 -999.9 -999.9 -999.9 0.2 34.2 62.4 62.4 69.8 -999.9 -999.9 -999.9 -999.9 -999.9 CEMADEN_-_Bento_Gonçalves_-_G2-Caminhos_de_Pedra_-_São_pedro_(513_m) -999.9 -999.9 -999.9 -999.9 -999.9 -999.9 -999.9 -999.9 Rio_Grande_do_Sul CEMADEN -999.9 0.0 -999.9
-29.17598 -51.43224 16917 2026-08-31_08:10 -999.9 -999.9 -999.9 -999.9 -999.9 -999.9 -999.9 -999.9 -999.9 -999.9 -999.9 -999.9 -999.9 -999.9 -999.9 -999.9 -999.9 0.2 33.6 62.4 62.4 69.8 -999.9 -999.9 -999.9 -999.9 -999.9 CEMADEN_-_Bento_Gonçalves_-_G2-Caminhos_de_Pedra_-_São_pedro_(513_m) -999.9 -999.9 -999.9 -999.9 -999.9 -999.9 -999.9 -999.9 Rio_Grande_do_Sul CEMADEN -999.9 0.0 -999.9
-29.17598 -51.43224 16917 2026-08-31_09:10 -999.9 -999.9 -999.9 -999.9 -999.9 -999.9 -999.9 -999.9 -999.9 -999.9 -999.9 -999.9 -999.9 -999.9 -999.9 -999.9 -999.9 0.2 25.8 62.4 62.4 69.8 -999.9 -999.9 -999.9 -999.9 -999.9 CEMADEN_-_Bento_Gonçalves_-_G2-Caminhos_de_Pedra_-_São_pedro_(513_m) -999.9 -999.9 -999.9 -999.9 -999.9 -999.9 -999.9 -999.9 Rio_Grande_do_Sul CEMADEN -999.9 0.0 -999.9
-29.17598 -51.43224 16917 2026-08-31_10:10 -999.9 -999.9 -999.9 -999.9 -999.9 -999.9 -999.9 -999.9 -999.9 -999.9 -999.9 -999.9 -999.9 -999.9 -999.9 -999.9 -999.9 0.2 24.8 56.0 62.4 69.8 -999.9 -999.9 -999.9 -999.9 -999.9 CEMADEN_-_Bento_Gonçalves_-_G2-Caminhos_de_Pedra_-_São_pedro_(513_m) -999.9 -999.9 -999.9 -999.9 -999.9 -999.9 -999.9 -999.9 Rio_Grande_do_Sul CEMADEN -999.9 0.0 -999.9
-29.17598 -51.43224 16917 2026-08-31_12:10 -999.9 -999.9 -999.9 -999.9 -999.9 -999.9 -999.9 -999.9 -999.9 -999.9 -999.9 -999.9 -999.9 -999.9 -999.9 -999.9 -999.9 0.2 23.4 55.4 62.4 69.8 -999.9 -999.9 -999.9 -999.9 -999.9 CEMADEN_-_Bento_Gonçalves_-_G2-Caminhos_de_Pedra_-_São_pedro_(513_m) -999.9 -999.9 -999.9 -999.9 -999.9 -999.9 -999.9 -999.9 Rio_Grande_do_Sul CEMADEN -999.9 0.0 -999.9
-29.17598 -51.43224 16917 2026-08-31_13:10 -999.9 -999.9 -999.9 -999.9 -999.9 -999.9 -999.9 -999.9 -999.9 -999.9 -999.9 -999.9 -999.9 -999.9 -999.9 -999.9 -999.9 0.2 21.6 55.4 62.4 69.8 -999.9 -999.9 -999.9 -999.9 -999.9 CEMADEN_-_Bento_Gonçalves_-_G2-Caminhos_de_Pedra_-_São_pedro_(513_m) -999.9 -999.9 -999.9 -999.9 -999.9 -999.9 -999.9 -999.9 Rio_Grande_do_Sul CEMADEN -999.9 0.0 -999.9
-29.17598 -51.43224 16917 2026-08-31_14:10 -999.9 -999.9 -999.9 -999.9 -999.9 -999.9 -999.9 -999.9 -999.9 -999.9 -999.9 -999.9 -999.9 -999.9 -999.9 -999.9 -999.9 0.2 20.8 55.4 62.4 69.8 -999.9 -999.9 -999.9 -999.9 -999.9 CEMADEN_-_Bento_Gonçalves_-_G2-Caminhos_de_Pedra_-_São_pedro_(513_m) -999.9 -999.9 -999.9 -999.9 -999.9 -999.9 -999.9 -999.9 Rio_Grande_do_Sul CEMADEN -999.9 0.0 -999.9
-29.17598 -51.43224 16917 2026-08-31_14:20 -999.9 -999.9 -999.9 -999.9 -999.9 -999.9 -999.9 -999.9 -999.9 -999.9 -999.9 -999.9 -999.9 -999.9 -999.9 -999.9 0.2 0.4 21.0 55.6 62.6 70.0 -999.9 -999.9 -999.9 -999.9 -999.9 CEMADEN_-_Bento_Gonçalves_-_G2-Caminhos_de_Pedra_-_São_pedro_(513_m) -999.9 -999.9 -999.9 -999.9 -999.9 -999.9 -999.9 -999.9 Rio_Grande_do_Sul CEMADEN -999.9 0.2 -999.9
-29.17598 -51.43224 16917 2026-08-31_14:50 -999.9 -999.9 -999.9 -999.9 -999.9 -999.9 -999.9 -999.9 -999.9 -999.9 -999.9 -999.9 -999.9 -999.9 -999.9 -999.9 0.4 0.6 21.2 55.8 62.8 70.2 -999.9 -999.9 -999.9 -999.9 -999.9 CEMADEN_-_Bento_Gonçalves_-_G2-Caminhos_de_Pedra_-_São_pedro_(513_m) -999.9 -999.9 -999.9 -999.9 -999.9 -999.9 -999.9 -999.9 Rio_Grande_do_Sul CEMADEN -999.9 0.2 -999.9
-29.17598 -51.43224 16917 2026-08-31_15:00 -999.9 -999.9 -999.9 -999.9 -999.9 -999.9 -999.9 -999.9 -999.9 -999.9 -999.9 -999.9 -999.9 -999.9 -999.9 -999.9 0.8 1.0 21.0 56.2 63.2 70.6 -999.9 -999.9 -999.9 -999.9 -999.9 CEMADEN_-_Bento_Gonçalves_-_G2-Caminhos_de_Pedra_-_São_pedro_(513_m) -999.9 -999.9 -999.9 -999.9 -999.9 -999.9 -999.9 -999.9 Rio_Grande_do_Sul CEMADEN -999.9 0.4 -999.9
-29.17598 -51.43224 16917 2026-08-31_15:10 -999.9 -999.9 -999.9 -999.9 -999.9 -999.9 -999.9 -999.9 -999.9 -999.9 -999.9 -999.9 -999.9 -999.9 -999.9 -999.9 1.2 1.4 20.0 56.6 63.6 71.0 -999.9 -999.9 -999.9 -999.9 -999.9 CEMADEN_-_Bento_Gonçalves_-_G2-Caminhos_de_Pedra_-_São_pedro_(513_m) -999.9 -999.9 -999.9 -999.9 -999.9 -999.9 -999.9 -999.9 Rio_Grande_do_Sul CEMADEN -999.9 0.4 -999.9
-29.17598 -51.43224 16917 2026-08-31_15:20 -999.9 -999.9 -999.9 -999.9 -999.9 -999.9 -999.9 -999.9 -999.9 -999.9 -999.9 -999.9 -999.9 -999.9 -999.9 -999.9 1.4 1.8 19.2 57.0 64.0 71.4 -999.9 -999.9 -999.9 -999.9 -999.9 CEMADEN_-_Bento_Gonçalves_-_G2-Caminhos_de_Pedra_-_São_pedro_(513_m) -999.9 -999.9 -999.9 -999.9 -999.9 -999.9 -999.9 -999.9 Rio_Grande_do_Sul CEMADEN -999.9 0.4 -999.9
-29.17598 -51.43224 16917 2026-08-31_15:30 -999.9 -999.9 -999.9 -999.9 -999.9 -999.9 -999.9 -999.9 -999.9 -999.9 -999.9 -999.9 -999.9 -999.9 -999.9 -999.9 1.8 2.2 18.6 57.2 64.4 71.8 -999.9 -999.9 -999.9 -999.9 -999.9 CEMADEN_-_Bento_Gonçalves_-_G2-Caminhos_de_Pedra_-_São_pedro_(513_m) -999.9 -999.9 -999.9 -999.9 -999.9 -999.9 -999.9 -999.9 Rio_Grande_do_Sul CEMADEN -999.9 0.4 -999.9
-29.17598 -51.43224 16917 2026-08-31_15:40 -999.9 -999.9 -999.9 -999.9 -999.9 -999.9 -999.9 -999.9 -999.9 -999.9 -999.9 -999.9 -999.9 -999.9 -999.9 -999.9 2.0 2.4 18.8 57.4 64.6 72.0 -999.9 -999.9 -999.9 -999.9 -999.9 CEMADEN_-_Bento_Gonçalves_-_G2-Caminhos_de_Pedra_-_São_pedro_(513_m) -999.9 -999.9 -999.9 -999.9 -999.9 -999.9 -999.9 -999.9 Rio_Grande_do_Sul CEMADEN -999.9 0.2 -999.9
-29.17598 -51.43224 16917 2026-08-31_15:50 -999.9 -999.9 -999.9 -999.9 -999.9 -999.9 -999.9 -999.9 -999.9 -999.9 -999.9 -999.9 -999.9 -999.9 -999.9 -999.9 2.2 2.8 19.0 57.8 65.0 72.4 -999.9 -999.9 -999.9 -999.9 -999.9 CEMADEN_-_Bento_Gonçalves_-_G2-Caminhos_de_Pedra_-_São_pedro_(513_m) -999.9 -999.9 -999.9 -999.9 -999.9 -999.9 -999.9 -999.9 Rio_Grande_do_Sul CEMADEN -999.9 0.4 -999.9
-29.17598 -51.43224 16917 2026-08-31_16:10 -999.9 -999.9 -999.9 -999.9 -999.9 -999.9 -999.9 -999.9 -999.9 -999.9 -999.9 -999.9 -999.9 -999.9 -999.9 -999.9 2.0 3.4 19.2 58.4 65.6 73.0 -999.9 -999.9 -999.9 -999.9 -999.9 CEMADEN_-_Bento_Gonçalves_-_G2-Caminhos_de_Pedra_-_São_pedro_(513_m) -999.9 -999.9 -999.9 -999.9 -999.9 -999.9 -999.9 -999.9 Rio_Grande_do_Sul CEMADEN -999.9 0.6 -999.9
-29.17598 -51.43224 16917 2026-08-31_16:20 -999.9 -999.9 -999.9 -999.9 -999.9 -999.9 -999.9 -999.9 -999.9 -999.9 -999.9 -999.9 -999.9 -999.9 -999.9 -999.9 2.0 3.8 19.6 58.8 66.0 73.4 -999.9 -999.9 -999.9 -999.9 -999.9 CEMADEN_-_Bento_Gonçalves_-_G2-Caminhos_de_Pedra_-_São_pedro_(513_m) -999.9 -999.9 -999.9 -999.9 -999.9 -999.9 -999.9 -999.9 Rio_Grande_do_Sul CEMADEN -999.9 0.4 -999.9
-29.17598 -51.43224 16917 2026-08-31_16:30 -999.9 -999.9 -999.9 -999.9 -999.9 -999.9 -999.9 -999.9 -999.9 -999.9 -999.9 -999.9 -999.9 -999.9 -999.9 -999.9 2.0 4.2 20.0 59.2 66.4 73.8 -999.9 -999.9 -999.9 -999.9 -999.9 CEMADEN_-_Bento_Gonçalves_-_G2-Caminhos_de_Pedra_-_São_pedro_(513_m) -999.9 -999.9 -999.9 -999.9 -999.9 -999.9 -999.9 -999.9 Rio_Grande_do_Sul CEMADEN -999.9 0.4 -999.9
-29.17598 -51.43224 16917 2026-08-31_16:40 -999.9 -999.9 -999.9 -999.9 -999.9 -999.9 -999.9 -999.9 -999.9 -999.9 -999.9 -999.9 -999.9 -999.9 -999.9 -999.9 2.0 4.4 20.2 59.4 66.6 74.0 -999.9 -999.9 -999.9 -999.9 -999.9 CEMADEN_-_Bento_Gonçalves_-_G2-Caminhos_de_Pedra_-_São_pedro_(513_m) -999.9 -999.9 -999.9 -999.9 -999.9 -999.9 -999.9 -999.9 Rio_Grande_do_Sul CEMADEN -999.9 0.2 -999.9
-29.17598 -51.43224 16917 2026-08-31_16:50 -999.9 -999.9 -999.9 -999.9 -999.9 -999.9 -999.9 -999.9 -999.9 -999.9 -999.9 -999.9 -999.9 -999.9 -999.9 -999.9 1.8 4.6 20.4 59.6 66.8 74.2 -999.9 -999.9 -999.9 -999.9 -999.9 CEMADEN_-_Bento_Gonçalves_-_G2-Caminhos_de_Pedra_-_São_pedro_(513_m) -999.9 -999.9 -999.9 -999.9 -999.9 -999.9 -999.9 -999.9 Rio_Grande_do_Sul CEMADEN -999.9 0.2 -999.9
-29.17598 -51.43224 16917 2026-08-31_17:00 -999.9 -999.9 -999.9 -999.9 -999.9 -999.9 -999.9 -999.9 -999.9 -999.9 -999.9 -999.9 -999.9 -999.9 -999.9 -999.9 1.4 4.8 19.6 59.8 67.0 74.4 -999.9 -999.9 -999.9 -999.9 -999.9 CEMADEN_-_Bento_Gonçalves_-_G2-Caminhos_de_Pedra_-_São_pedro_(513_m) -999.9 -999.9 -999.9 -999.9 -999.9 -999.9 -999.9 -999.9 Rio_Grande_do_Sul CEMADEN -999.9 0.2 -999.9
-29.17598 -51.43224 16917 2026-08-31_17:20 -999.9 -999.9 -999.9 -999.9 -999.9 -999.9 -999.9 -999.9 -999.9 -999.9 -999.9 -999.9 -999.9 -999.9 -999.9 -999.9 0.4 5.0 16.8 60.0 67.2 74.6 -999.9 -999.9 -999.9 -999.9 -999.9 CEMADEN_-_Bento_Gonçalves_-_G2-Caminhos_de_Pedra_-_São_pedro_(513_m) -999.9 -999.9 -999.9 -999.9 -999.9 -999.9 -999.9 -999.9 Rio_Grande_do_Sul CEMADEN -999.9 0.2 -999.9
-29.17598 -51.43224 16917 2026-08-31_18:10 -999.9 -999.9 -999.9 -999.9 -999.9 -999.9 -999.9 -999.9 -999.9 -999.9 -999.9 -999.9 -999.9 -999.9 -999.9 -999.9 -999.9 5.0 16.6 60.0 67.2 74.6 -999.9 -999.9 -999.9 -999.9 -999.9 CEMADEN_-_Bento_Gonçalves_-_G2-Caminhos_de_Pedra_-_São_pedro_(513_m) -999.9 -999.9 -999.9 -999.9 -999.9 -999.9 -999.9 -999.9 Rio_Grande_do_Sul CEMADEN -999.9 0.0 -999.9
-29.17598 -51.43224 16917 2026-08-31_19:10 -999.9 -999.9 -999.9 -999.9 -999.9 -999.9 -999.9 -999.9 -999.9 -999.9 -999.9 -999.9 -999.9 -999.9 -999.9 -999.9 -999.9 5.0 16.4 59.8 67.2 74.6 -999.9 -999.9 -999.9 -999.9 -999.9 CEMADEN_-_Bento_Gonçalves_-_G2-Caminhos_de_Pedra_-_São_pedro_(513_m) -999.9 -999.9 -999.9 -999.9 -999.9 -999.9 -999.9 -999.9 Rio_Grande_do_Sul CEMADEN -999.9 0.0 -999.9
-29.17598 -51.43224 16917 2026-08-31_20:10 -999.9 -999.9 -999.9 -999.9 -999.9 -999.9 -999.9 -999.9 -999.9 -999.9 -999.9 -999.9 -999.9 -999.9 -999.9 -999.9 -999.9 5.0 16.2 59.8 67.2 74.6 -999.9 -999.9 -999.9 -999.9 -999.9 CEMADEN_-_Bento_Gonçalves_-_G2-Caminhos_de_Pedra_-_São_pedro_(513_m) -999.9 -999.9 -999.9 -999.9 -999.9 -999.9 -999.9 -999.9 Rio_Grande_do_Sul CEMADEN -999.9 0.0 -999.9
-29.17598 -51.43224 16917 2026-08-31_21:10 -999.9 -999.9 -999.9 -999.9 -999.9 -999.9 -999.9 -999.9 -999.9 -999.9 -999.9 -999.9 -999.9 -999.9 -999.9 -999.9 -999.9 5.0 16.0 59.8 67.2 74.6 -999.9 -999.9 -999.9 -999.9 -999.9 CEMADEN_-_Bento_Gonçalves_-_G2-Caminhos_de_Pedra_-_São_pedro_(513_m) -999.9 -999.9 -999.9 -999.9 -999.9 -999.9 -999.9 -999.9 Rio_Grande_do_Sul CEMADEN -999.9 0.0 -999.9
-29.17598 -51.43224 16917 2026-08-31_22:10 -999.9 -999.9 -999.9 -999.9 -999.9 -999.9 -999.9 -999.9 -999.9 -999.9 -999.9 -999.9 -999.9 -999.9 -999.9 -999.9 -999.9 5.0 16.0 59.8 67.2 74.6 -999.9 -999.9 -999.9 -999.9 -999.9 CEMADEN_-_Bento_Gonçalves_-_G2-Caminhos_de_Pedra_-_São_pedro_(513_m) -999.9 -999.9 -999.9 -999.9 -999.9 -999.9 -999.9 -999.9 Rio_Grande_do_Sul CEMADEN -999.9 0.0 -999.9
-29.17598 -51.43224 16917 2026-08-31_23:10 -999.9 -999.9 -999.9 -999.9 -999.9 -999.9 -999.9 -999.9 -999.9 -999.9 -999.9 -999.9 -999.9 -999.9 -999.9 -999.9 -999.9 5.0 16.0 59.8 67.2 74.6 -999.9 -999.9 -999.9 -999.9 -999.9 CEMADEN_-_Bento_Gonçalves_-_G2-Caminhos_de_Pedra_-_São_pedro_(513_m) -999.9 -999.9 -999.9 -999.9 -999.9 -999.9 -999.9 -999.9 Rio_Grande_do_Sul CEMADEN -999.9 0.0 -999.9
