-29.12927 -51.159296 EPAGRI-2417 2026-08-20_00:00 17.4 17.5 16.9 92.2 96.2 92.2 16.2 -999.9 -999.9 -999.9 -999.9 -999.9 -999.9 -999.9 -999.9 -999.9 0.0 0.0 18.0 18.0 18.0 18.8 21.5 10.3 100.0 82.2 -999.9 EPAGRI_-_Caxias_do_Sul_-_BASF_(830_m) -999.9 -999.9 -999.9 -999.9 -999.9 -999.9 -999.9 -999.9 Rio_Grande_do_Sul EPAGRI -999.9 -999.9 -999.9
-29.12927 -51.159296 EPAGRI-2417 2026-08-20_01:00 17.2 17.6 17.1 93.0 93.3 91.5 16.0 -999.9 -999.9 -999.9 -999.9 -999.9 -999.9 -999.9 -999.9 -999.9 0.0 0.0 18.0 18.0 18.0 18.8 21.5 10.3 100.0 82.2 -999.9 EPAGRI_-_Caxias_do_Sul_-_BASF_(830_m) -999.9 -999.9 -999.9 -999.9 -999.9 -999.9 -999.9 -999.9 Rio_Grande_do_Sul EPAGRI -999.9 -999.9 -999.9
-29.12927 -51.159296 EPAGRI-2417 2026-08-20_02:00 17.4 17.5 17.0 94.2 94.2 93.0 16.5 -999.9 -999.9 -999.9 -999.9 -999.9 -999.9 -999.9 -999.9 -999.9 0.0 0.0 18.0 18.0 18.0 18.8 21.5 10.3 100.0 82.2 -999.9 EPAGRI_-_Caxias_do_Sul_-_BASF_(830_m) -999.9 -999.9 -999.9 -999.9 -999.9 -999.9 -999.9 -999.9 Rio_Grande_do_Sul EPAGRI -999.9 -999.9 -999.9
-29.12927 -51.159296 EPAGRI-2417 2026-08-20_03:00 17.7 17.8 17.4 94.8 95.2 94.1 16.9 -999.9 -999.9 -999.9 -999.9 -999.9 -999.9 -999.9 -999.9 -999.9 0.0 0.0 18.0 18.0 18.0 18.8 21.5 10.3 100.0 82.2 -999.9 EPAGRI_-_Caxias_do_Sul_-_BASF_(830_m) -999.9 -999.9 -999.9 -999.9 -999.9 -999.9 -999.9 -999.9 Rio_Grande_do_Sul EPAGRI -999.9 -999.9 -999.9
-29.12927 -51.159296 EPAGRI-2417 2026-08-20_04:00 17.9 17.9 17.7 94.5 95.1 94.3 16.9 -999.9 -999.9 -999.9 -999.9 -999.9 -999.9 -999.9 -999.9 -999.9 0.0 0.0 18.0 18.0 18.0 18.8 21.5 10.3 100.0 82.2 -999.9 EPAGRI_-_Caxias_do_Sul_-_BASF_(830_m) -999.9 -999.9 -999.9 -999.9 -999.9 -999.9 -999.9 -999.9 Rio_Grande_do_Sul EPAGRI -999.9 -999.9 -999.9
-29.12927 -51.159296 EPAGRI-2417 2026-08-20_05:00 17.9 18.1 17.8 93.0 94.7 92.9 16.8 -999.9 -999.9 -999.9 -999.9 -999.9 -999.9 -999.9 -999.9 -999.9 0.0 0.0 18.0 18.0 18.0 18.8 21.5 10.3 100.0 82.2 -999.9 EPAGRI_-_Caxias_do_Sul_-_BASF_(830_m) -999.9 -999.9 -999.9 -999.9 -999.9 -999.9 -999.9 -999.9 Rio_Grande_do_Sul EPAGRI -999.9 -999.9 -999.9
-29.12927 -51.159296 EPAGRI-2417 2026-08-20_06:00 17.9 18.0 17.8 91.4 93.0 91.3 16.4 -999.9 -999.9 -999.9 -999.9 -999.9 -999.9 -999.9 -999.9 -999.9 0.0 0.0 18.0 18.0 18.0 18.8 21.5 10.3 100.0 82.2 -999.9 EPAGRI_-_Caxias_do_Sul_-_BASF_(830_m) -999.9 -999.9 -999.9 -999.9 -999.9 -999.9 -999.9 -999.9 Rio_Grande_do_Sul EPAGRI -999.9 -999.9 -999.9
-29.12927 -51.159296 EPAGRI-2417 2026-08-20_07:00 17.7 17.9 17.7 91.2 91.7 90.7 16.2 -999.9 -999.9 -999.9 -999.9 -999.9 -999.9 -999.9 -999.9 -999.9 0.0 0.0 18.0 18.0 18.0 18.8 21.5 10.3 100.0 82.2 -999.9 EPAGRI_-_Caxias_do_Sul_-_BASF_(830_m) -999.9 -999.9 -999.9 -999.9 -999.9 -999.9 -999.9 -999.9 Rio_Grande_do_Sul EPAGRI -999.9 -999.9 -999.9
-29.12927 -51.159296 EPAGRI-2417 2026-08-20_08:00 18.2 18.3 17.7 89.7 91.2 89.5 16.5 -999.9 -999.9 -999.9 -999.9 -999.9 -999.9 -999.9 -999.9 -999.9 0.0 0.0 18.0 18.0 18.0 18.8 21.5 10.3 100.0 82.2 -999.9 EPAGRI_-_Caxias_do_Sul_-_BASF_(830_m) -999.9 -999.9 -999.9 -999.9 -999.9 -999.9 -999.9 -999.9 Rio_Grande_do_Sul EPAGRI -999.9 -999.9 -999.9
-29.12927 -51.159296 EPAGRI-2417 2026-08-20_09:00 18.9 18.9 18.0 89.9 91.7 89.4 17.2 -999.9 -999.9 -999.9 -999.9 -999.9 -999.9 -999.9 -999.9 -999.9 0.0 0.0 18.0 18.0 18.0 18.8 21.5 10.3 100.0 82.2 -999.9 EPAGRI_-_Caxias_do_Sul_-_BASF_(830_m) -999.9 -999.9 -999.9 -999.9 -999.9 -999.9 -999.9 -999.9 Rio_Grande_do_Sul EPAGRI -999.9 -999.9 -999.9
-29.12927 -51.159296 EPAGRI-2417 2026-08-20_10:00 19.6 20.8 18.9 87.2 89.9 84.7 17.4 -999.9 -999.9 -999.9 -999.9 -999.9 -999.9 -999.9 -999.9 -999.9 0.0 0.0 18.0 18.0 18.0 18.8 21.5 10.3 100.0 82.2 -999.9 EPAGRI_-_Caxias_do_Sul_-_BASF_(830_m) -999.9 -999.9 -999.9 -999.9 -999.9 -999.9 -999.9 -999.9 Rio_Grande_do_Sul EPAGRI -999.9 -999.9 -999.9
-29.12927 -51.159296 EPAGRI-2417 2026-08-20_11:00 20.0 21.5 19.4 85.4 88.7 82.2 17.4 -999.9 -999.9 -999.9 -999.9 -999.9 -999.9 -999.9 -999.9 -999.9 0.0 0.0 18.0 18.0 18.0 18.8 21.5 10.3 100.0 82.2 -999.9 EPAGRI_-_Caxias_do_Sul_-_BASF_(830_m) -999.9 -999.9 -999.9 -999.9 -999.9 -999.9 -999.9 -999.9 Rio_Grande_do_Sul EPAGRI -999.9 -999.9 -999.9
-29.12927 -51.159296 EPAGRI-2417 2026-08-20_12:00 17.4 20.0 17.3 99.6 99.7 85.4 17.3 -999.9 -999.9 -999.9 -999.9 -999.9 -999.9 -999.9 -999.9 -999.9 2.4 2.4 18.0 18.0 18.0 18.8 21.5 10.3 100.0 82.2 -999.9 EPAGRI_-_Caxias_do_Sul_-_BASF_(830_m) -999.9 -999.9 -999.9 -999.9 -999.9 -999.9 -999.9 -999.9 Rio_Grande_do_Sul EPAGRI -999.9 -999.9 -999.9
-29.12927 -51.159296 EPAGRI-2417 2026-08-20_13:00 17.6 17.9 17.2 100.0 100.0 99.5 17.6 -999.9 -999.9 -999.9 -999.9 -999.9 -999.9 -999.9 -999.9 -999.9 1.0 3.4 18.0 18.0 18.0 18.8 21.5 10.3 100.0 82.2 -999.9 EPAGRI_-_Caxias_do_Sul_-_BASF_(830_m) -999.9 -999.9 -999.9 -999.9 -999.9 -999.9 -999.9 -999.9 Rio_Grande_do_Sul EPAGRI -999.9 -999.9 -999.9
-29.12927 -51.159296 EPAGRI-2417 2026-08-20_14:00 16.2 17.6 16.0 100.0 100.0 100.0 16.2 -999.9 -999.9 -999.9 -999.9 -999.9 -999.9 -999.9 -999.9 -999.9 4.3 7.7 18.0 18.0 18.0 18.8 21.5 10.3 100.0 82.2 -999.9 EPAGRI_-_Caxias_do_Sul_-_BASF_(830_m) -999.9 -999.9 -999.9 -999.9 -999.9 -999.9 -999.9 -999.9 Rio_Grande_do_Sul EPAGRI -999.9 -999.9 -999.9
-29.12927 -51.159296 EPAGRI-2417 2026-08-20_15:00 18.3 18.7 16.2 93.0 100.0 92.4 17.1 -999.9 -999.9 -999.9 -999.9 -999.9 -999.9 -999.9 -999.9 -999.9 0.0 7.7 18.0 18.0 18.0 18.8 21.5 10.3 100.0 82.2 -999.9 EPAGRI_-_Caxias_do_Sul_-_BASF_(830_m) -999.9 -999.9 -999.9 -999.9 -999.9 -999.9 -999.9 -999.9 Rio_Grande_do_Sul EPAGRI -999.9 -999.9 -999.9
-29.12927 -51.159296 EPAGRI-2417 2026-08-20_16:00 16.7 18.3 16.7 96.2 96.2 92.7 16.1 -999.9 -999.9 -999.9 -999.9 -999.9 -999.9 -999.9 -999.9 -999.9 0.0 7.7 18.0 18.0 18.0 18.8 21.5 10.3 100.0 82.2 -999.9 EPAGRI_-_Caxias_do_Sul_-_BASF_(830_m) -999.9 -999.9 -999.9 -999.9 -999.9 -999.9 -999.9 -999.9 Rio_Grande_do_Sul EPAGRI -999.9 -999.9 -999.9
-29.12927 -51.159296 EPAGRI-2417 2026-08-20_17:00 15.0 16.7 15.0 99.8 99.8 96.1 14.9 -999.9 -999.9 -999.9 -999.9 -999.9 -999.9 -999.9 -999.9 -999.9 0.0 7.7 18.0 18.0 18.0 18.8 21.5 10.3 100.0 82.2 -999.9 EPAGRI_-_Caxias_do_Sul_-_BASF_(830_m) -999.9 -999.9 -999.9 -999.9 -999.9 -999.9 -999.9 -999.9 Rio_Grande_do_Sul EPAGRI -999.9 -999.9 -999.9
-29.12927 -51.159296 EPAGRI-2417 2026-08-20_18:00 14.1 15.0 14.1 97.6 99.9 97.5 13.7 -999.9 -999.9 -999.9 -999.9 -999.9 -999.9 -999.9 -999.9 -999.9 0.0 7.7 18.0 18.0 18.0 18.8 21.5 10.3 100.0 82.2 -999.9 EPAGRI_-_Caxias_do_Sul_-_BASF_(830_m) -999.9 -999.9 -999.9 -999.9 -999.9 -999.9 -999.9 -999.9 Rio_Grande_do_Sul EPAGRI -999.9 -999.9 -999.9
-29.12927 -51.159296 EPAGRI-2417 2026-08-20_19:00 13.7 14.1 13.7 95.9 98.5 95.5 13.1 -999.9 -999.9 -999.9 -999.9 -999.9 -999.9 -999.9 -999.9 -999.9 0.1 7.8 18.0 18.0 18.0 18.8 21.5 10.3 100.0 82.2 -999.9 EPAGRI_-_Caxias_do_Sul_-_BASF_(830_m) -999.9 -999.9 -999.9 -999.9 -999.9 -999.9 -999.9 -999.9 Rio_Grande_do_Sul EPAGRI -999.9 -999.9 -999.9
-29.12927 -51.159296 EPAGRI-2417 2026-08-20_20:00 13.0 13.7 13.0 94.3 96.2 94.2 12.1 -999.9 -999.9 -999.9 -999.9 -999.9 -999.9 -999.9 -999.9 -999.9 0.0 7.8 18.0 18.0 18.0 18.8 21.5 10.3 100.0 82.2 -999.9 EPAGRI_-_Caxias_do_Sul_-_BASF_(830_m) -999.9 -999.9 -999.9 -999.9 -999.9 -999.9 -999.9 -999.9 Rio_Grande_do_Sul EPAGRI -999.9 -999.9 -999.9
-29.12927 -51.159296 EPAGRI-2417 2026-08-20_21:00 12.4 13.0 12.2 92.2 94.3 91.6 11.1 -999.9 -999.9 -999.9 -999.9 -999.9 -999.9 -999.9 -999.9 -999.9 0.0 7.8 18.0 18.0 18.0 18.8 21.5 10.3 100.0 82.2 -999.9 EPAGRI_-_Caxias_do_Sul_-_BASF_(830_m) -999.9 -999.9 -999.9 -999.9 -999.9 -999.9 -999.9 -999.9 Rio_Grande_do_Sul EPAGRI -999.9 -999.9 -999.9
-29.12927 -51.159296 EPAGRI-2417 2026-08-20_22:00 11.4 12.4 11.4 99.2 99.6 92.2 11.3 -999.9 -999.9 -999.9 -999.9 -999.9 -999.9 -999.9 -999.9 -999.9 0.1 7.9 18.0 18.0 18.0 18.8 21.5 10.3 100.0 82.2 -999.9 EPAGRI_-_Caxias_do_Sul_-_BASF_(830_m) -999.9 -999.9 -999.9 -999.9 -999.9 -999.9 -999.9 -999.9 Rio_Grande_do_Sul EPAGRI -999.9 -999.9 -999.9
-29.12927 -51.159296 EPAGRI-2417 2026-08-20_23:00 10.4 11.4 10.3 97.4 100.0 97.4 10.0 -999.9 -999.9 -999.9 -999.9 -999.9 -999.9 -999.9 -999.9 -999.9 0.2 8.1 18.0 18.0 18.0 18.8 21.5 10.3 100.0 82.2 -999.9 EPAGRI_-_Caxias_do_Sul_-_BASF_(830_m) -999.9 -999.9 -999.9 -999.9 -999.9 -999.9 -999.9 -999.9 Rio_Grande_do_Sul EPAGRI -999.9 -999.9 -999.9
