-28.71022 -51.92982 8928 2026-08-21_00:30 -999.9 -999.9 -999.9 -999.9 -999.9 -999.9 -999.9 -999.9 -999.9 -999.9 -999.9 -999.9 -999.9 -999.9 -999.9 -999.9 -999.9 0.0 8.2 11.6 11.6 15.2 -999.9 -999.9 -999.9 -999.9 -999.9 CEMADEN_-_Serafina_Corrêa_-_Centro_(527_m) -999.9 -999.9 -999.9 -999.9 -999.9 -999.9 -999.9 -999.9 Rio_Grande_do_Sul CEMADEN -999.9 0.0 -999.9
-28.71022 -51.92982 8928 2026-08-21_01:30 -999.9 -999.9 -999.9 -999.9 -999.9 -999.9 -999.9 -999.9 -999.9 -999.9 -999.9 -999.9 -999.9 -999.9 -999.9 -999.9 -999.9 0.0 8.2 11.6 11.6 15.2 -999.9 -999.9 -999.9 -999.9 -999.9 CEMADEN_-_Serafina_Corrêa_-_Centro_(527_m) -999.9 -999.9 -999.9 -999.9 -999.9 -999.9 -999.9 -999.9 Rio_Grande_do_Sul CEMADEN -999.9 0.0 -999.9
-28.71022 -51.92982 8928 2026-08-21_02:30 -999.9 -999.9 -999.9 -999.9 -999.9 -999.9 -999.9 -999.9 -999.9 -999.9 -999.9 -999.9 -999.9 -999.9 -999.9 -999.9 -999.9 0.0 8.2 11.6 11.6 15.2 -999.9 -999.9 -999.9 -999.9 -999.9 CEMADEN_-_Serafina_Corrêa_-_Centro_(527_m) -999.9 -999.9 -999.9 -999.9 -999.9 -999.9 -999.9 -999.9 Rio_Grande_do_Sul CEMADEN -999.9 0.0 -999.9
-28.71022 -51.92982 8928 2026-08-21_03:30 -999.9 -999.9 -999.9 -999.9 -999.9 -999.9 -999.9 -999.9 -999.9 -999.9 -999.9 -999.9 -999.9 -999.9 -999.9 -999.9 -999.9 0.0 8.2 11.6 11.6 15.2 -999.9 -999.9 -999.9 -999.9 -999.9 CEMADEN_-_Serafina_Corrêa_-_Centro_(527_m) -999.9 -999.9 -999.9 -999.9 -999.9 -999.9 -999.9 -999.9 Rio_Grande_do_Sul CEMADEN -999.9 0.0 -999.9
-28.71022 -51.92982 8928 2026-08-21_04:30 -999.9 -999.9 -999.9 -999.9 -999.9 -999.9 -999.9 -999.9 -999.9 -999.9 -999.9 -999.9 -999.9 -999.9 -999.9 -999.9 -999.9 0.0 8.2 11.6 11.6 15.2 -999.9 -999.9 -999.9 -999.9 -999.9 CEMADEN_-_Serafina_Corrêa_-_Centro_(527_m) -999.9 -999.9 -999.9 -999.9 -999.9 -999.9 -999.9 -999.9 Rio_Grande_do_Sul CEMADEN -999.9 0.0 -999.9
-28.71022 -51.92982 8928 2026-08-21_05:30 -999.9 -999.9 -999.9 -999.9 -999.9 -999.9 -999.9 -999.9 -999.9 -999.9 -999.9 -999.9 -999.9 -999.9 -999.9 -999.9 -999.9 0.0 8.2 11.6 11.6 15.2 -999.9 -999.9 -999.9 -999.9 -999.9 CEMADEN_-_Serafina_Corrêa_-_Centro_(527_m) -999.9 -999.9 -999.9 -999.9 -999.9 -999.9 -999.9 -999.9 Rio_Grande_do_Sul CEMADEN -999.9 0.0 -999.9
-28.71022 -51.92982 8928 2026-08-21_06:30 -999.9 -999.9 -999.9 -999.9 -999.9 -999.9 -999.9 -999.9 -999.9 -999.9 -999.9 -999.9 -999.9 -999.9 -999.9 -999.9 -999.9 0.0 8.2 11.6 11.6 15.2 -999.9 -999.9 -999.9 -999.9 -999.9 CEMADEN_-_Serafina_Corrêa_-_Centro_(527_m) -999.9 -999.9 -999.9 -999.9 -999.9 -999.9 -999.9 -999.9 Rio_Grande_do_Sul CEMADEN -999.9 0.0 -999.9
-28.71022 -51.92982 8928 2026-08-21_07:30 -999.9 -999.9 -999.9 -999.9 -999.9 -999.9 -999.9 -999.9 -999.9 -999.9 -999.9 -999.9 -999.9 -999.9 -999.9 -999.9 -999.9 0.0 8.2 11.6 11.6 15.2 -999.9 -999.9 -999.9 -999.9 -999.9 CEMADEN_-_Serafina_Corrêa_-_Centro_(527_m) -999.9 -999.9 -999.9 -999.9 -999.9 -999.9 -999.9 -999.9 Rio_Grande_do_Sul CEMADEN -999.9 0.0 -999.9
-28.71022 -51.92982 8928 2026-08-21_08:30 -999.9 -999.9 -999.9 -999.9 -999.9 -999.9 -999.9 -999.9 -999.9 -999.9 -999.9 -999.9 -999.9 -999.9 -999.9 -999.9 -999.9 0.0 8.2 11.6 11.6 15.2 -999.9 -999.9 -999.9 -999.9 -999.9 CEMADEN_-_Serafina_Corrêa_-_Centro_(527_m) -999.9 -999.9 -999.9 -999.9 -999.9 -999.9 -999.9 -999.9 Rio_Grande_do_Sul CEMADEN -999.9 0.0 -999.9
-28.71022 -51.92982 8928 2026-08-21_09:30 -999.9 -999.9 -999.9 -999.9 -999.9 -999.9 -999.9 -999.9 -999.9 -999.9 -999.9 -999.9 -999.9 -999.9 -999.9 -999.9 -999.9 0.0 8.2 11.6 11.6 15.2 -999.9 -999.9 -999.9 -999.9 -999.9 CEMADEN_-_Serafina_Corrêa_-_Centro_(527_m) -999.9 -999.9 -999.9 -999.9 -999.9 -999.9 -999.9 -999.9 Rio_Grande_do_Sul CEMADEN -999.9 0.0 -999.9
-28.71022 -51.92982 8928 2026-08-21_10:30 -999.9 -999.9 -999.9 -999.9 -999.9 -999.9 -999.9 -999.9 -999.9 -999.9 -999.9 -999.9 -999.9 -999.9 -999.9 -999.9 -999.9 0.0 8.2 11.6 11.6 15.2 -999.9 -999.9 -999.9 -999.9 -999.9 CEMADEN_-_Serafina_Corrêa_-_Centro_(527_m) -999.9 -999.9 -999.9 -999.9 -999.9 -999.9 -999.9 -999.9 Rio_Grande_do_Sul CEMADEN -999.9 0.0 -999.9
-28.71022 -51.92982 8928 2026-08-21_11:30 -999.9 -999.9 -999.9 -999.9 -999.9 -999.9 -999.9 -999.9 -999.9 -999.9 -999.9 -999.9 -999.9 -999.9 -999.9 -999.9 -999.9 0.0 8.2 11.6 11.6 15.2 -999.9 -999.9 -999.9 -999.9 -999.9 CEMADEN_-_Serafina_Corrêa_-_Centro_(527_m) -999.9 -999.9 -999.9 -999.9 -999.9 -999.9 -999.9 -999.9 Rio_Grande_do_Sul CEMADEN -999.9 0.0 -999.9
-28.71022 -51.92982 8928 2026-08-21_12:30 -999.9 -999.9 -999.9 -999.9 -999.9 -999.9 -999.9 -999.9 -999.9 -999.9 -999.9 -999.9 -999.9 -999.9 -999.9 -999.9 -999.9 0.0 8.2 11.6 11.6 15.2 -999.9 -999.9 -999.9 -999.9 -999.9 CEMADEN_-_Serafina_Corrêa_-_Centro_(527_m) -999.9 -999.9 -999.9 -999.9 -999.9 -999.9 -999.9 -999.9 Rio_Grande_do_Sul CEMADEN -999.9 0.0 -999.9
-28.71022 -51.92982 8928 2026-08-21_13:30 -999.9 -999.9 -999.9 -999.9 -999.9 -999.9 -999.9 -999.9 -999.9 -999.9 -999.9 -999.9 -999.9 -999.9 -999.9 -999.9 -999.9 0.0 7.2 11.6 11.6 15.2 -999.9 -999.9 -999.9 -999.9 -999.9 CEMADEN_-_Serafina_Corrêa_-_Centro_(527_m) -999.9 -999.9 -999.9 -999.9 -999.9 -999.9 -999.9 -999.9 Rio_Grande_do_Sul CEMADEN -999.9 0.0 -999.9
-28.71022 -51.92982 8928 2026-08-21_14:30 -999.9 -999.9 -999.9 -999.9 -999.9 -999.9 -999.9 -999.9 -999.9 -999.9 -999.9 -999.9 -999.9 -999.9 -999.9 -999.9 -999.9 0.0 7.2 11.6 11.6 15.2 -999.9 -999.9 -999.9 -999.9 -999.9 CEMADEN_-_Serafina_Corrêa_-_Centro_(527_m) -999.9 -999.9 -999.9 -999.9 -999.9 -999.9 -999.9 -999.9 Rio_Grande_do_Sul CEMADEN -999.9 0.0 -999.9
-28.71022 -51.92982 8928 2026-08-21_15:30 -999.9 -999.9 -999.9 -999.9 -999.9 -999.9 -999.9 -999.9 -999.9 -999.9 -999.9 -999.9 -999.9 -999.9 -999.9 -999.9 -999.9 0.0 7.2 11.6 11.6 15.2 -999.9 -999.9 -999.9 -999.9 -999.9 CEMADEN_-_Serafina_Corrêa_-_Centro_(527_m) -999.9 -999.9 -999.9 -999.9 -999.9 -999.9 -999.9 -999.9 Rio_Grande_do_Sul CEMADEN -999.9 0.0 -999.9
-28.71022 -51.92982 8928 2026-08-21_16:30 -999.9 -999.9 -999.9 -999.9 -999.9 -999.9 -999.9 -999.9 -999.9 -999.9 -999.9 -999.9 -999.9 -999.9 -999.9 -999.9 -999.9 0.0 7.2 11.6 11.6 15.2 -999.9 -999.9 -999.9 -999.9 -999.9 CEMADEN_-_Serafina_Corrêa_-_Centro_(527_m) -999.9 -999.9 -999.9 -999.9 -999.9 -999.9 -999.9 -999.9 Rio_Grande_do_Sul CEMADEN -999.9 0.0 -999.9
-28.71022 -51.92982 8928 2026-08-21_17:30 -999.9 -999.9 -999.9 -999.9 -999.9 -999.9 -999.9 -999.9 -999.9 -999.9 -999.9 -999.9 -999.9 -999.9 -999.9 -999.9 -999.9 0.0 7.2 11.6 11.6 15.2 -999.9 -999.9 -999.9 -999.9 -999.9 CEMADEN_-_Serafina_Corrêa_-_Centro_(527_m) -999.9 -999.9 -999.9 -999.9 -999.9 -999.9 -999.9 -999.9 Rio_Grande_do_Sul CEMADEN -999.9 0.0 -999.9
-28.71022 -51.92982 8928 2026-08-21_18:30 -999.9 -999.9 -999.9 -999.9 -999.9 -999.9 -999.9 -999.9 -999.9 -999.9 -999.9 -999.9 -999.9 -999.9 -999.9 -999.9 -999.9 0.0 7.2 11.6 11.6 15.2 -999.9 -999.9 -999.9 -999.9 -999.9 CEMADEN_-_Serafina_Corrêa_-_Centro_(527_m) -999.9 -999.9 -999.9 -999.9 -999.9 -999.9 -999.9 -999.9 Rio_Grande_do_Sul CEMADEN -999.9 0.0 -999.9
-28.71022 -51.92982 8928 2026-08-21_19:30 -999.9 -999.9 -999.9 -999.9 -999.9 -999.9 -999.9 -999.9 -999.9 -999.9 -999.9 -999.9 -999.9 -999.9 -999.9 -999.9 -999.9 0.0 7.2 8.2 11.6 15.2 -999.9 -999.9 -999.9 -999.9 -999.9 CEMADEN_-_Serafina_Corrêa_-_Centro_(527_m) -999.9 -999.9 -999.9 -999.9 -999.9 -999.9 -999.9 -999.9 Rio_Grande_do_Sul CEMADEN -999.9 0.0 -999.9
-28.71022 -51.92982 8928 2026-08-21_20:30 -999.9 -999.9 -999.9 -999.9 -999.9 -999.9 -999.9 -999.9 -999.9 -999.9 -999.9 -999.9 -999.9 -999.9 -999.9 -999.9 -999.9 0.0 7.2 8.2 11.6 15.2 -999.9 -999.9 -999.9 -999.9 -999.9 CEMADEN_-_Serafina_Corrêa_-_Centro_(527_m) -999.9 -999.9 -999.9 -999.9 -999.9 -999.9 -999.9 -999.9 Rio_Grande_do_Sul CEMADEN -999.9 0.0 -999.9
-28.71022 -51.92982 8928 2026-08-21_21:30 -999.9 -999.9 -999.9 -999.9 -999.9 -999.9 -999.9 -999.9 -999.9 -999.9 -999.9 -999.9 -999.9 -999.9 -999.9 -999.9 -999.9 0.0 7.2 8.2 11.6 15.2 -999.9 -999.9 -999.9 -999.9 -999.9 CEMADEN_-_Serafina_Corrêa_-_Centro_(527_m) -999.9 -999.9 -999.9 -999.9 -999.9 -999.9 -999.9 -999.9 Rio_Grande_do_Sul CEMADEN -999.9 0.0 -999.9
-28.71022 -51.92982 8928 2026-08-21_22:30 -999.9 -999.9 -999.9 -999.9 -999.9 -999.9 -999.9 -999.9 -999.9 -999.9 -999.9 -999.9 -999.9 -999.9 -999.9 -999.9 -999.9 0.0 7.2 8.2 11.6 15.2 -999.9 -999.9 -999.9 -999.9 -999.9 CEMADEN_-_Serafina_Corrêa_-_Centro_(527_m) -999.9 -999.9 -999.9 -999.9 -999.9 -999.9 -999.9 -999.9 Rio_Grande_do_Sul CEMADEN -999.9 0.0 -999.9
-28.71022 -51.92982 8928 2026-08-21_23:30 -999.9 -999.9 -999.9 -999.9 -999.9 -999.9 -999.9 -999.9 -999.9 -999.9 -999.9 -999.9 -999.9 -999.9 -999.9 -999.9 -999.9 0.0 7.2 8.2 11.6 15.2 -999.9 -999.9 -999.9 -999.9 -999.9 CEMADEN_-_Serafina_Corrêa_-_Centro_(527_m) -999.9 -999.9 -999.9 -999.9 -999.9 -999.9 -999.9 -999.9 Rio_Grande_do_Sul CEMADEN -999.9 0.0 -999.9
