-29.094 -51.4508 16918 2026-08-18_00:10 -999.9 -999.9 -999.9 -999.9 -999.9 -999.9 -999.9 -999.9 -999.9 -999.9 -999.9 -999.9 -999.9 -999.9 -999.9 -999.9 -999.9 0.0 0.4 0.4 0.6 1.0 -999.9 -999.9 -999.9 -999.9 -999.9 CEMADEN_-_Pinto_Bandeira_-_G2-431454802A_(632_m) -999.9 -999.9 -999.9 -999.9 -999.9 -999.9 -999.9 -999.9 Rio_Grande_do_Sul CEMADEN -999.9 0.0 -999.9
-29.094 -51.4508 16918 2026-08-18_01:10 -999.9 -999.9 -999.9 -999.9 -999.9 -999.9 -999.9 -999.9 -999.9 -999.9 -999.9 -999.9 -999.9 -999.9 -999.9 -999.9 -999.9 0.0 0.4 0.4 0.6 1.0 -999.9 -999.9 -999.9 -999.9 -999.9 CEMADEN_-_Pinto_Bandeira_-_G2-431454802A_(632_m) -999.9 -999.9 -999.9 -999.9 -999.9 -999.9 -999.9 -999.9 Rio_Grande_do_Sul CEMADEN -999.9 0.0 -999.9
-29.094 -51.4508 16918 2026-08-18_02:10 -999.9 -999.9 -999.9 -999.9 -999.9 -999.9 -999.9 -999.9 -999.9 -999.9 -999.9 -999.9 -999.9 -999.9 -999.9 -999.9 -999.9 0.0 0.4 0.4 0.6 1.0 -999.9 -999.9 -999.9 -999.9 -999.9 CEMADEN_-_Pinto_Bandeira_-_G2-431454802A_(632_m) -999.9 -999.9 -999.9 -999.9 -999.9 -999.9 -999.9 -999.9 Rio_Grande_do_Sul CEMADEN -999.9 0.0 -999.9
-29.094 -51.4508 16918 2026-08-18_03:10 -999.9 -999.9 -999.9 -999.9 -999.9 -999.9 -999.9 -999.9 -999.9 -999.9 -999.9 -999.9 -999.9 -999.9 -999.9 -999.9 -999.9 0.0 0.4 0.4 0.6 1.0 -999.9 -999.9 -999.9 -999.9 -999.9 CEMADEN_-_Pinto_Bandeira_-_G2-431454802A_(632_m) -999.9 -999.9 -999.9 -999.9 -999.9 -999.9 -999.9 -999.9 Rio_Grande_do_Sul CEMADEN -999.9 0.0 -999.9
-29.094 -51.4508 16918 2026-08-18_04:10 -999.9 -999.9 -999.9 -999.9 -999.9 -999.9 -999.9 -999.9 -999.9 -999.9 -999.9 -999.9 -999.9 -999.9 -999.9 -999.9 -999.9 0.0 0.2 0.4 0.6 1.0 -999.9 -999.9 -999.9 -999.9 -999.9 CEMADEN_-_Pinto_Bandeira_-_G2-431454802A_(632_m) -999.9 -999.9 -999.9 -999.9 -999.9 -999.9 -999.9 -999.9 Rio_Grande_do_Sul CEMADEN -999.9 0.0 -999.9
-29.094 -51.4508 16918 2026-08-18_05:10 -999.9 -999.9 -999.9 -999.9 -999.9 -999.9 -999.9 -999.9 -999.9 -999.9 -999.9 -999.9 -999.9 -999.9 -999.9 -999.9 -999.9 0.0 0.2 0.4 0.6 1.0 -999.9 -999.9 -999.9 -999.9 -999.9 CEMADEN_-_Pinto_Bandeira_-_G2-431454802A_(632_m) -999.9 -999.9 -999.9 -999.9 -999.9 -999.9 -999.9 -999.9 Rio_Grande_do_Sul CEMADEN -999.9 0.0 -999.9
-29.094 -51.4508 16918 2026-08-18_06:10 -999.9 -999.9 -999.9 -999.9 -999.9 -999.9 -999.9 -999.9 -999.9 -999.9 -999.9 -999.9 -999.9 -999.9 -999.9 -999.9 -999.9 0.0 0.2 0.4 0.6 1.0 -999.9 -999.9 -999.9 -999.9 -999.9 CEMADEN_-_Pinto_Bandeira_-_G2-431454802A_(632_m) -999.9 -999.9 -999.9 -999.9 -999.9 -999.9 -999.9 -999.9 Rio_Grande_do_Sul CEMADEN -999.9 0.0 -999.9
-29.094 -51.4508 16918 2026-08-18_07:10 -999.9 -999.9 -999.9 -999.9 -999.9 -999.9 -999.9 -999.9 -999.9 -999.9 -999.9 -999.9 -999.9 -999.9 -999.9 -999.9 -999.9 0.0 0.2 0.4 0.6 1.0 -999.9 -999.9 -999.9 -999.9 -999.9 CEMADEN_-_Pinto_Bandeira_-_G2-431454802A_(632_m) -999.9 -999.9 -999.9 -999.9 -999.9 -999.9 -999.9 -999.9 Rio_Grande_do_Sul CEMADEN -999.9 0.0 -999.9
-29.094 -51.4508 16918 2026-08-18_08:10 -999.9 -999.9 -999.9 -999.9 -999.9 -999.9 -999.9 -999.9 -999.9 -999.9 -999.9 -999.9 -999.9 -999.9 -999.9 -999.9 -999.9 0.0 0.2 0.4 0.6 1.0 -999.9 -999.9 -999.9 -999.9 -999.9 CEMADEN_-_Pinto_Bandeira_-_G2-431454802A_(632_m) -999.9 -999.9 -999.9 -999.9 -999.9 -999.9 -999.9 -999.9 Rio_Grande_do_Sul CEMADEN -999.9 0.0 -999.9
-29.094 -51.4508 16918 2026-08-18_09:10 -999.9 -999.9 -999.9 -999.9 -999.9 -999.9 -999.9 -999.9 -999.9 -999.9 -999.9 -999.9 -999.9 -999.9 -999.9 -999.9 -999.9 0.0 0.2 0.4 0.6 1.0 -999.9 -999.9 -999.9 -999.9 -999.9 CEMADEN_-_Pinto_Bandeira_-_G2-431454802A_(632_m) -999.9 -999.9 -999.9 -999.9 -999.9 -999.9 -999.9 -999.9 Rio_Grande_do_Sul CEMADEN -999.9 0.0 -999.9
-29.094 -51.4508 16918 2026-08-18_10:10 -999.9 -999.9 -999.9 -999.9 -999.9 -999.9 -999.9 -999.9 -999.9 -999.9 -999.9 -999.9 -999.9 -999.9 -999.9 -999.9 -999.9 0.0 0.2 0.4 0.6 1.0 -999.9 -999.9 -999.9 -999.9 -999.9 CEMADEN_-_Pinto_Bandeira_-_G2-431454802A_(632_m) -999.9 -999.9 -999.9 -999.9 -999.9 -999.9 -999.9 -999.9 Rio_Grande_do_Sul CEMADEN -999.9 0.0 -999.9
-29.094 -51.4508 16918 2026-08-18_11:10 -999.9 -999.9 -999.9 -999.9 -999.9 -999.9 -999.9 -999.9 -999.9 -999.9 -999.9 -999.9 -999.9 -999.9 -999.9 -999.9 -999.9 0.0 0.2 0.4 0.6 1.0 -999.9 -999.9 -999.9 -999.9 -999.9 CEMADEN_-_Pinto_Bandeira_-_G2-431454802A_(632_m) -999.9 -999.9 -999.9 -999.9 -999.9 -999.9 -999.9 -999.9 Rio_Grande_do_Sul CEMADEN -999.9 0.0 -999.9
-29.094 -51.4508 16918 2026-08-18_12:10 -999.9 -999.9 -999.9 -999.9 -999.9 -999.9 -999.9 -999.9 -999.9 -999.9 -999.9 -999.9 -999.9 -999.9 -999.9 -999.9 -999.9 0.0 0.2 0.4 0.6 1.0 -999.9 -999.9 -999.9 -999.9 -999.9 CEMADEN_-_Pinto_Bandeira_-_G2-431454802A_(632_m) -999.9 -999.9 -999.9 -999.9 -999.9 -999.9 -999.9 -999.9 Rio_Grande_do_Sul CEMADEN -999.9 0.0 -999.9
-29.094 -51.4508 16918 2026-08-18_13:10 -999.9 -999.9 -999.9 -999.9 -999.9 -999.9 -999.9 -999.9 -999.9 -999.9 -999.9 -999.9 -999.9 -999.9 -999.9 -999.9 -999.9 0.0 0.2 0.4 0.6 1.0 -999.9 -999.9 -999.9 -999.9 -999.9 CEMADEN_-_Pinto_Bandeira_-_G2-431454802A_(632_m) -999.9 -999.9 -999.9 -999.9 -999.9 -999.9 -999.9 -999.9 Rio_Grande_do_Sul CEMADEN -999.9 0.0 -999.9
-29.094 -51.4508 16918 2026-08-18_14:10 -999.9 -999.9 -999.9 -999.9 -999.9 -999.9 -999.9 -999.9 -999.9 -999.9 -999.9 -999.9 -999.9 -999.9 -999.9 -999.9 -999.9 0.0 0.2 0.4 0.6 1.0 -999.9 -999.9 -999.9 -999.9 -999.9 CEMADEN_-_Pinto_Bandeira_-_G2-431454802A_(632_m) -999.9 -999.9 -999.9 -999.9 -999.9 -999.9 -999.9 -999.9 Rio_Grande_do_Sul CEMADEN -999.9 0.0 -999.9
-29.094 -51.4508 16918 2026-08-18_15:10 -999.9 -999.9 -999.9 -999.9 -999.9 -999.9 -999.9 -999.9 -999.9 -999.9 -999.9 -999.9 -999.9 -999.9 -999.9 -999.9 -999.9 0.0 0.2 0.4 0.6 1.0 -999.9 -999.9 -999.9 -999.9 -999.9 CEMADEN_-_Pinto_Bandeira_-_G2-431454802A_(632_m) -999.9 -999.9 -999.9 -999.9 -999.9 -999.9 -999.9 -999.9 Rio_Grande_do_Sul CEMADEN -999.9 0.0 -999.9
-29.094 -51.4508 16918 2026-08-18_16:10 -999.9 -999.9 -999.9 -999.9 -999.9 -999.9 -999.9 -999.9 -999.9 -999.9 -999.9 -999.9 -999.9 -999.9 -999.9 -999.9 -999.9 -0.2 0.2 0.4 0.4 0.8 -999.9 -999.9 -999.9 -999.9 -999.9 CEMADEN_-_Pinto_Bandeira_-_G2-431454802A_(632_m) -999.9 -999.9 -999.9 -999.9 -999.9 -999.9 -999.9 -999.9 Rio_Grande_do_Sul CEMADEN -999.9 -0.2 -999.9
-29.094 -51.4508 16918 2026-08-18_17:10 -999.9 -999.9 -999.9 -999.9 -999.9 -999.9 -999.9 -999.9 -999.9 -999.9 -999.9 -999.9 -999.9 -999.9 -999.9 -999.9 -999.9 -0.2 0.2 0.4 0.4 0.8 -999.9 -999.9 -999.9 -999.9 -999.9 CEMADEN_-_Pinto_Bandeira_-_G2-431454802A_(632_m) -999.9 -999.9 -999.9 -999.9 -999.9 -999.9 -999.9 -999.9 Rio_Grande_do_Sul CEMADEN -999.9 0.0 -999.9
-29.094 -51.4508 16918 2026-08-18_18:10 -999.9 -999.9 -999.9 -999.9 -999.9 -999.9 -999.9 -999.9 -999.9 -999.9 -999.9 -999.9 -999.9 -999.9 -999.9 -999.9 -999.9 -0.2 0.2 0.4 0.4 0.8 -999.9 -999.9 -999.9 -999.9 -999.9 CEMADEN_-_Pinto_Bandeira_-_G2-431454802A_(632_m) -999.9 -999.9 -999.9 -999.9 -999.9 -999.9 -999.9 -999.9 Rio_Grande_do_Sul CEMADEN -999.9 0.0 -999.9
-29.094 -51.4508 16918 2026-08-18_19:10 -999.9 -999.9 -999.9 -999.9 -999.9 -999.9 -999.9 -999.9 -999.9 -999.9 -999.9 -999.9 -999.9 -999.9 -999.9 -999.9 -999.9 -0.2 0.2 0.4 0.4 0.8 -999.9 -999.9 -999.9 -999.9 -999.9 CEMADEN_-_Pinto_Bandeira_-_G2-431454802A_(632_m) -999.9 -999.9 -999.9 -999.9 -999.9 -999.9 -999.9 -999.9 Rio_Grande_do_Sul CEMADEN -999.9 0.0 -999.9
-29.094 -51.4508 16918 2026-08-18_20:10 -999.9 -999.9 -999.9 -999.9 -999.9 -999.9 -999.9 -999.9 -999.9 -999.9 -999.9 -999.9 -999.9 -999.9 -999.9 -999.9 -999.9 -0.2 0.2 0.4 0.4 0.8 -999.9 -999.9 -999.9 -999.9 -999.9 CEMADEN_-_Pinto_Bandeira_-_G2-431454802A_(632_m) -999.9 -999.9 -999.9 -999.9 -999.9 -999.9 -999.9 -999.9 Rio_Grande_do_Sul CEMADEN -999.9 0.0 -999.9
-29.094 -51.4508 16918 2026-08-18_21:10 -999.9 -999.9 -999.9 -999.9 -999.9 -999.9 -999.9 -999.9 -999.9 -999.9 -999.9 -999.9 -999.9 -999.9 -999.9 -999.9 -999.9 -0.2 0.2 0.4 0.4 0.8 -999.9 -999.9 -999.9 -999.9 -999.9 CEMADEN_-_Pinto_Bandeira_-_G2-431454802A_(632_m) -999.9 -999.9 -999.9 -999.9 -999.9 -999.9 -999.9 -999.9 Rio_Grande_do_Sul CEMADEN -999.9 0.0 -999.9
-29.094 -51.4508 16918 2026-08-18_22:10 -999.9 -999.9 -999.9 -999.9 -999.9 -999.9 -999.9 -999.9 -999.9 -999.9 -999.9 -999.9 -999.9 -999.9 -999.9 -999.9 -999.9 -0.2 0.2 0.4 0.4 0.8 -999.9 -999.9 -999.9 -999.9 -999.9 CEMADEN_-_Pinto_Bandeira_-_G2-431454802A_(632_m) -999.9 -999.9 -999.9 -999.9 -999.9 -999.9 -999.9 -999.9 Rio_Grande_do_Sul CEMADEN -999.9 0.0 -999.9
-29.094 -51.4508 16918 2026-08-18_23:10 -999.9 -999.9 -999.9 -999.9 -999.9 -999.9 -999.9 -999.9 -999.9 -999.9 -999.9 -999.9 -999.9 -999.9 -999.9 -999.9 -999.9 -0.2 0.2 0.4 0.4 0.8 -999.9 -999.9 -999.9 -999.9 -999.9 CEMADEN_-_Pinto_Bandeira_-_G2-431454802A_(632_m) -999.9 -999.9 -999.9 -999.9 -999.9 -999.9 -999.9 -999.9 Rio_Grande_do_Sul CEMADEN -999.9 0.0 -999.9
