-29.09604 -51.45046 16918 2026-08-29_00:10 -999.9 -999.9 -999.9 -999.9 -999.9 -999.9 -999.9 -999.9 -999.9 -999.9 -999.9 -999.9 -999.9 -999.9 -999.9 -999.9 -999.9 0.0 0.2 0.4 0.4 0.6 -999.9 -999.9 -999.9 -999.9 -999.9 CEMADEN_-_Pinto_Bandeira_-_G2-431454802A_(641_m) -999.9 -999.9 -999.9 -999.9 -999.9 -999.9 -999.9 -999.9 Rio_Grande_do_Sul CEMADEN -999.9 0.0 -999.9
-29.09604 -51.45046 16918 2026-08-29_01:10 -999.9 -999.9 -999.9 -999.9 -999.9 -999.9 -999.9 -999.9 -999.9 -999.9 -999.9 -999.9 -999.9 -999.9 -999.9 -999.9 -999.9 0.0 0.2 0.4 0.4 0.6 -999.9 -999.9 -999.9 -999.9 -999.9 CEMADEN_-_Pinto_Bandeira_-_G2-431454802A_(641_m) -999.9 -999.9 -999.9 -999.9 -999.9 -999.9 -999.9 -999.9 Rio_Grande_do_Sul CEMADEN -999.9 0.0 -999.9
-29.09604 -51.45046 16918 2026-08-29_02:10 -999.9 -999.9 -999.9 -999.9 -999.9 -999.9 -999.9 -999.9 -999.9 -999.9 -999.9 -999.9 -999.9 -999.9 -999.9 -999.9 -999.9 0.0 0.2 0.4 0.4 0.6 -999.9 -999.9 -999.9 -999.9 -999.9 CEMADEN_-_Pinto_Bandeira_-_G2-431454802A_(641_m) -999.9 -999.9 -999.9 -999.9 -999.9 -999.9 -999.9 -999.9 Rio_Grande_do_Sul CEMADEN -999.9 0.0 -999.9
-29.09604 -51.45046 16918 2026-08-29_03:10 -999.9 -999.9 -999.9 -999.9 -999.9 -999.9 -999.9 -999.9 -999.9 -999.9 -999.9 -999.9 -999.9 -999.9 -999.9 -999.9 -999.9 0.0 0.2 0.4 0.4 0.6 -999.9 -999.9 -999.9 -999.9 -999.9 CEMADEN_-_Pinto_Bandeira_-_G2-431454802A_(641_m) -999.9 -999.9 -999.9 -999.9 -999.9 -999.9 -999.9 -999.9 Rio_Grande_do_Sul CEMADEN -999.9 0.0 -999.9
-29.09604 -51.45046 16918 2026-08-29_04:10 -999.9 -999.9 -999.9 -999.9 -999.9 -999.9 -999.9 -999.9 -999.9 -999.9 -999.9 -999.9 -999.9 -999.9 -999.9 -999.9 -999.9 0.0 0.2 0.4 0.4 0.6 -999.9 -999.9 -999.9 -999.9 -999.9 CEMADEN_-_Pinto_Bandeira_-_G2-431454802A_(641_m) -999.9 -999.9 -999.9 -999.9 -999.9 -999.9 -999.9 -999.9 Rio_Grande_do_Sul CEMADEN -999.9 0.0 -999.9
-29.09604 -51.45046 16918 2026-08-29_05:10 -999.9 -999.9 -999.9 -999.9 -999.9 -999.9 -999.9 -999.9 -999.9 -999.9 -999.9 -999.9 -999.9 -999.9 -999.9 -999.9 -999.9 0.0 0.2 0.4 0.4 0.6 -999.9 -999.9 -999.9 -999.9 -999.9 CEMADEN_-_Pinto_Bandeira_-_G2-431454802A_(641_m) -999.9 -999.9 -999.9 -999.9 -999.9 -999.9 -999.9 -999.9 Rio_Grande_do_Sul CEMADEN -999.9 0.0 -999.9
-29.09604 -51.45046 16918 2026-08-29_06:10 -999.9 -999.9 -999.9 -999.9 -999.9 -999.9 -999.9 -999.9 -999.9 -999.9 -999.9 -999.9 -999.9 -999.9 -999.9 -999.9 -999.9 0.0 0.2 0.2 0.4 0.6 -999.9 -999.9 -999.9 -999.9 -999.9 CEMADEN_-_Pinto_Bandeira_-_G2-431454802A_(641_m) -999.9 -999.9 -999.9 -999.9 -999.9 -999.9 -999.9 -999.9 Rio_Grande_do_Sul CEMADEN -999.9 0.0 -999.9
-29.09604 -51.45046 16918 2026-08-29_07:10 -999.9 -999.9 -999.9 -999.9 -999.9 -999.9 -999.9 -999.9 -999.9 -999.9 -999.9 -999.9 -999.9 -999.9 -999.9 -999.9 -999.9 0.0 0.2 0.2 0.4 0.6 -999.9 -999.9 -999.9 -999.9 -999.9 CEMADEN_-_Pinto_Bandeira_-_G2-431454802A_(641_m) -999.9 -999.9 -999.9 -999.9 -999.9 -999.9 -999.9 -999.9 Rio_Grande_do_Sul CEMADEN -999.9 0.0 -999.9
-29.09604 -51.45046 16918 2026-08-29_09:20 -999.9 -999.9 -999.9 -999.9 -999.9 -999.9 -999.9 -999.9 -999.9 -999.9 -999.9 -999.9 -999.9 -999.9 -999.9 -999.9 -999.9 0.0 0.2 0.2 0.4 0.6 -999.9 -999.9 -999.9 -999.9 -999.9 CEMADEN_-_Pinto_Bandeira_-_G2-431454802A_(641_m) -999.9 -999.9 -999.9 -999.9 -999.9 -999.9 -999.9 -999.9 Rio_Grande_do_Sul CEMADEN -999.9 0.0 -999.9
-29.09604 -51.45046 16918 2026-08-29_12:10 -999.9 -999.9 -999.9 -999.9 -999.9 -999.9 -999.9 -999.9 -999.9 -999.9 -999.9 -999.9 -999.9 -999.9 -999.9 -999.9 -999.9 0.0 0.2 0.2 0.4 0.6 -999.9 -999.9 -999.9 -999.9 -999.9 CEMADEN_-_Pinto_Bandeira_-_G2-431454802A_(641_m) -999.9 -999.9 -999.9 -999.9 -999.9 -999.9 -999.9 -999.9 Rio_Grande_do_Sul CEMADEN -999.9 0.0 -999.9
-29.09604 -51.45046 16918 2026-08-29_13:10 -999.9 -999.9 -999.9 -999.9 -999.9 -999.9 -999.9 -999.9 -999.9 -999.9 -999.9 -999.9 -999.9 -999.9 -999.9 -999.9 -999.9 0.0 0.2 0.2 0.4 0.6 -999.9 -999.9 -999.9 -999.9 -999.9 CEMADEN_-_Pinto_Bandeira_-_G2-431454802A_(641_m) -999.9 -999.9 -999.9 -999.9 -999.9 -999.9 -999.9 -999.9 Rio_Grande_do_Sul CEMADEN -999.9 0.0 -999.9
-29.09604 -51.45046 16918 2026-08-29_14:10 -999.9 -999.9 -999.9 -999.9 -999.9 -999.9 -999.9 -999.9 -999.9 -999.9 -999.9 -999.9 -999.9 -999.9 -999.9 -999.9 -999.9 0.0 0.2 0.2 0.4 0.6 -999.9 -999.9 -999.9 -999.9 -999.9 CEMADEN_-_Pinto_Bandeira_-_G2-431454802A_(641_m) -999.9 -999.9 -999.9 -999.9 -999.9 -999.9 -999.9 -999.9 Rio_Grande_do_Sul CEMADEN -999.9 0.0 -999.9
-29.09604 -51.45046 16918 2026-08-29_15:10 -999.9 -999.9 -999.9 -999.9 -999.9 -999.9 -999.9 -999.9 -999.9 -999.9 -999.9 -999.9 -999.9 -999.9 -999.9 -999.9 -999.9 0.0 0.2 0.2 0.4 0.6 -999.9 -999.9 -999.9 -999.9 -999.9 CEMADEN_-_Pinto_Bandeira_-_G2-431454802A_(641_m) -999.9 -999.9 -999.9 -999.9 -999.9 -999.9 -999.9 -999.9 Rio_Grande_do_Sul CEMADEN -999.9 0.0 -999.9
-29.09604 -51.45046 16918 2026-08-29_16:10 -999.9 -999.9 -999.9 -999.9 -999.9 -999.9 -999.9 -999.9 -999.9 -999.9 -999.9 -999.9 -999.9 -999.9 -999.9 -999.9 -999.9 0.0 0.2 0.2 0.4 0.6 -999.9 -999.9 -999.9 -999.9 -999.9 CEMADEN_-_Pinto_Bandeira_-_G2-431454802A_(641_m) -999.9 -999.9 -999.9 -999.9 -999.9 -999.9 -999.9 -999.9 Rio_Grande_do_Sul CEMADEN -999.9 0.0 -999.9
-29.09604 -51.45046 16918 2026-08-29_17:10 -999.9 -999.9 -999.9 -999.9 -999.9 -999.9 -999.9 -999.9 -999.9 -999.9 -999.9 -999.9 -999.9 -999.9 -999.9 -999.9 -999.9 0.0 0.2 0.2 0.4 0.6 -999.9 -999.9 -999.9 -999.9 -999.9 CEMADEN_-_Pinto_Bandeira_-_G2-431454802A_(641_m) -999.9 -999.9 -999.9 -999.9 -999.9 -999.9 -999.9 -999.9 Rio_Grande_do_Sul CEMADEN -999.9 0.0 -999.9
-29.09604 -51.45046 16918 2026-08-29_18:10 -999.9 -999.9 -999.9 -999.9 -999.9 -999.9 -999.9 -999.9 -999.9 -999.9 -999.9 -999.9 -999.9 -999.9 -999.9 -999.9 -999.9 0.0 0.2 0.2 0.4 0.6 -999.9 -999.9 -999.9 -999.9 -999.9 CEMADEN_-_Pinto_Bandeira_-_G2-431454802A_(641_m) -999.9 -999.9 -999.9 -999.9 -999.9 -999.9 -999.9 -999.9 Rio_Grande_do_Sul CEMADEN -999.9 0.0 -999.9
-29.09604 -51.45046 16918 2026-08-29_19:10 -999.9 -999.9 -999.9 -999.9 -999.9 -999.9 -999.9 -999.9 -999.9 -999.9 -999.9 -999.9 -999.9 -999.9 -999.9 -999.9 -999.9 0.0 0.2 0.2 0.4 0.6 -999.9 -999.9 -999.9 -999.9 -999.9 CEMADEN_-_Pinto_Bandeira_-_G2-431454802A_(641_m) -999.9 -999.9 -999.9 -999.9 -999.9 -999.9 -999.9 -999.9 Rio_Grande_do_Sul CEMADEN -999.9 0.0 -999.9
-29.09604 -51.45046 16918 2026-08-29_20:10 -999.9 -999.9 -999.9 -999.9 -999.9 -999.9 -999.9 -999.9 -999.9 -999.9 -999.9 -999.9 -999.9 -999.9 -999.9 -999.9 -999.9 0.0 0.2 0.2 0.4 0.6 -999.9 -999.9 -999.9 -999.9 -999.9 CEMADEN_-_Pinto_Bandeira_-_G2-431454802A_(641_m) -999.9 -999.9 -999.9 -999.9 -999.9 -999.9 -999.9 -999.9 Rio_Grande_do_Sul CEMADEN -999.9 0.0 -999.9
-29.09604 -51.45046 16918 2026-08-29_21:10 -999.9 -999.9 -999.9 -999.9 -999.9 -999.9 -999.9 -999.9 -999.9 -999.9 -999.9 -999.9 -999.9 -999.9 -999.9 -999.9 -999.9 0.0 0.2 0.2 0.4 0.6 -999.9 -999.9 -999.9 -999.9 -999.9 CEMADEN_-_Pinto_Bandeira_-_G2-431454802A_(641_m) -999.9 -999.9 -999.9 -999.9 -999.9 -999.9 -999.9 -999.9 Rio_Grande_do_Sul CEMADEN -999.9 0.0 -999.9
-29.09604 -51.45046 16918 2026-08-29_22:10 -999.9 -999.9 -999.9 -999.9 -999.9 -999.9 -999.9 -999.9 -999.9 -999.9 -999.9 -999.9 -999.9 -999.9 -999.9 -999.9 -999.9 0.0 0.2 0.2 0.4 0.6 -999.9 -999.9 -999.9 -999.9 -999.9 CEMADEN_-_Pinto_Bandeira_-_G2-431454802A_(641_m) -999.9 -999.9 -999.9 -999.9 -999.9 -999.9 -999.9 -999.9 Rio_Grande_do_Sul CEMADEN -999.9 0.0 -999.9
-29.09604 -51.45046 16918 2026-08-29_23:10 -999.9 -999.9 -999.9 -999.9 -999.9 -999.9 -999.9 -999.9 -999.9 -999.9 -999.9 -999.9 -999.9 -999.9 -999.9 -999.9 -999.9 0.0 0.2 0.2 0.4 0.6 -999.9 -999.9 -999.9 -999.9 -999.9 CEMADEN_-_Pinto_Bandeira_-_G2-431454802A_(641_m) -999.9 -999.9 -999.9 -999.9 -999.9 -999.9 -999.9 -999.9 Rio_Grande_do_Sul CEMADEN -999.9 0.0 -999.9
