-28.874167 -50.975556 B817 2026-09-11_00:00 16.2 16.2 16 100 100 99 16.2 -999.9 -999.9 -999.9 -999.9 -999.9 5.0 316 11.2 -999.9 0.2 0.2 50.8 65.0 65.0 65.0 16.2 13.6 100.0 97.0 36.7 INMET_-_CAXIAS_DO_SUL_-_CRIUVA_(857_m) -999.9 -999.9 -999.9 -999.9 -999.9 -999.9 -999.9 -999.9 Rio_Grande_do_Sul INMET -999.9 -999.9 -999.9
-28.874167 -50.975556 B817 2026-09-11_01:00 15.6 16.1 15.6 100 100 100 15.6 -999.9 -999.9 -999.9 -999.9 -999.9 2.2 55 13.0 -999.9 0.4 0.6 50.8 65.0 65.0 65.0 16.2 13.6 100.0 97.0 36.7 INMET_-_CAXIAS_DO_SUL_-_CRIUVA_(857_m) -999.9 -999.9 -999.9 -999.9 -999.9 -999.9 -999.9 -999.9 Rio_Grande_do_Sul INMET -999.9 -999.9 -999.9
-28.874167 -50.975556 B817 2026-09-11_02:00 15.2 15.6 15.2 100 100 100 15.2 -999.9 -999.9 -999.9 -999.9 -999.9 3.2 55 13.7 -999.9 0.0 0.6 50.8 65.0 65.0 65.0 16.2 13.6 100.0 97.0 36.7 INMET_-_CAXIAS_DO_SUL_-_CRIUVA_(857_m) -999.9 -999.9 -999.9 -999.9 -999.9 -999.9 -999.9 -999.9 Rio_Grande_do_Sul INMET -999.9 -999.9 -999.9
-28.874167 -50.975556 B817 2026-09-11_03:00 14.8 15.2 14.8 98 100 98 14.5 -999.9 -999.9 -999.9 -999.9 -999.9 3.6 76 14.8 -999.9 0.4 1.0 50.8 65.0 65.0 65.0 16.2 13.6 100.0 97.0 36.7 INMET_-_CAXIAS_DO_SUL_-_CRIUVA_(857_m) -999.9 -999.9 -999.9 -999.9 -999.9 -999.9 -999.9 -999.9 Rio_Grande_do_Sul INMET -999.9 -999.9 -999.9
-28.874167 -50.975556 B817 2026-09-11_04:00 14.8 14.8 14.6 98 99 98 14.5 -999.9 -999.9 -999.9 -999.9 -999.9 3.6 71 11.2 -999.9 0.0 1.0 50.8 65.0 65.0 65.0 16.2 13.6 100.0 97.0 36.7 INMET_-_CAXIAS_DO_SUL_-_CRIUVA_(857_m) -999.9 -999.9 -999.9 -999.9 -999.9 -999.9 -999.9 -999.9 Rio_Grande_do_Sul INMET -999.9 -999.9 -999.9
-28.874167 -50.975556 B817 2026-09-11_05:00 14.5 14.9 14.5 98 98 97 14.2 -999.9 -999.9 -999.9 -999.9 -999.9 8.3 96 18.7 -999.9 0.4 1.4 50.8 65.0 65.0 65.0 16.2 13.6 100.0 97.0 36.7 INMET_-_CAXIAS_DO_SUL_-_CRIUVA_(857_m) -999.9 -999.9 -999.9 -999.9 -999.9 -999.9 -999.9 -999.9 Rio_Grande_do_Sul INMET -999.9 -999.9 -999.9
-28.874167 -50.975556 B817 2026-09-11_06:00 14.9 14.9 14.4 97 99 97 14.4 -999.9 -999.9 -999.9 -999.9 -999.9 3.6 65 20.9 -999.9 1.0 2.4 50.8 65.0 65.0 65.0 16.2 13.6 100.0 97.0 36.7 INMET_-_CAXIAS_DO_SUL_-_CRIUVA_(857_m) -999.9 -999.9 -999.9 -999.9 -999.9 -999.9 -999.9 -999.9 Rio_Grande_do_Sul INMET -999.9 -999.9 -999.9
-28.874167 -50.975556 B817 2026-09-11_07:00 14.4 14.9 14.4 100 100 97 14.4 -999.9 -999.9 -999.9 -999.9 -999.9 12.6 98 20.2 -999.9 4.2 6.6 50.8 65.0 65.0 65.0 16.2 13.6 100.0 97.0 36.7 INMET_-_CAXIAS_DO_SUL_-_CRIUVA_(857_m) -999.9 -999.9 -999.9 -999.9 -999.9 -999.9 -999.9 -999.9 Rio_Grande_do_Sul INMET -999.9 -999.9 -999.9
-28.874167 -50.975556 B817 2026-09-11_08:00 14.5 14.5 14.4 100 100 100 14.5 -999.9 -999.9 -999.9 -999.9 -999.9 13.7 94 24.8 -999.9 0.2 6.8 50.8 65.0 65.0 65.0 16.2 13.6 100.0 97.0 36.7 INMET_-_CAXIAS_DO_SUL_-_CRIUVA_(857_m) -999.9 -999.9 -999.9 -999.9 -999.9 -999.9 -999.9 -999.9 Rio_Grande_do_Sul INMET -999.9 -999.9 -999.9
-28.874167 -50.975556 B817 2026-09-11_09:00 14.7 14.7 14.5 100 100 100 14.7 -999.9 -999.9 -999.9 -999.9 -999.9 6.1 63 23.0 -999.9 3.4 10.2 50.8 65.0 65.0 65.0 16.2 13.6 100.0 97.0 36.7 INMET_-_CAXIAS_DO_SUL_-_CRIUVA_(857_m) -999.9 -999.9 -999.9 -999.9 -999.9 -999.9 -999.9 -999.9 Rio_Grande_do_Sul INMET -999.9 -999.9 -999.9
-28.874167 -50.975556 B817 2026-09-11_10:00 14.1 15.2 14.1 99 100 -999.9 13.9 -999.9 -999.9 -999.9 -999.9 -999.9 5.8 220 35.3 -999.9 5.9 16.1 50.8 65.0 65.0 65.0 16.2 13.6 100.0 97.0 36.7 INMET_-_CAXIAS_DO_SUL_-_CRIUVA_(857_m) -999.9 -999.9 -999.9 -999.9 -999.9 -999.9 -999.9 -999.9 Rio_Grande_do_Sul INMET -999.9 -999.9 -999.9
-28.874167 -50.975556 B817 2026-09-11_11:00 14.1 14.3 14.1 100 100 98 14.1 -999.9 -999.9 -999.9 -999.9 -999.9 11.9 101 24.1 -999.9 6.3 22.4 50.8 65.0 65.0 65.0 16.2 13.6 100.0 97.0 36.7 INMET_-_CAXIAS_DO_SUL_-_CRIUVA_(857_m) -999.9 -999.9 -999.9 -999.9 -999.9 -999.9 -999.9 -999.9 Rio_Grande_do_Sul INMET -999.9 -999.9 -999.9
-28.874167 -50.975556 B817 2026-09-11_12:00 14.4 14.5 14.1 100 100 100 14.4 -999.9 -999.9 -999.9 -999.9 -999.9 6.8 131 26.6 -999.9 3.0 25.4 50.8 65.0 65.0 65.0 16.2 13.6 100.0 97.0 36.7 INMET_-_CAXIAS_DO_SUL_-_CRIUVA_(857_m) -999.9 -999.9 -999.9 -999.9 -999.9 -999.9 -999.9 -999.9 Rio_Grande_do_Sul INMET -999.9 -999.9 -999.9
-28.874167 -50.975556 B817 2026-09-11_13:00 14.7 14.7 14.5 100 100 100 14.7 -999.9 -999.9 -999.9 -999.9 -999.9 5.4 121 14.0 -999.9 11.1 36.5 50.8 65.0 65.0 65.0 16.2 13.6 100.0 97.0 36.7 INMET_-_CAXIAS_DO_SUL_-_CRIUVA_(857_m) -999.9 -999.9 -999.9 -999.9 -999.9 -999.9 -999.9 -999.9 Rio_Grande_do_Sul INMET -999.9 -999.9 -999.9
-28.874167 -50.975556 B817 2026-09-11_14:00 14.8 15 14.7 97 100 97 14.3 -999.9 -999.9 -999.9 -999.9 -999.9 9.7 303 20.2 -999.9 6.7 43.2 50.8 65.0 65.0 65.0 16.2 13.6 100.0 97.0 36.7 INMET_-_CAXIAS_DO_SUL_-_CRIUVA_(857_m) -999.9 -999.9 -999.9 -999.9 -999.9 -999.9 -999.9 -999.9 Rio_Grande_do_Sul INMET -999.9 -999.9 -999.9
-28.874167 -50.975556 B817 2026-09-11_15:00 14.3 14.8 14.3 99 99 97 14.1 -999.9 -999.9 -999.9 -999.9 -999.9 11.5 292 36.7 -999.9 5.0 48.2 50.8 65.0 65.0 65.0 16.2 13.6 100.0 97.0 36.7 INMET_-_CAXIAS_DO_SUL_-_CRIUVA_(857_m) -999.9 -999.9 -999.9 -999.9 -999.9 -999.9 -999.9 -999.9 Rio_Grande_do_Sul INMET -999.9 -999.9 -999.9
-28.874167 -50.975556 B817 2026-09-11_16:00 14.2 14.4 14.2 100 100 99 14.2 -999.9 -999.9 -999.9 -999.9 -999.9 5.8 19 22.0 -999.9 1.8 50.0 50.8 65.0 65.0 65.0 16.2 13.6 100.0 97.0 36.7 INMET_-_CAXIAS_DO_SUL_-_CRIUVA_(857_m) -999.9 -999.9 -999.9 -999.9 -999.9 -999.9 -999.9 -999.9 Rio_Grande_do_Sul INMET -999.9 -999.9 -999.9
-28.874167 -50.975556 B817 2026-09-11_17:00 14.5 14.5 14.2 98 100 98 14.2 -999.9 -999.9 -999.9 -999.9 -999.9 9.0 308 16.2 -999.9 0.2 50.2 50.8 65.0 65.0 65.0 16.2 13.6 100.0 97.0 36.7 INMET_-_CAXIAS_DO_SUL_-_CRIUVA_(857_m) -999.9 -999.9 -999.9 -999.9 -999.9 -999.9 -999.9 -999.9 Rio_Grande_do_Sul INMET -999.9 -999.9 -999.9
-28.874167 -50.975556 B817 2026-09-11_18:00 14.5 14.8 14.5 99 99 98 14.3 -999.9 -999.9 -999.9 -999.9 -999.9 8.3 318 16.2 -999.9 0.0 50.2 50.8 65.0 65.0 65.0 16.2 13.6 100.0 97.0 36.7 INMET_-_CAXIAS_DO_SUL_-_CRIUVA_(857_m) -999.9 -999.9 -999.9 -999.9 -999.9 -999.9 -999.9 -999.9 Rio_Grande_do_Sul INMET -999.9 -999.9 -999.9
-28.874167 -50.975556 B817 2026-09-11_19:00 14.4 14.5 14.4 100 100 99 14.4 -999.9 -999.9 -999.9 -999.9 -999.9 6.5 315 16.6 -999.9 0.0 50.2 50.8 65.0 65.0 65.0 16.2 13.6 100.0 97.0 36.7 INMET_-_CAXIAS_DO_SUL_-_CRIUVA_(857_m) -999.9 -999.9 -999.9 -999.9 -999.9 -999.9 -999.9 -999.9 Rio_Grande_do_Sul INMET -999.9 -999.9 -999.9
-28.874167 -50.975556 B817 2026-09-11_20:00 14.1 14.4 13.9 100 100 99 14.1 -999.9 -999.9 -999.9 -999.9 -999.9 6.1 338 15.8 -999.9 0.0 50.2 50.8 65.0 65.0 65.0 16.2 13.6 100.0 97.0 36.7 INMET_-_CAXIAS_DO_SUL_-_CRIUVA_(857_m) -999.9 -999.9 -999.9 -999.9 -999.9 -999.9 -999.9 -999.9 Rio_Grande_do_Sul INMET -999.9 -999.9 -999.9
-28.874167 -50.975556 B817 2026-09-11_21:00 14.4 14.4 14.1 100 100 100 14.4 -999.9 -999.9 -999.9 -999.9 -999.9 4.7 277 13.3 -999.9 0.0 50.2 50.8 65.0 65.0 65.0 16.2 13.6 100.0 97.0 36.7 INMET_-_CAXIAS_DO_SUL_-_CRIUVA_(857_m) -999.9 -999.9 -999.9 -999.9 -999.9 -999.9 -999.9 -999.9 Rio_Grande_do_Sul INMET -999.9 -999.9 -999.9
-28.874167 -50.975556 B817 2026-09-11_22:00 14.5 14.5 14.4 100 100 100 14.5 -999.9 -999.9 -999.9 -999.9 -999.9 5.8 244 15.8 -999.9 0.0 50.2 50.8 65.0 65.0 65.0 16.2 13.6 100.0 97.0 36.7 INMET_-_CAXIAS_DO_SUL_-_CRIUVA_(857_m) -999.9 -999.9 -999.9 -999.9 -999.9 -999.9 -999.9 -999.9 Rio_Grande_do_Sul INMET -999.9 -999.9 -999.9
-28.874167 -50.975556 B817 2026-09-11_23:00 13.6 14.4 13.6 100 100 100 13.6 -999.9 -999.9 -999.9 -999.9 -999.9 3.6 236 18.7 -999.9 0.2 50.4 50.8 65.0 65.0 65.0 16.2 13.6 100.0 97.0 36.7 INMET_-_CAXIAS_DO_SUL_-_CRIUVA_(857_m) -999.9 -999.9 -999.9 -999.9 -999.9 -999.9 -999.9 -999.9 Rio_Grande_do_Sul INMET -999.9 -999.9 -999.9
