-28.62961 -51.57495 17819 2026-08-06_00:10 -999.9 -999.9 -999.9 -999.9 -999.9 -999.9 -999.9 -999.9 -999.9 -999.9 -999.9 -999.9 -999.9 -999.9 -999.9 -999.9 -999.9 0.0 1.4 1.4 1.4 -999.9 -999.9 -999.9 -999.9 -999.9 -999.9 CEMADEN_-_André_da_Rocha_-_G2-430066101A_(705_m) -999.9 -999.9 -999.9 -999.9 -999.9 -999.9 -999.9 -999.9 Rio_Grande_do_Sul CEMADEN -999.9 0.0 -999.9
-28.62961 -51.57495 17819 2026-08-06_01:10 -999.9 -999.9 -999.9 -999.9 -999.9 -999.9 -999.9 -999.9 -999.9 -999.9 -999.9 -999.9 -999.9 -999.9 -999.9 -999.9 -999.9 0.0 1.4 1.4 1.4 -999.9 -999.9 -999.9 -999.9 -999.9 -999.9 CEMADEN_-_André_da_Rocha_-_G2-430066101A_(705_m) -999.9 -999.9 -999.9 -999.9 -999.9 -999.9 -999.9 -999.9 Rio_Grande_do_Sul CEMADEN -999.9 0.0 -999.9
-28.62961 -51.57495 17819 2026-08-06_02:10 -999.9 -999.9 -999.9 -999.9 -999.9 -999.9 -999.9 -999.9 -999.9 -999.9 -999.9 -999.9 -999.9 -999.9 -999.9 -999.9 -999.9 0.0 1.4 1.4 1.4 -999.9 -999.9 -999.9 -999.9 -999.9 -999.9 CEMADEN_-_André_da_Rocha_-_G2-430066101A_(705_m) -999.9 -999.9 -999.9 -999.9 -999.9 -999.9 -999.9 -999.9 Rio_Grande_do_Sul CEMADEN -999.9 0.0 -999.9
-28.62961 -51.57495 17819 2026-08-06_03:10 -999.9 -999.9 -999.9 -999.9 -999.9 -999.9 -999.9 -999.9 -999.9 -999.9 -999.9 -999.9 -999.9 -999.9 -999.9 -999.9 -999.9 0.0 1.4 1.4 1.4 -999.9 -999.9 -999.9 -999.9 -999.9 -999.9 CEMADEN_-_André_da_Rocha_-_G2-430066101A_(705_m) -999.9 -999.9 -999.9 -999.9 -999.9 -999.9 -999.9 -999.9 Rio_Grande_do_Sul CEMADEN -999.9 0.0 -999.9
-28.62961 -51.57495 17819 2026-08-06_04:10 -999.9 -999.9 -999.9 -999.9 -999.9 -999.9 -999.9 -999.9 -999.9 -999.9 -999.9 -999.9 -999.9 -999.9 -999.9 -999.9 -999.9 0.0 1.4 1.4 1.4 -999.9 -999.9 -999.9 -999.9 -999.9 -999.9 CEMADEN_-_André_da_Rocha_-_G2-430066101A_(705_m) -999.9 -999.9 -999.9 -999.9 -999.9 -999.9 -999.9 -999.9 Rio_Grande_do_Sul CEMADEN -999.9 0.0 -999.9
-28.62961 -51.57495 17819 2026-08-06_05:10 -999.9 -999.9 -999.9 -999.9 -999.9 -999.9 -999.9 -999.9 -999.9 -999.9 -999.9 -999.9 -999.9 -999.9 -999.9 -999.9 -999.9 0.0 1.4 1.4 1.4 -999.9 -999.9 -999.9 -999.9 -999.9 -999.9 CEMADEN_-_André_da_Rocha_-_G2-430066101A_(705_m) -999.9 -999.9 -999.9 -999.9 -999.9 -999.9 -999.9 -999.9 Rio_Grande_do_Sul CEMADEN -999.9 0.0 -999.9
-28.62961 -51.57495 17819 2026-08-06_06:10 -999.9 -999.9 -999.9 -999.9 -999.9 -999.9 -999.9 -999.9 -999.9 -999.9 -999.9 -999.9 -999.9 -999.9 -999.9 -999.9 -999.9 0.0 1.4 1.4 1.4 -999.9 -999.9 -999.9 -999.9 -999.9 -999.9 CEMADEN_-_André_da_Rocha_-_G2-430066101A_(705_m) -999.9 -999.9 -999.9 -999.9 -999.9 -999.9 -999.9 -999.9 Rio_Grande_do_Sul CEMADEN -999.9 0.0 -999.9
-28.62961 -51.57495 17819 2026-08-06_07:10 -999.9 -999.9 -999.9 -999.9 -999.9 -999.9 -999.9 -999.9 -999.9 -999.9 -999.9 -999.9 -999.9 -999.9 -999.9 -999.9 -999.9 0.0 1.2 1.4 1.4 -999.9 -999.9 -999.9 -999.9 -999.9 -999.9 CEMADEN_-_André_da_Rocha_-_G2-430066101A_(705_m) -999.9 -999.9 -999.9 -999.9 -999.9 -999.9 -999.9 -999.9 Rio_Grande_do_Sul CEMADEN -999.9 0.0 -999.9
-28.62961 -51.57495 17819 2026-08-06_08:10 -999.9 -999.9 -999.9 -999.9 -999.9 -999.9 -999.9 -999.9 -999.9 -999.9 -999.9 -999.9 -999.9 -999.9 -999.9 -999.9 -999.9 0.0 1.2 1.4 1.4 -999.9 -999.9 -999.9 -999.9 -999.9 -999.9 CEMADEN_-_André_da_Rocha_-_G2-430066101A_(705_m) -999.9 -999.9 -999.9 -999.9 -999.9 -999.9 -999.9 -999.9 Rio_Grande_do_Sul CEMADEN -999.9 0.0 -999.9
-28.62961 -51.57495 17819 2026-08-06_09:10 -999.9 -999.9 -999.9 -999.9 -999.9 -999.9 -999.9 -999.9 -999.9 -999.9 -999.9 -999.9 -999.9 -999.9 -999.9 -999.9 -999.9 0.0 1.2 1.4 1.4 -999.9 -999.9 -999.9 -999.9 -999.9 -999.9 CEMADEN_-_André_da_Rocha_-_G2-430066101A_(705_m) -999.9 -999.9 -999.9 -999.9 -999.9 -999.9 -999.9 -999.9 Rio_Grande_do_Sul CEMADEN -999.9 0.0 -999.9
-28.62961 -51.57495 17819 2026-08-06_10:10 -999.9 -999.9 -999.9 -999.9 -999.9 -999.9 -999.9 -999.9 -999.9 -999.9 -999.9 -999.9 -999.9 -999.9 -999.9 -999.9 -999.9 0.0 1.2 1.4 1.4 -999.9 -999.9 -999.9 -999.9 -999.9 -999.9 CEMADEN_-_André_da_Rocha_-_G2-430066101A_(705_m) -999.9 -999.9 -999.9 -999.9 -999.9 -999.9 -999.9 -999.9 Rio_Grande_do_Sul CEMADEN -999.9 0.0 -999.9
-28.62961 -51.57495 17819 2026-08-06_11:10 -999.9 -999.9 -999.9 -999.9 -999.9 -999.9 -999.9 -999.9 -999.9 -999.9 -999.9 -999.9 -999.9 -999.9 -999.9 -999.9 -999.9 0.0 1.2 1.4 1.4 -999.9 -999.9 -999.9 -999.9 -999.9 -999.9 CEMADEN_-_André_da_Rocha_-_G2-430066101A_(705_m) -999.9 -999.9 -999.9 -999.9 -999.9 -999.9 -999.9 -999.9 Rio_Grande_do_Sul CEMADEN -999.9 0.0 -999.9
-28.62961 -51.57495 17819 2026-08-06_12:20 -999.9 -999.9 -999.9 -999.9 -999.9 -999.9 -999.9 -999.9 -999.9 -999.9 -999.9 -999.9 -999.9 -999.9 -999.9 -999.9 0.4 0.4 1.6 1.8 1.8 -999.9 -999.9 -999.9 -999.9 -999.9 -999.9 CEMADEN_-_André_da_Rocha_-_G2-430066101A_(705_m) -999.9 -999.9 -999.9 -999.9 -999.9 -999.9 -999.9 -999.9 Rio_Grande_do_Sul CEMADEN -999.9 0.4 -999.9
-28.62961 -51.57495 17819 2026-08-06_12:30 -999.9 -999.9 -999.9 -999.9 -999.9 -999.9 -999.9 -999.9 -999.9 -999.9 -999.9 -999.9 -999.9 -999.9 -999.9 -999.9 1.8 1.8 3.0 3.2 3.2 -999.9 -999.9 -999.9 -999.9 -999.9 -999.9 CEMADEN_-_André_da_Rocha_-_G2-430066101A_(705_m) -999.9 -999.9 -999.9 -999.9 -999.9 -999.9 -999.9 -999.9 Rio_Grande_do_Sul CEMADEN -999.9 1.4 -999.9
-28.62961 -51.57495 17819 2026-08-06_12:40 -999.9 -999.9 -999.9 -999.9 -999.9 -999.9 -999.9 -999.9 -999.9 -999.9 -999.9 -999.9 -999.9 -999.9 -999.9 -999.9 3.8 3.8 5.0 5.2 5.2 -999.9 -999.9 -999.9 -999.9 -999.9 -999.9 CEMADEN_-_André_da_Rocha_-_G2-430066101A_(705_m) -999.9 -999.9 -999.9 -999.9 -999.9 -999.9 -999.9 -999.9 Rio_Grande_do_Sul CEMADEN -999.9 2.0 -999.9
-28.62961 -51.57495 17819 2026-08-06_13:10 -999.9 -999.9 -999.9 -999.9 -999.9 -999.9 -999.9 -999.9 -999.9 -999.9 -999.9 -999.9 -999.9 -999.9 -999.9 -999.9 3.6 4.0 5.2 5.4 5.4 -999.9 -999.9 -999.9 -999.9 -999.9 -999.9 CEMADEN_-_André_da_Rocha_-_G2-430066101A_(705_m) -999.9 -999.9 -999.9 -999.9 -999.9 -999.9 -999.9 -999.9 Rio_Grande_do_Sul CEMADEN -999.9 0.2 -999.9
-28.62961 -51.57495 17819 2026-08-06_13:20 -999.9 -999.9 -999.9 -999.9 -999.9 -999.9 -999.9 -999.9 -999.9 -999.9 -999.9 -999.9 -999.9 -999.9 -999.9 -999.9 1.6 5.4 6.6 6.8 6.8 -999.9 -999.9 -999.9 -999.9 -999.9 -999.9 CEMADEN_-_André_da_Rocha_-_G2-430066101A_(705_m) -999.9 -999.9 -999.9 -999.9 -999.9 -999.9 -999.9 -999.9 Rio_Grande_do_Sul CEMADEN -999.9 1.4 -999.9
-28.62961 -51.57495 17819 2026-08-06_14:10 -999.9 -999.9 -999.9 -999.9 -999.9 -999.9 -999.9 -999.9 -999.9 -999.9 -999.9 -999.9 -999.9 -999.9 -999.9 -999.9 -999.9 5.4 6.6 6.8 6.8 -999.9 -999.9 -999.9 -999.9 -999.9 -999.9 CEMADEN_-_André_da_Rocha_-_G2-430066101A_(705_m) -999.9 -999.9 -999.9 -999.9 -999.9 -999.9 -999.9 -999.9 Rio_Grande_do_Sul CEMADEN -999.9 0.0 -999.9
-28.62961 -51.57495 17819 2026-08-06_14:30 -999.9 -999.9 -999.9 -999.9 -999.9 -999.9 -999.9 -999.9 -999.9 -999.9 -999.9 -999.9 -999.9 -999.9 -999.9 -999.9 0.2 5.6 6.8 7.0 7.0 -999.9 -999.9 -999.9 -999.9 -999.9 -999.9 CEMADEN_-_André_da_Rocha_-_G2-430066101A_(705_m) -999.9 -999.9 -999.9 -999.9 -999.9 -999.9 -999.9 -999.9 Rio_Grande_do_Sul CEMADEN -999.9 0.2 -999.9
-28.62961 -51.57495 17819 2026-08-06_14:40 -999.9 -999.9 -999.9 -999.9 -999.9 -999.9 -999.9 -999.9 -999.9 -999.9 -999.9 -999.9 -999.9 -999.9 -999.9 -999.9 0.4 5.8 7.0 7.2 7.2 -999.9 -999.9 -999.9 -999.9 -999.9 -999.9 CEMADEN_-_André_da_Rocha_-_G2-430066101A_(705_m) -999.9 -999.9 -999.9 -999.9 -999.9 -999.9 -999.9 -999.9 Rio_Grande_do_Sul CEMADEN -999.9 0.2 -999.9
-28.62961 -51.57495 17819 2026-08-06_15:10 -999.9 -999.9 -999.9 -999.9 -999.9 -999.9 -999.9 -999.9 -999.9 -999.9 -999.9 -999.9 -999.9 -999.9 -999.9 -999.9 -999.9 5.8 7.0 7.2 7.2 -999.9 -999.9 -999.9 -999.9 -999.9 -999.9 CEMADEN_-_André_da_Rocha_-_G2-430066101A_(705_m) -999.9 -999.9 -999.9 -999.9 -999.9 -999.9 -999.9 -999.9 Rio_Grande_do_Sul CEMADEN -999.9 0.0 -999.9
-28.62961 -51.57495 17819 2026-08-06_16:10 -999.9 -999.9 -999.9 -999.9 -999.9 -999.9 -999.9 -999.9 -999.9 -999.9 -999.9 -999.9 -999.9 -999.9 -999.9 -999.9 -999.9 5.8 7.0 7.2 7.2 -999.9 -999.9 -999.9 -999.9 -999.9 -999.9 CEMADEN_-_André_da_Rocha_-_G2-430066101A_(705_m) -999.9 -999.9 -999.9 -999.9 -999.9 -999.9 -999.9 -999.9 Rio_Grande_do_Sul CEMADEN -999.9 0.0 -999.9
-28.62961 -51.57495 17819 2026-08-06_16:20 -999.9 -999.9 -999.9 -999.9 -999.9 -999.9 -999.9 -999.9 -999.9 -999.9 -999.9 -999.9 -999.9 -999.9 -999.9 -999.9 0.2 6.0 7.2 7.4 7.4 -999.9 -999.9 -999.9 -999.9 -999.9 -999.9 CEMADEN_-_André_da_Rocha_-_G2-430066101A_(705_m) -999.9 -999.9 -999.9 -999.9 -999.9 -999.9 -999.9 -999.9 Rio_Grande_do_Sul CEMADEN -999.9 0.2 -999.9
-28.62961 -51.57495 17819 2026-08-06_17:10 -999.9 -999.9 -999.9 -999.9 -999.9 -999.9 -999.9 -999.9 -999.9 -999.9 -999.9 -999.9 -999.9 -999.9 -999.9 -999.9 -999.9 6.0 7.2 7.4 7.4 -999.9 -999.9 -999.9 -999.9 -999.9 -999.9 CEMADEN_-_André_da_Rocha_-_G2-430066101A_(705_m) -999.9 -999.9 -999.9 -999.9 -999.9 -999.9 -999.9 -999.9 Rio_Grande_do_Sul CEMADEN -999.9 0.0 -999.9
-28.62961 -51.57495 17819 2026-08-06_18:10 -999.9 -999.9 -999.9 -999.9 -999.9 -999.9 -999.9 -999.9 -999.9 -999.9 -999.9 -999.9 -999.9 -999.9 -999.9 -999.9 -999.9 6.0 7.2 7.4 7.4 -999.9 -999.9 -999.9 -999.9 -999.9 -999.9 CEMADEN_-_André_da_Rocha_-_G2-430066101A_(705_m) -999.9 -999.9 -999.9 -999.9 -999.9 -999.9 -999.9 -999.9 Rio_Grande_do_Sul CEMADEN -999.9 0.0 -999.9
-28.62961 -51.57495 17819 2026-08-06_18:50 -999.9 -999.9 -999.9 -999.9 -999.9 -999.9 -999.9 -999.9 -999.9 -999.9 -999.9 -999.9 -999.9 -999.9 -999.9 -999.9 0.2 6.2 7.4 7.6 7.6 -999.9 -999.9 -999.9 -999.9 -999.9 -999.9 CEMADEN_-_André_da_Rocha_-_G2-430066101A_(705_m) -999.9 -999.9 -999.9 -999.9 -999.9 -999.9 -999.9 -999.9 Rio_Grande_do_Sul CEMADEN -999.9 0.2 -999.9
-28.62961 -51.57495 17819 2026-08-06_19:10 -999.9 -999.9 -999.9 -999.9 -999.9 -999.9 -999.9 -999.9 -999.9 -999.9 -999.9 -999.9 -999.9 -999.9 -999.9 -999.9 0.2 6.2 7.4 7.6 7.6 -999.9 -999.9 -999.9 -999.9 -999.9 -999.9 CEMADEN_-_André_da_Rocha_-_G2-430066101A_(705_m) -999.9 -999.9 -999.9 -999.9 -999.9 -999.9 -999.9 -999.9 Rio_Grande_do_Sul CEMADEN -999.9 0.0 -999.9
-28.62961 -51.57495 17819 2026-08-06_19:30 -999.9 -999.9 -999.9 -999.9 -999.9 -999.9 -999.9 -999.9 -999.9 -999.9 -999.9 -999.9 -999.9 -999.9 -999.9 -999.9 0.4 6.6 7.8 8.0 8.0 -999.9 -999.9 -999.9 -999.9 -999.9 -999.9 CEMADEN_-_André_da_Rocha_-_G2-430066101A_(705_m) -999.9 -999.9 -999.9 -999.9 -999.9 -999.9 -999.9 -999.9 Rio_Grande_do_Sul CEMADEN -999.9 0.4 -999.9
-28.62961 -51.57495 17819 2026-08-06_20:10 -999.9 -999.9 -999.9 -999.9 -999.9 -999.9 -999.9 -999.9 -999.9 -999.9 -999.9 -999.9 -999.9 -999.9 -999.9 -999.9 -999.9 6.6 7.8 8.0 8.0 -999.9 -999.9 -999.9 -999.9 -999.9 -999.9 CEMADEN_-_André_da_Rocha_-_G2-430066101A_(705_m) -999.9 -999.9 -999.9 -999.9 -999.9 -999.9 -999.9 -999.9 Rio_Grande_do_Sul CEMADEN -999.9 0.0 -999.9
-28.62961 -51.57495 17819 2026-08-06_21:40 -999.9 -999.9 -999.9 -999.9 -999.9 -999.9 -999.9 -999.9 -999.9 -999.9 -999.9 -999.9 -999.9 -999.9 -999.9 -999.9 0.2 6.8 8.0 8.2 8.2 -999.9 -999.9 -999.9 -999.9 -999.9 -999.9 CEMADEN_-_André_da_Rocha_-_G2-430066101A_(705_m) -999.9 -999.9 -999.9 -999.9 -999.9 -999.9 -999.9 -999.9 Rio_Grande_do_Sul CEMADEN -999.9 0.2 -999.9
-28.62961 -51.57495 17819 2026-08-06_21:50 -999.9 -999.9 -999.9 -999.9 -999.9 -999.9 -999.9 -999.9 -999.9 -999.9 -999.9 -999.9 -999.9 -999.9 -999.9 -999.9 1.6 8.2 9.4 9.6 9.6 -999.9 -999.9 -999.9 -999.9 -999.9 -999.9 CEMADEN_-_André_da_Rocha_-_G2-430066101A_(705_m) -999.9 -999.9 -999.9 -999.9 -999.9 -999.9 -999.9 -999.9 Rio_Grande_do_Sul CEMADEN -999.9 1.4 -999.9
-28.62961 -51.57495 17819 2026-08-06_22:10 -999.9 -999.9 -999.9 -999.9 -999.9 -999.9 -999.9 -999.9 -999.9 -999.9 -999.9 -999.9 -999.9 -999.9 -999.9 -999.9 5.2 11.8 13.0 13.2 13.2 -999.9 -999.9 -999.9 -999.9 -999.9 -999.9 CEMADEN_-_André_da_Rocha_-_G2-430066101A_(705_m) -999.9 -999.9 -999.9 -999.9 -999.9 -999.9 -999.9 -999.9 Rio_Grande_do_Sul CEMADEN -999.9 3.6 -999.9
-28.62961 -51.57495 17819 2026-08-06_22:20 -999.9 -999.9 -999.9 -999.9 -999.9 -999.9 -999.9 -999.9 -999.9 -999.9 -999.9 -999.9 -999.9 -999.9 -999.9 -999.9 6.6 13.2 14.4 14.6 14.6 -999.9 -999.9 -999.9 -999.9 -999.9 -999.9 CEMADEN_-_André_da_Rocha_-_G2-430066101A_(705_m) -999.9 -999.9 -999.9 -999.9 -999.9 -999.9 -999.9 -999.9 Rio_Grande_do_Sul CEMADEN -999.9 1.4 -999.9
-28.62961 -51.57495 17819 2026-08-06_22:40 -999.9 -999.9 -999.9 -999.9 -999.9 -999.9 -999.9 -999.9 -999.9 -999.9 -999.9 -999.9 -999.9 -999.9 -999.9 -999.9 11.6 19.8 21.0 21.2 21.2 -999.9 -999.9 -999.9 -999.9 -999.9 -999.9 CEMADEN_-_André_da_Rocha_-_G2-430066101A_(705_m) -999.9 -999.9 -999.9 -999.9 -999.9 -999.9 -999.9 -999.9 Rio_Grande_do_Sul CEMADEN -999.9 6.6 -999.9
-28.62961 -51.57495 17819 2026-08-06_23:00 -999.9 -999.9 -999.9 -999.9 -999.9 -999.9 -999.9 -999.9 -999.9 -999.9 -999.9 -999.9 -999.9 -999.9 -999.9 -999.9 12.6 22.2 23.4 23.6 23.6 -999.9 -999.9 -999.9 -999.9 -999.9 -999.9 CEMADEN_-_André_da_Rocha_-_G2-430066101A_(705_m) -999.9 -999.9 -999.9 -999.9 -999.9 -999.9 -999.9 -999.9 Rio_Grande_do_Sul CEMADEN -999.9 2.4 -999.9
-28.62961 -51.57495 17819 2026-08-06_23:10 -999.9 -999.9 -999.9 -999.9 -999.9 -999.9 -999.9 -999.9 -999.9 -999.9 -999.9 -999.9 -999.9 -999.9 -999.9 -999.9 11.6 23.4 24.6 24.8 24.8 -999.9 -999.9 -999.9 -999.9 -999.9 -999.9 CEMADEN_-_André_da_Rocha_-_G2-430066101A_(705_m) -999.9 -999.9 -999.9 -999.9 -999.9 -999.9 -999.9 -999.9 Rio_Grande_do_Sul CEMADEN -999.9 1.2 -999.9
-28.62961 -51.57495 17819 2026-08-06_23:20 -999.9 -999.9 -999.9 -999.9 -999.9 -999.9 -999.9 -999.9 -999.9 -999.9 -999.9 -999.9 -999.9 -999.9 -999.9 -999.9 7.6 24.0 25.2 25.4 25.4 -999.9 -999.9 -999.9 -999.9 -999.9 -999.9 CEMADEN_-_André_da_Rocha_-_G2-430066101A_(705_m) -999.9 -999.9 -999.9 -999.9 -999.9 -999.9 -999.9 -999.9 Rio_Grande_do_Sul CEMADEN -999.9 0.6 -999.9
-28.62961 -51.57495 17819 2026-08-06_23:30 -999.9 -999.9 -999.9 -999.9 -999.9 -999.9 -999.9 -999.9 -999.9 -999.9 -999.9 -999.9 -999.9 -999.9 -999.9 -999.9 4.6 24.4 25.6 25.8 25.8 -999.9 -999.9 -999.9 -999.9 -999.9 -999.9 CEMADEN_-_André_da_Rocha_-_G2-430066101A_(705_m) -999.9 -999.9 -999.9 -999.9 -999.9 -999.9 -999.9 -999.9 Rio_Grande_do_Sul CEMADEN -999.9 0.4 -999.9
-28.62961 -51.57495 17819 2026-08-06_23:40 -999.9 -999.9 -999.9 -999.9 -999.9 -999.9 -999.9 -999.9 -999.9 -999.9 -999.9 -999.9 -999.9 -999.9 -999.9 -999.9 2.6 24.6 25.8 26.0 26.0 -999.9 -999.9 -999.9 -999.9 -999.9 -999.9 CEMADEN_-_André_da_Rocha_-_G2-430066101A_(705_m) -999.9 -999.9 -999.9 -999.9 -999.9 -999.9 -999.9 -999.9 Rio_Grande_do_Sul CEMADEN -999.9 0.2 -999.9
