-28.71022 -51.92982 8928 2026-07-26_00:30 -999.9 -999.9 -999.9 -999.9 -999.9 -999.9 -999.9 -999.9 -999.9 -999.9 -999.9 -999.9 -999.9 -999.9 -999.9 -999.9 -999.9 0.0 1.0 1 6.8 119.6 -999.9 -999.9 -999.9 -999.9 -999.9 CEMADEN_-_Serafina_Corrêa_-_Centro_(527_m) -999.9 -999.9 -999.9 -999.9 -999.9 -999.9 -999.9 -999.9 Rio_Grande_do_Sul CEMADEN -999.9 0.0 -999.9
-28.71022 -51.92982 8928 2026-07-26_01:30 -999.9 -999.9 -999.9 -999.9 -999.9 -999.9 -999.9 -999.9 -999.9 -999.9 -999.9 -999.9 -999.9 -999.9 -999.9 -999.9 -999.9 0.0 1.0 1 6.8 119.6 -999.9 -999.9 -999.9 -999.9 -999.9 CEMADEN_-_Serafina_Corrêa_-_Centro_(527_m) -999.9 -999.9 -999.9 -999.9 -999.9 -999.9 -999.9 -999.9 Rio_Grande_do_Sul CEMADEN -999.9 0.0 -999.9
-28.71022 -51.92982 8928 2026-07-26_02:30 -999.9 -999.9 -999.9 -999.9 -999.9 -999.9 -999.9 -999.9 -999.9 -999.9 -999.9 -999.9 -999.9 -999.9 -999.9 -999.9 -999.9 0.0 1.0 1 6.8 119.6 -999.9 -999.9 -999.9 -999.9 -999.9 CEMADEN_-_Serafina_Corrêa_-_Centro_(527_m) -999.9 -999.9 -999.9 -999.9 -999.9 -999.9 -999.9 -999.9 Rio_Grande_do_Sul CEMADEN -999.9 0.0 -999.9
-28.71022 -51.92982 8928 2026-07-26_03:30 -999.9 -999.9 -999.9 -999.9 -999.9 -999.9 -999.9 -999.9 -999.9 -999.9 -999.9 -999.9 -999.9 -999.9 -999.9 -999.9 -999.9 0.0 1.0 1 6.8 119.6 -999.9 -999.9 -999.9 -999.9 -999.9 CEMADEN_-_Serafina_Corrêa_-_Centro_(527_m) -999.9 -999.9 -999.9 -999.9 -999.9 -999.9 -999.9 -999.9 Rio_Grande_do_Sul CEMADEN -999.9 0.0 -999.9
-28.71022 -51.92982 8928 2026-07-26_04:30 -999.9 -999.9 -999.9 -999.9 -999.9 -999.9 -999.9 -999.9 -999.9 -999.9 -999.9 -999.9 -999.9 -999.9 -999.9 -999.9 -999.9 0.0 1.0 1 6.8 119.6 -999.9 -999.9 -999.9 -999.9 -999.9 CEMADEN_-_Serafina_Corrêa_-_Centro_(527_m) -999.9 -999.9 -999.9 -999.9 -999.9 -999.9 -999.9 -999.9 Rio_Grande_do_Sul CEMADEN -999.9 0.0 -999.9
-28.71022 -51.92982 8928 2026-07-26_05:30 -999.9 -999.9 -999.9 -999.9 -999.9 -999.9 -999.9 -999.9 -999.9 -999.9 -999.9 -999.9 -999.9 -999.9 -999.9 -999.9 -999.9 0.0 1.0 1 6.8 119.6 -999.9 -999.9 -999.9 -999.9 -999.9 CEMADEN_-_Serafina_Corrêa_-_Centro_(527_m) -999.9 -999.9 -999.9 -999.9 -999.9 -999.9 -999.9 -999.9 Rio_Grande_do_Sul CEMADEN -999.9 0.0 -999.9
-28.71022 -51.92982 8928 2026-07-26_06:30 -999.9 -999.9 -999.9 -999.9 -999.9 -999.9 -999.9 -999.9 -999.9 -999.9 -999.9 -999.9 -999.9 -999.9 -999.9 -999.9 -999.9 0.0 1.0 1 6.8 119.6 -999.9 -999.9 -999.9 -999.9 -999.9 CEMADEN_-_Serafina_Corrêa_-_Centro_(527_m) -999.9 -999.9 -999.9 -999.9 -999.9 -999.9 -999.9 -999.9 Rio_Grande_do_Sul CEMADEN -999.9 0.0 -999.9
-28.71022 -51.92982 8928 2026-07-26_07:30 -999.9 -999.9 -999.9 -999.9 -999.9 -999.9 -999.9 -999.9 -999.9 -999.9 -999.9 -999.9 -999.9 -999.9 -999.9 -999.9 -999.9 0.0 1.0 1 6.8 119.6 -999.9 -999.9 -999.9 -999.9 -999.9 CEMADEN_-_Serafina_Corrêa_-_Centro_(527_m) -999.9 -999.9 -999.9 -999.9 -999.9 -999.9 -999.9 -999.9 Rio_Grande_do_Sul CEMADEN -999.9 0.0 -999.9
-28.71022 -51.92982 8928 2026-07-26_08:30 -999.9 -999.9 -999.9 -999.9 -999.9 -999.9 -999.9 -999.9 -999.9 -999.9 -999.9 -999.9 -999.9 -999.9 -999.9 -999.9 -999.9 0.0 1.0 1 6.8 119.6 -999.9 -999.9 -999.9 -999.9 -999.9 CEMADEN_-_Serafina_Corrêa_-_Centro_(527_m) -999.9 -999.9 -999.9 -999.9 -999.9 -999.9 -999.9 -999.9 Rio_Grande_do_Sul CEMADEN -999.9 0.0 -999.9
-28.71022 -51.92982 8928 2026-07-26_09:30 -999.9 -999.9 -999.9 -999.9 -999.9 -999.9 -999.9 -999.9 -999.9 -999.9 -999.9 -999.9 -999.9 -999.9 -999.9 -999.9 -999.9 0.0 1.0 1 6.8 119.6 -999.9 -999.9 -999.9 -999.9 -999.9 CEMADEN_-_Serafina_Corrêa_-_Centro_(527_m) -999.9 -999.9 -999.9 -999.9 -999.9 -999.9 -999.9 -999.9 Rio_Grande_do_Sul CEMADEN -999.9 0.0 -999.9
-28.71022 -51.92982 8928 2026-07-26_10:30 -999.9 -999.9 -999.9 -999.9 -999.9 -999.9 -999.9 -999.9 -999.9 -999.9 -999.9 -999.9 -999.9 -999.9 -999.9 -999.9 -999.9 0.0 1.0 1 6.8 119.6 -999.9 -999.9 -999.9 -999.9 -999.9 CEMADEN_-_Serafina_Corrêa_-_Centro_(527_m) -999.9 -999.9 -999.9 -999.9 -999.9 -999.9 -999.9 -999.9 Rio_Grande_do_Sul CEMADEN -999.9 0.0 -999.9
-28.71022 -51.92982 8928 2026-07-26_11:30 -999.9 -999.9 -999.9 -999.9 -999.9 -999.9 -999.9 -999.9 -999.9 -999.9 -999.9 -999.9 -999.9 -999.9 -999.9 -999.9 -999.9 0.0 1.0 1 6.8 119.6 -999.9 -999.9 -999.9 -999.9 -999.9 CEMADEN_-_Serafina_Corrêa_-_Centro_(527_m) -999.9 -999.9 -999.9 -999.9 -999.9 -999.9 -999.9 -999.9 Rio_Grande_do_Sul CEMADEN -999.9 0.0 -999.9
-28.71022 -51.92982 8928 2026-07-26_12:30 -999.9 -999.9 -999.9 -999.9 -999.9 -999.9 -999.9 -999.9 -999.9 -999.9 -999.9 -999.9 -999.9 -999.9 -999.9 -999.9 -999.9 0.0 1.0 1 6.8 119.6 -999.9 -999.9 -999.9 -999.9 -999.9 CEMADEN_-_Serafina_Corrêa_-_Centro_(527_m) -999.9 -999.9 -999.9 -999.9 -999.9 -999.9 -999.9 -999.9 Rio_Grande_do_Sul CEMADEN -999.9 0.0 -999.9
-28.71022 -51.92982 8928 2026-07-26_13:30 -999.9 -999.9 -999.9 -999.9 -999.9 -999.9 -999.9 -999.9 -999.9 -999.9 -999.9 -999.9 -999.9 -999.9 -999.9 -999.9 -999.9 0.0 1.0 1 6.8 119.6 -999.9 -999.9 -999.9 -999.9 -999.9 CEMADEN_-_Serafina_Corrêa_-_Centro_(527_m) -999.9 -999.9 -999.9 -999.9 -999.9 -999.9 -999.9 -999.9 Rio_Grande_do_Sul CEMADEN -999.9 0.0 -999.9
-28.71022 -51.92982 8928 2026-07-26_13:40 -999.9 -999.9 -999.9 -999.9 -999.9 -999.9 -999.9 -999.9 -999.9 -999.9 -999.9 -999.9 -999.9 -999.9 -999.9 -999.9 1.0 1.0 2.0 2 7.8 120.6 -999.9 -999.9 -999.9 -999.9 -999.9 CEMADEN_-_Serafina_Corrêa_-_Centro_(527_m) -999.9 -999.9 -999.9 -999.9 -999.9 -999.9 -999.9 -999.9 Rio_Grande_do_Sul CEMADEN -999.9 1.0 -999.9
-28.71022 -51.92982 8928 2026-07-26_14:30 -999.9 -999.9 -999.9 -999.9 -999.9 -999.9 -999.9 -999.9 -999.9 -999.9 -999.9 -999.9 -999.9 -999.9 -999.9 -999.9 -999.9 1.0 2.0 2 7.8 120.6 -999.9 -999.9 -999.9 -999.9 -999.9 CEMADEN_-_Serafina_Corrêa_-_Centro_(527_m) -999.9 -999.9 -999.9 -999.9 -999.9 -999.9 -999.9 -999.9 Rio_Grande_do_Sul CEMADEN -999.9 0.0 -999.9
-28.71022 -51.92982 8928 2026-07-26_15:30 -999.9 -999.9 -999.9 -999.9 -999.9 -999.9 -999.9 -999.9 -999.9 -999.9 -999.9 -999.9 -999.9 -999.9 -999.9 -999.9 -999.9 1.0 2.0 2 7.8 120.6 -999.9 -999.9 -999.9 -999.9 -999.9 CEMADEN_-_Serafina_Corrêa_-_Centro_(527_m) -999.9 -999.9 -999.9 -999.9 -999.9 -999.9 -999.9 -999.9 Rio_Grande_do_Sul CEMADEN -999.9 0.0 -999.9
-28.71022 -51.92982 8928 2026-07-26_16:30 -999.9 -999.9 -999.9 -999.9 -999.9 -999.9 -999.9 -999.9 -999.9 -999.9 -999.9 -999.9 -999.9 -999.9 -999.9 -999.9 -999.9 -3.6 2.0 2 3.2 116.0 -999.9 -999.9 -999.9 -999.9 -999.9 CEMADEN_-_Serafina_Corrêa_-_Centro_(527_m) -999.9 -999.9 -999.9 -999.9 -999.9 -999.9 -999.9 -999.9 Rio_Grande_do_Sul CEMADEN -999.9 -4.6 -999.9
-28.71022 -51.92982 8928 2026-07-26_17:30 -999.9 -999.9 -999.9 -999.9 -999.9 -999.9 -999.9 -999.9 -999.9 -999.9 -999.9 -999.9 -999.9 -999.9 -999.9 -999.9 -999.9 -3.8 2.0 2 3.0 115.8 -999.9 -999.9 -999.9 -999.9 -999.9 CEMADEN_-_Serafina_Corrêa_-_Centro_(527_m) -999.9 -999.9 -999.9 -999.9 -999.9 -999.9 -999.9 -999.9 Rio_Grande_do_Sul CEMADEN -999.9 -0.2 -999.9
-28.71022 -51.92982 8928 2026-07-26_18:30 -999.9 -999.9 -999.9 -999.9 -999.9 -999.9 -999.9 -999.9 -999.9 -999.9 -999.9 -999.9 -999.9 -999.9 -999.9 -999.9 -999.9 -3.8 2.0 2 3.0 115.8 -999.9 -999.9 -999.9 -999.9 -999.9 CEMADEN_-_Serafina_Corrêa_-_Centro_(527_m) -999.9 -999.9 -999.9 -999.9 -999.9 -999.9 -999.9 -999.9 Rio_Grande_do_Sul CEMADEN -999.9 0.0 -999.9
-28.71022 -51.92982 8928 2026-07-26_19:30 -999.9 -999.9 -999.9 -999.9 -999.9 -999.9 -999.9 -999.9 -999.9 -999.9 -999.9 -999.9 -999.9 -999.9 -999.9 -999.9 -999.9 -4.0 2.0 2 2.8 115.6 -999.9 -999.9 -999.9 -999.9 -999.9 CEMADEN_-_Serafina_Corrêa_-_Centro_(527_m) -999.9 -999.9 -999.9 -999.9 -999.9 -999.9 -999.9 -999.9 Rio_Grande_do_Sul CEMADEN -999.9 -0.2 -999.9
-28.71022 -51.92982 8928 2026-07-26_20:30 -999.9 -999.9 -999.9 -999.9 -999.9 -999.9 -999.9 -999.9 -999.9 -999.9 -999.9 -999.9 -999.9 -999.9 -999.9 -999.9 -999.9 -4.0 1.4 2 2.8 115.6 -999.9 -999.9 -999.9 -999.9 -999.9 CEMADEN_-_Serafina_Corrêa_-_Centro_(527_m) -999.9 -999.9 -999.9 -999.9 -999.9 -999.9 -999.9 -999.9 Rio_Grande_do_Sul CEMADEN -999.9 0.0 -999.9
-28.71022 -51.92982 8928 2026-07-26_21:30 -999.9 -999.9 -999.9 -999.9 -999.9 -999.9 -999.9 -999.9 -999.9 -999.9 -999.9 -999.9 -999.9 -999.9 -999.9 -999.9 -999.9 -4.0 1.2 2 2.8 115.6 -999.9 -999.9 -999.9 -999.9 -999.9 CEMADEN_-_Serafina_Corrêa_-_Centro_(527_m) -999.9 -999.9 -999.9 -999.9 -999.9 -999.9 -999.9 -999.9 Rio_Grande_do_Sul CEMADEN -999.9 0.0 -999.9
-28.71022 -51.92982 8928 2026-07-26_22:30 -999.9 -999.9 -999.9 -999.9 -999.9 -999.9 -999.9 -999.9 -999.9 -999.9 -999.9 -999.9 -999.9 -999.9 -999.9 -999.9 -999.9 -4.6 1.2 2 2.2 115.0 -999.9 -999.9 -999.9 -999.9 -999.9 CEMADEN_-_Serafina_Corrêa_-_Centro_(527_m) -999.9 -999.9 -999.9 -999.9 -999.9 -999.9 -999.9 -999.9 Rio_Grande_do_Sul CEMADEN -999.9 -0.6 -999.9
-28.71022 -51.92982 8928 2026-07-26_23:30 -999.9 -999.9 -999.9 -999.9 -999.9 -999.9 -999.9 -999.9 -999.9 -999.9 -999.9 -999.9 -999.9 -999.9 -999.9 -999.9 -999.9 -4.8 1.2 2 2.0 114.8 -999.9 -999.9 -999.9 -999.9 -999.9 CEMADEN_-_Serafina_Corrêa_-_Centro_(527_m) -999.9 -999.9 -999.9 -999.9 -999.9 -999.9 -999.9 -999.9 Rio_Grande_do_Sul CEMADEN -999.9 -0.2 -999.9
