-28.298889 -51.378178 EPAGRI-2416 2026-09-07_00:00 0.8 1.4 0.8 96.6 96.6 94.1 0.3 -999.9 -999.9 -999.9 -999.9 -999.9 -999.9 -999.9 -999.9 -999.9 0.0 0.0 0.0 0.0 0.0 10.9 16.1 -1.8 100.0 55.8 -999.9 EPAGRI_-_Lagoa_Vermelha_-_BASF_(848_m) -999.9 -999.9 -999.9 -999.9 -999.9 -999.9 -999.9 -999.9 Rio_Grande_do_Sul EPAGRI -999.9 -999.9 -999.9
-28.298889 -51.378178 EPAGRI-2416 2026-09-07_01:00 0.6 0.8 0.5 97.5 97.8 96.6 0.2 -999.9 -999.9 -999.9 -999.9 -999.9 -999.9 -999.9 -999.9 -999.9 0.0 0.0 0.0 0.0 0.0 10.9 16.1 -1.8 100.0 55.8 -999.9 EPAGRI_-_Lagoa_Vermelha_-_BASF_(848_m) -999.9 -999.9 -999.9 -999.9 -999.9 -999.9 -999.9 -999.9 Rio_Grande_do_Sul EPAGRI -999.9 -999.9 -999.9
-28.298889 -51.378178 EPAGRI-2416 2026-09-07_02:00 -0.2 0.6 -0.2 98.9 98.9 97.0 -0.4 -999.9 -999.9 -999.9 -999.9 -999.9 -999.9 -999.9 -999.9 -999.9 0.0 0.0 0.0 0.0 0.0 10.9 16.1 -1.8 100.0 55.8 -999.9 EPAGRI_-_Lagoa_Vermelha_-_BASF_(848_m) -999.9 -999.9 -999.9 -999.9 -999.9 -999.9 -999.9 -999.9 Rio_Grande_do_Sul EPAGRI -999.9 -999.9 -999.9
-28.298889 -51.378178 EPAGRI-2416 2026-09-07_03:00 -0.7 -0.2 -0.7 99.2 99.8 98.8 -0.8 -999.9 -999.9 -999.9 -999.9 -999.9 -999.9 -999.9 -999.9 -999.9 0.0 0.0 0.0 0.0 0.0 10.9 16.1 -1.8 100.0 55.8 -999.9 EPAGRI_-_Lagoa_Vermelha_-_BASF_(848_m) -999.9 -999.9 -999.9 -999.9 -999.9 -999.9 -999.9 -999.9 Rio_Grande_do_Sul EPAGRI -999.9 -999.9 -999.9
-28.298889 -51.378178 EPAGRI-2416 2026-09-07_04:00 -1.0 -0.6 -1.0 99.2 99.9 98.8 -1.1 -999.9 -999.9 -999.9 -999.9 -999.9 -999.9 -999.9 -999.9 -999.9 0.0 0.0 0.0 0.0 0.0 10.9 16.1 -1.8 100.0 55.8 -999.9 EPAGRI_-_Lagoa_Vermelha_-_BASF_(848_m) -999.9 -999.9 -999.9 -999.9 -999.9 -999.9 -999.9 -999.9 Rio_Grande_do_Sul EPAGRI -999.9 -999.9 -999.9
-28.298889 -51.378178 EPAGRI-2416 2026-09-07_05:00 -1.6 -0.9 -1.7 100.0 100.0 99.2 -1.6 -999.9 -999.9 -999.9 -999.9 -999.9 -999.9 -999.9 -999.9 -999.9 0.0 0.0 0.0 0.0 0.0 10.9 16.1 -1.8 100.0 55.8 -999.9 EPAGRI_-_Lagoa_Vermelha_-_BASF_(848_m) -999.9 -999.9 -999.9 -999.9 -999.9 -999.9 -999.9 -999.9 Rio_Grande_do_Sul EPAGRI -999.9 -999.9 -999.9
-28.298889 -51.378178 EPAGRI-2416 2026-09-07_06:00 -1.6 -1.6 -1.8 100.0 100.0 100.0 -1.7 -999.9 -999.9 -999.9 -999.9 -999.9 -999.9 -999.9 -999.9 -999.9 0.0 0.0 0.0 0.0 0.0 10.9 16.1 -1.8 100.0 55.8 -999.9 EPAGRI_-_Lagoa_Vermelha_-_BASF_(848_m) -999.9 -999.9 -999.9 -999.9 -999.9 -999.9 -999.9 -999.9 Rio_Grande_do_Sul EPAGRI -999.9 -999.9 -999.9
-28.298889 -51.378178 EPAGRI-2416 2026-09-07_07:00 -0.2 -0.2 -1.7 99.2 100.0 99.0 -0.4 -999.9 -999.9 -999.9 -999.9 -999.9 -999.9 -999.9 -999.9 -999.9 0.0 0.0 0.0 0.0 0.0 10.9 16.1 -1.8 100.0 55.8 -999.9 EPAGRI_-_Lagoa_Vermelha_-_BASF_(848_m) -999.9 -999.9 -999.9 -999.9 -999.9 -999.9 -999.9 -999.9 Rio_Grande_do_Sul EPAGRI -999.9 -999.9 -999.9
-28.298889 -51.378178 EPAGRI-2416 2026-09-07_08:00 2.0 2.2 -0.3 95.5 99.5 93.9 1.3 -999.9 -999.9 -999.9 -999.9 -999.9 -999.9 -999.9 -999.9 -999.9 0.0 0.0 0.0 0.0 0.0 10.9 16.1 -1.8 100.0 55.8 -999.9 EPAGRI_-_Lagoa_Vermelha_-_BASF_(848_m) -999.9 -999.9 -999.9 -999.9 -999.9 -999.9 -999.9 -999.9 Rio_Grande_do_Sul EPAGRI -999.9 -999.9 -999.9
-28.298889 -51.378178 EPAGRI-2416 2026-09-07_09:00 3.0 3.2 1.5 92.6 96.6 89.8 1.9 -999.9 -999.9 -999.9 -999.9 -999.9 -999.9 -999.9 -999.9 -999.9 0.0 0.0 0.0 0.0 0.0 10.9 16.1 -1.8 100.0 55.8 -999.9 EPAGRI_-_Lagoa_Vermelha_-_BASF_(848_m) -999.9 -999.9 -999.9 -999.9 -999.9 -999.9 -999.9 -999.9 Rio_Grande_do_Sul EPAGRI -999.9 -999.9 -999.9
-28.298889 -51.378178 EPAGRI-2416 2026-09-07_10:00 7.9 8.2 2.9 73.0 93.1 72.3 3.3 -999.9 -999.9 -999.9 -999.9 -999.9 -999.9 -999.9 -999.9 -999.9 0.0 0.0 0.0 0.0 0.0 10.9 16.1 -1.8 100.0 55.8 -999.9 EPAGRI_-_Lagoa_Vermelha_-_BASF_(848_m) -999.9 -999.9 -999.9 -999.9 -999.9 -999.9 -999.9 -999.9 Rio_Grande_do_Sul EPAGRI -999.9 -999.9 -999.9
-28.298889 -51.378178 EPAGRI-2416 2026-09-07_11:00 11.0 11.1 7.9 64.7 76.2 62.2 4.5 -999.9 -999.9 -999.9 -999.9 -999.9 -999.9 -999.9 -999.9 -999.9 0.0 0.0 0.0 0.0 0.0 10.9 16.1 -1.8 100.0 55.8 -999.9 EPAGRI_-_Lagoa_Vermelha_-_BASF_(848_m) -999.9 -999.9 -999.9 -999.9 -999.9 -999.9 -999.9 -999.9 Rio_Grande_do_Sul EPAGRI -999.9 -999.9 -999.9
-28.298889 -51.378178 EPAGRI-2416 2026-09-07_12:00 12.4 12.9 10.6 66.4 68.5 60.6 6.2 -999.9 -999.9 -999.9 -999.9 -999.9 -999.9 -999.9 -999.9 -999.9 0.0 0.0 0.0 0.0 0.0 10.9 16.1 -1.8 100.0 55.8 -999.9 EPAGRI_-_Lagoa_Vermelha_-_BASF_(848_m) -999.9 -999.9 -999.9 -999.9 -999.9 -999.9 -999.9 -999.9 Rio_Grande_do_Sul EPAGRI -999.9 -999.9 -999.9
-28.298889 -51.378178 EPAGRI-2416 2026-09-07_13:00 13.0 14.0 11.6 65.6 71.0 62.3 6.6 -999.9 -999.9 -999.9 -999.9 -999.9 -999.9 -999.9 -999.9 -999.9 0.0 0.0 0.0 0.0 0.0 10.9 16.1 -1.8 100.0 55.8 -999.9 EPAGRI_-_Lagoa_Vermelha_-_BASF_(848_m) -999.9 -999.9 -999.9 -999.9 -999.9 -999.9 -999.9 -999.9 Rio_Grande_do_Sul EPAGRI -999.9 -999.9 -999.9
-28.298889 -51.378178 EPAGRI-2416 2026-09-07_14:00 14.3 14.3 12.8 62.4 69.0 62.4 7.2 -999.9 -999.9 -999.9 -999.9 -999.9 -999.9 -999.9 -999.9 -999.9 0.0 0.0 0.0 0.0 0.0 10.9 16.1 -1.8 100.0 55.8 -999.9 EPAGRI_-_Lagoa_Vermelha_-_BASF_(848_m) -999.9 -999.9 -999.9 -999.9 -999.9 -999.9 -999.9 -999.9 Rio_Grande_do_Sul EPAGRI -999.9 -999.9 -999.9
-28.298889 -51.378178 EPAGRI-2416 2026-09-07_15:00 13.6 16.1 13.6 64.0 66.1 55.8 6.9 -999.9 -999.9 -999.9 -999.9 -999.9 -999.9 -999.9 -999.9 -999.9 0.0 0.0 0.0 0.0 0.0 10.9 16.1 -1.8 100.0 55.8 -999.9 EPAGRI_-_Lagoa_Vermelha_-_BASF_(848_m) -999.9 -999.9 -999.9 -999.9 -999.9 -999.9 -999.9 -999.9 Rio_Grande_do_Sul EPAGRI -999.9 -999.9 -999.9
-28.298889 -51.378178 EPAGRI-2416 2026-09-07_16:00 14.2 15.4 13.2 62.7 67.2 59.6 7.1 -999.9 -999.9 -999.9 -999.9 -999.9 -999.9 -999.9 -999.9 -999.9 0.0 0.0 0.0 0.0 0.0 10.9 16.1 -1.8 100.0 55.8 -999.9 EPAGRI_-_Lagoa_Vermelha_-_BASF_(848_m) -999.9 -999.9 -999.9 -999.9 -999.9 -999.9 -999.9 -999.9 Rio_Grande_do_Sul EPAGRI -999.9 -999.9 -999.9
-28.298889 -51.378178 EPAGRI-2416 2026-09-07_17:00 13.3 15.9 13.3 68.4 69.1 58.1 7.6 -999.9 -999.9 -999.9 -999.9 -999.9 -999.9 -999.9 -999.9 -999.9 0.0 0.0 0.0 0.0 0.0 10.9 16.1 -1.8 100.0 55.8 -999.9 EPAGRI_-_Lagoa_Vermelha_-_BASF_(848_m) -999.9 -999.9 -999.9 -999.9 -999.9 -999.9 -999.9 -999.9 Rio_Grande_do_Sul EPAGRI -999.9 -999.9 -999.9
-28.298889 -51.378178 EPAGRI-2416 2026-09-07_18:00 11.3 13.3 11.3 74.0 74.0 67.2 6.8 -999.9 -999.9 -999.9 -999.9 -999.9 -999.9 -999.9 -999.9 -999.9 0.0 0.0 0.0 0.0 0.0 10.9 16.1 -1.8 100.0 55.8 -999.9 EPAGRI_-_Lagoa_Vermelha_-_BASF_(848_m) -999.9 -999.9 -999.9 -999.9 -999.9 -999.9 -999.9 -999.9 Rio_Grande_do_Sul EPAGRI -999.9 -999.9 -999.9
-28.298889 -51.378178 EPAGRI-2416 2026-09-07_19:00 9.3 11.4 9.3 84.7 84.8 74.0 6.8 -999.9 -999.9 -999.9 -999.9 -999.9 -999.9 -999.9 -999.9 -999.9 0.0 0.0 0.0 0.0 0.0 10.9 16.1 -1.8 100.0 55.8 -999.9 EPAGRI_-_Lagoa_Vermelha_-_BASF_(848_m) -999.9 -999.9 -999.9 -999.9 -999.9 -999.9 -999.9 -999.9 Rio_Grande_do_Sul EPAGRI -999.9 -999.9 -999.9
-28.298889 -51.378178 EPAGRI-2416 2026-09-07_20:00 8.2 9.3 8.2 89.2 89.4 84.4 6.6 -999.9 -999.9 -999.9 -999.9 -999.9 -999.9 -999.9 -999.9 -999.9 0.0 0.0 0.0 0.0 0.0 10.9 16.1 -1.8 100.0 55.8 -999.9 EPAGRI_-_Lagoa_Vermelha_-_BASF_(848_m) -999.9 -999.9 -999.9 -999.9 -999.9 -999.9 -999.9 -999.9 Rio_Grande_do_Sul EPAGRI -999.9 -999.9 -999.9
-28.298889 -51.378178 EPAGRI-2416 2026-09-07_21:00 7.5 8.3 7.4 91.0 91.4 89.0 6.1 -999.9 -999.9 -999.9 -999.9 -999.9 -999.9 -999.9 -999.9 -999.9 0.0 0.0 0.0 0.0 0.0 10.9 16.1 -1.8 100.0 55.8 -999.9 EPAGRI_-_Lagoa_Vermelha_-_BASF_(848_m) -999.9 -999.9 -999.9 -999.9 -999.9 -999.9 -999.9 -999.9 Rio_Grande_do_Sul EPAGRI -999.9 -999.9 -999.9
-28.298889 -51.378178 EPAGRI-2416 2026-09-07_22:00 7.6 7.6 7.2 93.0 93.4 90.9 6.5 -999.9 -999.9 -999.9 -999.9 -999.9 -999.9 -999.9 -999.9 -999.9 0.0 0.0 0.0 0.0 0.0 10.9 16.1 -1.8 100.0 55.8 -999.9 EPAGRI_-_Lagoa_Vermelha_-_BASF_(848_m) -999.9 -999.9 -999.9 -999.9 -999.9 -999.9 -999.9 -999.9 Rio_Grande_do_Sul EPAGRI -999.9 -999.9 -999.9
-28.298889 -51.378178 EPAGRI-2416 2026-09-07_23:00 7.6 7.6 7.4 93.4 94.2 92.7 6.6 -999.9 -999.9 -999.9 -999.9 -999.9 -999.9 -999.9 -999.9 -999.9 0.0 0.0 0.0 0.0 0.0 10.9 16.1 -1.8 100.0 55.8 -999.9 EPAGRI_-_Lagoa_Vermelha_-_BASF_(848_m) -999.9 -999.9 -999.9 -999.9 -999.9 -999.9 -999.9 -999.9 Rio_Grande_do_Sul EPAGRI -999.9 -999.9 -999.9
