-28.9973 -51.2175 16920 2026-08-18_00:10 -999.9 -999.9 -999.9 -999.9 -999.9 -999.9 -999.9 -999.9 -999.9 -999.9 -999.9 -999.9 -999.9 -999.9 -999.9 -999.9 -999.9 0.0 2.8 5.4 7.0 16.6 -999.9 -999.9 -999.9 -999.9 -999.9 CEMADEN_-_Flores_da_Cunha_-_G2-430820101A_(720_m) -999.9 -999.9 -999.9 -999.9 -999.9 -999.9 -999.9 -999.9 Rio_Grande_do_Sul CEMADEN -999.9 0.0 -999.9
-28.9973 -51.2175 16920 2026-08-18_01:10 -999.9 -999.9 -999.9 -999.9 -999.9 -999.9 -999.9 -999.9 -999.9 -999.9 -999.9 -999.9 -999.9 -999.9 -999.9 -999.9 -999.9 0.0 2.8 5.2 7.0 16.6 -999.9 -999.9 -999.9 -999.9 -999.9 CEMADEN_-_Flores_da_Cunha_-_G2-430820101A_(720_m) -999.9 -999.9 -999.9 -999.9 -999.9 -999.9 -999.9 -999.9 Rio_Grande_do_Sul CEMADEN -999.9 0.0 -999.9
-28.9973 -51.2175 16920 2026-08-18_02:10 -999.9 -999.9 -999.9 -999.9 -999.9 -999.9 -999.9 -999.9 -999.9 -999.9 -999.9 -999.9 -999.9 -999.9 -999.9 -999.9 -999.9 -0.2 2.6 5.2 6.8 16.4 -999.9 -999.9 -999.9 -999.9 -999.9 CEMADEN_-_Flores_da_Cunha_-_G2-430820101A_(720_m) -999.9 -999.9 -999.9 -999.9 -999.9 -999.9 -999.9 -999.9 Rio_Grande_do_Sul CEMADEN -999.9 -0.2 -999.9
-28.9973 -51.2175 16920 2026-08-18_03:10 -999.9 -999.9 -999.9 -999.9 -999.9 -999.9 -999.9 -999.9 -999.9 -999.9 -999.9 -999.9 -999.9 -999.9 -999.9 -999.9 -999.9 -0.4 2.4 5.2 6.6 16.2 -999.9 -999.9 -999.9 -999.9 -999.9 CEMADEN_-_Flores_da_Cunha_-_G2-430820101A_(720_m) -999.9 -999.9 -999.9 -999.9 -999.9 -999.9 -999.9 -999.9 Rio_Grande_do_Sul CEMADEN -999.9 -0.2 -999.9
-28.9973 -51.2175 16920 2026-08-18_04:10 -999.9 -999.9 -999.9 -999.9 -999.9 -999.9 -999.9 -999.9 -999.9 -999.9 -999.9 -999.9 -999.9 -999.9 -999.9 -999.9 -999.9 -0.4 2.4 5.2 6.6 16.2 -999.9 -999.9 -999.9 -999.9 -999.9 CEMADEN_-_Flores_da_Cunha_-_G2-430820101A_(720_m) -999.9 -999.9 -999.9 -999.9 -999.9 -999.9 -999.9 -999.9 Rio_Grande_do_Sul CEMADEN -999.9 0.0 -999.9
-28.9973 -51.2175 16920 2026-08-18_05:10 -999.9 -999.9 -999.9 -999.9 -999.9 -999.9 -999.9 -999.9 -999.9 -999.9 -999.9 -999.9 -999.9 -999.9 -999.9 -999.9 -999.9 -0.6 2.2 5.2 6.4 16.0 -999.9 -999.9 -999.9 -999.9 -999.9 CEMADEN_-_Flores_da_Cunha_-_G2-430820101A_(720_m) -999.9 -999.9 -999.9 -999.9 -999.9 -999.9 -999.9 -999.9 Rio_Grande_do_Sul CEMADEN -999.9 -0.2 -999.9
-28.9973 -51.2175 16920 2026-08-18_06:10 -999.9 -999.9 -999.9 -999.9 -999.9 -999.9 -999.9 -999.9 -999.9 -999.9 -999.9 -999.9 -999.9 -999.9 -999.9 -999.9 -999.9 -0.8 2.2 5.2 6.2 15.8 -999.9 -999.9 -999.9 -999.9 -999.9 CEMADEN_-_Flores_da_Cunha_-_G2-430820101A_(720_m) -999.9 -999.9 -999.9 -999.9 -999.9 -999.9 -999.9 -999.9 Rio_Grande_do_Sul CEMADEN -999.9 -0.2 -999.9
-28.9973 -51.2175 16920 2026-08-18_07:10 -999.9 -999.9 -999.9 -999.9 -999.9 -999.9 -999.9 -999.9 -999.9 -999.9 -999.9 -999.9 -999.9 -999.9 -999.9 -999.9 -999.9 -0.8 2.0 5.2 6.2 15.8 -999.9 -999.9 -999.9 -999.9 -999.9 CEMADEN_-_Flores_da_Cunha_-_G2-430820101A_(720_m) -999.9 -999.9 -999.9 -999.9 -999.9 -999.9 -999.9 -999.9 Rio_Grande_do_Sul CEMADEN -999.9 0.0 -999.9
-28.9973 -51.2175 16920 2026-08-18_08:10 -999.9 -999.9 -999.9 -999.9 -999.9 -999.9 -999.9 -999.9 -999.9 -999.9 -999.9 -999.9 -999.9 -999.9 -999.9 -999.9 -999.9 -1.0 1.8 5.2 6.0 15.6 -999.9 -999.9 -999.9 -999.9 -999.9 CEMADEN_-_Flores_da_Cunha_-_G2-430820101A_(720_m) -999.9 -999.9 -999.9 -999.9 -999.9 -999.9 -999.9 -999.9 Rio_Grande_do_Sul CEMADEN -999.9 -0.2 -999.9
-28.9973 -51.2175 16920 2026-08-18_09:10 -999.9 -999.9 -999.9 -999.9 -999.9 -999.9 -999.9 -999.9 -999.9 -999.9 -999.9 -999.9 -999.9 -999.9 -999.9 -999.9 -999.9 -1.0 1.8 5.2 6.0 15.6 -999.9 -999.9 -999.9 -999.9 -999.9 CEMADEN_-_Flores_da_Cunha_-_G2-430820101A_(720_m) -999.9 -999.9 -999.9 -999.9 -999.9 -999.9 -999.9 -999.9 Rio_Grande_do_Sul CEMADEN -999.9 0.0 -999.9
-28.9973 -51.2175 16920 2026-08-18_10:10 -999.9 -999.9 -999.9 -999.9 -999.9 -999.9 -999.9 -999.9 -999.9 -999.9 -999.9 -999.9 -999.9 -999.9 -999.9 -999.9 -999.9 -1.0 1.6 5.2 6.0 15.6 -999.9 -999.9 -999.9 -999.9 -999.9 CEMADEN_-_Flores_da_Cunha_-_G2-430820101A_(720_m) -999.9 -999.9 -999.9 -999.9 -999.9 -999.9 -999.9 -999.9 Rio_Grande_do_Sul CEMADEN -999.9 0.0 -999.9
-28.9973 -51.2175 16920 2026-08-18_11:10 -999.9 -999.9 -999.9 -999.9 -999.9 -999.9 -999.9 -999.9 -999.9 -999.9 -999.9 -999.9 -999.9 -999.9 -999.9 -999.9 -999.9 -1.2 1.6 5.0 5.8 15.4 -999.9 -999.9 -999.9 -999.9 -999.9 CEMADEN_-_Flores_da_Cunha_-_G2-430820101A_(720_m) -999.9 -999.9 -999.9 -999.9 -999.9 -999.9 -999.9 -999.9 Rio_Grande_do_Sul CEMADEN -999.9 -0.2 -999.9
-28.9973 -51.2175 16920 2026-08-18_12:10 -999.9 -999.9 -999.9 -999.9 -999.9 -999.9 -999.9 -999.9 -999.9 -999.9 -999.9 -999.9 -999.9 -999.9 -999.9 -999.9 -999.9 -1.2 1.4 4.8 5.8 15.4 -999.9 -999.9 -999.9 -999.9 -999.9 CEMADEN_-_Flores_da_Cunha_-_G2-430820101A_(720_m) -999.9 -999.9 -999.9 -999.9 -999.9 -999.9 -999.9 -999.9 Rio_Grande_do_Sul CEMADEN -999.9 0.0 -999.9
-28.9973 -51.2175 16920 2026-08-18_13:10 -999.9 -999.9 -999.9 -999.9 -999.9 -999.9 -999.9 -999.9 -999.9 -999.9 -999.9 -999.9 -999.9 -999.9 -999.9 -999.9 -999.9 -1.2 1.4 4.6 5.8 15.4 -999.9 -999.9 -999.9 -999.9 -999.9 CEMADEN_-_Flores_da_Cunha_-_G2-430820101A_(720_m) -999.9 -999.9 -999.9 -999.9 -999.9 -999.9 -999.9 -999.9 Rio_Grande_do_Sul CEMADEN -999.9 0.0 -999.9
-28.9973 -51.2175 16920 2026-08-18_14:10 -999.9 -999.9 -999.9 -999.9 -999.9 -999.9 -999.9 -999.9 -999.9 -999.9 -999.9 -999.9 -999.9 -999.9 -999.9 -999.9 -999.9 -1.4 1.2 4.4 5.6 15.2 -999.9 -999.9 -999.9 -999.9 -999.9 CEMADEN_-_Flores_da_Cunha_-_G2-430820101A_(720_m) -999.9 -999.9 -999.9 -999.9 -999.9 -999.9 -999.9 -999.9 Rio_Grande_do_Sul CEMADEN -999.9 -0.2 -999.9
-28.9973 -51.2175 16920 2026-08-18_15:10 -999.9 -999.9 -999.9 -999.9 -999.9 -999.9 -999.9 -999.9 -999.9 -999.9 -999.9 -999.9 -999.9 -999.9 -999.9 -999.9 -999.9 -1.4 1.2 4.2 5.6 15.2 -999.9 -999.9 -999.9 -999.9 -999.9 CEMADEN_-_Flores_da_Cunha_-_G2-430820101A_(720_m) -999.9 -999.9 -999.9 -999.9 -999.9 -999.9 -999.9 -999.9 Rio_Grande_do_Sul CEMADEN -999.9 0.0 -999.9
-28.9973 -51.2175 16920 2026-08-18_16:10 -999.9 -999.9 -999.9 -999.9 -999.9 -999.9 -999.9 -999.9 -999.9 -999.9 -999.9 -999.9 -999.9 -999.9 -999.9 -999.9 -999.9 -1.4 1.0 4.0 5.6 15.2 -999.9 -999.9 -999.9 -999.9 -999.9 CEMADEN_-_Flores_da_Cunha_-_G2-430820101A_(720_m) -999.9 -999.9 -999.9 -999.9 -999.9 -999.9 -999.9 -999.9 Rio_Grande_do_Sul CEMADEN -999.9 0.0 -999.9
-28.9973 -51.2175 16920 2026-08-18_17:10 -999.9 -999.9 -999.9 -999.9 -999.9 -999.9 -999.9 -999.9 -999.9 -999.9 -999.9 -999.9 -999.9 -999.9 -999.9 -999.9 -999.9 -1.4 1.0 3.8 5.6 15.2 -999.9 -999.9 -999.9 -999.9 -999.9 CEMADEN_-_Flores_da_Cunha_-_G2-430820101A_(720_m) -999.9 -999.9 -999.9 -999.9 -999.9 -999.9 -999.9 -999.9 Rio_Grande_do_Sul CEMADEN -999.9 0.0 -999.9
-28.9973 -51.2175 16920 2026-08-18_18:10 -999.9 -999.9 -999.9 -999.9 -999.9 -999.9 -999.9 -999.9 -999.9 -999.9 -999.9 -999.9 -999.9 -999.9 -999.9 -999.9 -999.9 -1.6 1.0 3.8 5.4 15.0 -999.9 -999.9 -999.9 -999.9 -999.9 CEMADEN_-_Flores_da_Cunha_-_G2-430820101A_(720_m) -999.9 -999.9 -999.9 -999.9 -999.9 -999.9 -999.9 -999.9 Rio_Grande_do_Sul CEMADEN -999.9 -0.2 -999.9
-28.9973 -51.2175 16920 2026-08-18_19:10 -999.9 -999.9 -999.9 -999.9 -999.9 -999.9 -999.9 -999.9 -999.9 -999.9 -999.9 -999.9 -999.9 -999.9 -999.9 -999.9 -999.9 -1.6 0.8 3.6 5.4 15.0 -999.9 -999.9 -999.9 -999.9 -999.9 CEMADEN_-_Flores_da_Cunha_-_G2-430820101A_(720_m) -999.9 -999.9 -999.9 -999.9 -999.9 -999.9 -999.9 -999.9 Rio_Grande_do_Sul CEMADEN -999.9 0.0 -999.9
-28.9973 -51.2175 16920 2026-08-18_20:10 -999.9 -999.9 -999.9 -999.9 -999.9 -999.9 -999.9 -999.9 -999.9 -999.9 -999.9 -999.9 -999.9 -999.9 -999.9 -999.9 -999.9 -1.6 0.8 3.4 5.4 15.0 -999.9 -999.9 -999.9 -999.9 -999.9 CEMADEN_-_Flores_da_Cunha_-_G2-430820101A_(720_m) -999.9 -999.9 -999.9 -999.9 -999.9 -999.9 -999.9 -999.9 Rio_Grande_do_Sul CEMADEN -999.9 0.0 -999.9
-28.9973 -51.2175 16920 2026-08-18_21:10 -999.9 -999.9 -999.9 -999.9 -999.9 -999.9 -999.9 -999.9 -999.9 -999.9 -999.9 -999.9 -999.9 -999.9 -999.9 -999.9 -999.9 -1.6 0.8 3.2 5.4 15.0 -999.9 -999.9 -999.9 -999.9 -999.9 CEMADEN_-_Flores_da_Cunha_-_G2-430820101A_(720_m) -999.9 -999.9 -999.9 -999.9 -999.9 -999.9 -999.9 -999.9 Rio_Grande_do_Sul CEMADEN -999.9 0.0 -999.9
-28.9973 -51.2175 16920 2026-08-18_22:10 -999.9 -999.9 -999.9 -999.9 -999.9 -999.9 -999.9 -999.9 -999.9 -999.9 -999.9 -999.9 -999.9 -999.9 -999.9 -999.9 -999.9 -1.6 0.6 3.2 5.4 15.0 -999.9 -999.9 -999.9 -999.9 -999.9 CEMADEN_-_Flores_da_Cunha_-_G2-430820101A_(720_m) -999.9 -999.9 -999.9 -999.9 -999.9 -999.9 -999.9 -999.9 Rio_Grande_do_Sul CEMADEN -999.9 0.0 -999.9
-28.9973 -51.2175 16920 2026-08-18_23:10 -999.9 -999.9 -999.9 -999.9 -999.9 -999.9 -999.9 -999.9 -999.9 -999.9 -999.9 -999.9 -999.9 -999.9 -999.9 -999.9 -999.9 -1.6 0.6 3.0 5.4 15.0 -999.9 -999.9 -999.9 -999.9 -999.9 CEMADEN_-_Flores_da_Cunha_-_G2-430820101A_(720_m) -999.9 -999.9 -999.9 -999.9 -999.9 -999.9 -999.9 -999.9 Rio_Grande_do_Sul CEMADEN -999.9 0.0 -999.9
