-29.052 -51.4757 16911 2026-08-11_00:10 -999.9 -999.9 -999.9 -999.9 -999.9 -999.9 -999.9 -999.9 -999.9 -999.9 -999.9 -999.9 -999.9 -999.9 -999.9 -999.9 -999.9 0.0 1.6 2.6 4.0 7.6 -999.9 -999.9 -999.9 -999.9 -999.9 CEMADEN_-_Pinto_Bandeira_-_G2-431454801A_(581_m) -999.9 -999.9 -999.9 -999.9 -999.9 -999.9 -999.9 -999.9 Rio_Grande_do_Sul CEMADEN -999.9 0.0 -999.9
-29.052 -51.4757 16911 2026-08-11_01:00 -999.9 -999.9 -999.9 -999.9 -999.9 -999.9 -999.9 -999.9 -999.9 -999.9 -999.9 -999.9 -999.9 -999.9 -999.9 -999.9 -999.9 0.0 1.8 2.8 4.0 7.6 -999.9 -999.9 -999.9 -999.9 -999.9 CEMADEN_-_Pinto_Bandeira_-_G2-431454801A_(581_m) -999.9 -999.9 -999.9 -999.9 -999.9 -999.9 -999.9 -999.9 Rio_Grande_do_Sul CEMADEN -999.9 0.0 -999.9
-29.052 -51.4757 16911 2026-08-11_02:10 -999.9 -999.9 -999.9 -999.9 -999.9 -999.9 -999.9 -999.9 -999.9 -999.9 -999.9 -999.9 -999.9 -999.9 -999.9 -999.9 -999.9 0.0 1.8 2.6 4.0 7.6 -999.9 -999.9 -999.9 -999.9 -999.9 CEMADEN_-_Pinto_Bandeira_-_G2-431454801A_(581_m) -999.9 -999.9 -999.9 -999.9 -999.9 -999.9 -999.9 -999.9 Rio_Grande_do_Sul CEMADEN -999.9 0.0 -999.9
-29.052 -51.4757 16911 2026-08-11_03:10 -999.9 -999.9 -999.9 -999.9 -999.9 -999.9 -999.9 -999.9 -999.9 -999.9 -999.9 -999.9 -999.9 -999.9 -999.9 -999.9 -999.9 0.0 1.8 2.6 4.0 7.6 -999.9 -999.9 -999.9 -999.9 -999.9 CEMADEN_-_Pinto_Bandeira_-_G2-431454801A_(581_m) -999.9 -999.9 -999.9 -999.9 -999.9 -999.9 -999.9 -999.9 Rio_Grande_do_Sul CEMADEN -999.9 0.0 -999.9
-29.052 -51.4757 16911 2026-08-11_04:10 -999.9 -999.9 -999.9 -999.9 -999.9 -999.9 -999.9 -999.9 -999.9 -999.9 -999.9 -999.9 -999.9 -999.9 -999.9 -999.9 -999.9 -0.2 1.6 2.6 3.8 7.4 -999.9 -999.9 -999.9 -999.9 -999.9 CEMADEN_-_Pinto_Bandeira_-_G2-431454801A_(581_m) -999.9 -999.9 -999.9 -999.9 -999.9 -999.9 -999.9 -999.9 Rio_Grande_do_Sul CEMADEN -999.9 -0.2 -999.9
-29.052 -51.4757 16911 2026-08-11_05:10 -999.9 -999.9 -999.9 -999.9 -999.9 -999.9 -999.9 -999.9 -999.9 -999.9 -999.9 -999.9 -999.9 -999.9 -999.9 -999.9 -999.9 -0.2 1.6 2.6 3.8 7.4 -999.9 -999.9 -999.9 -999.9 -999.9 CEMADEN_-_Pinto_Bandeira_-_G2-431454801A_(581_m) -999.9 -999.9 -999.9 -999.9 -999.9 -999.9 -999.9 -999.9 Rio_Grande_do_Sul CEMADEN -999.9 0.0 -999.9
-29.052 -51.4757 16911 2026-08-11_06:10 -999.9 -999.9 -999.9 -999.9 -999.9 -999.9 -999.9 -999.9 -999.9 -999.9 -999.9 -999.9 -999.9 -999.9 -999.9 -999.9 -999.9 -0.4 1.6 2.6 3.6 7.2 -999.9 -999.9 -999.9 -999.9 -999.9 CEMADEN_-_Pinto_Bandeira_-_G2-431454801A_(581_m) -999.9 -999.9 -999.9 -999.9 -999.9 -999.9 -999.9 -999.9 Rio_Grande_do_Sul CEMADEN -999.9 -0.2 -999.9
-29.052 -51.4757 16911 2026-08-11_07:00 -999.9 -999.9 -999.9 -999.9 -999.9 -999.9 -999.9 -999.9 -999.9 -999.9 -999.9 -999.9 -999.9 -999.9 -999.9 -999.9 -999.9 -0.2 1.8 2.8 3.8 7.4 -999.9 -999.9 -999.9 -999.9 -999.9 CEMADEN_-_Pinto_Bandeira_-_G2-431454801A_(581_m) -999.9 -999.9 -999.9 -999.9 -999.9 -999.9 -999.9 -999.9 Rio_Grande_do_Sul CEMADEN -999.9 0.2 -999.9
-29.052 -51.4757 16911 2026-08-11_08:10 -999.9 -999.9 -999.9 -999.9 -999.9 -999.9 -999.9 -999.9 -999.9 -999.9 -999.9 -999.9 -999.9 -999.9 -999.9 -999.9 -999.9 -0.2 1.8 2.6 3.8 7.4 -999.9 -999.9 -999.9 -999.9 -999.9 CEMADEN_-_Pinto_Bandeira_-_G2-431454801A_(581_m) -999.9 -999.9 -999.9 -999.9 -999.9 -999.9 -999.9 -999.9 Rio_Grande_do_Sul CEMADEN -999.9 0.0 -999.9
-29.052 -51.4757 16911 2026-08-11_09:10 -999.9 -999.9 -999.9 -999.9 -999.9 -999.9 -999.9 -999.9 -999.9 -999.9 -999.9 -999.9 -999.9 -999.9 -999.9 -999.9 -999.9 -0.4 1.8 2.6 3.6 7.2 -999.9 -999.9 -999.9 -999.9 -999.9 CEMADEN_-_Pinto_Bandeira_-_G2-431454801A_(581_m) -999.9 -999.9 -999.9 -999.9 -999.9 -999.9 -999.9 -999.9 Rio_Grande_do_Sul CEMADEN -999.9 -0.2 -999.9
-29.052 -51.4757 16911 2026-08-11_10:10 -999.9 -999.9 -999.9 -999.9 -999.9 -999.9 -999.9 -999.9 -999.9 -999.9 -999.9 -999.9 -999.9 -999.9 -999.9 -999.9 -999.9 -0.4 1.8 2.6 3.6 7.2 -999.9 -999.9 -999.9 -999.9 -999.9 CEMADEN_-_Pinto_Bandeira_-_G2-431454801A_(581_m) -999.9 -999.9 -999.9 -999.9 -999.9 -999.9 -999.9 -999.9 Rio_Grande_do_Sul CEMADEN -999.9 0.0 -999.9
-29.052 -51.4757 16911 2026-08-11_11:10 -999.9 -999.9 -999.9 -999.9 -999.9 -999.9 -999.9 -999.9 -999.9 -999.9 -999.9 -999.9 -999.9 -999.9 -999.9 -999.9 -999.9 -0.4 1.6 2.6 3.6 7.2 -999.9 -999.9 -999.9 -999.9 -999.9 CEMADEN_-_Pinto_Bandeira_-_G2-431454801A_(581_m) -999.9 -999.9 -999.9 -999.9 -999.9 -999.9 -999.9 -999.9 Rio_Grande_do_Sul CEMADEN -999.9 0.0 -999.9
-29.052 -51.4757 16911 2026-08-11_12:00 -999.9 -999.9 -999.9 -999.9 -999.9 -999.9 -999.9 -999.9 -999.9 -999.9 -999.9 -999.9 -999.9 -999.9 -999.9 -999.9 -999.9 -0.2 1.8 2.6 3.8 7.4 -999.9 -999.9 -999.9 -999.9 -999.9 CEMADEN_-_Pinto_Bandeira_-_G2-431454801A_(581_m) -999.9 -999.9 -999.9 -999.9 -999.9 -999.9 -999.9 -999.9 Rio_Grande_do_Sul CEMADEN -999.9 0.2 -999.9
-29.052 -51.4757 16911 2026-08-11_13:10 -999.9 -999.9 -999.9 -999.9 -999.9 -999.9 -999.9 -999.9 -999.9 -999.9 -999.9 -999.9 -999.9 -999.9 -999.9 -999.9 -999.9 -0.4 1.8 2.6 3.6 7.2 -999.9 -999.9 -999.9 -999.9 -999.9 CEMADEN_-_Pinto_Bandeira_-_G2-431454801A_(581_m) -999.9 -999.9 -999.9 -999.9 -999.9 -999.9 -999.9 -999.9 Rio_Grande_do_Sul CEMADEN -999.9 -0.2 -999.9
-29.052 -51.4757 16911 2026-08-11_14:10 -999.9 -999.9 -999.9 -999.9 -999.9 -999.9 -999.9 -999.9 -999.9 -999.9 -999.9 -999.9 -999.9 -999.9 -999.9 -999.9 -999.9 -0.4 1.8 2.6 3.6 7.2 -999.9 -999.9 -999.9 -999.9 -999.9 CEMADEN_-_Pinto_Bandeira_-_G2-431454801A_(581_m) -999.9 -999.9 -999.9 -999.9 -999.9 -999.9 -999.9 -999.9 Rio_Grande_do_Sul CEMADEN -999.9 0.0 -999.9
-29.052 -51.4757 16911 2026-08-11_15:10 -999.9 -999.9 -999.9 -999.9 -999.9 -999.9 -999.9 -999.9 -999.9 -999.9 -999.9 -999.9 -999.9 -999.9 -999.9 -999.9 -999.9 -0.4 1.8 2.6 3.6 7.2 -999.9 -999.9 -999.9 -999.9 -999.9 CEMADEN_-_Pinto_Bandeira_-_G2-431454801A_(581_m) -999.9 -999.9 -999.9 -999.9 -999.9 -999.9 -999.9 -999.9 Rio_Grande_do_Sul CEMADEN -999.9 0.0 -999.9
-29.052 -51.4757 16911 2026-08-11_16:10 -999.9 -999.9 -999.9 -999.9 -999.9 -999.9 -999.9 -999.9 -999.9 -999.9 -999.9 -999.9 -999.9 -999.9 -999.9 -999.9 -999.9 -0.4 1.6 2.6 3.6 7.2 -999.9 -999.9 -999.9 -999.9 -999.9 CEMADEN_-_Pinto_Bandeira_-_G2-431454801A_(581_m) -999.9 -999.9 -999.9 -999.9 -999.9 -999.9 -999.9 -999.9 Rio_Grande_do_Sul CEMADEN -999.9 0.0 -999.9
-29.052 -51.4757 16911 2026-08-11_16:30 -999.9 -999.9 -999.9 -999.9 -999.9 -999.9 -999.9 -999.9 -999.9 -999.9 -999.9 -999.9 -999.9 -999.9 -999.9 -999.9 0.2 -0.4 1.8 2.6 3.6 7.2 -999.9 -999.9 -999.9 -999.9 -999.9 CEMADEN_-_Pinto_Bandeira_-_G2-431454801A_(581_m) -999.9 -999.9 -999.9 -999.9 -999.9 -999.9 -999.9 -999.9 Rio_Grande_do_Sul CEMADEN -999.9 0.0 -999.9
-29.052 -51.4757 16911 2026-08-11_17:10 -999.9 -999.9 -999.9 -999.9 -999.9 -999.9 -999.9 -999.9 -999.9 -999.9 -999.9 -999.9 -999.9 -999.9 -999.9 -999.9 -999.9 -0.4 1.8 2.6 3.6 7.2 -999.9 -999.9 -999.9 -999.9 -999.9 CEMADEN_-_Pinto_Bandeira_-_G2-431454801A_(581_m) -999.9 -999.9 -999.9 -999.9 -999.9 -999.9 -999.9 -999.9 Rio_Grande_do_Sul CEMADEN -999.9 0.0 -999.9
-29.052 -51.4757 16911 2026-08-11_18:10 -999.9 -999.9 -999.9 -999.9 -999.9 -999.9 -999.9 -999.9 -999.9 -999.9 -999.9 -999.9 -999.9 -999.9 -999.9 -999.9 -999.9 -0.4 1.8 2.6 3.6 7.2 -999.9 -999.9 -999.9 -999.9 -999.9 CEMADEN_-_Pinto_Bandeira_-_G2-431454801A_(581_m) -999.9 -999.9 -999.9 -999.9 -999.9 -999.9 -999.9 -999.9 Rio_Grande_do_Sul CEMADEN -999.9 0.0 -999.9
-29.052 -51.4757 16911 2026-08-11_19:10 -999.9 -999.9 -999.9 -999.9 -999.9 -999.9 -999.9 -999.9 -999.9 -999.9 -999.9 -999.9 -999.9 -999.9 -999.9 -999.9 -999.9 -0.4 1.8 2.6 3.6 7.2 -999.9 -999.9 -999.9 -999.9 -999.9 CEMADEN_-_Pinto_Bandeira_-_G2-431454801A_(581_m) -999.9 -999.9 -999.9 -999.9 -999.9 -999.9 -999.9 -999.9 Rio_Grande_do_Sul CEMADEN -999.9 0.0 -999.9
-29.052 -51.4757 16911 2026-08-11_20:10 -999.9 -999.9 -999.9 -999.9 -999.9 -999.9 -999.9 -999.9 -999.9 -999.9 -999.9 -999.9 -999.9 -999.9 -999.9 -999.9 -999.9 -0.4 1.8 2.6 3.6 7.2 -999.9 -999.9 -999.9 -999.9 -999.9 CEMADEN_-_Pinto_Bandeira_-_G2-431454801A_(581_m) -999.9 -999.9 -999.9 -999.9 -999.9 -999.9 -999.9 -999.9 Rio_Grande_do_Sul CEMADEN -999.9 0.0 -999.9
-29.052 -51.4757 16911 2026-08-11_21:10 -999.9 -999.9 -999.9 -999.9 -999.9 -999.9 -999.9 -999.9 -999.9 -999.9 -999.9 -999.9 -999.9 -999.9 -999.9 -999.9 -999.9 -0.6 1.8 2.4 3.4 7.0 -999.9 -999.9 -999.9 -999.9 -999.9 CEMADEN_-_Pinto_Bandeira_-_G2-431454801A_(581_m) -999.9 -999.9 -999.9 -999.9 -999.9 -999.9 -999.9 -999.9 Rio_Grande_do_Sul CEMADEN -999.9 -0.2 -999.9
-29.052 -51.4757 16911 2026-08-11_22:10 -999.9 -999.9 -999.9 -999.9 -999.9 -999.9 -999.9 -999.9 -999.9 -999.9 -999.9 -999.9 -999.9 -999.9 -999.9 -999.9 -999.9 -0.6 1.8 2.4 3.4 7.0 -999.9 -999.9 -999.9 -999.9 -999.9 CEMADEN_-_Pinto_Bandeira_-_G2-431454801A_(581_m) -999.9 -999.9 -999.9 -999.9 -999.9 -999.9 -999.9 -999.9 Rio_Grande_do_Sul CEMADEN -999.9 0.0 -999.9
-29.052 -51.4757 16911 2026-08-11_22:20 -999.9 -999.9 -999.9 -999.9 -999.9 -999.9 -999.9 -999.9 -999.9 -999.9 -999.9 -999.9 -999.9 -999.9 -999.9 -999.9 0.2 -0.4 2.0 2.6 3.6 7.2 -999.9 -999.9 -999.9 -999.9 -999.9 CEMADEN_-_Pinto_Bandeira_-_G2-431454801A_(581_m) -999.9 -999.9 -999.9 -999.9 -999.9 -999.9 -999.9 -999.9 Rio_Grande_do_Sul CEMADEN -999.9 0.2 -999.9
-29.052 -51.4757 16911 2026-08-11_23:10 -999.9 -999.9 -999.9 -999.9 -999.9 -999.9 -999.9 -999.9 -999.9 -999.9 -999.9 -999.9 -999.9 -999.9 -999.9 -999.9 -999.9 -0.4 2.0 2.6 3.6 7.2 -999.9 -999.9 -999.9 -999.9 -999.9 CEMADEN_-_Pinto_Bandeira_-_G2-431454801A_(581_m) -999.9 -999.9 -999.9 -999.9 -999.9 -999.9 -999.9 -999.9 Rio_Grande_do_Sul CEMADEN -999.9 0.0 -999.9
