-28.86879 -51.24667 16922 2026-09-20_00:00 -999.9 -999.9 -999.9 -999.9 -999.9 -999.9 -999.9 -999.9 -999.9 -999.9 -999.9 -999.9 -999.9 -999.9 -999.9 -999.9 0.2 0.0 6.6 6.6 6.6 -999.9 -999.9 -999.9 -999.9 -999.9 -999.9 CEMADEN_-_Antônio_Prado_-_G2-430080203A_(685_m) -999.9 -999.9 -999.9 -999.9 -999.9 -999.9 -999.9 -999.9 Rio_Grande_do_Sul CEMADEN -999.9 0.0 -999.9
-28.86879 -51.24667 16922 2026-09-20_00:40 -999.9 -999.9 -999.9 -999.9 -999.9 -999.9 -999.9 -999.9 -999.9 -999.9 -999.9 -999.9 -999.9 -999.9 -999.9 -999.9 0.4 0.2 6.8 6.8 6.8 -999.9 -999.9 -999.9 -999.9 -999.9 -999.9 CEMADEN_-_Antônio_Prado_-_G2-430080203A_(685_m) -999.9 -999.9 -999.9 -999.9 -999.9 -999.9 -999.9 -999.9 Rio_Grande_do_Sul CEMADEN -999.9 0.2 -999.9
-28.86879 -51.24667 16922 2026-09-20_01:10 -999.9 -999.9 -999.9 -999.9 -999.9 -999.9 -999.9 -999.9 -999.9 -999.9 -999.9 -999.9 -999.9 -999.9 -999.9 -999.9 0.2 0.2 6.8 6.8 6.8 -999.9 -999.9 -999.9 -999.9 -999.9 -999.9 CEMADEN_-_Antônio_Prado_-_G2-430080203A_(685_m) -999.9 -999.9 -999.9 -999.9 -999.9 -999.9 -999.9 -999.9 Rio_Grande_do_Sul CEMADEN -999.9 0.0 -999.9
-28.86879 -51.24667 16922 2026-09-20_01:40 -999.9 -999.9 -999.9 -999.9 -999.9 -999.9 -999.9 -999.9 -999.9 -999.9 -999.9 -999.9 -999.9 -999.9 -999.9 -999.9 0.2 0.4 7.0 7.0 7.0 -999.9 -999.9 -999.9 -999.9 -999.9 -999.9 CEMADEN_-_Antônio_Prado_-_G2-430080203A_(685_m) -999.9 -999.9 -999.9 -999.9 -999.9 -999.9 -999.9 -999.9 Rio_Grande_do_Sul CEMADEN -999.9 0.2 -999.9
-28.86879 -51.24667 16922 2026-09-20_02:10 -999.9 -999.9 -999.9 -999.9 -999.9 -999.9 -999.9 -999.9 -999.9 -999.9 -999.9 -999.9 -999.9 -999.9 -999.9 -999.9 -999.9 0.4 7.0 7.0 7.0 -999.9 -999.9 -999.9 -999.9 -999.9 -999.9 CEMADEN_-_Antônio_Prado_-_G2-430080203A_(685_m) -999.9 -999.9 -999.9 -999.9 -999.9 -999.9 -999.9 -999.9 Rio_Grande_do_Sul CEMADEN -999.9 0.0 -999.9
-28.86879 -51.24667 16922 2026-09-20_02:50 -999.9 -999.9 -999.9 -999.9 -999.9 -999.9 -999.9 -999.9 -999.9 -999.9 -999.9 -999.9 -999.9 -999.9 -999.9 -999.9 0.2 0.6 7.2 7.2 7.2 -999.9 -999.9 -999.9 -999.9 -999.9 -999.9 CEMADEN_-_Antônio_Prado_-_G2-430080203A_(685_m) -999.9 -999.9 -999.9 -999.9 -999.9 -999.9 -999.9 -999.9 Rio_Grande_do_Sul CEMADEN -999.9 0.2 -999.9
-28.86879 -51.24667 16922 2026-09-20_03:10 -999.9 -999.9 -999.9 -999.9 -999.9 -999.9 -999.9 -999.9 -999.9 -999.9 -999.9 -999.9 -999.9 -999.9 -999.9 -999.9 -999.9 0.6 7.2 7.2 7.2 -999.9 -999.9 -999.9 -999.9 -999.9 -999.9 CEMADEN_-_Antônio_Prado_-_G2-430080203A_(685_m) -999.9 -999.9 -999.9 -999.9 -999.9 -999.9 -999.9 -999.9 Rio_Grande_do_Sul CEMADEN -999.9 0.0 -999.9
-28.86879 -51.24667 16922 2026-09-20_04:10 -999.9 -999.9 -999.9 -999.9 -999.9 -999.9 -999.9 -999.9 -999.9 -999.9 -999.9 -999.9 -999.9 -999.9 -999.9 -999.9 -999.9 0.6 7.2 7.2 7.2 -999.9 -999.9 -999.9 -999.9 -999.9 -999.9 CEMADEN_-_Antônio_Prado_-_G2-430080203A_(685_m) -999.9 -999.9 -999.9 -999.9 -999.9 -999.9 -999.9 -999.9 Rio_Grande_do_Sul CEMADEN -999.9 0.0 -999.9
-28.86879 -51.24667 16922 2026-09-20_04:30 -999.9 -999.9 -999.9 -999.9 -999.9 -999.9 -999.9 -999.9 -999.9 -999.9 -999.9 -999.9 -999.9 -999.9 -999.9 -999.9 0.2 0.8 7.4 7.4 7.4 -999.9 -999.9 -999.9 -999.9 -999.9 -999.9 CEMADEN_-_Antônio_Prado_-_G2-430080203A_(685_m) -999.9 -999.9 -999.9 -999.9 -999.9 -999.9 -999.9 -999.9 Rio_Grande_do_Sul CEMADEN -999.9 0.2 -999.9
-28.86879 -51.24667 16922 2026-09-20_05:10 -999.9 -999.9 -999.9 -999.9 -999.9 -999.9 -999.9 -999.9 -999.9 -999.9 -999.9 -999.9 -999.9 -999.9 -999.9 -999.9 -999.9 0.8 7.4 7.4 7.4 -999.9 -999.9 -999.9 -999.9 -999.9 -999.9 CEMADEN_-_Antônio_Prado_-_G2-430080203A_(685_m) -999.9 -999.9 -999.9 -999.9 -999.9 -999.9 -999.9 -999.9 Rio_Grande_do_Sul CEMADEN -999.9 0.0 -999.9
-28.86879 -51.24667 16922 2026-09-20_06:10 -999.9 -999.9 -999.9 -999.9 -999.9 -999.9 -999.9 -999.9 -999.9 -999.9 -999.9 -999.9 -999.9 -999.9 -999.9 -999.9 -999.9 0.8 7.4 7.4 7.4 -999.9 -999.9 -999.9 -999.9 -999.9 -999.9 CEMADEN_-_Antônio_Prado_-_G2-430080203A_(685_m) -999.9 -999.9 -999.9 -999.9 -999.9 -999.9 -999.9 -999.9 Rio_Grande_do_Sul CEMADEN -999.9 0.0 -999.9
-28.86879 -51.24667 16922 2026-09-20_06:30 -999.9 -999.9 -999.9 -999.9 -999.9 -999.9 -999.9 -999.9 -999.9 -999.9 -999.9 -999.9 -999.9 -999.9 -999.9 -999.9 0.2 1.0 7.6 7.6 7.6 -999.9 -999.9 -999.9 -999.9 -999.9 -999.9 CEMADEN_-_Antônio_Prado_-_G2-430080203A_(685_m) -999.9 -999.9 -999.9 -999.9 -999.9 -999.9 -999.9 -999.9 Rio_Grande_do_Sul CEMADEN -999.9 0.2 -999.9
-28.86879 -51.24667 16922 2026-09-20_07:10 -999.9 -999.9 -999.9 -999.9 -999.9 -999.9 -999.9 -999.9 -999.9 -999.9 -999.9 -999.9 -999.9 -999.9 -999.9 -999.9 -999.9 1.0 7.6 7.6 7.6 -999.9 -999.9 -999.9 -999.9 -999.9 -999.9 CEMADEN_-_Antônio_Prado_-_G2-430080203A_(685_m) -999.9 -999.9 -999.9 -999.9 -999.9 -999.9 -999.9 -999.9 Rio_Grande_do_Sul CEMADEN -999.9 0.0 -999.9
-28.86879 -51.24667 16922 2026-09-20_08:10 -999.9 -999.9 -999.9 -999.9 -999.9 -999.9 -999.9 -999.9 -999.9 -999.9 -999.9 -999.9 -999.9 -999.9 -999.9 -999.9 -999.9 1.0 7.6 7.6 7.6 -999.9 -999.9 -999.9 -999.9 -999.9 -999.9 CEMADEN_-_Antônio_Prado_-_G2-430080203A_(685_m) -999.9 -999.9 -999.9 -999.9 -999.9 -999.9 -999.9 -999.9 Rio_Grande_do_Sul CEMADEN -999.9 0.0 -999.9
-28.86879 -51.24667 16922 2026-09-20_09:10 -999.9 -999.9 -999.9 -999.9 -999.9 -999.9 -999.9 -999.9 -999.9 -999.9 -999.9 -999.9 -999.9 -999.9 -999.9 -999.9 0.2 1.2 7.8 7.8 7.8 -999.9 -999.9 -999.9 -999.9 -999.9 -999.9 CEMADEN_-_Antônio_Prado_-_G2-430080203A_(685_m) -999.9 -999.9 -999.9 -999.9 -999.9 -999.9 -999.9 -999.9 Rio_Grande_do_Sul CEMADEN -999.9 0.2 -999.9
-28.86879 -51.24667 16922 2026-09-20_10:10 -999.9 -999.9 -999.9 -999.9 -999.9 -999.9 -999.9 -999.9 -999.9 -999.9 -999.9 -999.9 -999.9 -999.9 -999.9 -999.9 -999.9 1.2 7.8 7.8 7.8 -999.9 -999.9 -999.9 -999.9 -999.9 -999.9 CEMADEN_-_Antônio_Prado_-_G2-430080203A_(685_m) -999.9 -999.9 -999.9 -999.9 -999.9 -999.9 -999.9 -999.9 Rio_Grande_do_Sul CEMADEN -999.9 0.0 -999.9
-28.86879 -51.24667 16922 2026-09-20_11:10 -999.9 -999.9 -999.9 -999.9 -999.9 -999.9 -999.9 -999.9 -999.9 -999.9 -999.9 -999.9 -999.9 -999.9 -999.9 -999.9 -999.9 1.2 7.8 7.8 7.8 -999.9 -999.9 -999.9 -999.9 -999.9 -999.9 CEMADEN_-_Antônio_Prado_-_G2-430080203A_(685_m) -999.9 -999.9 -999.9 -999.9 -999.9 -999.9 -999.9 -999.9 Rio_Grande_do_Sul CEMADEN -999.9 0.0 -999.9
-28.86879 -51.24667 16922 2026-09-20_12:10 -999.9 -999.9 -999.9 -999.9 -999.9 -999.9 -999.9 -999.9 -999.9 -999.9 -999.9 -999.9 -999.9 -999.9 -999.9 -999.9 0.2 1.4 8.0 8.0 8.0 -999.9 -999.9 -999.9 -999.9 -999.9 -999.9 CEMADEN_-_Antônio_Prado_-_G2-430080203A_(685_m) -999.9 -999.9 -999.9 -999.9 -999.9 -999.9 -999.9 -999.9 Rio_Grande_do_Sul CEMADEN -999.9 0.2 -999.9
-28.86879 -51.24667 16922 2026-09-20_13:10 -999.9 -999.9 -999.9 -999.9 -999.9 -999.9 -999.9 -999.9 -999.9 -999.9 -999.9 -999.9 -999.9 -999.9 -999.9 -999.9 -999.9 1.4 8.0 8.0 8.0 -999.9 -999.9 -999.9 -999.9 -999.9 -999.9 CEMADEN_-_Antônio_Prado_-_G2-430080203A_(685_m) -999.9 -999.9 -999.9 -999.9 -999.9 -999.9 -999.9 -999.9 Rio_Grande_do_Sul CEMADEN -999.9 0.0 -999.9
-28.86879 -51.24667 16922 2026-09-20_14:10 -999.9 -999.9 -999.9 -999.9 -999.9 -999.9 -999.9 -999.9 -999.9 -999.9 -999.9 -999.9 -999.9 -999.9 -999.9 -999.9 -999.9 1.4 8.0 8.0 8.0 -999.9 -999.9 -999.9 -999.9 -999.9 -999.9 CEMADEN_-_Antônio_Prado_-_G2-430080203A_(685_m) -999.9 -999.9 -999.9 -999.9 -999.9 -999.9 -999.9 -999.9 Rio_Grande_do_Sul CEMADEN -999.9 0.0 -999.9
-28.86879 -51.24667 16922 2026-09-20_15:10 -999.9 -999.9 -999.9 -999.9 -999.9 -999.9 -999.9 -999.9 -999.9 -999.9 -999.9 -999.9 -999.9 -999.9 -999.9 -999.9 -999.9 1.4 8.0 8.0 8.0 -999.9 -999.9 -999.9 -999.9 -999.9 -999.9 CEMADEN_-_Antônio_Prado_-_G2-430080203A_(685_m) -999.9 -999.9 -999.9 -999.9 -999.9 -999.9 -999.9 -999.9 Rio_Grande_do_Sul CEMADEN -999.9 0.0 -999.9
-28.86879 -51.24667 16922 2026-09-20_16:00 -999.9 -999.9 -999.9 -999.9 -999.9 -999.9 -999.9 -999.9 -999.9 -999.9 -999.9 -999.9 -999.9 -999.9 -999.9 -999.9 0.2 1.6 8.2 8.2 8.2 -999.9 -999.9 -999.9 -999.9 -999.9 -999.9 CEMADEN_-_Antônio_Prado_-_G2-430080203A_(685_m) -999.9 -999.9 -999.9 -999.9 -999.9 -999.9 -999.9 -999.9 Rio_Grande_do_Sul CEMADEN -999.9 0.2 -999.9
-28.86879 -51.24667 16922 2026-09-20_17:10 -999.9 -999.9 -999.9 -999.9 -999.9 -999.9 -999.9 -999.9 -999.9 -999.9 -999.9 -999.9 -999.9 -999.9 -999.9 -999.9 -999.9 1.6 8.2 8.2 8.2 -999.9 -999.9 -999.9 -999.9 -999.9 -999.9 CEMADEN_-_Antônio_Prado_-_G2-430080203A_(685_m) -999.9 -999.9 -999.9 -999.9 -999.9 -999.9 -999.9 -999.9 Rio_Grande_do_Sul CEMADEN -999.9 0.0 -999.9
-28.86879 -51.24667 16922 2026-09-20_18:10 -999.9 -999.9 -999.9 -999.9 -999.9 -999.9 -999.9 -999.9 -999.9 -999.9 -999.9 -999.9 -999.9 -999.9 -999.9 -999.9 -999.9 1.6 8.2 8.2 8.2 -999.9 -999.9 -999.9 -999.9 -999.9 -999.9 CEMADEN_-_Antônio_Prado_-_G2-430080203A_(685_m) -999.9 -999.9 -999.9 -999.9 -999.9 -999.9 -999.9 -999.9 Rio_Grande_do_Sul CEMADEN -999.9 0.0 -999.9
-28.86879 -51.24667 16922 2026-09-20_19:10 -999.9 -999.9 -999.9 -999.9 -999.9 -999.9 -999.9 -999.9 -999.9 -999.9 -999.9 -999.9 -999.9 -999.9 -999.9 -999.9 -999.9 1.6 8.2 8.2 8.2 -999.9 -999.9 -999.9 -999.9 -999.9 -999.9 CEMADEN_-_Antônio_Prado_-_G2-430080203A_(685_m) -999.9 -999.9 -999.9 -999.9 -999.9 -999.9 -999.9 -999.9 Rio_Grande_do_Sul CEMADEN -999.9 0.0 -999.9
-28.86879 -51.24667 16922 2026-09-20_20:10 -999.9 -999.9 -999.9 -999.9 -999.9 -999.9 -999.9 -999.9 -999.9 -999.9 -999.9 -999.9 -999.9 -999.9 -999.9 -999.9 -999.9 1.6 8.2 8.2 8.2 -999.9 -999.9 -999.9 -999.9 -999.9 -999.9 CEMADEN_-_Antônio_Prado_-_G2-430080203A_(685_m) -999.9 -999.9 -999.9 -999.9 -999.9 -999.9 -999.9 -999.9 Rio_Grande_do_Sul CEMADEN -999.9 0.0 -999.9
-28.86879 -51.24667 16922 2026-09-20_21:10 -999.9 -999.9 -999.9 -999.9 -999.9 -999.9 -999.9 -999.9 -999.9 -999.9 -999.9 -999.9 -999.9 -999.9 -999.9 -999.9 -999.9 1.6 8.2 8.2 8.2 -999.9 -999.9 -999.9 -999.9 -999.9 -999.9 CEMADEN_-_Antônio_Prado_-_G2-430080203A_(685_m) -999.9 -999.9 -999.9 -999.9 -999.9 -999.9 -999.9 -999.9 Rio_Grande_do_Sul CEMADEN -999.9 0.0 -999.9
-28.86879 -51.24667 16922 2026-09-20_22:00 -999.9 -999.9 -999.9 -999.9 -999.9 -999.9 -999.9 -999.9 -999.9 -999.9 -999.9 -999.9 -999.9 -999.9 -999.9 -999.9 0.2 1.8 8.4 8.4 8.4 -999.9 -999.9 -999.9 -999.9 -999.9 -999.9 CEMADEN_-_Antônio_Prado_-_G2-430080203A_(685_m) -999.9 -999.9 -999.9 -999.9 -999.9 -999.9 -999.9 -999.9 Rio_Grande_do_Sul CEMADEN -999.9 0.2 -999.9
-28.86879 -51.24667 16922 2026-09-20_23:10 -999.9 -999.9 -999.9 -999.9 -999.9 -999.9 -999.9 -999.9 -999.9 -999.9 -999.9 -999.9 -999.9 -999.9 -999.9 -999.9 -999.9 1.8 8.4 8.4 8.4 -999.9 -999.9 -999.9 -999.9 -999.9 -999.9 CEMADEN_-_Antônio_Prado_-_G2-430080203A_(685_m) -999.9 -999.9 -999.9 -999.9 -999.9 -999.9 -999.9 -999.9 Rio_Grande_do_Sul CEMADEN -999.9 0.0 -999.9
