-28.62961 -51.57495 17819 2026-08-14_00:10 -999.9 -999.9 -999.9 -999.9 -999.9 -999.9 -999.9 -999.9 -999.9 -999.9 -999.9 -999.9 -999.9 -999.9 -999.9 -999.9 0.2 0.0 81.8 87.6 87.6 93.6 -999.9 -999.9 -999.9 -999.9 -999.9 CEMADEN_-_André_da_Rocha_-_G2-430066101A_(705_m) -999.9 -999.9 -999.9 -999.9 -999.9 -999.9 -999.9 -999.9 Rio_Grande_do_Sul CEMADEN -999.9 0.0 -999.9
-28.62961 -51.57495 17819 2026-08-14_00:40 -999.9 -999.9 -999.9 -999.9 -999.9 -999.9 -999.9 -999.9 -999.9 -999.9 -999.9 -999.9 -999.9 -999.9 -999.9 -999.9 0.2 0.2 81.2 87.8 87.8 93.8 -999.9 -999.9 -999.9 -999.9 -999.9 CEMADEN_-_André_da_Rocha_-_G2-430066101A_(705_m) -999.9 -999.9 -999.9 -999.9 -999.9 -999.9 -999.9 -999.9 Rio_Grande_do_Sul CEMADEN -999.9 0.2 -999.9
-28.62961 -51.57495 17819 2026-08-14_01:10 -999.9 -999.9 -999.9 -999.9 -999.9 -999.9 -999.9 -999.9 -999.9 -999.9 -999.9 -999.9 -999.9 -999.9 -999.9 -999.9 -999.9 0.2 80.4 87.8 87.8 93.8 -999.9 -999.9 -999.9 -999.9 -999.9 CEMADEN_-_André_da_Rocha_-_G2-430066101A_(705_m) -999.9 -999.9 -999.9 -999.9 -999.9 -999.9 -999.9 -999.9 Rio_Grande_do_Sul CEMADEN -999.9 0.0 -999.9
-28.62961 -51.57495 17819 2026-08-14_02:10 -999.9 -999.9 -999.9 -999.9 -999.9 -999.9 -999.9 -999.9 -999.9 -999.9 -999.9 -999.9 -999.9 -999.9 -999.9 -999.9 -999.9 0.2 80.0 87.8 87.8 93.8 -999.9 -999.9 -999.9 -999.9 -999.9 CEMADEN_-_André_da_Rocha_-_G2-430066101A_(705_m) -999.9 -999.9 -999.9 -999.9 -999.9 -999.9 -999.9 -999.9 Rio_Grande_do_Sul CEMADEN -999.9 0.0 -999.9
-28.62961 -51.57495 17819 2026-08-14_03:10 -999.9 -999.9 -999.9 -999.9 -999.9 -999.9 -999.9 -999.9 -999.9 -999.9 -999.9 -999.9 -999.9 -999.9 -999.9 -999.9 -999.9 0.2 78.6 87.8 87.8 93.8 -999.9 -999.9 -999.9 -999.9 -999.9 CEMADEN_-_André_da_Rocha_-_G2-430066101A_(705_m) -999.9 -999.9 -999.9 -999.9 -999.9 -999.9 -999.9 -999.9 Rio_Grande_do_Sul CEMADEN -999.9 0.0 -999.9
-28.62961 -51.57495 17819 2026-08-14_04:10 -999.9 -999.9 -999.9 -999.9 -999.9 -999.9 -999.9 -999.9 -999.9 -999.9 -999.9 -999.9 -999.9 -999.9 -999.9 -999.9 -999.9 0.2 74.2 87.8 87.8 93.8 -999.9 -999.9 -999.9 -999.9 -999.9 CEMADEN_-_André_da_Rocha_-_G2-430066101A_(705_m) -999.9 -999.9 -999.9 -999.9 -999.9 -999.9 -999.9 -999.9 Rio_Grande_do_Sul CEMADEN -999.9 0.0 -999.9
-28.62961 -51.57495 17819 2026-08-14_05:10 -999.9 -999.9 -999.9 -999.9 -999.9 -999.9 -999.9 -999.9 -999.9 -999.9 -999.9 -999.9 -999.9 -999.9 -999.9 -999.9 -999.9 0.2 69.0 87.8 87.8 93.8 -999.9 -999.9 -999.9 -999.9 -999.9 CEMADEN_-_André_da_Rocha_-_G2-430066101A_(705_m) -999.9 -999.9 -999.9 -999.9 -999.9 -999.9 -999.9 -999.9 Rio_Grande_do_Sul CEMADEN -999.9 0.0 -999.9
-28.62961 -51.57495 17819 2026-08-14_06:10 -999.9 -999.9 -999.9 -999.9 -999.9 -999.9 -999.9 -999.9 -999.9 -999.9 -999.9 -999.9 -999.9 -999.9 -999.9 -999.9 -999.9 0.2 65.2 87.8 87.8 93.8 -999.9 -999.9 -999.9 -999.9 -999.9 CEMADEN_-_André_da_Rocha_-_G2-430066101A_(705_m) -999.9 -999.9 -999.9 -999.9 -999.9 -999.9 -999.9 -999.9 Rio_Grande_do_Sul CEMADEN -999.9 0.0 -999.9
-28.62961 -51.57495 17819 2026-08-14_07:10 -999.9 -999.9 -999.9 -999.9 -999.9 -999.9 -999.9 -999.9 -999.9 -999.9 -999.9 -999.9 -999.9 -999.9 -999.9 -999.9 -999.9 0.2 60.8 87.8 87.8 93.8 -999.9 -999.9 -999.9 -999.9 -999.9 CEMADEN_-_André_da_Rocha_-_G2-430066101A_(705_m) -999.9 -999.9 -999.9 -999.9 -999.9 -999.9 -999.9 -999.9 Rio_Grande_do_Sul CEMADEN -999.9 0.0 -999.9
-28.62961 -51.57495 17819 2026-08-14_08:10 -999.9 -999.9 -999.9 -999.9 -999.9 -999.9 -999.9 -999.9 -999.9 -999.9 -999.9 -999.9 -999.9 -999.9 -999.9 -999.9 -999.9 0.2 57.0 87.8 87.8 93.8 -999.9 -999.9 -999.9 -999.9 -999.9 CEMADEN_-_André_da_Rocha_-_G2-430066101A_(705_m) -999.9 -999.9 -999.9 -999.9 -999.9 -999.9 -999.9 -999.9 Rio_Grande_do_Sul CEMADEN -999.9 0.0 -999.9
-28.62961 -51.57495 17819 2026-08-14_09:10 -999.9 -999.9 -999.9 -999.9 -999.9 -999.9 -999.9 -999.9 -999.9 -999.9 -999.9 -999.9 -999.9 -999.9 -999.9 -999.9 -999.9 0.2 46.8 87.8 87.8 93.8 -999.9 -999.9 -999.9 -999.9 -999.9 CEMADEN_-_André_da_Rocha_-_G2-430066101A_(705_m) -999.9 -999.9 -999.9 -999.9 -999.9 -999.9 -999.9 -999.9 Rio_Grande_do_Sul CEMADEN -999.9 0.0 -999.9
-28.62961 -51.57495 17819 2026-08-14_10:10 -999.9 -999.9 -999.9 -999.9 -999.9 -999.9 -999.9 -999.9 -999.9 -999.9 -999.9 -999.9 -999.9 -999.9 -999.9 -999.9 -999.9 0.2 41.8 87.8 87.8 93.8 -999.9 -999.9 -999.9 -999.9 -999.9 CEMADEN_-_André_da_Rocha_-_G2-430066101A_(705_m) -999.9 -999.9 -999.9 -999.9 -999.9 -999.9 -999.9 -999.9 Rio_Grande_do_Sul CEMADEN -999.9 0.0 -999.9
-28.62961 -51.57495 17819 2026-08-14_11:10 -999.9 -999.9 -999.9 -999.9 -999.9 -999.9 -999.9 -999.9 -999.9 -999.9 -999.9 -999.9 -999.9 -999.9 -999.9 -999.9 -999.9 0.2 37.2 87.8 87.8 93.8 -999.9 -999.9 -999.9 -999.9 -999.9 CEMADEN_-_André_da_Rocha_-_G2-430066101A_(705_m) -999.9 -999.9 -999.9 -999.9 -999.9 -999.9 -999.9 -999.9 Rio_Grande_do_Sul CEMADEN -999.9 0.0 -999.9
-28.62961 -51.57495 17819 2026-08-14_12:10 -999.9 -999.9 -999.9 -999.9 -999.9 -999.9 -999.9 -999.9 -999.9 -999.9 -999.9 -999.9 -999.9 -999.9 -999.9 -999.9 -999.9 0.2 32.0 87.8 87.8 93.8 -999.9 -999.9 -999.9 -999.9 -999.9 CEMADEN_-_André_da_Rocha_-_G2-430066101A_(705_m) -999.9 -999.9 -999.9 -999.9 -999.9 -999.9 -999.9 -999.9 Rio_Grande_do_Sul CEMADEN -999.9 0.0 -999.9
-28.62961 -51.57495 17819 2026-08-14_13:10 -999.9 -999.9 -999.9 -999.9 -999.9 -999.9 -999.9 -999.9 -999.9 -999.9 -999.9 -999.9 -999.9 -999.9 -999.9 -999.9 -999.9 0.2 22.8 87.6 87.8 93.8 -999.9 -999.9 -999.9 -999.9 -999.9 CEMADEN_-_André_da_Rocha_-_G2-430066101A_(705_m) -999.9 -999.9 -999.9 -999.9 -999.9 -999.9 -999.9 -999.9 Rio_Grande_do_Sul CEMADEN -999.9 0.0 -999.9
-28.62961 -51.57495 17819 2026-08-14_14:10 -999.9 -999.9 -999.9 -999.9 -999.9 -999.9 -999.9 -999.9 -999.9 -999.9 -999.9 -999.9 -999.9 -999.9 -999.9 -999.9 -999.9 0.2 21.6 86.2 87.8 93.8 -999.9 -999.9 -999.9 -999.9 -999.9 CEMADEN_-_André_da_Rocha_-_G2-430066101A_(705_m) -999.9 -999.9 -999.9 -999.9 -999.9 -999.9 -999.9 -999.9 Rio_Grande_do_Sul CEMADEN -999.9 0.0 -999.9
-28.62961 -51.57495 17819 2026-08-14_15:10 -999.9 -999.9 -999.9 -999.9 -999.9 -999.9 -999.9 -999.9 -999.9 -999.9 -999.9 -999.9 -999.9 -999.9 -999.9 -999.9 -999.9 0.2 21.6 85.8 87.8 93.8 -999.9 -999.9 -999.9 -999.9 -999.9 CEMADEN_-_André_da_Rocha_-_G2-430066101A_(705_m) -999.9 -999.9 -999.9 -999.9 -999.9 -999.9 -999.9 -999.9 Rio_Grande_do_Sul CEMADEN -999.9 0.0 -999.9
-28.62961 -51.57495 17819 2026-08-14_16:10 -999.9 -999.9 -999.9 -999.9 -999.9 -999.9 -999.9 -999.9 -999.9 -999.9 -999.9 -999.9 -999.9 -999.9 -999.9 -999.9 -999.9 0.2 21.6 85.8 87.8 93.8 -999.9 -999.9 -999.9 -999.9 -999.9 CEMADEN_-_André_da_Rocha_-_G2-430066101A_(705_m) -999.9 -999.9 -999.9 -999.9 -999.9 -999.9 -999.9 -999.9 Rio_Grande_do_Sul CEMADEN -999.9 0.0 -999.9
-28.62961 -51.57495 17819 2026-08-14_17:10 -999.9 -999.9 -999.9 -999.9 -999.9 -999.9 -999.9 -999.9 -999.9 -999.9 -999.9 -999.9 -999.9 -999.9 -999.9 -999.9 -999.9 0.2 21.6 85.8 87.8 93.8 -999.9 -999.9 -999.9 -999.9 -999.9 CEMADEN_-_André_da_Rocha_-_G2-430066101A_(705_m) -999.9 -999.9 -999.9 -999.9 -999.9 -999.9 -999.9 -999.9 Rio_Grande_do_Sul CEMADEN -999.9 0.0 -999.9
-28.62961 -51.57495 17819 2026-08-14_18:10 -999.9 -999.9 -999.9 -999.9 -999.9 -999.9 -999.9 -999.9 -999.9 -999.9 -999.9 -999.9 -999.9 -999.9 -999.9 -999.9 -999.9 0.2 21.6 85.4 87.8 93.8 -999.9 -999.9 -999.9 -999.9 -999.9 CEMADEN_-_André_da_Rocha_-_G2-430066101A_(705_m) -999.9 -999.9 -999.9 -999.9 -999.9 -999.9 -999.9 -999.9 Rio_Grande_do_Sul CEMADEN -999.9 0.0 -999.9
-28.62961 -51.57495 17819 2026-08-14_19:10 -999.9 -999.9 -999.9 -999.9 -999.9 -999.9 -999.9 -999.9 -999.9 -999.9 -999.9 -999.9 -999.9 -999.9 -999.9 -999.9 -999.9 0.2 21.6 83.8 87.8 93.8 -999.9 -999.9 -999.9 -999.9 -999.9 CEMADEN_-_André_da_Rocha_-_G2-430066101A_(705_m) -999.9 -999.9 -999.9 -999.9 -999.9 -999.9 -999.9 -999.9 Rio_Grande_do_Sul CEMADEN -999.9 0.0 -999.9
-28.62961 -51.57495 17819 2026-08-14_20:10 -999.9 -999.9 -999.9 -999.9 -999.9 -999.9 -999.9 -999.9 -999.9 -999.9 -999.9 -999.9 -999.9 -999.9 -999.9 -999.9 -999.9 0.2 21.6 83.6 87.8 93.8 -999.9 -999.9 -999.9 -999.9 -999.9 CEMADEN_-_André_da_Rocha_-_G2-430066101A_(705_m) -999.9 -999.9 -999.9 -999.9 -999.9 -999.9 -999.9 -999.9 Rio_Grande_do_Sul CEMADEN -999.9 0.0 -999.9
-28.62961 -51.57495 17819 2026-08-14_20:50 -999.9 -999.9 -999.9 -999.9 -999.9 -999.9 -999.9 -999.9 -999.9 -999.9 -999.9 -999.9 -999.9 -999.9 -999.9 -999.9 0.2 0.4 21.8 83.6 88.0 94.0 -999.9 -999.9 -999.9 -999.9 -999.9 CEMADEN_-_André_da_Rocha_-_G2-430066101A_(705_m) -999.9 -999.9 -999.9 -999.9 -999.9 -999.9 -999.9 -999.9 Rio_Grande_do_Sul CEMADEN -999.9 0.2 -999.9
-28.62961 -51.57495 17819 2026-08-14_21:00 -999.9 -999.9 -999.9 -999.9 -999.9 -999.9 -999.9 -999.9 -999.9 -999.9 -999.9 -999.9 -999.9 -999.9 -999.9 -999.9 0.4 0.6 22.0 83.8 88.2 94.2 -999.9 -999.9 -999.9 -999.9 -999.9 CEMADEN_-_André_da_Rocha_-_G2-430066101A_(705_m) -999.9 -999.9 -999.9 -999.9 -999.9 -999.9 -999.9 -999.9 Rio_Grande_do_Sul CEMADEN -999.9 0.2 -999.9
-28.62961 -51.57495 17819 2026-08-14_21:10 -999.9 -999.9 -999.9 -999.9 -999.9 -999.9 -999.9 -999.9 -999.9 -999.9 -999.9 -999.9 -999.9 -999.9 -999.9 -999.9 0.8 1.0 22.4 84.2 88.6 94.6 -999.9 -999.9 -999.9 -999.9 -999.9 CEMADEN_-_André_da_Rocha_-_G2-430066101A_(705_m) -999.9 -999.9 -999.9 -999.9 -999.9 -999.9 -999.9 -999.9 Rio_Grande_do_Sul CEMADEN -999.9 0.4 -999.9
-28.62961 -51.57495 17819 2026-08-14_21:20 -999.9 -999.9 -999.9 -999.9 -999.9 -999.9 -999.9 -999.9 -999.9 -999.9 -999.9 -999.9 -999.9 -999.9 -999.9 -999.9 0.8 1.2 22.6 83.8 88.8 94.8 -999.9 -999.9 -999.9 -999.9 -999.9 CEMADEN_-_André_da_Rocha_-_G2-430066101A_(705_m) -999.9 -999.9 -999.9 -999.9 -999.9 -999.9 -999.9 -999.9 Rio_Grande_do_Sul CEMADEN -999.9 0.2 -999.9
-28.62961 -51.57495 17819 2026-08-14_21:50 -999.9 -999.9 -999.9 -999.9 -999.9 -999.9 -999.9 -999.9 -999.9 -999.9 -999.9 -999.9 -999.9 -999.9 -999.9 -999.9 0.8 1.4 22.8 83.8 89.0 95.0 -999.9 -999.9 -999.9 -999.9 -999.9 CEMADEN_-_André_da_Rocha_-_G2-430066101A_(705_m) -999.9 -999.9 -999.9 -999.9 -999.9 -999.9 -999.9 -999.9 Rio_Grande_do_Sul CEMADEN -999.9 0.2 -999.9
-28.62961 -51.57495 17819 2026-08-14_22:10 -999.9 -999.9 -999.9 -999.9 -999.9 -999.9 -999.9 -999.9 -999.9 -999.9 -999.9 -999.9 -999.9 -999.9 -999.9 -999.9 -999.9 1.4 22.8 83.6 89.0 95.0 -999.9 -999.9 -999.9 -999.9 -999.9 CEMADEN_-_André_da_Rocha_-_G2-430066101A_(705_m) -999.9 -999.9 -999.9 -999.9 -999.9 -999.9 -999.9 -999.9 Rio_Grande_do_Sul CEMADEN -999.9 0.0 -999.9
-28.62961 -51.57495 17819 2026-08-14_23:10 -999.9 -999.9 -999.9 -999.9 -999.9 -999.9 -999.9 -999.9 -999.9 -999.9 -999.9 -999.9 -999.9 -999.9 -999.9 -999.9 -999.9 1.4 22.8 83.2 89.0 95.0 -999.9 -999.9 -999.9 -999.9 -999.9 CEMADEN_-_André_da_Rocha_-_G2-430066101A_(705_m) -999.9 -999.9 -999.9 -999.9 -999.9 -999.9 -999.9 -999.9 Rio_Grande_do_Sul CEMADEN -999.9 0.0 -999.9
