-28.71898 -51.70358 17825 2026-08-31_00:10 -999.9 -999.9 -999.9 -999.9 -999.9 -999.9 -999.9 -999.9 -999.9 -999.9 -999.9 -999.9 -999.9 -999.9 -999.9 -999.9 -999.9 0.0 77.6 86.8 86.8 96.2 -999.9 -999.9 -999.9 -999.9 -999.9 CEMADEN_-_Nova_Bassano_-_G2-431290602A_(621_m) -999.9 -999.9 -999.9 -999.9 -999.9 -999.9 -999.9 -999.9 Rio_Grande_do_Sul CEMADEN -999.9 0.0 -999.9
-28.71898 -51.70358 17825 2026-08-31_01:00 -999.9 -999.9 -999.9 -999.9 -999.9 -999.9 -999.9 -999.9 -999.9 -999.9 -999.9 -999.9 -999.9 -999.9 -999.9 -999.9 0.2 0.2 77.8 87.0 87.0 96.4 -999.9 -999.9 -999.9 -999.9 -999.9 CEMADEN_-_Nova_Bassano_-_G2-431290602A_(621_m) -999.9 -999.9 -999.9 -999.9 -999.9 -999.9 -999.9 -999.9 Rio_Grande_do_Sul CEMADEN -999.9 0.2 -999.9
-28.71898 -51.70358 17825 2026-08-31_01:10 -999.9 -999.9 -999.9 -999.9 -999.9 -999.9 -999.9 -999.9 -999.9 -999.9 -999.9 -999.9 -999.9 -999.9 -999.9 -999.9 0.2 0.2 77.8 87.0 87.0 96.4 -999.9 -999.9 -999.9 -999.9 -999.9 CEMADEN_-_Nova_Bassano_-_G2-431290602A_(621_m) -999.9 -999.9 -999.9 -999.9 -999.9 -999.9 -999.9 -999.9 Rio_Grande_do_Sul CEMADEN -999.9 0.0 -999.9
-28.71898 -51.70358 17825 2026-08-31_02:10 -999.9 -999.9 -999.9 -999.9 -999.9 -999.9 -999.9 -999.9 -999.9 -999.9 -999.9 -999.9 -999.9 -999.9 -999.9 -999.9 -999.9 0.2 77.8 87.0 87.0 96.4 -999.9 -999.9 -999.9 -999.9 -999.9 CEMADEN_-_Nova_Bassano_-_G2-431290602A_(621_m) -999.9 -999.9 -999.9 -999.9 -999.9 -999.9 -999.9 -999.9 Rio_Grande_do_Sul CEMADEN -999.9 0.0 -999.9
-28.71898 -51.70358 17825 2026-08-31_03:10 -999.9 -999.9 -999.9 -999.9 -999.9 -999.9 -999.9 -999.9 -999.9 -999.9 -999.9 -999.9 -999.9 -999.9 -999.9 -999.9 -999.9 0.2 76.2 87.0 87.0 96.4 -999.9 -999.9 -999.9 -999.9 -999.9 CEMADEN_-_Nova_Bassano_-_G2-431290602A_(621_m) -999.9 -999.9 -999.9 -999.9 -999.9 -999.9 -999.9 -999.9 Rio_Grande_do_Sul CEMADEN -999.9 0.0 -999.9
-28.71898 -51.70358 17825 2026-08-31_04:10 -999.9 -999.9 -999.9 -999.9 -999.9 -999.9 -999.9 -999.9 -999.9 -999.9 -999.9 -999.9 -999.9 -999.9 -999.9 -999.9 -999.9 0.2 76.2 87.0 87.0 96.4 -999.9 -999.9 -999.9 -999.9 -999.9 CEMADEN_-_Nova_Bassano_-_G2-431290602A_(621_m) -999.9 -999.9 -999.9 -999.9 -999.9 -999.9 -999.9 -999.9 Rio_Grande_do_Sul CEMADEN -999.9 0.0 -999.9
-28.71898 -51.70358 17825 2026-08-31_05:10 -999.9 -999.9 -999.9 -999.9 -999.9 -999.9 -999.9 -999.9 -999.9 -999.9 -999.9 -999.9 -999.9 -999.9 -999.9 -999.9 -999.9 0.2 76.2 87.0 87.0 96.4 -999.9 -999.9 -999.9 -999.9 -999.9 CEMADEN_-_Nova_Bassano_-_G2-431290602A_(621_m) -999.9 -999.9 -999.9 -999.9 -999.9 -999.9 -999.9 -999.9 Rio_Grande_do_Sul CEMADEN -999.9 0.0 -999.9
-28.71898 -51.70358 17825 2026-08-31_06:10 -999.9 -999.9 -999.9 -999.9 -999.9 -999.9 -999.9 -999.9 -999.9 -999.9 -999.9 -999.9 -999.9 -999.9 -999.9 -999.9 -999.9 0.2 59.8 87.0 87.0 96.4 -999.9 -999.9 -999.9 -999.9 -999.9 CEMADEN_-_Nova_Bassano_-_G2-431290602A_(621_m) -999.9 -999.9 -999.9 -999.9 -999.9 -999.9 -999.9 -999.9 Rio_Grande_do_Sul CEMADEN -999.9 0.0 -999.9
-28.71898 -51.70358 17825 2026-08-31_07:10 -999.9 -999.9 -999.9 -999.9 -999.9 -999.9 -999.9 -999.9 -999.9 -999.9 -999.9 -999.9 -999.9 -999.9 -999.9 -999.9 -999.9 0.2 59.6 87.0 87.0 96.4 -999.9 -999.9 -999.9 -999.9 -999.9 CEMADEN_-_Nova_Bassano_-_G2-431290602A_(621_m) -999.9 -999.9 -999.9 -999.9 -999.9 -999.9 -999.9 -999.9 Rio_Grande_do_Sul CEMADEN -999.9 0.0 -999.9
-28.71898 -51.70358 17825 2026-08-31_08:10 -999.9 -999.9 -999.9 -999.9 -999.9 -999.9 -999.9 -999.9 -999.9 -999.9 -999.9 -999.9 -999.9 -999.9 -999.9 -999.9 -999.9 0.2 49.6 87.0 87.0 96.4 -999.9 -999.9 -999.9 -999.9 -999.9 CEMADEN_-_Nova_Bassano_-_G2-431290602A_(621_m) -999.9 -999.9 -999.9 -999.9 -999.9 -999.9 -999.9 -999.9 Rio_Grande_do_Sul CEMADEN -999.9 0.0 -999.9
-28.71898 -51.70358 17825 2026-08-31_09:10 -999.9 -999.9 -999.9 -999.9 -999.9 -999.9 -999.9 -999.9 -999.9 -999.9 -999.9 -999.9 -999.9 -999.9 -999.9 -999.9 -999.9 0.2 49.4 87.0 87.0 96.4 -999.9 -999.9 -999.9 -999.9 -999.9 CEMADEN_-_Nova_Bassano_-_G2-431290602A_(621_m) -999.9 -999.9 -999.9 -999.9 -999.9 -999.9 -999.9 -999.9 Rio_Grande_do_Sul CEMADEN -999.9 0.0 -999.9
-28.71898 -51.70358 17825 2026-08-31_10:10 -999.9 -999.9 -999.9 -999.9 -999.9 -999.9 -999.9 -999.9 -999.9 -999.9 -999.9 -999.9 -999.9 -999.9 -999.9 -999.9 -999.9 0.2 49.4 87.0 87.0 96.4 -999.9 -999.9 -999.9 -999.9 -999.9 CEMADEN_-_Nova_Bassano_-_G2-431290602A_(621_m) -999.9 -999.9 -999.9 -999.9 -999.9 -999.9 -999.9 -999.9 Rio_Grande_do_Sul CEMADEN -999.9 0.0 -999.9
-28.71898 -51.70358 17825 2026-08-31_11:00 -999.9 -999.9 -999.9 -999.9 -999.9 -999.9 -999.9 -999.9 -999.9 -999.9 -999.9 -999.9 -999.9 -999.9 -999.9 -999.9 0.2 0.4 49.4 87.2 87.2 96.6 -999.9 -999.9 -999.9 -999.9 -999.9 CEMADEN_-_Nova_Bassano_-_G2-431290602A_(621_m) -999.9 -999.9 -999.9 -999.9 -999.9 -999.9 -999.9 -999.9 Rio_Grande_do_Sul CEMADEN -999.9 0.2 -999.9
-28.71898 -51.70358 17825 2026-08-31_11:10 -999.9 -999.9 -999.9 -999.9 -999.9 -999.9 -999.9 -999.9 -999.9 -999.9 -999.9 -999.9 -999.9 -999.9 -999.9 -999.9 0.8 1.0 50.0 87.8 87.8 97.2 -999.9 -999.9 -999.9 -999.9 -999.9 CEMADEN_-_Nova_Bassano_-_G2-431290602A_(621_m) -999.9 -999.9 -999.9 -999.9 -999.9 -999.9 -999.9 -999.9 Rio_Grande_do_Sul CEMADEN -999.9 0.6 -999.9
-28.71898 -51.70358 17825 2026-08-31_11:20 -999.9 -999.9 -999.9 -999.9 -999.9 -999.9 -999.9 -999.9 -999.9 -999.9 -999.9 -999.9 -999.9 -999.9 -999.9 -999.9 1.0 1.2 50.2 88.0 88.0 97.4 -999.9 -999.9 -999.9 -999.9 -999.9 CEMADEN_-_Nova_Bassano_-_G2-431290602A_(621_m) -999.9 -999.9 -999.9 -999.9 -999.9 -999.9 -999.9 -999.9 Rio_Grande_do_Sul CEMADEN -999.9 0.2 -999.9
-28.71898 -51.70358 17825 2026-08-31_11:30 -999.9 -999.9 -999.9 -999.9 -999.9 -999.9 -999.9 -999.9 -999.9 -999.9 -999.9 -999.9 -999.9 -999.9 -999.9 -999.9 1.2 1.4 50.4 88.2 88.2 97.6 -999.9 -999.9 -999.9 -999.9 -999.9 CEMADEN_-_Nova_Bassano_-_G2-431290602A_(621_m) -999.9 -999.9 -999.9 -999.9 -999.9 -999.9 -999.9 -999.9 Rio_Grande_do_Sul CEMADEN -999.9 0.2 -999.9
-28.71898 -51.70358 17825 2026-08-31_11:40 -999.9 -999.9 -999.9 -999.9 -999.9 -999.9 -999.9 -999.9 -999.9 -999.9 -999.9 -999.9 -999.9 -999.9 -999.9 -999.9 1.4 1.6 50.6 88.4 88.4 97.8 -999.9 -999.9 -999.9 -999.9 -999.9 CEMADEN_-_Nova_Bassano_-_G2-431290602A_(621_m) -999.9 -999.9 -999.9 -999.9 -999.9 -999.9 -999.9 -999.9 Rio_Grande_do_Sul CEMADEN -999.9 0.2 -999.9
-28.71898 -51.70358 17825 2026-08-31_12:00 -999.9 -999.9 -999.9 -999.9 -999.9 -999.9 -999.9 -999.9 -999.9 -999.9 -999.9 -999.9 -999.9 -999.9 -999.9 -999.9 0.4 1.8 47.0 88.6 88.6 98.0 -999.9 -999.9 -999.9 -999.9 -999.9 CEMADEN_-_Nova_Bassano_-_G2-431290602A_(621_m) -999.9 -999.9 -999.9 -999.9 -999.9 -999.9 -999.9 -999.9 Rio_Grande_do_Sul CEMADEN -999.9 0.2 -999.9
-28.71898 -51.70358 17825 2026-08-31_12:40 -999.9 -999.9 -999.9 -999.9 -999.9 -999.9 -999.9 -999.9 -999.9 -999.9 -999.9 -999.9 -999.9 -999.9 -999.9 -999.9 0.4 2.0 46.0 88.8 88.8 98.2 -999.9 -999.9 -999.9 -999.9 -999.9 CEMADEN_-_Nova_Bassano_-_G2-431290602A_(621_m) -999.9 -999.9 -999.9 -999.9 -999.9 -999.9 -999.9 -999.9 Rio_Grande_do_Sul CEMADEN -999.9 0.2 -999.9
-28.71898 -51.70358 17825 2026-08-31_12:50 -999.9 -999.9 -999.9 -999.9 -999.9 -999.9 -999.9 -999.9 -999.9 -999.9 -999.9 -999.9 -999.9 -999.9 -999.9 -999.9 0.8 2.4 46.4 89.2 89.2 98.6 -999.9 -999.9 -999.9 -999.9 -999.9 CEMADEN_-_Nova_Bassano_-_G2-431290602A_(621_m) -999.9 -999.9 -999.9 -999.9 -999.9 -999.9 -999.9 -999.9 Rio_Grande_do_Sul CEMADEN -999.9 0.4 -999.9
-28.71898 -51.70358 17825 2026-08-31_13:00 -999.9 -999.9 -999.9 -999.9 -999.9 -999.9 -999.9 -999.9 -999.9 -999.9 -999.9 -999.9 -999.9 -999.9 -999.9 -999.9 1.4 3.2 47.2 90.0 90.0 99.4 -999.9 -999.9 -999.9 -999.9 -999.9 CEMADEN_-_Nova_Bassano_-_G2-431290602A_(621_m) -999.9 -999.9 -999.9 -999.9 -999.9 -999.9 -999.9 -999.9 Rio_Grande_do_Sul CEMADEN -999.9 0.8 -999.9
-28.71898 -51.70358 17825 2026-08-31_13:10 -999.9 -999.9 -999.9 -999.9 -999.9 -999.9 -999.9 -999.9 -999.9 -999.9 -999.9 -999.9 -999.9 -999.9 -999.9 -999.9 2.0 3.8 47.8 90.6 90.6 100.0 -999.9 -999.9 -999.9 -999.9 -999.9 CEMADEN_-_Nova_Bassano_-_G2-431290602A_(621_m) -999.9 -999.9 -999.9 -999.9 -999.9 -999.9 -999.9 -999.9 Rio_Grande_do_Sul CEMADEN -999.9 0.6 -999.9
-28.71898 -51.70358 17825 2026-08-31_13:30 -999.9 -999.9 -999.9 -999.9 -999.9 -999.9 -999.9 -999.9 -999.9 -999.9 -999.9 -999.9 -999.9 -999.9 -999.9 -999.9 3.2 5.0 49.0 91.8 91.8 101.2 -999.9 -999.9 -999.9 -999.9 -999.9 CEMADEN_-_Nova_Bassano_-_G2-431290602A_(621_m) -999.9 -999.9 -999.9 -999.9 -999.9 -999.9 -999.9 -999.9 Rio_Grande_do_Sul CEMADEN -999.9 1.2 -999.9
-28.71898 -51.70358 17825 2026-08-31_13:40 -999.9 -999.9 -999.9 -999.9 -999.9 -999.9 -999.9 -999.9 -999.9 -999.9 -999.9 -999.9 -999.9 -999.9 -999.9 -999.9 3.4 5.4 49.4 92.2 92.2 101.6 -999.9 -999.9 -999.9 -999.9 -999.9 CEMADEN_-_Nova_Bassano_-_G2-431290602A_(621_m) -999.9 -999.9 -999.9 -999.9 -999.9 -999.9 -999.9 -999.9 Rio_Grande_do_Sul CEMADEN -999.9 0.4 -999.9
-28.71898 -51.70358 17825 2026-08-31_13:50 -999.9 -999.9 -999.9 -999.9 -999.9 -999.9 -999.9 -999.9 -999.9 -999.9 -999.9 -999.9 -999.9 -999.9 -999.9 -999.9 3.2 5.6 49.6 92.4 92.4 101.8 -999.9 -999.9 -999.9 -999.9 -999.9 CEMADEN_-_Nova_Bassano_-_G2-431290602A_(621_m) -999.9 -999.9 -999.9 -999.9 -999.9 -999.9 -999.9 -999.9 Rio_Grande_do_Sul CEMADEN -999.9 0.2 -999.9
-28.71898 -51.70358 17825 2026-08-31_14:00 -999.9 -999.9 -999.9 -999.9 -999.9 -999.9 -999.9 -999.9 -999.9 -999.9 -999.9 -999.9 -999.9 -999.9 -999.9 -999.9 2.6 5.8 49.8 92.6 92.6 102.0 -999.9 -999.9 -999.9 -999.9 -999.9 CEMADEN_-_Nova_Bassano_-_G2-431290602A_(621_m) -999.9 -999.9 -999.9 -999.9 -999.9 -999.9 -999.9 -999.9 Rio_Grande_do_Sul CEMADEN -999.9 0.2 -999.9
-28.71898 -51.70358 17825 2026-08-31_14:10 -999.9 -999.9 -999.9 -999.9 -999.9 -999.9 -999.9 -999.9 -999.9 -999.9 -999.9 -999.9 -999.9 -999.9 -999.9 -999.9 1.6 6.0 50.0 92.8 92.8 102.2 -999.9 -999.9 -999.9 -999.9 -999.9 CEMADEN_-_Nova_Bassano_-_G2-431290602A_(621_m) -999.9 -999.9 -999.9 -999.9 -999.9 -999.9 -999.9 -999.9 Rio_Grande_do_Sul CEMADEN -999.9 0.2 -999.9
-28.71898 -51.70358 17825 2026-08-31_14:30 -999.9 -999.9 -999.9 -999.9 -999.9 -999.9 -999.9 -999.9 -999.9 -999.9 -999.9 -999.9 -999.9 -999.9 -999.9 -999.9 0.8 6.2 50.2 93.0 93.0 102.4 -999.9 -999.9 -999.9 -999.9 -999.9 CEMADEN_-_Nova_Bassano_-_G2-431290602A_(621_m) -999.9 -999.9 -999.9 -999.9 -999.9 -999.9 -999.9 -999.9 Rio_Grande_do_Sul CEMADEN -999.9 0.2 -999.9
-28.71898 -51.70358 17825 2026-08-31_14:50 -999.9 -999.9 -999.9 -999.9 -999.9 -999.9 -999.9 -999.9 -999.9 -999.9 -999.9 -999.9 -999.9 -999.9 -999.9 -999.9 1.0 6.6 50.6 93.4 93.4 102.8 -999.9 -999.9 -999.9 -999.9 -999.9 CEMADEN_-_Nova_Bassano_-_G2-431290602A_(621_m) -999.9 -999.9 -999.9 -999.9 -999.9 -999.9 -999.9 -999.9 Rio_Grande_do_Sul CEMADEN -999.9 0.4 -999.9
-28.71898 -51.70358 17825 2026-08-31_15:00 -999.9 -999.9 -999.9 -999.9 -999.9 -999.9 -999.9 -999.9 -999.9 -999.9 -999.9 -999.9 -999.9 -999.9 -999.9 -999.9 1.2 7.0 51.0 93.8 93.8 103.2 -999.9 -999.9 -999.9 -999.9 -999.9 CEMADEN_-_Nova_Bassano_-_G2-431290602A_(621_m) -999.9 -999.9 -999.9 -999.9 -999.9 -999.9 -999.9 -999.9 Rio_Grande_do_Sul CEMADEN -999.9 0.4 -999.9
-28.71898 -51.70358 17825 2026-08-31_15:10 -999.9 -999.9 -999.9 -999.9 -999.9 -999.9 -999.9 -999.9 -999.9 -999.9 -999.9 -999.9 -999.9 -999.9 -999.9 -999.9 1.4 7.4 51.4 94.2 94.2 103.6 -999.9 -999.9 -999.9 -999.9 -999.9 CEMADEN_-_Nova_Bassano_-_G2-431290602A_(621_m) -999.9 -999.9 -999.9 -999.9 -999.9 -999.9 -999.9 -999.9 Rio_Grande_do_Sul CEMADEN -999.9 0.4 -999.9
-28.71898 -51.70358 17825 2026-08-31_15:20 -999.9 -999.9 -999.9 -999.9 -999.9 -999.9 -999.9 -999.9 -999.9 -999.9 -999.9 -999.9 -999.9 -999.9 -999.9 -999.9 1.8 7.8 51.4 94.6 94.6 104.0 -999.9 -999.9 -999.9 -999.9 -999.9 CEMADEN_-_Nova_Bassano_-_G2-431290602A_(621_m) -999.9 -999.9 -999.9 -999.9 -999.9 -999.9 -999.9 -999.9 Rio_Grande_do_Sul CEMADEN -999.9 0.4 -999.9
-28.71898 -51.70358 17825 2026-08-31_15:40 -999.9 -999.9 -999.9 -999.9 -999.9 -999.9 -999.9 -999.9 -999.9 -999.9 -999.9 -999.9 -999.9 -999.9 -999.9 -999.9 1.8 8.0 51.0 94.8 94.8 104.2 -999.9 -999.9 -999.9 -999.9 -999.9 CEMADEN_-_Nova_Bassano_-_G2-431290602A_(621_m) -999.9 -999.9 -999.9 -999.9 -999.9 -999.9 -999.9 -999.9 Rio_Grande_do_Sul CEMADEN -999.9 0.2 -999.9
-28.71898 -51.70358 17825 2026-08-31_15:50 -999.9 -999.9 -999.9 -999.9 -999.9 -999.9 -999.9 -999.9 -999.9 -999.9 -999.9 -999.9 -999.9 -999.9 -999.9 -999.9 1.8 8.4 51.2 95.2 95.2 104.6 -999.9 -999.9 -999.9 -999.9 -999.9 CEMADEN_-_Nova_Bassano_-_G2-431290602A_(621_m) -999.9 -999.9 -999.9 -999.9 -999.9 -999.9 -999.9 -999.9 Rio_Grande_do_Sul CEMADEN -999.9 0.4 -999.9
-28.71898 -51.70358 17825 2026-08-31_16:00 -999.9 -999.9 -999.9 -999.9 -999.9 -999.9 -999.9 -999.9 -999.9 -999.9 -999.9 -999.9 -999.9 -999.9 -999.9 -999.9 2.0 9.0 51.8 95.8 95.8 105.2 -999.9 -999.9 -999.9 -999.9 -999.9 CEMADEN_-_Nova_Bassano_-_G2-431290602A_(621_m) -999.9 -999.9 -999.9 -999.9 -999.9 -999.9 -999.9 -999.9 Rio_Grande_do_Sul CEMADEN -999.9 0.6 -999.9
-28.71898 -51.70358 17825 2026-08-31_16:20 -999.9 -999.9 -999.9 -999.9 -999.9 -999.9 -999.9 -999.9 -999.9 -999.9 -999.9 -999.9 -999.9 -999.9 -999.9 -999.9 2.6 10.0 52.8 96.8 96.8 106.2 -999.9 -999.9 -999.9 -999.9 -999.9 CEMADEN_-_Nova_Bassano_-_G2-431290602A_(621_m) -999.9 -999.9 -999.9 -999.9 -999.9 -999.9 -999.9 -999.9 Rio_Grande_do_Sul CEMADEN -999.9 1.0 -999.9
-28.71898 -51.70358 17825 2026-08-31_16:30 -999.9 -999.9 -999.9 -999.9 -999.9 -999.9 -999.9 -999.9 -999.9 -999.9 -999.9 -999.9 -999.9 -999.9 -999.9 -999.9 2.8 10.6 53.4 97.4 97.4 106.8 -999.9 -999.9 -999.9 -999.9 -999.9 CEMADEN_-_Nova_Bassano_-_G2-431290602A_(621_m) -999.9 -999.9 -999.9 -999.9 -999.9 -999.9 -999.9 -999.9 Rio_Grande_do_Sul CEMADEN -999.9 0.6 -999.9
-28.71898 -51.70358 17825 2026-08-31_16:40 -999.9 -999.9 -999.9 -999.9 -999.9 -999.9 -999.9 -999.9 -999.9 -999.9 -999.9 -999.9 -999.9 -999.9 -999.9 -999.9 3.4 11.2 54.0 98.0 98.0 107.4 -999.9 -999.9 -999.9 -999.9 -999.9 CEMADEN_-_Nova_Bassano_-_G2-431290602A_(621_m) -999.9 -999.9 -999.9 -999.9 -999.9 -999.9 -999.9 -999.9 Rio_Grande_do_Sul CEMADEN -999.9 0.6 -999.9
-28.71898 -51.70358 17825 2026-08-31_16:50 -999.9 -999.9 -999.9 -999.9 -999.9 -999.9 -999.9 -999.9 -999.9 -999.9 -999.9 -999.9 -999.9 -999.9 -999.9 -999.9 4.0 12.4 38.6 99.2 99.2 108.6 -999.9 -999.9 -999.9 -999.9 -999.9 CEMADEN_-_Nova_Bassano_-_G2-431290602A_(621_m) -999.9 -999.9 -999.9 -999.9 -999.9 -999.9 -999.9 -999.9 Rio_Grande_do_Sul CEMADEN -999.9 1.2 -999.9
-28.71898 -51.70358 17825 2026-08-31_17:00 -999.9 -999.9 -999.9 -999.9 -999.9 -999.9 -999.9 -999.9 -999.9 -999.9 -999.9 -999.9 -999.9 -999.9 -999.9 -999.9 0.2 12.6 38.4 91.6 99.4 108.8 -999.9 -999.9 -999.9 -999.9 -999.9 CEMADEN_-_Nova_Bassano_-_G2-431290602A_(621_m) -999.9 -999.9 -999.9 -999.9 -999.9 -999.9 -999.9 -999.9 Rio_Grande_do_Sul CEMADEN -999.9 0.2 -999.9
-28.71898 -51.70358 17825 2026-08-31_18:10 -999.9 -999.9 -999.9 -999.9 -999.9 -999.9 -999.9 -999.9 -999.9 -999.9 -999.9 -999.9 -999.9 -999.9 -999.9 -999.9 -999.9 12.6 32.2 91.2 99.4 108.8 -999.9 -999.9 -999.9 -999.9 -999.9 CEMADEN_-_Nova_Bassano_-_G2-431290602A_(621_m) -999.9 -999.9 -999.9 -999.9 -999.9 -999.9 -999.9 -999.9 Rio_Grande_do_Sul CEMADEN -999.9 0.0 -999.9
-28.71898 -51.70358 17825 2026-08-31_19:10 -999.9 -999.9 -999.9 -999.9 -999.9 -999.9 -999.9 -999.9 -999.9 -999.9 -999.9 -999.9 -999.9 -999.9 -999.9 -999.9 -999.9 12.6 32.0 90.2 99.4 108.8 -999.9 -999.9 -999.9 -999.9 -999.9 CEMADEN_-_Nova_Bassano_-_G2-431290602A_(621_m) -999.9 -999.9 -999.9 -999.9 -999.9 -999.9 -999.9 -999.9 Rio_Grande_do_Sul CEMADEN -999.9 0.0 -999.9
-28.71898 -51.70358 17825 2026-08-31_20:10 -999.9 -999.9 -999.9 -999.9 -999.9 -999.9 -999.9 -999.9 -999.9 -999.9 -999.9 -999.9 -999.9 -999.9 -999.9 -999.9 -999.9 12.6 32.0 90.2 99.4 108.8 -999.9 -999.9 -999.9 -999.9 -999.9 CEMADEN_-_Nova_Bassano_-_G2-431290602A_(621_m) -999.9 -999.9 -999.9 -999.9 -999.9 -999.9 -999.9 -999.9 Rio_Grande_do_Sul CEMADEN -999.9 0.0 -999.9
-28.71898 -51.70358 17825 2026-08-31_21:10 -999.9 -999.9 -999.9 -999.9 -999.9 -999.9 -999.9 -999.9 -999.9 -999.9 -999.9 -999.9 -999.9 -999.9 -999.9 -999.9 -999.9 12.6 32.0 90.2 99.4 108.8 -999.9 -999.9 -999.9 -999.9 -999.9 CEMADEN_-_Nova_Bassano_-_G2-431290602A_(621_m) -999.9 -999.9 -999.9 -999.9 -999.9 -999.9 -999.9 -999.9 Rio_Grande_do_Sul CEMADEN -999.9 0.0 -999.9
-28.71898 -51.70358 17825 2026-08-31_22:10 -999.9 -999.9 -999.9 -999.9 -999.9 -999.9 -999.9 -999.9 -999.9 -999.9 -999.9 -999.9 -999.9 -999.9 -999.9 -999.9 0.4 13.0 32.4 90.6 99.8 109.2 -999.9 -999.9 -999.9 -999.9 -999.9 CEMADEN_-_Nova_Bassano_-_G2-431290602A_(621_m) -999.9 -999.9 -999.9 -999.9 -999.9 -999.9 -999.9 -999.9 Rio_Grande_do_Sul CEMADEN -999.9 0.4 -999.9
-28.71898 -51.70358 17825 2026-08-31_22:20 -999.9 -999.9 -999.9 -999.9 -999.9 -999.9 -999.9 -999.9 -999.9 -999.9 -999.9 -999.9 -999.9 -999.9 -999.9 -999.9 1.0 13.6 33.0 91.2 100.4 109.8 -999.9 -999.9 -999.9 -999.9 -999.9 CEMADEN_-_Nova_Bassano_-_G2-431290602A_(621_m) -999.9 -999.9 -999.9 -999.9 -999.9 -999.9 -999.9 -999.9 Rio_Grande_do_Sul CEMADEN -999.9 0.6 -999.9
-28.71898 -51.70358 17825 2026-08-31_22:30 -999.9 -999.9 -999.9 -999.9 -999.9 -999.9 -999.9 -999.9 -999.9 -999.9 -999.9 -999.9 -999.9 -999.9 -999.9 -999.9 1.2 13.8 33.2 91.4 100.6 110.0 -999.9 -999.9 -999.9 -999.9 -999.9 CEMADEN_-_Nova_Bassano_-_G2-431290602A_(621_m) -999.9 -999.9 -999.9 -999.9 -999.9 -999.9 -999.9 -999.9 Rio_Grande_do_Sul CEMADEN -999.9 0.2 -999.9
-28.71898 -51.70358 17825 2026-08-31_22:50 -999.9 -999.9 -999.9 -999.9 -999.9 -999.9 -999.9 -999.9 -999.9 -999.9 -999.9 -999.9 -999.9 -999.9 -999.9 -999.9 1.4 14.0 33.4 91.6 100.8 110.2 -999.9 -999.9 -999.9 -999.9 -999.9 CEMADEN_-_Nova_Bassano_-_G2-431290602A_(621_m) -999.9 -999.9 -999.9 -999.9 -999.9 -999.9 -999.9 -999.9 Rio_Grande_do_Sul CEMADEN -999.9 0.2 -999.9
-28.71898 -51.70358 17825 2026-08-31_23:10 -999.9 -999.9 -999.9 -999.9 -999.9 -999.9 -999.9 -999.9 -999.9 -999.9 -999.9 -999.9 -999.9 -999.9 -999.9 -999.9 0.6 14.2 33.6 91.8 101.0 110.4 -999.9 -999.9 -999.9 -999.9 -999.9 CEMADEN_-_Nova_Bassano_-_G2-431290602A_(621_m) -999.9 -999.9 -999.9 -999.9 -999.9 -999.9 -999.9 -999.9 Rio_Grande_do_Sul CEMADEN -999.9 0.2 -999.9
-28.71898 -51.70358 17825 2026-08-31_23:30 -999.9 -999.9 -999.9 -999.9 -999.9 -999.9 -999.9 -999.9 -999.9 -999.9 -999.9 -999.9 -999.9 -999.9 -999.9 -999.9 0.6 14.4 33.8 92.0 101.2 110.6 -999.9 -999.9 -999.9 -999.9 -999.9 CEMADEN_-_Nova_Bassano_-_G2-431290602A_(621_m) -999.9 -999.9 -999.9 -999.9 -999.9 -999.9 -999.9 -999.9 Rio_Grande_do_Sul CEMADEN -999.9 0.2 -999.9
