-29.12927 -51.159296 EPAGRI-2417 2026-07-19_00:00 18.9 19.1 18.8 77.2 78.8 77.2 14.9 -999.9 -999.9 -999.9 -999.9 -999.9 -999.9 -999.9 -999.9 -999.9 0.0 0.0 5.1 5.1 5.1 5.6 27.1 13.3 100.0 48.3 -999.9 EPAGRI_-_Caxias_do_Sul_-_BASF_(830_m) -999.9 -999.9 -999.9 -999.9 -999.9 -999.9 -999.9 -999.9 Rio_Grande_do_Sul EPAGRI -999.9 -999.9 -999.9
-29.12927 -51.159296 EPAGRI-2417 2026-07-19_01:00 18.9 19.2 18.9 75.1 77.2 75.0 14.4 -999.9 -999.9 -999.9 -999.9 -999.9 -999.9 -999.9 -999.9 -999.9 0.0 0.0 5.1 5.1 5.1 5.6 27.1 13.3 100.0 48.3 -999.9 EPAGRI_-_Caxias_do_Sul_-_BASF_(830_m) -999.9 -999.9 -999.9 -999.9 -999.9 -999.9 -999.9 -999.9 Rio_Grande_do_Sul EPAGRI -999.9 -999.9 -999.9
-29.12927 -51.159296 EPAGRI-2417 2026-07-19_02:00 18.5 18.9 18.4 74.9 75.7 74.6 13.9 -999.9 -999.9 -999.9 -999.9 -999.9 -999.9 -999.9 -999.9 -999.9 0.0 0.0 5.1 5.1 5.1 5.6 27.1 13.3 100.0 48.3 -999.9 EPAGRI_-_Caxias_do_Sul_-_BASF_(830_m) -999.9 -999.9 -999.9 -999.9 -999.9 -999.9 -999.9 -999.9 Rio_Grande_do_Sul EPAGRI -999.9 -999.9 -999.9
-29.12927 -51.159296 EPAGRI-2417 2026-07-19_03:00 18.1 18.5 18.1 74.9 75.0 74.2 13.5 -999.9 -999.9 -999.9 -999.9 -999.9 -999.9 -999.9 -999.9 -999.9 0.0 0.0 5.1 5.1 5.1 5.6 27.1 13.3 100.0 48.3 -999.9 EPAGRI_-_Caxias_do_Sul_-_BASF_(830_m) -999.9 -999.9 -999.9 -999.9 -999.9 -999.9 -999.9 -999.9 Rio_Grande_do_Sul EPAGRI -999.9 -999.9 -999.9
-29.12927 -51.159296 EPAGRI-2417 2026-07-19_04:00 18.0 18.2 17.7 74.0 75.3 74.0 13.3 -999.9 -999.9 -999.9 -999.9 -999.9 -999.9 -999.9 -999.9 -999.9 0.0 0.0 5.1 5.1 5.1 5.6 27.1 13.3 100.0 48.3 -999.9 EPAGRI_-_Caxias_do_Sul_-_BASF_(830_m) -999.9 -999.9 -999.9 -999.9 -999.9 -999.9 -999.9 -999.9 Rio_Grande_do_Sul EPAGRI -999.9 -999.9 -999.9
-29.12927 -51.159296 EPAGRI-2417 2026-07-19_05:00 17.9 18.1 17.7 73.3 74.7 73.1 13.0 -999.9 -999.9 -999.9 -999.9 -999.9 -999.9 -999.9 -999.9 -999.9 0.0 0.0 5.1 5.1 5.1 5.6 27.1 13.3 100.0 48.3 -999.9 EPAGRI_-_Caxias_do_Sul_-_BASF_(830_m) -999.9 -999.9 -999.9 -999.9 -999.9 -999.9 -999.9 -999.9 Rio_Grande_do_Sul EPAGRI -999.9 -999.9 -999.9
-29.12927 -51.159296 EPAGRI-2417 2026-07-19_06:00 18.2 18.2 17.8 71.3 73.4 71.3 12.9 -999.9 -999.9 -999.9 -999.9 -999.9 -999.9 -999.9 -999.9 -999.9 0.0 0.0 5.1 5.1 5.1 5.6 27.1 13.3 100.0 48.3 -999.9 EPAGRI_-_Caxias_do_Sul_-_BASF_(830_m) -999.9 -999.9 -999.9 -999.9 -999.9 -999.9 -999.9 -999.9 Rio_Grande_do_Sul EPAGRI -999.9 -999.9 -999.9
-29.12927 -51.159296 EPAGRI-2417 2026-07-19_07:00 18.2 18.6 18.1 71.7 71.9 69.8 13.0 -999.9 -999.9 -999.9 -999.9 -999.9 -999.9 -999.9 -999.9 -999.9 0.0 0.0 5.1 5.1 5.1 5.6 27.1 13.3 100.0 48.3 -999.9 EPAGRI_-_Caxias_do_Sul_-_BASF_(830_m) -999.9 -999.9 -999.9 -999.9 -999.9 -999.9 -999.9 -999.9 Rio_Grande_do_Sul EPAGRI -999.9 -999.9 -999.9
-29.12927 -51.159296 EPAGRI-2417 2026-07-19_08:00 19.0 19.0 18.0 68.9 72.2 68.8 13.1 -999.9 -999.9 -999.9 -999.9 -999.9 -999.9 -999.9 -999.9 -999.9 0.0 0.0 5.1 5.1 5.1 5.6 27.1 13.3 100.0 48.3 -999.9 EPAGRI_-_Caxias_do_Sul_-_BASF_(830_m) -999.9 -999.9 -999.9 -999.9 -999.9 -999.9 -999.9 -999.9 Rio_Grande_do_Sul EPAGRI -999.9 -999.9 -999.9
-29.12927 -51.159296 EPAGRI-2417 2026-07-19_09:00 21.2 21.2 19.0 60.6 69.0 60.2 13.2 -999.9 -999.9 -999.9 -999.9 -999.9 -999.9 -999.9 -999.9 -999.9 0.0 0.0 5.1 5.1 5.1 5.6 27.1 13.3 100.0 48.3 -999.9 EPAGRI_-_Caxias_do_Sul_-_BASF_(830_m) -999.9 -999.9 -999.9 -999.9 -999.9 -999.9 -999.9 -999.9 Rio_Grande_do_Sul EPAGRI -999.9 -999.9 -999.9
-29.12927 -51.159296 EPAGRI-2417 2026-07-19_10:00 23.2 23.2 21.1 56.6 61.0 55.8 14.1 -999.9 -999.9 -999.9 -999.9 -999.9 -999.9 -999.9 -999.9 -999.9 0.0 0.0 5.1 5.1 5.1 5.6 27.1 13.3 100.0 48.3 -999.9 EPAGRI_-_Caxias_do_Sul_-_BASF_(830_m) -999.9 -999.9 -999.9 -999.9 -999.9 -999.9 -999.9 -999.9 Rio_Grande_do_Sul EPAGRI -999.9 -999.9 -999.9
-29.12927 -51.159296 EPAGRI-2417 2026-07-19_11:00 24.3 24.3 23.2 54.2 56.7 53.3 14.4 -999.9 -999.9 -999.9 -999.9 -999.9 -999.9 -999.9 -999.9 -999.9 0.0 0.0 5.1 5.1 5.1 5.6 27.1 13.3 100.0 48.3 -999.9 EPAGRI_-_Caxias_do_Sul_-_BASF_(830_m) -999.9 -999.9 -999.9 -999.9 -999.9 -999.9 -999.9 -999.9 Rio_Grande_do_Sul EPAGRI -999.9 -999.9 -999.9
-29.12927 -51.159296 EPAGRI-2417 2026-07-19_12:00 26.2 26.2 24.2 51.9 54.7 51.7 15.5 -999.9 -999.9 -999.9 -999.9 -999.9 -999.9 -999.9 -999.9 -999.9 0.0 0.0 5.1 5.1 5.1 5.6 27.1 13.3 100.0 48.3 -999.9 EPAGRI_-_Caxias_do_Sul_-_BASF_(830_m) -999.9 -999.9 -999.9 -999.9 -999.9 -999.9 -999.9 -999.9 Rio_Grande_do_Sul EPAGRI -999.9 -999.9 -999.9
-29.12927 -51.159296 EPAGRI-2417 2026-07-19_13:00 26.0 26.4 25.6 51.1 53.0 49.6 15.1 -999.9 -999.9 -999.9 -999.9 -999.9 -999.9 -999.9 -999.9 -999.9 0.0 0.0 5.1 5.1 5.1 5.6 27.1 13.3 100.0 48.3 -999.9 EPAGRI_-_Caxias_do_Sul_-_BASF_(830_m) -999.9 -999.9 -999.9 -999.9 -999.9 -999.9 -999.9 -999.9 Rio_Grande_do_Sul EPAGRI -999.9 -999.9 -999.9
-29.12927 -51.159296 EPAGRI-2417 2026-07-19_14:00 26.7 27.1 25.8 49.5 51.7 48.3 15.2 -999.9 -999.9 -999.9 -999.9 -999.9 -999.9 -999.9 -999.9 -999.9 0.0 0.0 5.1 5.1 5.1 5.6 27.1 13.3 100.0 48.3 -999.9 EPAGRI_-_Caxias_do_Sul_-_BASF_(830_m) -999.9 -999.9 -999.9 -999.9 -999.9 -999.9 -999.9 -999.9 Rio_Grande_do_Sul EPAGRI -999.9 -999.9 -999.9
-29.12927 -51.159296 EPAGRI-2417 2026-07-19_15:00 25.4 26.8 25.4 52.2 52.6 48.9 14.9 -999.9 -999.9 -999.9 -999.9 -999.9 -999.9 -999.9 -999.9 -999.9 0.0 0.0 5.1 5.1 5.1 5.6 27.1 13.3 100.0 48.3 -999.9 EPAGRI_-_Caxias_do_Sul_-_BASF_(830_m) -999.9 -999.9 -999.9 -999.9 -999.9 -999.9 -999.9 -999.9 Rio_Grande_do_Sul EPAGRI -999.9 -999.9 -999.9
-29.12927 -51.159296 EPAGRI-2417 2026-07-19_16:00 25.9 26.5 25.3 51.2 53.1 49.5 15.0 -999.9 -999.9 -999.9 -999.9 -999.9 -999.9 -999.9 -999.9 -999.9 0.0 0.0 5.1 5.1 5.1 5.6 27.1 13.3 100.0 48.3 -999.9 EPAGRI_-_Caxias_do_Sul_-_BASF_(830_m) -999.9 -999.9 -999.9 -999.9 -999.9 -999.9 -999.9 -999.9 Rio_Grande_do_Sul EPAGRI -999.9 -999.9 -999.9
-29.12927 -51.159296 EPAGRI-2417 2026-07-19_17:00 24.1 25.9 24.1 56.3 56.5 51.1 14.8 -999.9 -999.9 -999.9 -999.9 -999.9 -999.9 -999.9 -999.9 -999.9 0.0 0.0 5.1 5.1 5.1 5.6 27.1 13.3 100.0 48.3 -999.9 EPAGRI_-_Caxias_do_Sul_-_BASF_(830_m) -999.9 -999.9 -999.9 -999.9 -999.9 -999.9 -999.9 -999.9 Rio_Grande_do_Sul EPAGRI -999.9 -999.9 -999.9
-29.12927 -51.159296 EPAGRI-2417 2026-07-19_18:00 22.8 24.2 22.8 59.4 59.4 56.0 14.5 -999.9 -999.9 -999.9 -999.9 -999.9 -999.9 -999.9 -999.9 -999.9 0.0 0.0 5.1 5.1 5.1 5.6 27.1 13.3 100.0 48.3 -999.9 EPAGRI_-_Caxias_do_Sul_-_BASF_(830_m) -999.9 -999.9 -999.9 -999.9 -999.9 -999.9 -999.9 -999.9 Rio_Grande_do_Sul EPAGRI -999.9 -999.9 -999.9
-29.12927 -51.159296 EPAGRI-2417 2026-07-19_19:00 16.7 22.8 16.7 95.1 95.1 59.4 15.9 -999.9 -999.9 -999.9 -999.9 -999.9 -999.9 -999.9 -999.9 -999.9 0.0 0.0 5.1 5.1 5.1 5.6 27.1 13.3 100.0 48.3 -999.9 EPAGRI_-_Caxias_do_Sul_-_BASF_(830_m) -999.9 -999.9 -999.9 -999.9 -999.9 -999.9 -999.9 -999.9 Rio_Grande_do_Sul EPAGRI -999.9 -999.9 -999.9
-29.12927 -51.159296 EPAGRI-2417 2026-07-19_20:00 13.9 16.7 13.9 100.0 100.0 95.1 13.9 -999.9 -999.9 -999.9 -999.9 -999.9 -999.9 -999.9 -999.9 -999.9 4.0 4.0 5.1 5.1 5.1 5.6 27.1 13.3 100.0 48.3 -999.9 EPAGRI_-_Caxias_do_Sul_-_BASF_(830_m) -999.9 -999.9 -999.9 -999.9 -999.9 -999.9 -999.9 -999.9 Rio_Grande_do_Sul EPAGRI -999.9 -999.9 -999.9
-29.12927 -51.159296 EPAGRI-2417 2026-07-19_21:00 13.3 14.0 13.3 100.0 100.0 100.0 13.3 -999.9 -999.9 -999.9 -999.9 -999.9 -999.9 -999.9 -999.9 -999.9 1.1 5.1 5.1 5.1 5.1 5.6 27.1 13.3 100.0 48.3 -999.9 EPAGRI_-_Caxias_do_Sul_-_BASF_(830_m) -999.9 -999.9 -999.9 -999.9 -999.9 -999.9 -999.9 -999.9 Rio_Grande_do_Sul EPAGRI -999.9 -999.9 -999.9
-29.12927 -51.159296 EPAGRI-2417 2026-07-19_22:00 13.4 13.4 13.3 100.0 100.0 100.0 13.4 -999.9 -999.9 -999.9 -999.9 -999.9 -999.9 -999.9 -999.9 -999.9 0.0 5.1 5.1 5.1 5.1 5.6 27.1 13.3 100.0 48.3 -999.9 EPAGRI_-_Caxias_do_Sul_-_BASF_(830_m) -999.9 -999.9 -999.9 -999.9 -999.9 -999.9 -999.9 -999.9 Rio_Grande_do_Sul EPAGRI -999.9 -999.9 -999.9
-29.12927 -51.159296 EPAGRI-2417 2026-07-19_23:00 13.5 13.6 13.4 99.5 100.0 99.5 13.4 -999.9 -999.9 -999.9 -999.9 -999.9 -999.9 -999.9 -999.9 -999.9 0.0 5.1 5.1 5.1 5.1 5.6 27.1 13.3 100.0 48.3 -999.9 EPAGRI_-_Caxias_do_Sul_-_BASF_(830_m) -999.9 -999.9 -999.9 -999.9 -999.9 -999.9 -999.9 -999.9 Rio_Grande_do_Sul EPAGRI -999.9 -999.9 -999.9
