-28.874167 -50.975556 B817 2026-08-08_00:00 4.7 5.2 4.6 100 100 100 4.7 -999.9 -999.9 -999.9 -999.9 -999.9 6.1 106 10.1 -999.9 0.0 0.0 4.8 20.3 20.7 -999.9 14.7 4.6 100.0 91.0 32.0 INMET_-_CAXIAS_DO_SUL_-_CRIUVA_(857_m) -999.9 -999.9 -999.9 -999.9 -999.9 -999.9 -999.9 -999.9 Rio_Grande_do_Sul INMET -999.9 -999.9 -999.9
-28.874167 -50.975556 B817 2026-08-08_01:00 6 6.1 4.8 100 100 100 6.0 -999.9 -999.9 -999.9 -999.9 -999.9 3.6 74 11.2 -999.9 0.0 0.0 4.8 20.3 20.7 -999.9 14.7 4.6 100.0 91.0 32.0 INMET_-_CAXIAS_DO_SUL_-_CRIUVA_(857_m) -999.9 -999.9 -999.9 -999.9 -999.9 -999.9 -999.9 -999.9 Rio_Grande_do_Sul INMET -999.9 -999.9 -999.9
-28.874167 -50.975556 B817 2026-08-08_02:00 6 6.2 6 100 100 100 6.0 -999.9 -999.9 -999.9 -999.9 -999.9 4.3 72 15.5 -999.9 0.0 0.0 4.8 20.3 20.7 -999.9 14.7 4.6 100.0 91.0 32.0 INMET_-_CAXIAS_DO_SUL_-_CRIUVA_(857_m) -999.9 -999.9 -999.9 -999.9 -999.9 -999.9 -999.9 -999.9 Rio_Grande_do_Sul INMET -999.9 -999.9 -999.9
-28.874167 -50.975556 B817 2026-08-08_03:00 6.1 6.1 5.8 100 100 100 6.1 -999.9 -999.9 -999.9 -999.9 -999.9 2.9 72 18.0 -999.9 0.0 0.0 4.8 20.3 20.7 -999.9 14.7 4.6 100.0 91.0 32.0 INMET_-_CAXIAS_DO_SUL_-_CRIUVA_(857_m) -999.9 -999.9 -999.9 -999.9 -999.9 -999.9 -999.9 -999.9 Rio_Grande_do_Sul INMET -999.9 -999.9 -999.9
-28.874167 -50.975556 B817 2026-08-08_04:00 7.1 7.1 6.1 100 100 100 7.1 -999.9 -999.9 -999.9 -999.9 -999.9 2.9 60 15.1 -999.9 0.0 0.0 4.8 20.3 20.7 -999.9 14.7 4.6 100.0 91.0 32.0 INMET_-_CAXIAS_DO_SUL_-_CRIUVA_(857_m) -999.9 -999.9 -999.9 -999.9 -999.9 -999.9 -999.9 -999.9 Rio_Grande_do_Sul INMET -999.9 -999.9 -999.9
-28.874167 -50.975556 B817 2026-08-08_05:00 7.8 8.2 7.2 100 100 100 7.8 -999.9 -999.9 -999.9 -999.9 -999.9 3.6 108 15.8 -999.9 0.0 0.0 4.8 20.3 20.7 -999.9 14.7 4.6 100.0 91.0 32.0 INMET_-_CAXIAS_DO_SUL_-_CRIUVA_(857_m) -999.9 -999.9 -999.9 -999.9 -999.9 -999.9 -999.9 -999.9 Rio_Grande_do_Sul INMET -999.9 -999.9 -999.9
-28.874167 -50.975556 B817 2026-08-08_06:00 9.3 9.3 7.3 100 100 100 9.3 -999.9 -999.9 -999.9 -999.9 -999.9 3.2 21 12.6 -999.9 0.0 0.0 4.8 20.3 20.7 -999.9 14.7 4.6 100.0 91.0 32.0 INMET_-_CAXIAS_DO_SUL_-_CRIUVA_(857_m) -999.9 -999.9 -999.9 -999.9 -999.9 -999.9 -999.9 -999.9 Rio_Grande_do_Sul INMET -999.9 -999.9 -999.9
-28.874167 -50.975556 B817 2026-08-08_07:00 10 10 8.8 100 100 100 10.0 -999.9 -999.9 -999.9 -999.9 -999.9 3.6 37 13.7 -999.9 0.0 0.0 4.8 20.3 20.7 -999.9 14.7 4.6 100.0 91.0 32.0 INMET_-_CAXIAS_DO_SUL_-_CRIUVA_(857_m) -999.9 -999.9 -999.9 -999.9 -999.9 -999.9 -999.9 -999.9 Rio_Grande_do_Sul INMET -999.9 -999.9 -999.9
-28.874167 -50.975556 B817 2026-08-08_08:00 11 11 10 100 100 100 11.0 -999.9 -999.9 -999.9 -999.9 -999.9 2.2 61 12.2 -999.9 0.0 0.0 4.8 20.3 20.7 -999.9 14.7 4.6 100.0 91.0 32.0 INMET_-_CAXIAS_DO_SUL_-_CRIUVA_(857_m) -999.9 -999.9 -999.9 -999.9 -999.9 -999.9 -999.9 -999.9 Rio_Grande_do_Sul INMET -999.9 -999.9 -999.9
-28.874167 -50.975556 B817 2026-08-08_09:00 12 12.3 11.1 100 100 100 12.0 -999.9 -999.9 -999.9 -999.9 -999.9 2.2 79 10.1 -999.9 0.0 0.0 4.8 20.3 20.7 -999.9 14.7 4.6 100.0 91.0 32.0 INMET_-_CAXIAS_DO_SUL_-_CRIUVA_(857_m) -999.9 -999.9 -999.9 -999.9 -999.9 -999.9 -999.9 -999.9 Rio_Grande_do_Sul INMET -999.9 -999.9 -999.9
-28.874167 -50.975556 B817 2026-08-08_10:00 13.4 13.5 12.1 99 100 99 13.2 -999.9 -999.9 -999.9 -999.9 -999.9 3.2 46 13.0 -999.9 -999.9 0.0 4.8 20.3 20.7 -999.9 14.7 4.6 100.0 91.0 32.0 INMET_-_CAXIAS_DO_SUL_-_CRIUVA_(857_m) -999.9 -999.9 -999.9 -999.9 -999.9 -999.9 -999.9 -999.9 Rio_Grande_do_Sul INMET -999.9 -999.9 -999.9
-28.874167 -50.975556 B817 2026-08-08_11:00 13.6 14.3 13.3 96 99 94 13.0 -999.9 -999.9 -999.9 -999.9 -999.9 3.6 104 9.7 -999.9 0.0 0.0 4.8 20.3 20.7 -999.9 14.7 4.6 100.0 91.0 32.0 INMET_-_CAXIAS_DO_SUL_-_CRIUVA_(857_m) -999.9 -999.9 -999.9 -999.9 -999.9 -999.9 -999.9 -999.9 Rio_Grande_do_Sul INMET -999.9 -999.9 -999.9
-28.874167 -50.975556 B817 2026-08-08_12:00 13.9 13.9 13.4 97 97 96 13.4 -999.9 -999.9 -999.9 -999.9 -999.9 4.7 119 8.3 -999.9 0.0 0.0 4.8 20.3 20.7 -999.9 14.7 4.6 100.0 91.0 32.0 INMET_-_CAXIAS_DO_SUL_-_CRIUVA_(857_m) -999.9 -999.9 -999.9 -999.9 -999.9 -999.9 -999.9 -999.9 Rio_Grande_do_Sul INMET -999.9 -999.9 -999.9
-28.874167 -50.975556 B817 2026-08-08_13:00 14.5 14.7 14 97 97 94 14.0 -999.9 -999.9 -999.9 -999.9 -999.9 2.5 360 9.0 -999.9 0.0 0.0 4.8 20.3 20.7 -999.9 14.7 4.6 100.0 91.0 32.0 INMET_-_CAXIAS_DO_SUL_-_CRIUVA_(857_m) -999.9 -999.9 -999.9 -999.9 -999.9 -999.9 -999.9 -999.9 Rio_Grande_do_Sul INMET -999.9 -999.9 -999.9
-28.874167 -50.975556 B817 2026-08-08_14:00 14 14.5 14 99 99 96 13.8 -999.9 -999.9 -999.9 -999.9 -999.9 4.0 359 11.5 -999.9 0.8 0.8 4.8 20.3 20.7 -999.9 14.7 4.6 100.0 91.0 32.0 INMET_-_CAXIAS_DO_SUL_-_CRIUVA_(857_m) -999.9 -999.9 -999.9 -999.9 -999.9 -999.9 -999.9 -999.9 Rio_Grande_do_Sul INMET -999.9 -999.9 -999.9
-28.874167 -50.975556 B817 2026-08-08_15:00 14.1 14.4 14 100 100 99 14.1 -999.9 -999.9 -999.9 -999.9 -999.9 9.7 274 19.8 -999.9 0.6 1.4 4.8 20.3 20.7 -999.9 14.7 4.6 100.0 91.0 32.0 INMET_-_CAXIAS_DO_SUL_-_CRIUVA_(857_m) -999.9 -999.9 -999.9 -999.9 -999.9 -999.9 -999.9 -999.9 Rio_Grande_do_Sul INMET -999.9 -999.9 -999.9
-28.874167 -50.975556 B817 2026-08-08_16:00 11.9 14.2 11.9 96 100 92 11.3 -999.9 -999.9 -999.9 -999.9 -999.9 13.0 287 32.0 -999.9 0.2 1.6 4.8 20.3 20.7 -999.9 14.7 4.6 100.0 91.0 32.0 INMET_-_CAXIAS_DO_SUL_-_CRIUVA_(857_m) -999.9 -999.9 -999.9 -999.9 -999.9 -999.9 -999.9 -999.9 Rio_Grande_do_Sul INMET -999.9 -999.9 -999.9
-28.874167 -50.975556 B817 2026-08-08_17:00 12.3 12.3 11.9 94 97 92 11.4 -999.9 -999.9 -999.9 -999.9 -999.9 8.6 314 19.1 -999.9 0.0 1.6 4.8 20.3 20.7 -999.9 14.7 4.6 100.0 91.0 32.0 INMET_-_CAXIAS_DO_SUL_-_CRIUVA_(857_m) -999.9 -999.9 -999.9 -999.9 -999.9 -999.9 -999.9 -999.9 Rio_Grande_do_Sul INMET -999.9 -999.9 -999.9
-28.874167 -50.975556 B817 2026-08-08_18:00 11.1 12.3 11.1 92 96 91 9.8 -999.9 -999.9 -999.9 -999.9 -999.9 7.9 303 15.1 -999.9 0.0 1.6 4.8 20.3 20.7 -999.9 14.7 4.6 100.0 91.0 32.0 INMET_-_CAXIAS_DO_SUL_-_CRIUVA_(857_m) -999.9 -999.9 -999.9 -999.9 -999.9 -999.9 -999.9 -999.9 Rio_Grande_do_Sul INMET -999.9 -999.9 -999.9
-28.874167 -50.975556 B817 2026-08-08_19:00 10 11.1 10 97 97 92 9.5 -999.9 -999.9 -999.9 -999.9 -999.9 4.0 298 15.1 -999.9 0.0 1.6 4.8 20.3 20.7 -999.9 14.7 4.6 100.0 91.0 32.0 INMET_-_CAXIAS_DO_SUL_-_CRIUVA_(857_m) -999.9 -999.9 -999.9 -999.9 -999.9 -999.9 -999.9 -999.9 Rio_Grande_do_Sul INMET -999.9 -999.9 -999.9
-28.874167 -50.975556 B817 2026-08-08_20:00 9.6 10.1 9.6 99 99 96 9.4 -999.9 -999.9 -999.9 -999.9 -999.9 4.7 319 11.5 -999.9 0.0 1.6 4.8 20.3 20.7 -999.9 14.7 4.6 100.0 91.0 32.0 INMET_-_CAXIAS_DO_SUL_-_CRIUVA_(857_m) -999.9 -999.9 -999.9 -999.9 -999.9 -999.9 -999.9 -999.9 Rio_Grande_do_Sul INMET -999.9 -999.9 -999.9
-28.874167 -50.975556 B817 2026-08-08_21:00 9.8 9.8 9.4 99 100 99 9.6 -999.9 -999.9 -999.9 -999.9 -999.9 6.1 293 13.7 -999.9 0.0 1.6 4.8 20.3 20.7 -999.9 14.7 4.6 100.0 91.0 32.0 INMET_-_CAXIAS_DO_SUL_-_CRIUVA_(857_m) -999.9 -999.9 -999.9 -999.9 -999.9 -999.9 -999.9 -999.9 Rio_Grande_do_Sul INMET -999.9 -999.9 -999.9
-28.874167 -50.975556 B817 2026-08-08_22:00 9 9.9 9 92 99 92 7.8 -999.9 -999.9 -999.9 -999.9 -999.9 6.1 234 16.9 -999.9 0.0 1.6 4.8 20.3 20.7 -999.9 14.7 4.6 100.0 91.0 32.0 INMET_-_CAXIAS_DO_SUL_-_CRIUVA_(857_m) -999.9 -999.9 -999.9 -999.9 -999.9 -999.9 -999.9 -999.9 Rio_Grande_do_Sul INMET -999.9 -999.9 -999.9
-28.874167 -50.975556 B817 2026-08-08_23:00 8.2 9 8.2 97 97 92 7.7 -999.9 -999.9 -999.9 -999.9 -999.9 4.7 282 13.0 -999.9 0.0 1.6 4.8 20.3 20.7 -999.9 14.7 4.6 100.0 91.0 32.0 INMET_-_CAXIAS_DO_SUL_-_CRIUVA_(857_m) -999.9 -999.9 -999.9 -999.9 -999.9 -999.9 -999.9 -999.9 Rio_Grande_do_Sul INMET -999.9 -999.9 -999.9
