-28.99748 -51.21766 16920 2026-08-31_00:10 -999.9 -999.9 -999.9 -999.9 -999.9 -999.9 -999.9 -999.9 -999.9 -999.9 -999.9 -999.9 -999.9 -999.9 -999.9 -999.9 -999.9 0.0 60.8 63.2 63.2 65.4 -999.9 -999.9 -999.9 -999.9 -999.9 CEMADEN_-_Flores_da_Cunha_-_G2-430820101A_(721_m) -999.9 -999.9 -999.9 -999.9 -999.9 -999.9 -999.9 -999.9 Rio_Grande_do_Sul CEMADEN -999.9 0.0 -999.9
-28.99748 -51.21766 16920 2026-08-31_00:30 -999.9 -999.9 -999.9 -999.9 -999.9 -999.9 -999.9 -999.9 -999.9 -999.9 -999.9 -999.9 -999.9 -999.9 -999.9 -999.9 0.2 0.2 61.0 63.4 63.4 65.6 -999.9 -999.9 -999.9 -999.9 -999.9 CEMADEN_-_Flores_da_Cunha_-_G2-430820101A_(721_m) -999.9 -999.9 -999.9 -999.9 -999.9 -999.9 -999.9 -999.9 Rio_Grande_do_Sul CEMADEN -999.9 0.2 -999.9
-28.99748 -51.21766 16920 2026-08-31_01:10 -999.9 -999.9 -999.9 -999.9 -999.9 -999.9 -999.9 -999.9 -999.9 -999.9 -999.9 -999.9 -999.9 -999.9 -999.9 -999.9 0.2 0.4 61.2 63.6 63.6 65.8 -999.9 -999.9 -999.9 -999.9 -999.9 CEMADEN_-_Flores_da_Cunha_-_G2-430820101A_(721_m) -999.9 -999.9 -999.9 -999.9 -999.9 -999.9 -999.9 -999.9 Rio_Grande_do_Sul CEMADEN -999.9 0.2 -999.9
-28.99748 -51.21766 16920 2026-08-31_01:40 -999.9 -999.9 -999.9 -999.9 -999.9 -999.9 -999.9 -999.9 -999.9 -999.9 -999.9 -999.9 -999.9 -999.9 -999.9 -999.9 0.4 0.6 61.2 63.8 63.8 66.0 -999.9 -999.9 -999.9 -999.9 -999.9 CEMADEN_-_Flores_da_Cunha_-_G2-430820101A_(721_m) -999.9 -999.9 -999.9 -999.9 -999.9 -999.9 -999.9 -999.9 Rio_Grande_do_Sul CEMADEN -999.9 0.2 -999.9
-28.99748 -51.21766 16920 2026-08-31_02:10 -999.9 -999.9 -999.9 -999.9 -999.9 -999.9 -999.9 -999.9 -999.9 -999.9 -999.9 -999.9 -999.9 -999.9 -999.9 -999.9 0.2 0.8 61.4 64.0 64.0 66.2 -999.9 -999.9 -999.9 -999.9 -999.9 CEMADEN_-_Flores_da_Cunha_-_G2-430820101A_(721_m) -999.9 -999.9 -999.9 -999.9 -999.9 -999.9 -999.9 -999.9 Rio_Grande_do_Sul CEMADEN -999.9 0.2 -999.9
-28.99748 -51.21766 16920 2026-08-31_02:50 -999.9 -999.9 -999.9 -999.9 -999.9 -999.9 -999.9 -999.9 -999.9 -999.9 -999.9 -999.9 -999.9 -999.9 -999.9 -999.9 0.4 1.0 61.6 64.2 64.2 66.4 -999.9 -999.9 -999.9 -999.9 -999.9 CEMADEN_-_Flores_da_Cunha_-_G2-430820101A_(721_m) -999.9 -999.9 -999.9 -999.9 -999.9 -999.9 -999.9 -999.9 Rio_Grande_do_Sul CEMADEN -999.9 0.2 -999.9
-28.99748 -51.21766 16920 2026-08-31_03:10 -999.9 -999.9 -999.9 -999.9 -999.9 -999.9 -999.9 -999.9 -999.9 -999.9 -999.9 -999.9 -999.9 -999.9 -999.9 -999.9 0.2 1.0 61.4 64.2 64.2 66.4 -999.9 -999.9 -999.9 -999.9 -999.9 CEMADEN_-_Flores_da_Cunha_-_G2-430820101A_(721_m) -999.9 -999.9 -999.9 -999.9 -999.9 -999.9 -999.9 -999.9 Rio_Grande_do_Sul CEMADEN -999.9 0.0 -999.9
-28.99748 -51.21766 16920 2026-08-31_03:20 -999.9 -999.9 -999.9 -999.9 -999.9 -999.9 -999.9 -999.9 -999.9 -999.9 -999.9 -999.9 -999.9 -999.9 -999.9 -999.9 0.2 1.2 61.4 64.4 64.4 66.6 -999.9 -999.9 -999.9 -999.9 -999.9 CEMADEN_-_Flores_da_Cunha_-_G2-430820101A_(721_m) -999.9 -999.9 -999.9 -999.9 -999.9 -999.9 -999.9 -999.9 Rio_Grande_do_Sul CEMADEN -999.9 0.2 -999.9
-28.99748 -51.21766 16920 2026-08-31_04:00 -999.9 -999.9 -999.9 -999.9 -999.9 -999.9 -999.9 -999.9 -999.9 -999.9 -999.9 -999.9 -999.9 -999.9 -999.9 -999.9 0.2 1.4 61.6 64.6 64.6 66.8 -999.9 -999.9 -999.9 -999.9 -999.9 CEMADEN_-_Flores_da_Cunha_-_G2-430820101A_(721_m) -999.9 -999.9 -999.9 -999.9 -999.9 -999.9 -999.9 -999.9 Rio_Grande_do_Sul CEMADEN -999.9 0.2 -999.9
-28.99748 -51.21766 16920 2026-08-31_04:30 -999.9 -999.9 -999.9 -999.9 -999.9 -999.9 -999.9 -999.9 -999.9 -999.9 -999.9 -999.9 -999.9 -999.9 -999.9 -999.9 0.4 1.6 61.6 64.8 64.8 67.0 -999.9 -999.9 -999.9 -999.9 -999.9 CEMADEN_-_Flores_da_Cunha_-_G2-430820101A_(721_m) -999.9 -999.9 -999.9 -999.9 -999.9 -999.9 -999.9 -999.9 Rio_Grande_do_Sul CEMADEN -999.9 0.2 -999.9
-28.99748 -51.21766 16920 2026-08-31_05:00 -999.9 -999.9 -999.9 -999.9 -999.9 -999.9 -999.9 -999.9 -999.9 -999.9 -999.9 -999.9 -999.9 -999.9 -999.9 -999.9 0.4 1.8 61.6 65.0 65.0 67.2 -999.9 -999.9 -999.9 -999.9 -999.9 CEMADEN_-_Flores_da_Cunha_-_G2-430820101A_(721_m) -999.9 -999.9 -999.9 -999.9 -999.9 -999.9 -999.9 -999.9 Rio_Grande_do_Sul CEMADEN -999.9 0.2 -999.9
-28.99748 -51.21766 16920 2026-08-31_05:30 -999.9 -999.9 -999.9 -999.9 -999.9 -999.9 -999.9 -999.9 -999.9 -999.9 -999.9 -999.9 -999.9 -999.9 -999.9 -999.9 0.4 2.0 61.8 65.2 65.2 67.4 -999.9 -999.9 -999.9 -999.9 -999.9 CEMADEN_-_Flores_da_Cunha_-_G2-430820101A_(721_m) -999.9 -999.9 -999.9 -999.9 -999.9 -999.9 -999.9 -999.9 Rio_Grande_do_Sul CEMADEN -999.9 0.2 -999.9
-28.99748 -51.21766 16920 2026-08-31_06:00 -999.9 -999.9 -999.9 -999.9 -999.9 -999.9 -999.9 -999.9 -999.9 -999.9 -999.9 -999.9 -999.9 -999.9 -999.9 -999.9 0.4 2.2 61.8 65.4 65.4 67.6 -999.9 -999.9 -999.9 -999.9 -999.9 CEMADEN_-_Flores_da_Cunha_-_G2-430820101A_(721_m) -999.9 -999.9 -999.9 -999.9 -999.9 -999.9 -999.9 -999.9 Rio_Grande_do_Sul CEMADEN -999.9 0.2 -999.9
-28.99748 -51.21766 16920 2026-08-31_06:30 -999.9 -999.9 -999.9 -999.9 -999.9 -999.9 -999.9 -999.9 -999.9 -999.9 -999.9 -999.9 -999.9 -999.9 -999.9 -999.9 0.4 2.4 61.8 65.6 65.6 67.8 -999.9 -999.9 -999.9 -999.9 -999.9 CEMADEN_-_Flores_da_Cunha_-_G2-430820101A_(721_m) -999.9 -999.9 -999.9 -999.9 -999.9 -999.9 -999.9 -999.9 Rio_Grande_do_Sul CEMADEN -999.9 0.2 -999.9
-28.99748 -51.21766 16920 2026-08-31_07:00 -999.9 -999.9 -999.9 -999.9 -999.9 -999.9 -999.9 -999.9 -999.9 -999.9 -999.9 -999.9 -999.9 -999.9 -999.9 -999.9 0.4 2.6 61.6 65.8 65.8 68.0 -999.9 -999.9 -999.9 -999.9 -999.9 CEMADEN_-_Flores_da_Cunha_-_G2-430820101A_(721_m) -999.9 -999.9 -999.9 -999.9 -999.9 -999.9 -999.9 -999.9 Rio_Grande_do_Sul CEMADEN -999.9 0.2 -999.9
-28.99748 -51.21766 16920 2026-08-31_07:30 -999.9 -999.9 -999.9 -999.9 -999.9 -999.9 -999.9 -999.9 -999.9 -999.9 -999.9 -999.9 -999.9 -999.9 -999.9 -999.9 0.4 2.8 61.0 66.0 66.0 68.2 -999.9 -999.9 -999.9 -999.9 -999.9 CEMADEN_-_Flores_da_Cunha_-_G2-430820101A_(721_m) -999.9 -999.9 -999.9 -999.9 -999.9 -999.9 -999.9 -999.9 Rio_Grande_do_Sul CEMADEN -999.9 0.2 -999.9
-28.99748 -51.21766 16920 2026-08-31_08:10 -999.9 -999.9 -999.9 -999.9 -999.9 -999.9 -999.9 -999.9 -999.9 -999.9 -999.9 -999.9 -999.9 -999.9 -999.9 -999.9 0.2 3.0 60.2 66.2 66.2 68.4 -999.9 -999.9 -999.9 -999.9 -999.9 CEMADEN_-_Flores_da_Cunha_-_G2-430820101A_(721_m) -999.9 -999.9 -999.9 -999.9 -999.9 -999.9 -999.9 -999.9 Rio_Grande_do_Sul CEMADEN -999.9 0.2 -999.9
-28.99748 -51.21766 16920 2026-08-31_08:40 -999.9 -999.9 -999.9 -999.9 -999.9 -999.9 -999.9 -999.9 -999.9 -999.9 -999.9 -999.9 -999.9 -999.9 -999.9 -999.9 0.4 3.2 59.4 66.4 66.4 68.6 -999.9 -999.9 -999.9 -999.9 -999.9 CEMADEN_-_Flores_da_Cunha_-_G2-430820101A_(721_m) -999.9 -999.9 -999.9 -999.9 -999.9 -999.9 -999.9 -999.9 Rio_Grande_do_Sul CEMADEN -999.9 0.2 -999.9
-28.99748 -51.21766 16920 2026-08-31_09:10 -999.9 -999.9 -999.9 -999.9 -999.9 -999.9 -999.9 -999.9 -999.9 -999.9 -999.9 -999.9 -999.9 -999.9 -999.9 -999.9 0.4 3.4 57.2 66.6 66.6 68.8 -999.9 -999.9 -999.9 -999.9 -999.9 CEMADEN_-_Flores_da_Cunha_-_G2-430820101A_(721_m) -999.9 -999.9 -999.9 -999.9 -999.9 -999.9 -999.9 -999.9 Rio_Grande_do_Sul CEMADEN -999.9 0.2 -999.9
-28.99748 -51.21766 16920 2026-08-31_09:40 -999.9 -999.9 -999.9 -999.9 -999.9 -999.9 -999.9 -999.9 -999.9 -999.9 -999.9 -999.9 -999.9 -999.9 -999.9 -999.9 0.4 3.6 56.4 66.8 66.8 69.0 -999.9 -999.9 -999.9 -999.9 -999.9 CEMADEN_-_Flores_da_Cunha_-_G2-430820101A_(721_m) -999.9 -999.9 -999.9 -999.9 -999.9 -999.9 -999.9 -999.9 Rio_Grande_do_Sul CEMADEN -999.9 0.2 -999.9
-28.99748 -51.21766 16920 2026-08-31_10:10 -999.9 -999.9 -999.9 -999.9 -999.9 -999.9 -999.9 -999.9 -999.9 -999.9 -999.9 -999.9 -999.9 -999.9 -999.9 -999.9 0.4 3.8 55.0 67.0 67.0 69.2 -999.9 -999.9 -999.9 -999.9 -999.9 CEMADEN_-_Flores_da_Cunha_-_G2-430820101A_(721_m) -999.9 -999.9 -999.9 -999.9 -999.9 -999.9 -999.9 -999.9 Rio_Grande_do_Sul CEMADEN -999.9 0.2 -999.9
-28.99748 -51.21766 16920 2026-08-31_10:30 -999.9 -999.9 -999.9 -999.9 -999.9 -999.9 -999.9 -999.9 -999.9 -999.9 -999.9 -999.9 -999.9 -999.9 -999.9 -999.9 0.4 4.0 53.4 67.0 67.2 69.4 -999.9 -999.9 -999.9 -999.9 -999.9 CEMADEN_-_Flores_da_Cunha_-_G2-430820101A_(721_m) -999.9 -999.9 -999.9 -999.9 -999.9 -999.9 -999.9 -999.9 Rio_Grande_do_Sul CEMADEN -999.9 0.2 -999.9
-28.99748 -51.21766 16920 2026-08-31_11:00 -999.9 -999.9 -999.9 -999.9 -999.9 -999.9 -999.9 -999.9 -999.9 -999.9 -999.9 -999.9 -999.9 -999.9 -999.9 -999.9 0.4 4.2 51.8 67.2 67.4 69.6 -999.9 -999.9 -999.9 -999.9 -999.9 CEMADEN_-_Flores_da_Cunha_-_G2-430820101A_(721_m) -999.9 -999.9 -999.9 -999.9 -999.9 -999.9 -999.9 -999.9 Rio_Grande_do_Sul CEMADEN -999.9 0.2 -999.9
-28.99748 -51.21766 16920 2026-08-31_11:30 -999.9 -999.9 -999.9 -999.9 -999.9 -999.9 -999.9 -999.9 -999.9 -999.9 -999.9 -999.9 -999.9 -999.9 -999.9 -999.9 0.4 4.4 50.8 67.4 67.6 69.8 -999.9 -999.9 -999.9 -999.9 -999.9 CEMADEN_-_Flores_da_Cunha_-_G2-430820101A_(721_m) -999.9 -999.9 -999.9 -999.9 -999.9 -999.9 -999.9 -999.9 Rio_Grande_do_Sul CEMADEN -999.9 0.2 -999.9
-28.99748 -51.21766 16920 2026-08-31_11:50 -999.9 -999.9 -999.9 -999.9 -999.9 -999.9 -999.9 -999.9 -999.9 -999.9 -999.9 -999.9 -999.9 -999.9 -999.9 -999.9 0.6 4.6 50.4 67.6 67.8 70.0 -999.9 -999.9 -999.9 -999.9 -999.9 CEMADEN_-_Flores_da_Cunha_-_G2-430820101A_(721_m) -999.9 -999.9 -999.9 -999.9 -999.9 -999.9 -999.9 -999.9 Rio_Grande_do_Sul CEMADEN -999.9 0.2 -999.9
-28.99748 -51.21766 16920 2026-08-31_12:10 -999.9 -999.9 -999.9 -999.9 -999.9 -999.9 -999.9 -999.9 -999.9 -999.9 -999.9 -999.9 -999.9 -999.9 -999.9 -999.9 0.4 4.6 49.2 67.6 67.8 70.0 -999.9 -999.9 -999.9 -999.9 -999.9 CEMADEN_-_Flores_da_Cunha_-_G2-430820101A_(721_m) -999.9 -999.9 -999.9 -999.9 -999.9 -999.9 -999.9 -999.9 Rio_Grande_do_Sul CEMADEN -999.9 0.0 -999.9
-28.99748 -51.21766 16920 2026-08-31_12:20 -999.9 -999.9 -999.9 -999.9 -999.9 -999.9 -999.9 -999.9 -999.9 -999.9 -999.9 -999.9 -999.9 -999.9 -999.9 -999.9 0.4 4.8 48.4 67.8 68.0 70.2 -999.9 -999.9 -999.9 -999.9 -999.9 CEMADEN_-_Flores_da_Cunha_-_G2-430820101A_(721_m) -999.9 -999.9 -999.9 -999.9 -999.9 -999.9 -999.9 -999.9 Rio_Grande_do_Sul CEMADEN -999.9 0.2 -999.9
-28.99748 -51.21766 16920 2026-08-31_12:40 -999.9 -999.9 -999.9 -999.9 -999.9 -999.9 -999.9 -999.9 -999.9 -999.9 -999.9 -999.9 -999.9 -999.9 -999.9 -999.9 0.4 5.0 47.6 68.0 68.2 70.4 -999.9 -999.9 -999.9 -999.9 -999.9 CEMADEN_-_Flores_da_Cunha_-_G2-430820101A_(721_m) -999.9 -999.9 -999.9 -999.9 -999.9 -999.9 -999.9 -999.9 Rio_Grande_do_Sul CEMADEN -999.9 0.2 -999.9
-28.99748 -51.21766 16920 2026-08-31_13:10 -999.9 -999.9 -999.9 -999.9 -999.9 -999.9 -999.9 -999.9 -999.9 -999.9 -999.9 -999.9 -999.9 -999.9 -999.9 -999.9 0.4 5.2 46.0 68.2 68.4 70.6 -999.9 -999.9 -999.9 -999.9 -999.9 CEMADEN_-_Flores_da_Cunha_-_G2-430820101A_(721_m) -999.9 -999.9 -999.9 -999.9 -999.9 -999.9 -999.9 -999.9 Rio_Grande_do_Sul CEMADEN -999.9 0.2 -999.9
-28.99748 -51.21766 16920 2026-08-31_13:30 -999.9 -999.9 -999.9 -999.9 -999.9 -999.9 -999.9 -999.9 -999.9 -999.9 -999.9 -999.9 -999.9 -999.9 -999.9 -999.9 0.4 5.4 44.2 68.4 68.6 70.8 -999.9 -999.9 -999.9 -999.9 -999.9 CEMADEN_-_Flores_da_Cunha_-_G2-430820101A_(721_m) -999.9 -999.9 -999.9 -999.9 -999.9 -999.9 -999.9 -999.9 Rio_Grande_do_Sul CEMADEN -999.9 0.2 -999.9
-28.99748 -51.21766 16920 2026-08-31_14:00 -999.9 -999.9 -999.9 -999.9 -999.9 -999.9 -999.9 -999.9 -999.9 -999.9 -999.9 -999.9 -999.9 -999.9 -999.9 -999.9 0.4 5.6 43.0 68.6 68.8 71.0 -999.9 -999.9 -999.9 -999.9 -999.9 CEMADEN_-_Flores_da_Cunha_-_G2-430820101A_(721_m) -999.9 -999.9 -999.9 -999.9 -999.9 -999.9 -999.9 -999.9 Rio_Grande_do_Sul CEMADEN -999.9 0.2 -999.9
-28.99748 -51.21766 16920 2026-08-31_14:20 -999.9 -999.9 -999.9 -999.9 -999.9 -999.9 -999.9 -999.9 -999.9 -999.9 -999.9 -999.9 -999.9 -999.9 -999.9 -999.9 0.4 5.8 41.8 68.8 69.0 71.2 -999.9 -999.9 -999.9 -999.9 -999.9 CEMADEN_-_Flores_da_Cunha_-_G2-430820101A_(721_m) -999.9 -999.9 -999.9 -999.9 -999.9 -999.9 -999.9 -999.9 Rio_Grande_do_Sul CEMADEN -999.9 0.2 -999.9
-28.99748 -51.21766 16920 2026-08-31_14:50 -999.9 -999.9 -999.9 -999.9 -999.9 -999.9 -999.9 -999.9 -999.9 -999.9 -999.9 -999.9 -999.9 -999.9 -999.9 -999.9 0.6 6.0 41.6 69.0 69.2 71.4 -999.9 -999.9 -999.9 -999.9 -999.9 CEMADEN_-_Flores_da_Cunha_-_G2-430820101A_(721_m) -999.9 -999.9 -999.9 -999.9 -999.9 -999.9 -999.9 -999.9 Rio_Grande_do_Sul CEMADEN -999.9 0.2 -999.9
-28.99748 -51.21766 16920 2026-08-31_15:10 -999.9 -999.9 -999.9 -999.9 -999.9 -999.9 -999.9 -999.9 -999.9 -999.9 -999.9 -999.9 -999.9 -999.9 -999.9 -999.9 0.4 6.0 40.8 69.0 69.2 71.4 -999.9 -999.9 -999.9 -999.9 -999.9 CEMADEN_-_Flores_da_Cunha_-_G2-430820101A_(721_m) -999.9 -999.9 -999.9 -999.9 -999.9 -999.9 -999.9 -999.9 Rio_Grande_do_Sul CEMADEN -999.9 0.0 -999.9
-28.99748 -51.21766 16920 2026-08-31_15:20 -999.9 -999.9 -999.9 -999.9 -999.9 -999.9 -999.9 -999.9 -999.9 -999.9 -999.9 -999.9 -999.9 -999.9 -999.9 -999.9 0.4 6.2 40.4 69.2 69.4 71.6 -999.9 -999.9 -999.9 -999.9 -999.9 CEMADEN_-_Flores_da_Cunha_-_G2-430820101A_(721_m) -999.9 -999.9 -999.9 -999.9 -999.9 -999.9 -999.9 -999.9 Rio_Grande_do_Sul CEMADEN -999.9 0.2 -999.9
-28.99748 -51.21766 16920 2026-08-31_15:40 -999.9 -999.9 -999.9 -999.9 -999.9 -999.9 -999.9 -999.9 -999.9 -999.9 -999.9 -999.9 -999.9 -999.9 -999.9 -999.9 0.6 6.4 40.2 69.4 69.6 71.8 -999.9 -999.9 -999.9 -999.9 -999.9 CEMADEN_-_Flores_da_Cunha_-_G2-430820101A_(721_m) -999.9 -999.9 -999.9 -999.9 -999.9 -999.9 -999.9 -999.9 Rio_Grande_do_Sul CEMADEN -999.9 0.2 -999.9
-28.99748 -51.21766 16920 2026-08-31_15:50 -999.9 -999.9 -999.9 -999.9 -999.9 -999.9 -999.9 -999.9 -999.9 -999.9 -999.9 -999.9 -999.9 -999.9 -999.9 -999.9 0.6 6.6 40.2 69.6 69.8 72.0 -999.9 -999.9 -999.9 -999.9 -999.9 CEMADEN_-_Flores_da_Cunha_-_G2-430820101A_(721_m) -999.9 -999.9 -999.9 -999.9 -999.9 -999.9 -999.9 -999.9 Rio_Grande_do_Sul CEMADEN -999.9 0.2 -999.9
-28.99748 -51.21766 16920 2026-08-31_16:10 -999.9 -999.9 -999.9 -999.9 -999.9 -999.9 -999.9 -999.9 -999.9 -999.9 -999.9 -999.9 -999.9 -999.9 -999.9 -999.9 0.6 6.8 40.0 69.6 70.0 72.2 -999.9 -999.9 -999.9 -999.9 -999.9 CEMADEN_-_Flores_da_Cunha_-_G2-430820101A_(721_m) -999.9 -999.9 -999.9 -999.9 -999.9 -999.9 -999.9 -999.9 Rio_Grande_do_Sul CEMADEN -999.9 0.2 -999.9
-28.99748 -51.21766 16920 2026-08-31_16:30 -999.9 -999.9 -999.9 -999.9 -999.9 -999.9 -999.9 -999.9 -999.9 -999.9 -999.9 -999.9 -999.9 -999.9 -999.9 -999.9 0.8 7.0 40.2 69.8 70.2 72.4 -999.9 -999.9 -999.9 -999.9 -999.9 CEMADEN_-_Flores_da_Cunha_-_G2-430820101A_(721_m) -999.9 -999.9 -999.9 -999.9 -999.9 -999.9 -999.9 -999.9 Rio_Grande_do_Sul CEMADEN -999.9 0.2 -999.9
-28.99748 -51.21766 16920 2026-08-31_16:40 -999.9 -999.9 -999.9 -999.9 -999.9 -999.9 -999.9 -999.9 -999.9 -999.9 -999.9 -999.9 -999.9 -999.9 -999.9 -999.9 0.6 7.2 40.0 70.0 70.4 72.6 -999.9 -999.9 -999.9 -999.9 -999.9 CEMADEN_-_Flores_da_Cunha_-_G2-430820101A_(721_m) -999.9 -999.9 -999.9 -999.9 -999.9 -999.9 -999.9 -999.9 Rio_Grande_do_Sul CEMADEN -999.9 0.2 -999.9
-28.99748 -51.21766 16920 2026-08-31_17:00 -999.9 -999.9 -999.9 -999.9 -999.9 -999.9 -999.9 -999.9 -999.9 -999.9 -999.9 -999.9 -999.9 -999.9 -999.9 -999.9 0.6 7.4 39.4 70.2 70.6 72.8 -999.9 -999.9 -999.9 -999.9 -999.9 CEMADEN_-_Flores_da_Cunha_-_G2-430820101A_(721_m) -999.9 -999.9 -999.9 -999.9 -999.9 -999.9 -999.9 -999.9 Rio_Grande_do_Sul CEMADEN -999.9 0.2 -999.9
-28.99748 -51.21766 16920 2026-08-31_17:20 -999.9 -999.9 -999.9 -999.9 -999.9 -999.9 -999.9 -999.9 -999.9 -999.9 -999.9 -999.9 -999.9 -999.9 -999.9 -999.9 0.6 7.6 38.6 70.4 70.8 73.0 -999.9 -999.9 -999.9 -999.9 -999.9 CEMADEN_-_Flores_da_Cunha_-_G2-430820101A_(721_m) -999.9 -999.9 -999.9 -999.9 -999.9 -999.9 -999.9 -999.9 Rio_Grande_do_Sul CEMADEN -999.9 0.2 -999.9
-28.99748 -51.21766 16920 2026-08-31_17:40 -999.9 -999.9 -999.9 -999.9 -999.9 -999.9 -999.9 -999.9 -999.9 -999.9 -999.9 -999.9 -999.9 -999.9 -999.9 -999.9 0.6 7.8 37.8 70.4 71.0 73.2 -999.9 -999.9 -999.9 -999.9 -999.9 CEMADEN_-_Flores_da_Cunha_-_G2-430820101A_(721_m) -999.9 -999.9 -999.9 -999.9 -999.9 -999.9 -999.9 -999.9 Rio_Grande_do_Sul CEMADEN -999.9 0.2 -999.9
-28.99748 -51.21766 16920 2026-08-31_18:00 -999.9 -999.9 -999.9 -999.9 -999.9 -999.9 -999.9 -999.9 -999.9 -999.9 -999.9 -999.9 -999.9 -999.9 -999.9 -999.9 0.4 8.0 36.4 70.4 71.2 73.4 -999.9 -999.9 -999.9 -999.9 -999.9 CEMADEN_-_Flores_da_Cunha_-_G2-430820101A_(721_m) -999.9 -999.9 -999.9 -999.9 -999.9 -999.9 -999.9 -999.9 Rio_Grande_do_Sul CEMADEN -999.9 0.2 -999.9
-28.99748 -51.21766 16920 2026-08-31_18:30 -999.9 -999.9 -999.9 -999.9 -999.9 -999.9 -999.9 -999.9 -999.9 -999.9 -999.9 -999.9 -999.9 -999.9 -999.9 -999.9 0.6 8.4 36.4 70.8 71.6 73.8 -999.9 -999.9 -999.9 -999.9 -999.9 CEMADEN_-_Flores_da_Cunha_-_G2-430820101A_(721_m) -999.9 -999.9 -999.9 -999.9 -999.9 -999.9 -999.9 -999.9 Rio_Grande_do_Sul CEMADEN -999.9 0.4 -999.9
-28.99748 -51.21766 16920 2026-08-31_18:50 -999.9 -999.9 -999.9 -999.9 -999.9 -999.9 -999.9 -999.9 -999.9 -999.9 -999.9 -999.9 -999.9 -999.9 -999.9 -999.9 0.8 8.6 36.4 70.8 71.8 74.0 -999.9 -999.9 -999.9 -999.9 -999.9 CEMADEN_-_Flores_da_Cunha_-_G2-430820101A_(721_m) -999.9 -999.9 -999.9 -999.9 -999.9 -999.9 -999.9 -999.9 Rio_Grande_do_Sul CEMADEN -999.9 0.2 -999.9
-28.99748 -51.21766 16920 2026-08-31_19:10 -999.9 -999.9 -999.9 -999.9 -999.9 -999.9 -999.9 -999.9 -999.9 -999.9 -999.9 -999.9 -999.9 -999.9 -999.9 -999.9 0.8 8.8 35.8 71.0 72.0 74.2 -999.9 -999.9 -999.9 -999.9 -999.9 CEMADEN_-_Flores_da_Cunha_-_G2-430820101A_(721_m) -999.9 -999.9 -999.9 -999.9 -999.9 -999.9 -999.9 -999.9 Rio_Grande_do_Sul CEMADEN -999.9 0.2 -999.9
-28.99748 -51.21766 16920 2026-08-31_19:20 -999.9 -999.9 -999.9 -999.9 -999.9 -999.9 -999.9 -999.9 -999.9 -999.9 -999.9 -999.9 -999.9 -999.9 -999.9 -999.9 0.8 9.0 35.8 71.0 72.2 74.4 -999.9 -999.9 -999.9 -999.9 -999.9 CEMADEN_-_Flores_da_Cunha_-_G2-430820101A_(721_m) -999.9 -999.9 -999.9 -999.9 -999.9 -999.9 -999.9 -999.9 Rio_Grande_do_Sul CEMADEN -999.9 0.2 -999.9
-28.99748 -51.21766 16920 2026-08-31_19:30 -999.9 -999.9 -999.9 -999.9 -999.9 -999.9 -999.9 -999.9 -999.9 -999.9 -999.9 -999.9 -999.9 -999.9 -999.9 -999.9 0.8 9.2 35.6 71.2 72.4 74.6 -999.9 -999.9 -999.9 -999.9 -999.9 CEMADEN_-_Flores_da_Cunha_-_G2-430820101A_(721_m) -999.9 -999.9 -999.9 -999.9 -999.9 -999.9 -999.9 -999.9 Rio_Grande_do_Sul CEMADEN -999.9 0.2 -999.9
-28.99748 -51.21766 16920 2026-08-31_19:40 -999.9 -999.9 -999.9 -999.9 -999.9 -999.9 -999.9 -999.9 -999.9 -999.9 -999.9 -999.9 -999.9 -999.9 -999.9 -999.9 1.0 9.4 35.2 71.2 72.6 74.8 -999.9 -999.9 -999.9 -999.9 -999.9 CEMADEN_-_Flores_da_Cunha_-_G2-430820101A_(721_m) -999.9 -999.9 -999.9 -999.9 -999.9 -999.9 -999.9 -999.9 Rio_Grande_do_Sul CEMADEN -999.9 0.2 -999.9
-28.99748 -51.21766 16920 2026-08-31_19:50 -999.9 -999.9 -999.9 -999.9 -999.9 -999.9 -999.9 -999.9 -999.9 -999.9 -999.9 -999.9 -999.9 -999.9 -999.9 -999.9 1.0 9.6 34.8 71.4 72.8 75.0 -999.9 -999.9 -999.9 -999.9 -999.9 CEMADEN_-_Flores_da_Cunha_-_G2-430820101A_(721_m) -999.9 -999.9 -999.9 -999.9 -999.9 -999.9 -999.9 -999.9 Rio_Grande_do_Sul CEMADEN -999.9 0.2 -999.9
-28.99748 -51.21766 16920 2026-08-31_20:10 -999.9 -999.9 -999.9 -999.9 -999.9 -999.9 -999.9 -999.9 -999.9 -999.9 -999.9 -999.9 -999.9 -999.9 -999.9 -999.9 1.0 9.8 33.6 71.4 73.0 75.2 -999.9 -999.9 -999.9 -999.9 -999.9 CEMADEN_-_Flores_da_Cunha_-_G2-430820101A_(721_m) -999.9 -999.9 -999.9 -999.9 -999.9 -999.9 -999.9 -999.9 Rio_Grande_do_Sul CEMADEN -999.9 0.2 -999.9
-28.99748 -51.21766 16920 2026-08-31_20:20 -999.9 -999.9 -999.9 -999.9 -999.9 -999.9 -999.9 -999.9 -999.9 -999.9 -999.9 -999.9 -999.9 -999.9 -999.9 -999.9 1.0 10.0 33.2 71.6 73.2 75.4 -999.9 -999.9 -999.9 -999.9 -999.9 CEMADEN_-_Flores_da_Cunha_-_G2-430820101A_(721_m) -999.9 -999.9 -999.9 -999.9 -999.9 -999.9 -999.9 -999.9 Rio_Grande_do_Sul CEMADEN -999.9 0.2 -999.9
-28.99748 -51.21766 16920 2026-08-31_20:30 -999.9 -999.9 -999.9 -999.9 -999.9 -999.9 -999.9 -999.9 -999.9 -999.9 -999.9 -999.9 -999.9 -999.9 -999.9 -999.9 0.8 10.2 32.2 71.6 73.4 75.6 -999.9 -999.9 -999.9 -999.9 -999.9 CEMADEN_-_Flores_da_Cunha_-_G2-430820101A_(721_m) -999.9 -999.9 -999.9 -999.9 -999.9 -999.9 -999.9 -999.9 Rio_Grande_do_Sul CEMADEN -999.9 0.2 -999.9
-28.99748 -51.21766 16920 2026-08-31_20:50 -999.9 -999.9 -999.9 -999.9 -999.9 -999.9 -999.9 -999.9 -999.9 -999.9 -999.9 -999.9 -999.9 -999.9 -999.9 -999.9 0.8 10.4 32.0 71.8 73.6 75.8 -999.9 -999.9 -999.9 -999.9 -999.9 CEMADEN_-_Flores_da_Cunha_-_G2-430820101A_(721_m) -999.9 -999.9 -999.9 -999.9 -999.9 -999.9 -999.9 -999.9 Rio_Grande_do_Sul CEMADEN -999.9 0.2 -999.9
-28.99748 -51.21766 16920 2026-08-31_21:00 -999.9 -999.9 -999.9 -999.9 -999.9 -999.9 -999.9 -999.9 -999.9 -999.9 -999.9 -999.9 -999.9 -999.9 -999.9 -999.9 1.0 10.6 31.6 72.0 73.8 76.0 -999.9 -999.9 -999.9 -999.9 -999.9 CEMADEN_-_Flores_da_Cunha_-_G2-430820101A_(721_m) -999.9 -999.9 -999.9 -999.9 -999.9 -999.9 -999.9 -999.9 Rio_Grande_do_Sul CEMADEN -999.9 0.2 -999.9
-28.99748 -51.21766 16920 2026-08-31_21:10 -999.9 -999.9 -999.9 -999.9 -999.9 -999.9 -999.9 -999.9 -999.9 -999.9 -999.9 -999.9 -999.9 -999.9 -999.9 -999.9 0.8 10.8 31.0 72.2 74.0 76.2 -999.9 -999.9 -999.9 -999.9 -999.9 CEMADEN_-_Flores_da_Cunha_-_G2-430820101A_(721_m) -999.9 -999.9 -999.9 -999.9 -999.9 -999.9 -999.9 -999.9 Rio_Grande_do_Sul CEMADEN -999.9 0.2 -999.9
-28.99748 -51.21766 16920 2026-08-31_21:30 -999.9 -999.9 -999.9 -999.9 -999.9 -999.9 -999.9 -999.9 -999.9 -999.9 -999.9 -999.9 -999.9 -999.9 -999.9 -999.9 0.8 11.0 30.6 72.2 74.2 76.4 -999.9 -999.9 -999.9 -999.9 -999.9 CEMADEN_-_Flores_da_Cunha_-_G2-430820101A_(721_m) -999.9 -999.9 -999.9 -999.9 -999.9 -999.9 -999.9 -999.9 Rio_Grande_do_Sul CEMADEN -999.9 0.2 -999.9
-28.99748 -51.21766 16920 2026-08-31_21:40 -999.9 -999.9 -999.9 -999.9 -999.9 -999.9 -999.9 -999.9 -999.9 -999.9 -999.9 -999.9 -999.9 -999.9 -999.9 -999.9 1.0 11.2 30.4 72.4 74.4 76.6 -999.9 -999.9 -999.9 -999.9 -999.9 CEMADEN_-_Flores_da_Cunha_-_G2-430820101A_(721_m) -999.9 -999.9 -999.9 -999.9 -999.9 -999.9 -999.9 -999.9 Rio_Grande_do_Sul CEMADEN -999.9 0.2 -999.9
-28.99748 -51.21766 16920 2026-08-31_21:50 -999.9 -999.9 -999.9 -999.9 -999.9 -999.9 -999.9 -999.9 -999.9 -999.9 -999.9 -999.9 -999.9 -999.9 -999.9 -999.9 1.0 11.4 30.4 72.6 74.6 76.8 -999.9 -999.9 -999.9 -999.9 -999.9 CEMADEN_-_Flores_da_Cunha_-_G2-430820101A_(721_m) -999.9 -999.9 -999.9 -999.9 -999.9 -999.9 -999.9 -999.9 Rio_Grande_do_Sul CEMADEN -999.9 0.2 -999.9
-28.99748 -51.21766 16920 2026-08-31_22:00 -999.9 -999.9 -999.9 -999.9 -999.9 -999.9 -999.9 -999.9 -999.9 -999.9 -999.9 -999.9 -999.9 -999.9 -999.9 -999.9 0.8 11.6 30.0 72.8 74.8 77.0 -999.9 -999.9 -999.9 -999.9 -999.9 CEMADEN_-_Flores_da_Cunha_-_G2-430820101A_(721_m) -999.9 -999.9 -999.9 -999.9 -999.9 -999.9 -999.9 -999.9 Rio_Grande_do_Sul CEMADEN -999.9 0.2 -999.9
-28.99748 -51.21766 16920 2026-08-31_22:20 -999.9 -999.9 -999.9 -999.9 -999.9 -999.9 -999.9 -999.9 -999.9 -999.9 -999.9 -999.9 -999.9 -999.9 -999.9 -999.9 1.0 11.8 30.0 73.0 75.0 77.2 -999.9 -999.9 -999.9 -999.9 -999.9 CEMADEN_-_Flores_da_Cunha_-_G2-430820101A_(721_m) -999.9 -999.9 -999.9 -999.9 -999.9 -999.9 -999.9 -999.9 Rio_Grande_do_Sul CEMADEN -999.9 0.2 -999.9
-28.99748 -51.21766 16920 2026-08-31_22:40 -999.9 -999.9 -999.9 -999.9 -999.9 -999.9 -999.9 -999.9 -999.9 -999.9 -999.9 -999.9 -999.9 -999.9 -999.9 -999.9 1.0 12.2 29.8 73.4 75.4 77.6 -999.9 -999.9 -999.9 -999.9 -999.9 CEMADEN_-_Flores_da_Cunha_-_G2-430820101A_(721_m) -999.9 -999.9 -999.9 -999.9 -999.9 -999.9 -999.9 -999.9 Rio_Grande_do_Sul CEMADEN -999.9 0.4 -999.9
-28.99748 -51.21766 16920 2026-08-31_22:50 -999.9 -999.9 -999.9 -999.9 -999.9 -999.9 -999.9 -999.9 -999.9 -999.9 -999.9 -999.9 -999.9 -999.9 -999.9 -999.9 1.0 12.4 29.8 73.6 75.6 77.8 -999.9 -999.9 -999.9 -999.9 -999.9 CEMADEN_-_Flores_da_Cunha_-_G2-430820101A_(721_m) -999.9 -999.9 -999.9 -999.9 -999.9 -999.9 -999.9 -999.9 Rio_Grande_do_Sul CEMADEN -999.9 0.2 -999.9
-28.99748 -51.21766 16920 2026-08-31_23:10 -999.9 -999.9 -999.9 -999.9 -999.9 -999.9 -999.9 -999.9 -999.9 -999.9 -999.9 -999.9 -999.9 -999.9 -999.9 -999.9 1.0 12.6 29.4 73.6 75.8 78.0 -999.9 -999.9 -999.9 -999.9 -999.9 CEMADEN_-_Flores_da_Cunha_-_G2-430820101A_(721_m) -999.9 -999.9 -999.9 -999.9 -999.9 -999.9 -999.9 -999.9 Rio_Grande_do_Sul CEMADEN -999.9 0.2 -999.9
-28.99748 -51.21766 16920 2026-08-31_23:20 -999.9 -999.9 -999.9 -999.9 -999.9 -999.9 -999.9 -999.9 -999.9 -999.9 -999.9 -999.9 -999.9 -999.9 -999.9 -999.9 0.8 12.8 29.2 73.8 76.0 78.2 -999.9 -999.9 -999.9 -999.9 -999.9 CEMADEN_-_Flores_da_Cunha_-_G2-430820101A_(721_m) -999.9 -999.9 -999.9 -999.9 -999.9 -999.9 -999.9 -999.9 Rio_Grande_do_Sul CEMADEN -999.9 0.2 -999.9
-28.99748 -51.21766 16920 2026-08-31_23:40 -999.9 -999.9 -999.9 -999.9 -999.9 -999.9 -999.9 -999.9 -999.9 -999.9 -999.9 -999.9 -999.9 -999.9 -999.9 -999.9 0.8 13.0 29.2 74.0 76.2 78.4 -999.9 -999.9 -999.9 -999.9 -999.9 CEMADEN_-_Flores_da_Cunha_-_G2-430820101A_(721_m) -999.9 -999.9 -999.9 -999.9 -999.9 -999.9 -999.9 -999.9 Rio_Grande_do_Sul CEMADEN -999.9 0.2 -999.9
