-28.7994 -51.0922 17822 2026-08-27_00:10 -999.9 -999.9 -999.9 -999.9 -999.9 -999.9 -999.9 -999.9 -999.9 -999.9 -999.9 -999.9 -999.9 -999.9 -999.9 -999.9 -999.9 0.0 0.2 0.2 0.2 -999.9 -999.9 -999.9 -999.9 -999.9 -999.9 CEMADEN_-_Campestre_da_Serra_-_G2-430367301A_(761_m) -999.9 -999.9 -999.9 -999.9 -999.9 -999.9 -999.9 -999.9 Rio_Grande_do_Sul CEMADEN -999.9 0.0 -999.9
-28.7994 -51.0922 17822 2026-08-27_01:10 -999.9 -999.9 -999.9 -999.9 -999.9 -999.9 -999.9 -999.9 -999.9 -999.9 -999.9 -999.9 -999.9 -999.9 -999.9 -999.9 -999.9 0.0 0.2 0.2 0.2 -999.9 -999.9 -999.9 -999.9 -999.9 -999.9 CEMADEN_-_Campestre_da_Serra_-_G2-430367301A_(761_m) -999.9 -999.9 -999.9 -999.9 -999.9 -999.9 -999.9 -999.9 Rio_Grande_do_Sul CEMADEN -999.9 0.0 -999.9
-28.7994 -51.0922 17822 2026-08-27_02:10 -999.9 -999.9 -999.9 -999.9 -999.9 -999.9 -999.9 -999.9 -999.9 -999.9 -999.9 -999.9 -999.9 -999.9 -999.9 -999.9 -999.9 0.0 0.2 0.2 0.2 -999.9 -999.9 -999.9 -999.9 -999.9 -999.9 CEMADEN_-_Campestre_da_Serra_-_G2-430367301A_(761_m) -999.9 -999.9 -999.9 -999.9 -999.9 -999.9 -999.9 -999.9 Rio_Grande_do_Sul CEMADEN -999.9 0.0 -999.9
-28.7994 -51.0922 17822 2026-08-27_03:10 -999.9 -999.9 -999.9 -999.9 -999.9 -999.9 -999.9 -999.9 -999.9 -999.9 -999.9 -999.9 -999.9 -999.9 -999.9 -999.9 -999.9 0.0 0.2 0.2 0.2 -999.9 -999.9 -999.9 -999.9 -999.9 -999.9 CEMADEN_-_Campestre_da_Serra_-_G2-430367301A_(761_m) -999.9 -999.9 -999.9 -999.9 -999.9 -999.9 -999.9 -999.9 Rio_Grande_do_Sul CEMADEN -999.9 0.0 -999.9
-28.7994 -51.0922 17822 2026-08-27_04:10 -999.9 -999.9 -999.9 -999.9 -999.9 -999.9 -999.9 -999.9 -999.9 -999.9 -999.9 -999.9 -999.9 -999.9 -999.9 -999.9 -999.9 0.0 0.2 0.2 0.2 -999.9 -999.9 -999.9 -999.9 -999.9 -999.9 CEMADEN_-_Campestre_da_Serra_-_G2-430367301A_(761_m) -999.9 -999.9 -999.9 -999.9 -999.9 -999.9 -999.9 -999.9 Rio_Grande_do_Sul CEMADEN -999.9 0.0 -999.9
-28.7994 -51.0922 17822 2026-08-27_05:10 -999.9 -999.9 -999.9 -999.9 -999.9 -999.9 -999.9 -999.9 -999.9 -999.9 -999.9 -999.9 -999.9 -999.9 -999.9 -999.9 -999.9 0.0 0.2 0.2 0.2 -999.9 -999.9 -999.9 -999.9 -999.9 -999.9 CEMADEN_-_Campestre_da_Serra_-_G2-430367301A_(761_m) -999.9 -999.9 -999.9 -999.9 -999.9 -999.9 -999.9 -999.9 Rio_Grande_do_Sul CEMADEN -999.9 0.0 -999.9
-28.7994 -51.0922 17822 2026-08-27_06:10 -999.9 -999.9 -999.9 -999.9 -999.9 -999.9 -999.9 -999.9 -999.9 -999.9 -999.9 -999.9 -999.9 -999.9 -999.9 -999.9 -999.9 0.0 0.2 0.2 0.2 -999.9 -999.9 -999.9 -999.9 -999.9 -999.9 CEMADEN_-_Campestre_da_Serra_-_G2-430367301A_(761_m) -999.9 -999.9 -999.9 -999.9 -999.9 -999.9 -999.9 -999.9 Rio_Grande_do_Sul CEMADEN -999.9 0.0 -999.9
-28.7994 -51.0922 17822 2026-08-27_07:10 -999.9 -999.9 -999.9 -999.9 -999.9 -999.9 -999.9 -999.9 -999.9 -999.9 -999.9 -999.9 -999.9 -999.9 -999.9 -999.9 -999.9 0.0 0.2 0.2 0.2 -999.9 -999.9 -999.9 -999.9 -999.9 -999.9 CEMADEN_-_Campestre_da_Serra_-_G2-430367301A_(761_m) -999.9 -999.9 -999.9 -999.9 -999.9 -999.9 -999.9 -999.9 Rio_Grande_do_Sul CEMADEN -999.9 0.0 -999.9
-28.7994 -51.0922 17822 2026-08-27_08:10 -999.9 -999.9 -999.9 -999.9 -999.9 -999.9 -999.9 -999.9 -999.9 -999.9 -999.9 -999.9 -999.9 -999.9 -999.9 -999.9 -999.9 0.0 0.2 0.2 0.2 -999.9 -999.9 -999.9 -999.9 -999.9 -999.9 CEMADEN_-_Campestre_da_Serra_-_G2-430367301A_(761_m) -999.9 -999.9 -999.9 -999.9 -999.9 -999.9 -999.9 -999.9 Rio_Grande_do_Sul CEMADEN -999.9 0.0 -999.9
-28.7994 -51.0922 17822 2026-08-27_09:10 -999.9 -999.9 -999.9 -999.9 -999.9 -999.9 -999.9 -999.9 -999.9 -999.9 -999.9 -999.9 -999.9 -999.9 -999.9 -999.9 -999.9 0.0 -999.9 0.2 0.2 -999.9 -999.9 -999.9 -999.9 -999.9 -999.9 CEMADEN_-_Campestre_da_Serra_-_G2-430367301A_(761_m) -999.9 -999.9 -999.9 -999.9 -999.9 -999.9 -999.9 -999.9 Rio_Grande_do_Sul CEMADEN -999.9 0.0 -999.9
-28.7994 -51.0922 17822 2026-08-27_10:10 -999.9 -999.9 -999.9 -999.9 -999.9 -999.9 -999.9 -999.9 -999.9 -999.9 -999.9 -999.9 -999.9 -999.9 -999.9 -999.9 -999.9 0.0 -999.9 0.2 0.2 -999.9 -999.9 -999.9 -999.9 -999.9 -999.9 CEMADEN_-_Campestre_da_Serra_-_G2-430367301A_(761_m) -999.9 -999.9 -999.9 -999.9 -999.9 -999.9 -999.9 -999.9 Rio_Grande_do_Sul CEMADEN -999.9 0.0 -999.9
-28.7994 -51.0922 17822 2026-08-27_11:10 -999.9 -999.9 -999.9 -999.9 -999.9 -999.9 -999.9 -999.9 -999.9 -999.9 -999.9 -999.9 -999.9 -999.9 -999.9 -999.9 -999.9 0.0 -999.9 0.2 0.2 -999.9 -999.9 -999.9 -999.9 -999.9 -999.9 CEMADEN_-_Campestre_da_Serra_-_G2-430367301A_(761_m) -999.9 -999.9 -999.9 -999.9 -999.9 -999.9 -999.9 -999.9 Rio_Grande_do_Sul CEMADEN -999.9 0.0 -999.9
-28.7994 -51.0922 17822 2026-08-27_12:10 -999.9 -999.9 -999.9 -999.9 -999.9 -999.9 -999.9 -999.9 -999.9 -999.9 -999.9 -999.9 -999.9 -999.9 -999.9 -999.9 -999.9 0.0 -999.9 0.2 0.2 -999.9 -999.9 -999.9 -999.9 -999.9 -999.9 CEMADEN_-_Campestre_da_Serra_-_G2-430367301A_(761_m) -999.9 -999.9 -999.9 -999.9 -999.9 -999.9 -999.9 -999.9 Rio_Grande_do_Sul CEMADEN -999.9 0.0 -999.9
-28.7994 -51.0922 17822 2026-08-27_13:10 -999.9 -999.9 -999.9 -999.9 -999.9 -999.9 -999.9 -999.9 -999.9 -999.9 -999.9 -999.9 -999.9 -999.9 -999.9 -999.9 -999.9 0.0 -999.9 0.2 0.2 -999.9 -999.9 -999.9 -999.9 -999.9 -999.9 CEMADEN_-_Campestre_da_Serra_-_G2-430367301A_(761_m) -999.9 -999.9 -999.9 -999.9 -999.9 -999.9 -999.9 -999.9 Rio_Grande_do_Sul CEMADEN -999.9 0.0 -999.9
-28.7994 -51.0922 17822 2026-08-27_14:10 -999.9 -999.9 -999.9 -999.9 -999.9 -999.9 -999.9 -999.9 -999.9 -999.9 -999.9 -999.9 -999.9 -999.9 -999.9 -999.9 -999.9 0.0 -999.9 0.2 0.2 -999.9 -999.9 -999.9 -999.9 -999.9 -999.9 CEMADEN_-_Campestre_da_Serra_-_G2-430367301A_(761_m) -999.9 -999.9 -999.9 -999.9 -999.9 -999.9 -999.9 -999.9 Rio_Grande_do_Sul CEMADEN -999.9 0.0 -999.9
-28.7994 -51.0922 17822 2026-08-27_15:10 -999.9 -999.9 -999.9 -999.9 -999.9 -999.9 -999.9 -999.9 -999.9 -999.9 -999.9 -999.9 -999.9 -999.9 -999.9 -999.9 -999.9 0.0 -999.9 0.2 0.2 -999.9 -999.9 -999.9 -999.9 -999.9 -999.9 CEMADEN_-_Campestre_da_Serra_-_G2-430367301A_(761_m) -999.9 -999.9 -999.9 -999.9 -999.9 -999.9 -999.9 -999.9 Rio_Grande_do_Sul CEMADEN -999.9 0.0 -999.9
-28.7994 -51.0922 17822 2026-08-27_16:10 -999.9 -999.9 -999.9 -999.9 -999.9 -999.9 -999.9 -999.9 -999.9 -999.9 -999.9 -999.9 -999.9 -999.9 -999.9 -999.9 -999.9 0.0 -999.9 0.2 0.2 -999.9 -999.9 -999.9 -999.9 -999.9 -999.9 CEMADEN_-_Campestre_da_Serra_-_G2-430367301A_(761_m) -999.9 -999.9 -999.9 -999.9 -999.9 -999.9 -999.9 -999.9 Rio_Grande_do_Sul CEMADEN -999.9 0.0 -999.9
-28.7994 -51.0922 17822 2026-08-27_17:10 -999.9 -999.9 -999.9 -999.9 -999.9 -999.9 -999.9 -999.9 -999.9 -999.9 -999.9 -999.9 -999.9 -999.9 -999.9 -999.9 -999.9 0.0 -999.9 0.2 0.2 -999.9 -999.9 -999.9 -999.9 -999.9 -999.9 CEMADEN_-_Campestre_da_Serra_-_G2-430367301A_(761_m) -999.9 -999.9 -999.9 -999.9 -999.9 -999.9 -999.9 -999.9 Rio_Grande_do_Sul CEMADEN -999.9 0.0 -999.9
-28.7994 -51.0922 17822 2026-08-27_18:10 -999.9 -999.9 -999.9 -999.9 -999.9 -999.9 -999.9 -999.9 -999.9 -999.9 -999.9 -999.9 -999.9 -999.9 -999.9 -999.9 -999.9 0.0 -999.9 0.2 0.2 -999.9 -999.9 -999.9 -999.9 -999.9 -999.9 CEMADEN_-_Campestre_da_Serra_-_G2-430367301A_(761_m) -999.9 -999.9 -999.9 -999.9 -999.9 -999.9 -999.9 -999.9 Rio_Grande_do_Sul CEMADEN -999.9 0.0 -999.9
-28.7994 -51.0922 17822 2026-08-27_19:10 -999.9 -999.9 -999.9 -999.9 -999.9 -999.9 -999.9 -999.9 -999.9 -999.9 -999.9 -999.9 -999.9 -999.9 -999.9 -999.9 -999.9 0.0 -999.9 0.2 0.2 -999.9 -999.9 -999.9 -999.9 -999.9 -999.9 CEMADEN_-_Campestre_da_Serra_-_G2-430367301A_(761_m) -999.9 -999.9 -999.9 -999.9 -999.9 -999.9 -999.9 -999.9 Rio_Grande_do_Sul CEMADEN -999.9 0.0 -999.9
-28.7994 -51.0922 17822 2026-08-27_20:10 -999.9 -999.9 -999.9 -999.9 -999.9 -999.9 -999.9 -999.9 -999.9 -999.9 -999.9 -999.9 -999.9 -999.9 -999.9 -999.9 -999.9 0.0 -999.9 0.2 0.2 -999.9 -999.9 -999.9 -999.9 -999.9 -999.9 CEMADEN_-_Campestre_da_Serra_-_G2-430367301A_(761_m) -999.9 -999.9 -999.9 -999.9 -999.9 -999.9 -999.9 -999.9 Rio_Grande_do_Sul CEMADEN -999.9 0.0 -999.9
-28.7994 -51.0922 17822 2026-08-27_21:10 -999.9 -999.9 -999.9 -999.9 -999.9 -999.9 -999.9 -999.9 -999.9 -999.9 -999.9 -999.9 -999.9 -999.9 -999.9 -999.9 -999.9 0.0 -999.9 0.2 0.2 -999.9 -999.9 -999.9 -999.9 -999.9 -999.9 CEMADEN_-_Campestre_da_Serra_-_G2-430367301A_(761_m) -999.9 -999.9 -999.9 -999.9 -999.9 -999.9 -999.9 -999.9 Rio_Grande_do_Sul CEMADEN -999.9 0.0 -999.9
-28.7994 -51.0922 17822 2026-08-27_22:10 -999.9 -999.9 -999.9 -999.9 -999.9 -999.9 -999.9 -999.9 -999.9 -999.9 -999.9 -999.9 -999.9 -999.9 -999.9 -999.9 -999.9 0.0 -999.9 0.2 0.2 -999.9 -999.9 -999.9 -999.9 -999.9 -999.9 CEMADEN_-_Campestre_da_Serra_-_G2-430367301A_(761_m) -999.9 -999.9 -999.9 -999.9 -999.9 -999.9 -999.9 -999.9 Rio_Grande_do_Sul CEMADEN -999.9 0.0 -999.9
-28.7994 -51.0922 17822 2026-08-27_23:10 -999.9 -999.9 -999.9 -999.9 -999.9 -999.9 -999.9 -999.9 -999.9 -999.9 -999.9 -999.9 -999.9 -999.9 -999.9 -999.9 -999.9 0.0 -999.9 0.2 0.2 -999.9 -999.9 -999.9 -999.9 -999.9 -999.9 CEMADEN_-_Campestre_da_Serra_-_G2-430367301A_(761_m) -999.9 -999.9 -999.9 -999.9 -999.9 -999.9 -999.9 -999.9 Rio_Grande_do_Sul CEMADEN -999.9 0.0 -999.9
