-29.12927 -51.159296 EPAGRI-2417 2026-09-14_00:00 7.2 7.4 7.1 100.0 100.0 100.0 7.2 -999.9 -999.9 -999.9 -999.9 -999.9 -999.9 -999.9 -999.9 -999.9 0.0 0.0 0.0 1.7 55.6 62.2 16.5 6.2 100.0 76.9 -999.9 EPAGRI_-_Caxias_do_Sul_-_BASF_(830_m) -999.9 -999.9 -999.9 -999.9 -999.9 -999.9 -999.9 -999.9 Rio_Grande_do_Sul EPAGRI -999.9 -999.9 -999.9
-29.12927 -51.159296 EPAGRI-2417 2026-09-14_01:00 7.1 7.3 7.1 100.0 100.0 100.0 7.1 -999.9 -999.9 -999.9 -999.9 -999.9 -999.9 -999.9 -999.9 -999.9 0.0 0.0 0.0 1.7 55.6 62.2 16.5 6.2 100.0 76.9 -999.9 EPAGRI_-_Caxias_do_Sul_-_BASF_(830_m) -999.9 -999.9 -999.9 -999.9 -999.9 -999.9 -999.9 -999.9 Rio_Grande_do_Sul EPAGRI -999.9 -999.9 -999.9
-29.12927 -51.159296 EPAGRI-2417 2026-09-14_02:00 7.0 7.2 6.9 100.0 100.0 100.0 7.0 -999.9 -999.9 -999.9 -999.9 -999.9 -999.9 -999.9 -999.9 -999.9 0.0 0.0 0.0 1.7 55.6 62.2 16.5 6.2 100.0 76.9 -999.9 EPAGRI_-_Caxias_do_Sul_-_BASF_(830_m) -999.9 -999.9 -999.9 -999.9 -999.9 -999.9 -999.9 -999.9 Rio_Grande_do_Sul EPAGRI -999.9 -999.9 -999.9
-29.12927 -51.159296 EPAGRI-2417 2026-09-14_03:00 6.3 7.0 6.2 100.0 100.0 100.0 6.3 -999.9 -999.9 -999.9 -999.9 -999.9 -999.9 -999.9 -999.9 -999.9 0.0 0.0 0.0 1.7 55.6 62.2 16.5 6.2 100.0 76.9 -999.9 EPAGRI_-_Caxias_do_Sul_-_BASF_(830_m) -999.9 -999.9 -999.9 -999.9 -999.9 -999.9 -999.9 -999.9 Rio_Grande_do_Sul EPAGRI -999.9 -999.9 -999.9
-29.12927 -51.159296 EPAGRI-2417 2026-09-14_04:00 6.5 6.7 6.3 100.0 100.0 100.0 6.5 -999.9 -999.9 -999.9 -999.9 -999.9 -999.9 -999.9 -999.9 -999.9 0.0 0.0 0.0 1.7 55.6 62.2 16.5 6.2 100.0 76.9 -999.9 EPAGRI_-_Caxias_do_Sul_-_BASF_(830_m) -999.9 -999.9 -999.9 -999.9 -999.9 -999.9 -999.9 -999.9 Rio_Grande_do_Sul EPAGRI -999.9 -999.9 -999.9
-29.12927 -51.159296 EPAGRI-2417 2026-09-14_05:00 6.6 6.7 6.4 100.0 100.0 100.0 6.6 -999.9 -999.9 -999.9 -999.9 -999.9 -999.9 -999.9 -999.9 -999.9 0.0 0.0 0.0 1.7 55.6 62.2 16.5 6.2 100.0 76.9 -999.9 EPAGRI_-_Caxias_do_Sul_-_BASF_(830_m) -999.9 -999.9 -999.9 -999.9 -999.9 -999.9 -999.9 -999.9 Rio_Grande_do_Sul EPAGRI -999.9 -999.9 -999.9
-29.12927 -51.159296 EPAGRI-2417 2026-09-14_06:00 6.7 6.8 6.6 100.0 100.0 100.0 6.7 -999.9 -999.9 -999.9 -999.9 -999.9 -999.9 -999.9 -999.9 -999.9 0.0 0.0 0.0 1.7 55.6 62.2 16.5 6.2 100.0 76.9 -999.9 EPAGRI_-_Caxias_do_Sul_-_BASF_(830_m) -999.9 -999.9 -999.9 -999.9 -999.9 -999.9 -999.9 -999.9 Rio_Grande_do_Sul EPAGRI -999.9 -999.9 -999.9
-29.12927 -51.159296 EPAGRI-2417 2026-09-14_07:00 7.1 7.1 6.7 100.0 100.0 100.0 7.1 -999.9 -999.9 -999.9 -999.9 -999.9 -999.9 -999.9 -999.9 -999.9 0.0 0.0 0.0 1.7 55.6 62.2 16.5 6.2 100.0 76.9 -999.9 EPAGRI_-_Caxias_do_Sul_-_BASF_(830_m) -999.9 -999.9 -999.9 -999.9 -999.9 -999.9 -999.9 -999.9 Rio_Grande_do_Sul EPAGRI -999.9 -999.9 -999.9
-29.12927 -51.159296 EPAGRI-2417 2026-09-14_08:00 7.8 7.9 7.1 100.0 100.0 100.0 7.8 -999.9 -999.9 -999.9 -999.9 -999.9 -999.9 -999.9 -999.9 -999.9 0.0 0.0 0.0 1.7 55.6 62.2 16.5 6.2 100.0 76.9 -999.9 EPAGRI_-_Caxias_do_Sul_-_BASF_(830_m) -999.9 -999.9 -999.9 -999.9 -999.9 -999.9 -999.9 -999.9 Rio_Grande_do_Sul EPAGRI -999.9 -999.9 -999.9
-29.12927 -51.159296 EPAGRI-2417 2026-09-14_09:00 8.8 8.8 7.7 99.9 100.0 99.8 8.7 -999.9 -999.9 -999.9 -999.9 -999.9 -999.9 -999.9 -999.9 -999.9 0.0 0.0 0.0 1.7 55.6 62.2 16.5 6.2 100.0 76.9 -999.9 EPAGRI_-_Caxias_do_Sul_-_BASF_(830_m) -999.9 -999.9 -999.9 -999.9 -999.9 -999.9 -999.9 -999.9 Rio_Grande_do_Sul EPAGRI -999.9 -999.9 -999.9
-29.12927 -51.159296 EPAGRI-2417 2026-09-14_10:00 10.4 10.5 8.7 95.8 100.0 95.4 9.8 -999.9 -999.9 -999.9 -999.9 -999.9 -999.9 -999.9 -999.9 -999.9 0.0 0.0 0.0 1.7 55.6 62.2 16.5 6.2 100.0 76.9 -999.9 EPAGRI_-_Caxias_do_Sul_-_BASF_(830_m) -999.9 -999.9 -999.9 -999.9 -999.9 -999.9 -999.9 -999.9 Rio_Grande_do_Sul EPAGRI -999.9 -999.9 -999.9
-29.12927 -51.159296 EPAGRI-2417 2026-09-14_11:00 10.8 10.9 10.4 93.3 96.0 91.5 9.7 -999.9 -999.9 -999.9 -999.9 -999.9 -999.9 -999.9 -999.9 -999.9 0.0 0.0 0.0 1.7 55.6 62.2 16.5 6.2 100.0 76.9 -999.9 EPAGRI_-_Caxias_do_Sul_-_BASF_(830_m) -999.9 -999.9 -999.9 -999.9 -999.9 -999.9 -999.9 -999.9 Rio_Grande_do_Sul EPAGRI -999.9 -999.9 -999.9
-29.12927 -51.159296 EPAGRI-2417 2026-09-14_12:00 12.1 12.1 10.8 94.4 98.1 92.6 11.2 -999.9 -999.9 -999.9 -999.9 -999.9 -999.9 -999.9 -999.9 -999.9 0.0 0.0 0.0 1.7 55.6 62.2 16.5 6.2 100.0 76.9 -999.9 EPAGRI_-_Caxias_do_Sul_-_BASF_(830_m) -999.9 -999.9 -999.9 -999.9 -999.9 -999.9 -999.9 -999.9 Rio_Grande_do_Sul EPAGRI -999.9 -999.9 -999.9
-29.12927 -51.159296 EPAGRI-2417 2026-09-14_13:00 12.7 13.3 12.1 89.4 94.4 87.8 11.0 -999.9 -999.9 -999.9 -999.9 -999.9 -999.9 -999.9 -999.9 -999.9 0.0 0.0 0.0 1.7 55.6 62.2 16.5 6.2 100.0 76.9 -999.9 EPAGRI_-_Caxias_do_Sul_-_BASF_(830_m) -999.9 -999.9 -999.9 -999.9 -999.9 -999.9 -999.9 -999.9 Rio_Grande_do_Sul EPAGRI -999.9 -999.9 -999.9
-29.12927 -51.159296 EPAGRI-2417 2026-09-14_14:00 13.2 13.5 12.4 90.3 91.9 88.4 11.7 -999.9 -999.9 -999.9 -999.9 -999.9 -999.9 -999.9 -999.9 -999.9 0.0 0.0 0.0 1.7 55.6 62.2 16.5 6.2 100.0 76.9 -999.9 EPAGRI_-_Caxias_do_Sul_-_BASF_(830_m) -999.9 -999.9 -999.9 -999.9 -999.9 -999.9 -999.9 -999.9 Rio_Grande_do_Sul EPAGRI -999.9 -999.9 -999.9
-29.12927 -51.159296 EPAGRI-2417 2026-09-14_15:00 13.5 13.6 12.8 88.9 93.4 88.2 11.7 -999.9 -999.9 -999.9 -999.9 -999.9 -999.9 -999.9 -999.9 -999.9 0.0 0.0 0.0 1.7 55.6 62.2 16.5 6.2 100.0 76.9 -999.9 EPAGRI_-_Caxias_do_Sul_-_BASF_(830_m) -999.9 -999.9 -999.9 -999.9 -999.9 -999.9 -999.9 -999.9 Rio_Grande_do_Sul EPAGRI -999.9 -999.9 -999.9
-29.12927 -51.159296 EPAGRI-2417 2026-09-14_16:00 15.1 16.5 13.5 81.2 88.9 76.9 11.8 -999.9 -999.9 -999.9 -999.9 -999.9 -999.9 -999.9 -999.9 -999.9 0.0 0.0 0.0 1.7 55.6 62.2 16.5 6.2 100.0 76.9 -999.9 EPAGRI_-_Caxias_do_Sul_-_BASF_(830_m) -999.9 -999.9 -999.9 -999.9 -999.9 -999.9 -999.9 -999.9 Rio_Grande_do_Sul EPAGRI -999.9 -999.9 -999.9
-29.12927 -51.159296 EPAGRI-2417 2026-09-14_17:00 12.8 15.9 12.8 91.5 91.5 79.4 11.4 -999.9 -999.9 -999.9 -999.9 -999.9 -999.9 -999.9 -999.9 -999.9 0.0 0.0 0.0 1.7 55.6 62.2 16.5 6.2 100.0 76.9 -999.9 EPAGRI_-_Caxias_do_Sul_-_BASF_(830_m) -999.9 -999.9 -999.9 -999.9 -999.9 -999.9 -999.9 -999.9 Rio_Grande_do_Sul EPAGRI -999.9 -999.9 -999.9
-29.12927 -51.159296 EPAGRI-2417 2026-09-14_18:00 11.1 12.8 11.1 95.8 95.8 91.5 10.5 -999.9 -999.9 -999.9 -999.9 -999.9 -999.9 -999.9 -999.9 -999.9 0.0 0.0 0.0 1.7 55.6 62.2 16.5 6.2 100.0 76.9 -999.9 EPAGRI_-_Caxias_do_Sul_-_BASF_(830_m) -999.9 -999.9 -999.9 -999.9 -999.9 -999.9 -999.9 -999.9 Rio_Grande_do_Sul EPAGRI -999.9 -999.9 -999.9
-29.12927 -51.159296 EPAGRI-2417 2026-09-14_19:00 10.3 11.1 10.2 99.8 99.8 95.8 10.3 -999.9 -999.9 -999.9 -999.9 -999.9 -999.9 -999.9 -999.9 -999.9 0.0 0.0 0.0 1.7 55.6 62.2 16.5 6.2 100.0 76.9 -999.9 EPAGRI_-_Caxias_do_Sul_-_BASF_(830_m) -999.9 -999.9 -999.9 -999.9 -999.9 -999.9 -999.9 -999.9 Rio_Grande_do_Sul EPAGRI -999.9 -999.9 -999.9
-29.12927 -51.159296 EPAGRI-2417 2026-09-14_20:00 9.7 10.3 9.1 100.0 100.0 99.8 9.7 -999.9 -999.9 -999.9 -999.9 -999.9 -999.9 -999.9 -999.9 -999.9 0.0 0.0 0.0 1.7 55.6 62.2 16.5 6.2 100.0 76.9 -999.9 EPAGRI_-_Caxias_do_Sul_-_BASF_(830_m) -999.9 -999.9 -999.9 -999.9 -999.9 -999.9 -999.9 -999.9 Rio_Grande_do_Sul EPAGRI -999.9 -999.9 -999.9
-29.12927 -51.159296 EPAGRI-2417 2026-09-14_21:00 10.2 10.3 9.7 100.0 100.0 100.0 10.2 -999.9 -999.9 -999.9 -999.9 -999.9 -999.9 -999.9 -999.9 -999.9 0.0 0.0 0.0 1.7 55.6 62.2 16.5 6.2 100.0 76.9 -999.9 EPAGRI_-_Caxias_do_Sul_-_BASF_(830_m) -999.9 -999.9 -999.9 -999.9 -999.9 -999.9 -999.9 -999.9 Rio_Grande_do_Sul EPAGRI -999.9 -999.9 -999.9
-29.12927 -51.159296 EPAGRI-2417 2026-09-14_22:00 10.1 10.2 10.1 100.0 100.0 100.0 10.1 -999.9 -999.9 -999.9 -999.9 -999.9 -999.9 -999.9 -999.9 -999.9 0.0 0.0 0.0 1.7 55.6 62.2 16.5 6.2 100.0 76.9 -999.9 EPAGRI_-_Caxias_do_Sul_-_BASF_(830_m) -999.9 -999.9 -999.9 -999.9 -999.9 -999.9 -999.9 -999.9 Rio_Grande_do_Sul EPAGRI -999.9 -999.9 -999.9
-29.12927 -51.159296 EPAGRI-2417 2026-09-14_23:00 9.8 10.1 9.6 100.0 100.0 100.0 9.8 -999.9 -999.9 -999.9 -999.9 -999.9 -999.9 -999.9 -999.9 -999.9 0.0 0.0 0.0 1.7 55.6 62.2 16.5 6.2 100.0 76.9 -999.9 EPAGRI_-_Caxias_do_Sul_-_BASF_(830_m) -999.9 -999.9 -999.9 -999.9 -999.9 -999.9 -999.9 -999.9 Rio_Grande_do_Sul EPAGRI -999.9 -999.9 -999.9
