-28.95938 -51.48939 16930 2026-07-26_00:10 -999.9 -999.9 -999.9 -999.9 -999.9 -999.9 -999.9 -999.9 -999.9 -999.9 -999.9 -999.9 -999.9 -999.9 -999.9 -999.9 -999.9 0.0 3.0 3.2 11.4 117.0 -999.9 -999.9 -999.9 -999.9 -999.9 CEMADEN_-_Veranópolis_-_G2-432280602A_(664_m) -999.9 -999.9 -999.9 -999.9 -999.9 -999.9 -999.9 -999.9 Rio_Grande_do_Sul CEMADEN -999.9 0.0 -999.9
-28.95938 -51.48939 16930 2026-07-26_01:10 -999.9 -999.9 -999.9 -999.9 -999.9 -999.9 -999.9 -999.9 -999.9 -999.9 -999.9 -999.9 -999.9 -999.9 -999.9 -999.9 -999.9 0.0 3.0 3.0 11.4 117.0 -999.9 -999.9 -999.9 -999.9 -999.9 CEMADEN_-_Veranópolis_-_G2-432280602A_(664_m) -999.9 -999.9 -999.9 -999.9 -999.9 -999.9 -999.9 -999.9 Rio_Grande_do_Sul CEMADEN -999.9 0.0 -999.9
-28.95938 -51.48939 16930 2026-07-26_02:10 -999.9 -999.9 -999.9 -999.9 -999.9 -999.9 -999.9 -999.9 -999.9 -999.9 -999.9 -999.9 -999.9 -999.9 -999.9 -999.9 -999.9 0.0 3.0 3.0 11.4 117.0 -999.9 -999.9 -999.9 -999.9 -999.9 CEMADEN_-_Veranópolis_-_G2-432280602A_(664_m) -999.9 -999.9 -999.9 -999.9 -999.9 -999.9 -999.9 -999.9 Rio_Grande_do_Sul CEMADEN -999.9 0.0 -999.9
-28.95938 -51.48939 16930 2026-07-26_03:10 -999.9 -999.9 -999.9 -999.9 -999.9 -999.9 -999.9 -999.9 -999.9 -999.9 -999.9 -999.9 -999.9 -999.9 -999.9 -999.9 -999.9 0.0 3.0 3.0 11.4 117.0 -999.9 -999.9 -999.9 -999.9 -999.9 CEMADEN_-_Veranópolis_-_G2-432280602A_(664_m) -999.9 -999.9 -999.9 -999.9 -999.9 -999.9 -999.9 -999.9 Rio_Grande_do_Sul CEMADEN -999.9 0.0 -999.9
-28.95938 -51.48939 16930 2026-07-26_04:10 -999.9 -999.9 -999.9 -999.9 -999.9 -999.9 -999.9 -999.9 -999.9 -999.9 -999.9 -999.9 -999.9 -999.9 -999.9 -999.9 -999.9 0.0 3.0 3.0 11.4 117.0 -999.9 -999.9 -999.9 -999.9 -999.9 CEMADEN_-_Veranópolis_-_G2-432280602A_(664_m) -999.9 -999.9 -999.9 -999.9 -999.9 -999.9 -999.9 -999.9 Rio_Grande_do_Sul CEMADEN -999.9 0.0 -999.9
-28.95938 -51.48939 16930 2026-07-26_05:10 -999.9 -999.9 -999.9 -999.9 -999.9 -999.9 -999.9 -999.9 -999.9 -999.9 -999.9 -999.9 -999.9 -999.9 -999.9 -999.9 -999.9 0.0 3.0 3.0 11.4 117.0 -999.9 -999.9 -999.9 -999.9 -999.9 CEMADEN_-_Veranópolis_-_G2-432280602A_(664_m) -999.9 -999.9 -999.9 -999.9 -999.9 -999.9 -999.9 -999.9 Rio_Grande_do_Sul CEMADEN -999.9 0.0 -999.9
-28.95938 -51.48939 16930 2026-07-26_06:10 -999.9 -999.9 -999.9 -999.9 -999.9 -999.9 -999.9 -999.9 -999.9 -999.9 -999.9 -999.9 -999.9 -999.9 -999.9 -999.9 -999.9 0.0 3.0 3.0 11.4 117.0 -999.9 -999.9 -999.9 -999.9 -999.9 CEMADEN_-_Veranópolis_-_G2-432280602A_(664_m) -999.9 -999.9 -999.9 -999.9 -999.9 -999.9 -999.9 -999.9 Rio_Grande_do_Sul CEMADEN -999.9 0.0 -999.9
-28.95938 -51.48939 16930 2026-07-26_07:10 -999.9 -999.9 -999.9 -999.9 -999.9 -999.9 -999.9 -999.9 -999.9 -999.9 -999.9 -999.9 -999.9 -999.9 -999.9 -999.9 -999.9 0.0 3.0 3.0 11.4 117.0 -999.9 -999.9 -999.9 -999.9 -999.9 CEMADEN_-_Veranópolis_-_G2-432280602A_(664_m) -999.9 -999.9 -999.9 -999.9 -999.9 -999.9 -999.9 -999.9 Rio_Grande_do_Sul CEMADEN -999.9 0.0 -999.9
-28.95938 -51.48939 16930 2026-07-26_08:10 -999.9 -999.9 -999.9 -999.9 -999.9 -999.9 -999.9 -999.9 -999.9 -999.9 -999.9 -999.9 -999.9 -999.9 -999.9 -999.9 -999.9 0.0 3.0 3.0 11.4 117.0 -999.9 -999.9 -999.9 -999.9 -999.9 CEMADEN_-_Veranópolis_-_G2-432280602A_(664_m) -999.9 -999.9 -999.9 -999.9 -999.9 -999.9 -999.9 -999.9 Rio_Grande_do_Sul CEMADEN -999.9 0.0 -999.9
-28.95938 -51.48939 16930 2026-07-26_09:10 -999.9 -999.9 -999.9 -999.9 -999.9 -999.9 -999.9 -999.9 -999.9 -999.9 -999.9 -999.9 -999.9 -999.9 -999.9 -999.9 -999.9 0.0 3.0 3.0 11.4 117.0 -999.9 -999.9 -999.9 -999.9 -999.9 CEMADEN_-_Veranópolis_-_G2-432280602A_(664_m) -999.9 -999.9 -999.9 -999.9 -999.9 -999.9 -999.9 -999.9 Rio_Grande_do_Sul CEMADEN -999.9 0.0 -999.9
-28.95938 -51.48939 16930 2026-07-26_10:10 -999.9 -999.9 -999.9 -999.9 -999.9 -999.9 -999.9 -999.9 -999.9 -999.9 -999.9 -999.9 -999.9 -999.9 -999.9 -999.9 -999.9 0.0 3.0 3.0 11.4 117.0 -999.9 -999.9 -999.9 -999.9 -999.9 CEMADEN_-_Veranópolis_-_G2-432280602A_(664_m) -999.9 -999.9 -999.9 -999.9 -999.9 -999.9 -999.9 -999.9 Rio_Grande_do_Sul CEMADEN -999.9 0.0 -999.9
-28.95938 -51.48939 16930 2026-07-26_11:10 -999.9 -999.9 -999.9 -999.9 -999.9 -999.9 -999.9 -999.9 -999.9 -999.9 -999.9 -999.9 -999.9 -999.9 -999.9 -999.9 -999.9 0.0 3.0 3.0 11.4 117.0 -999.9 -999.9 -999.9 -999.9 -999.9 CEMADEN_-_Veranópolis_-_G2-432280602A_(664_m) -999.9 -999.9 -999.9 -999.9 -999.9 -999.9 -999.9 -999.9 Rio_Grande_do_Sul CEMADEN -999.9 0.0 -999.9
-28.95938 -51.48939 16930 2026-07-26_12:10 -999.9 -999.9 -999.9 -999.9 -999.9 -999.9 -999.9 -999.9 -999.9 -999.9 -999.9 -999.9 -999.9 -999.9 -999.9 -999.9 -999.9 0.0 3.0 3.0 11.4 117.0 -999.9 -999.9 -999.9 -999.9 -999.9 CEMADEN_-_Veranópolis_-_G2-432280602A_(664_m) -999.9 -999.9 -999.9 -999.9 -999.9 -999.9 -999.9 -999.9 Rio_Grande_do_Sul CEMADEN -999.9 0.0 -999.9
-28.95938 -51.48939 16930 2026-07-26_12:30 -999.9 -999.9 -999.9 -999.9 -999.9 -999.9 -999.9 -999.9 -999.9 -999.9 -999.9 -999.9 -999.9 -999.9 -999.9 -999.9 0.2 0.2 3.2 3.2 11.6 117.2 -999.9 -999.9 -999.9 -999.9 -999.9 CEMADEN_-_Veranópolis_-_G2-432280602A_(664_m) -999.9 -999.9 -999.9 -999.9 -999.9 -999.9 -999.9 -999.9 Rio_Grande_do_Sul CEMADEN -999.9 0.2 -999.9
-28.95938 -51.48939 16930 2026-07-26_12:40 -999.9 -999.9 -999.9 -999.9 -999.9 -999.9 -999.9 -999.9 -999.9 -999.9 -999.9 -999.9 -999.9 -999.9 -999.9 -999.9 1.2 1.2 4.2 4.2 12.6 118.2 -999.9 -999.9 -999.9 -999.9 -999.9 CEMADEN_-_Veranópolis_-_G2-432280602A_(664_m) -999.9 -999.9 -999.9 -999.9 -999.9 -999.9 -999.9 -999.9 Rio_Grande_do_Sul CEMADEN -999.9 1.0 -999.9
-28.95938 -51.48939 16930 2026-07-26_13:00 -999.9 -999.9 -999.9 -999.9 -999.9 -999.9 -999.9 -999.9 -999.9 -999.9 -999.9 -999.9 -999.9 -999.9 -999.9 -999.9 2.0 2.0 5.0 5.0 13.4 119.0 -999.9 -999.9 -999.9 -999.9 -999.9 CEMADEN_-_Veranópolis_-_G2-432280602A_(664_m) -999.9 -999.9 -999.9 -999.9 -999.9 -999.9 -999.9 -999.9 Rio_Grande_do_Sul CEMADEN -999.9 0.8 -999.9
-28.95938 -51.48939 16930 2026-07-26_13:10 -999.9 -999.9 -999.9 -999.9 -999.9 -999.9 -999.9 -999.9 -999.9 -999.9 -999.9 -999.9 -999.9 -999.9 -999.9 -999.9 0.2 2.2 5.2 5.2 13.6 119.2 -999.9 -999.9 -999.9 -999.9 -999.9 CEMADEN_-_Veranópolis_-_G2-432280602A_(664_m) -999.9 -999.9 -999.9 -999.9 -999.9 -999.9 -999.9 -999.9 Rio_Grande_do_Sul CEMADEN -999.9 0.2 -999.9
-28.95938 -51.48939 16930 2026-07-26_14:10 -999.9 -999.9 -999.9 -999.9 -999.9 -999.9 -999.9 -999.9 -999.9 -999.9 -999.9 -999.9 -999.9 -999.9 -999.9 -999.9 -999.9 2.2 5.2 5.2 13.6 119.2 -999.9 -999.9 -999.9 -999.9 -999.9 CEMADEN_-_Veranópolis_-_G2-432280602A_(664_m) -999.9 -999.9 -999.9 -999.9 -999.9 -999.9 -999.9 -999.9 Rio_Grande_do_Sul CEMADEN -999.9 0.0 -999.9
-28.95938 -51.48939 16930 2026-07-26_14:20 -999.9 -999.9 -999.9 -999.9 -999.9 -999.9 -999.9 -999.9 -999.9 -999.9 -999.9 -999.9 -999.9 -999.9 -999.9 -999.9 0.2 2.4 5.4 5.4 13.8 119.4 -999.9 -999.9 -999.9 -999.9 -999.9 CEMADEN_-_Veranópolis_-_G2-432280602A_(664_m) -999.9 -999.9 -999.9 -999.9 -999.9 -999.9 -999.9 -999.9 Rio_Grande_do_Sul CEMADEN -999.9 0.2 -999.9
-28.95938 -51.48939 16930 2026-07-26_14:30 -999.9 -999.9 -999.9 -999.9 -999.9 -999.9 -999.9 -999.9 -999.9 -999.9 -999.9 -999.9 -999.9 -999.9 -999.9 -999.9 0.8 3.0 6.0 6.0 14.4 120.0 -999.9 -999.9 -999.9 -999.9 -999.9 CEMADEN_-_Veranópolis_-_G2-432280602A_(664_m) -999.9 -999.9 -999.9 -999.9 -999.9 -999.9 -999.9 -999.9 Rio_Grande_do_Sul CEMADEN -999.9 0.6 -999.9
-28.95938 -51.48939 16930 2026-07-26_14:40 -999.9 -999.9 -999.9 -999.9 -999.9 -999.9 -999.9 -999.9 -999.9 -999.9 -999.9 -999.9 -999.9 -999.9 -999.9 -999.9 1.0 3.2 6.2 6.2 14.6 120.2 -999.9 -999.9 -999.9 -999.9 -999.9 CEMADEN_-_Veranópolis_-_G2-432280602A_(664_m) -999.9 -999.9 -999.9 -999.9 -999.9 -999.9 -999.9 -999.9 Rio_Grande_do_Sul CEMADEN -999.9 0.2 -999.9
-28.95938 -51.48939 16930 2026-07-26_15:10 -999.9 -999.9 -999.9 -999.9 -999.9 -999.9 -999.9 -999.9 -999.9 -999.9 -999.9 -999.9 -999.9 -999.9 -999.9 -999.9 -999.9 3.2 6.2 6.2 14.6 120.2 -999.9 -999.9 -999.9 -999.9 -999.9 CEMADEN_-_Veranópolis_-_G2-432280602A_(664_m) -999.9 -999.9 -999.9 -999.9 -999.9 -999.9 -999.9 -999.9 Rio_Grande_do_Sul CEMADEN -999.9 0.0 -999.9
-28.95938 -51.48939 16930 2026-07-26_16:10 -999.9 -999.9 -999.9 -999.9 -999.9 -999.9 -999.9 -999.9 -999.9 -999.9 -999.9 -999.9 -999.9 -999.9 -999.9 -999.9 0.2 3.4 6.4 6.4 14.8 120.4 -999.9 -999.9 -999.9 -999.9 -999.9 CEMADEN_-_Veranópolis_-_G2-432280602A_(664_m) -999.9 -999.9 -999.9 -999.9 -999.9 -999.9 -999.9 -999.9 Rio_Grande_do_Sul CEMADEN -999.9 0.2 -999.9
-28.95938 -51.48939 16930 2026-07-26_17:10 -999.9 -999.9 -999.9 -999.9 -999.9 -999.9 -999.9 -999.9 -999.9 -999.9 -999.9 -999.9 -999.9 -999.9 -999.9 -999.9 -999.9 -2.4 6.4 6.4 9.0 114.6 -999.9 -999.9 -999.9 -999.9 -999.9 CEMADEN_-_Veranópolis_-_G2-432280602A_(664_m) -999.9 -999.9 -999.9 -999.9 -999.9 -999.9 -999.9 -999.9 Rio_Grande_do_Sul CEMADEN -999.9 -5.8 -999.9
-28.95938 -51.48939 16930 2026-07-26_18:10 -999.9 -999.9 -999.9 -999.9 -999.9 -999.9 -999.9 -999.9 -999.9 -999.9 -999.9 -999.9 -999.9 -999.9 -999.9 -999.9 -999.9 -2.4 6.4 6.4 9.0 114.6 -999.9 -999.9 -999.9 -999.9 -999.9 CEMADEN_-_Veranópolis_-_G2-432280602A_(664_m) -999.9 -999.9 -999.9 -999.9 -999.9 -999.9 -999.9 -999.9 Rio_Grande_do_Sul CEMADEN -999.9 0.0 -999.9
-28.95938 -51.48939 16930 2026-07-26_19:00 -999.9 -999.9 -999.9 -999.9 -999.9 -999.9 -999.9 -999.9 -999.9 -999.9 -999.9 -999.9 -999.9 -999.9 -999.9 -999.9 0.2 -2.2 6.6 6.6 9.2 114.8 -999.9 -999.9 -999.9 -999.9 -999.9 CEMADEN_-_Veranópolis_-_G2-432280602A_(664_m) -999.9 -999.9 -999.9 -999.9 -999.9 -999.9 -999.9 -999.9 Rio_Grande_do_Sul CEMADEN -999.9 0.2 -999.9
-28.95938 -51.48939 16930 2026-07-26_19:30 -999.9 -999.9 -999.9 -999.9 -999.9 -999.9 -999.9 -999.9 -999.9 -999.9 -999.9 -999.9 -999.9 -999.9 -999.9 -999.9 0.2 -2.0 6.8 6.8 9.4 115.0 -999.9 -999.9 -999.9 -999.9 -999.9 CEMADEN_-_Veranópolis_-_G2-432280602A_(664_m) -999.9 -999.9 -999.9 -999.9 -999.9 -999.9 -999.9 -999.9 Rio_Grande_do_Sul CEMADEN -999.9 0.2 -999.9
-28.95938 -51.48939 16930 2026-07-26_20:10 -999.9 -999.9 -999.9 -999.9 -999.9 -999.9 -999.9 -999.9 -999.9 -999.9 -999.9 -999.9 -999.9 -999.9 -999.9 -999.9 -999.9 -2.2 6.8 6.8 9.2 114.8 -999.9 -999.9 -999.9 -999.9 -999.9 CEMADEN_-_Veranópolis_-_G2-432280602A_(664_m) -999.9 -999.9 -999.9 -999.9 -999.9 -999.9 -999.9 -999.9 Rio_Grande_do_Sul CEMADEN -999.9 -0.2 -999.9
-28.95938 -51.48939 16930 2026-07-26_21:10 -999.9 -999.9 -999.9 -999.9 -999.9 -999.9 -999.9 -999.9 -999.9 -999.9 -999.9 -999.9 -999.9 -999.9 -999.9 -999.9 -999.9 -2.4 5.0 6.8 9.0 114.6 -999.9 -999.9 -999.9 -999.9 -999.9 CEMADEN_-_Veranópolis_-_G2-432280602A_(664_m) -999.9 -999.9 -999.9 -999.9 -999.9 -999.9 -999.9 -999.9 Rio_Grande_do_Sul CEMADEN -999.9 -0.2 -999.9
-28.95938 -51.48939 16930 2026-07-26_22:10 -999.9 -999.9 -999.9 -999.9 -999.9 -999.9 -999.9 -999.9 -999.9 -999.9 -999.9 -999.9 -999.9 -999.9 -999.9 -999.9 -999.9 -2.8 4.2 6.8 8.6 114.2 -999.9 -999.9 -999.9 -999.9 -999.9 CEMADEN_-_Veranópolis_-_G2-432280602A_(664_m) -999.9 -999.9 -999.9 -999.9 -999.9 -999.9 -999.9 -999.9 Rio_Grande_do_Sul CEMADEN -999.9 -0.4 -999.9
-28.95938 -51.48939 16930 2026-07-26_23:10 -999.9 -999.9 -999.9 -999.9 -999.9 -999.9 -999.9 -999.9 -999.9 -999.9 -999.9 -999.9 -999.9 -999.9 -999.9 -999.9 -999.9 -3.4 4.2 6.8 8.0 113.6 -999.9 -999.9 -999.9 -999.9 -999.9 CEMADEN_-_Veranópolis_-_G2-432280602A_(664_m) -999.9 -999.9 -999.9 -999.9 -999.9 -999.9 -999.9 -999.9 Rio_Grande_do_Sul CEMADEN -999.9 -0.6 -999.9
