-28.93585 -51.56352 16931 2026-08-12_00:10 -999.9 -999.9 -999.9 -999.9 -999.9 -999.9 -999.9 -999.9 -999.9 -999.9 -999.9 -999.9 -999.9 -999.9 -999.9 -999.9 0.2 0.0 2.4 2.6 3.6 5.8 -999.9 -999.9 -999.9 -999.9 -999.9 CEMADEN_-_Veranópolis_-_G2-432280603A_(663_m) -999.9 -999.9 -999.9 -999.9 -999.9 -999.9 -999.9 -999.9 Rio_Grande_do_Sul CEMADEN -999.9 0.0 -999.9
-28.93585 -51.56352 16931 2026-08-12_01:10 -999.9 -999.9 -999.9 -999.9 -999.9 -999.9 -999.9 -999.9 -999.9 -999.9 -999.9 -999.9 -999.9 -999.9 -999.9 -999.9 -999.9 0.0 2.4 2.6 3.6 5.8 -999.9 -999.9 -999.9 -999.9 -999.9 CEMADEN_-_Veranópolis_-_G2-432280603A_(663_m) -999.9 -999.9 -999.9 -999.9 -999.9 -999.9 -999.9 -999.9 Rio_Grande_do_Sul CEMADEN -999.9 0.0 -999.9
-28.93585 -51.56352 16931 2026-08-12_01:30 -999.9 -999.9 -999.9 -999.9 -999.9 -999.9 -999.9 -999.9 -999.9 -999.9 -999.9 -999.9 -999.9 -999.9 -999.9 -999.9 0.2 0.2 2.6 2.8 3.8 6.0 -999.9 -999.9 -999.9 -999.9 -999.9 CEMADEN_-_Veranópolis_-_G2-432280603A_(663_m) -999.9 -999.9 -999.9 -999.9 -999.9 -999.9 -999.9 -999.9 Rio_Grande_do_Sul CEMADEN -999.9 0.2 -999.9
-28.93585 -51.56352 16931 2026-08-12_01:50 -999.9 -999.9 -999.9 -999.9 -999.9 -999.9 -999.9 -999.9 -999.9 -999.9 -999.9 -999.9 -999.9 -999.9 -999.9 -999.9 0.4 0.4 2.8 3.0 4.0 6.2 -999.9 -999.9 -999.9 -999.9 -999.9 CEMADEN_-_Veranópolis_-_G2-432280603A_(663_m) -999.9 -999.9 -999.9 -999.9 -999.9 -999.9 -999.9 -999.9 Rio_Grande_do_Sul CEMADEN -999.9 0.2 -999.9
-28.93585 -51.56352 16931 2026-08-12_02:10 -999.9 -999.9 -999.9 -999.9 -999.9 -999.9 -999.9 -999.9 -999.9 -999.9 -999.9 -999.9 -999.9 -999.9 -999.9 -999.9 0.2 0.6 3.0 3.2 4.2 6.4 -999.9 -999.9 -999.9 -999.9 -999.9 CEMADEN_-_Veranópolis_-_G2-432280603A_(663_m) -999.9 -999.9 -999.9 -999.9 -999.9 -999.9 -999.9 -999.9 Rio_Grande_do_Sul CEMADEN -999.9 0.2 -999.9
-28.93585 -51.56352 16931 2026-08-12_03:10 -999.9 -999.9 -999.9 -999.9 -999.9 -999.9 -999.9 -999.9 -999.9 -999.9 -999.9 -999.9 -999.9 -999.9 -999.9 -999.9 -999.9 0.6 3.0 3.2 4.2 6.4 -999.9 -999.9 -999.9 -999.9 -999.9 CEMADEN_-_Veranópolis_-_G2-432280603A_(663_m) -999.9 -999.9 -999.9 -999.9 -999.9 -999.9 -999.9 -999.9 Rio_Grande_do_Sul CEMADEN -999.9 0.0 -999.9
-28.93585 -51.56352 16931 2026-08-12_03:20 -999.9 -999.9 -999.9 -999.9 -999.9 -999.9 -999.9 -999.9 -999.9 -999.9 -999.9 -999.9 -999.9 -999.9 -999.9 -999.9 0.2 0.8 3.2 3.4 4.4 6.6 -999.9 -999.9 -999.9 -999.9 -999.9 CEMADEN_-_Veranópolis_-_G2-432280603A_(663_m) -999.9 -999.9 -999.9 -999.9 -999.9 -999.9 -999.9 -999.9 Rio_Grande_do_Sul CEMADEN -999.9 0.2 -999.9
-28.93585 -51.56352 16931 2026-08-12_03:40 -999.9 -999.9 -999.9 -999.9 -999.9 -999.9 -999.9 -999.9 -999.9 -999.9 -999.9 -999.9 -999.9 -999.9 -999.9 -999.9 0.4 1.0 3.4 3.6 4.6 6.8 -999.9 -999.9 -999.9 -999.9 -999.9 CEMADEN_-_Veranópolis_-_G2-432280603A_(663_m) -999.9 -999.9 -999.9 -999.9 -999.9 -999.9 -999.9 -999.9 Rio_Grande_do_Sul CEMADEN -999.9 0.2 -999.9
-28.93585 -51.56352 16931 2026-08-12_04:00 -999.9 -999.9 -999.9 -999.9 -999.9 -999.9 -999.9 -999.9 -999.9 -999.9 -999.9 -999.9 -999.9 -999.9 -999.9 -999.9 0.8 1.4 3.8 4.0 5.0 7.2 -999.9 -999.9 -999.9 -999.9 -999.9 CEMADEN_-_Veranópolis_-_G2-432280603A_(663_m) -999.9 -999.9 -999.9 -999.9 -999.9 -999.9 -999.9 -999.9 Rio_Grande_do_Sul CEMADEN -999.9 0.4 -999.9
-28.93585 -51.56352 16931 2026-08-12_04:10 -999.9 -999.9 -999.9 -999.9 -999.9 -999.9 -999.9 -999.9 -999.9 -999.9 -999.9 -999.9 -999.9 -999.9 -999.9 -999.9 1.2 2.0 4.4 4.6 5.6 7.8 -999.9 -999.9 -999.9 -999.9 -999.9 CEMADEN_-_Veranópolis_-_G2-432280603A_(663_m) -999.9 -999.9 -999.9 -999.9 -999.9 -999.9 -999.9 -999.9 Rio_Grande_do_Sul CEMADEN -999.9 0.6 -999.9
-28.93585 -51.56352 16931 2026-08-12_04:30 -999.9 -999.9 -999.9 -999.9 -999.9 -999.9 -999.9 -999.9 -999.9 -999.9 -999.9 -999.9 -999.9 -999.9 -999.9 -999.9 2.8 3.8 6.2 6.4 7.4 9.6 -999.9 -999.9 -999.9 -999.9 -999.9 CEMADEN_-_Veranópolis_-_G2-432280603A_(663_m) -999.9 -999.9 -999.9 -999.9 -999.9 -999.9 -999.9 -999.9 Rio_Grande_do_Sul CEMADEN -999.9 1.8 -999.9
-28.93585 -51.56352 16931 2026-08-12_04:40 -999.9 -999.9 -999.9 -999.9 -999.9 -999.9 -999.9 -999.9 -999.9 -999.9 -999.9 -999.9 -999.9 -999.9 -999.9 -999.9 4.0 5.0 7.4 7.6 8.6 10.8 -999.9 -999.9 -999.9 -999.9 -999.9 CEMADEN_-_Veranópolis_-_G2-432280603A_(663_m) -999.9 -999.9 -999.9 -999.9 -999.9 -999.9 -999.9 -999.9 Rio_Grande_do_Sul CEMADEN -999.9 1.2 -999.9
-28.93585 -51.56352 16931 2026-08-12_04:50 -999.9 -999.9 -999.9 -999.9 -999.9 -999.9 -999.9 -999.9 -999.9 -999.9 -999.9 -999.9 -999.9 -999.9 -999.9 -999.9 4.6 6.0 8.4 8.6 9.6 11.8 -999.9 -999.9 -999.9 -999.9 -999.9 CEMADEN_-_Veranópolis_-_G2-432280603A_(663_m) -999.9 -999.9 -999.9 -999.9 -999.9 -999.9 -999.9 -999.9 Rio_Grande_do_Sul CEMADEN -999.9 1.0 -999.9
-28.93585 -51.56352 16931 2026-08-12_05:00 -999.9 -999.9 -999.9 -999.9 -999.9 -999.9 -999.9 -999.9 -999.9 -999.9 -999.9 -999.9 -999.9 -999.9 -999.9 -999.9 4.8 6.8 9.2 9.4 10.4 12.6 -999.9 -999.9 -999.9 -999.9 -999.9 CEMADEN_-_Veranópolis_-_G2-432280603A_(663_m) -999.9 -999.9 -999.9 -999.9 -999.9 -999.9 -999.9 -999.9 Rio_Grande_do_Sul CEMADEN -999.9 0.8 -999.9
-28.93585 -51.56352 16931 2026-08-12_05:10 -999.9 -999.9 -999.9 -999.9 -999.9 -999.9 -999.9 -999.9 -999.9 -999.9 -999.9 -999.9 -999.9 -999.9 -999.9 -999.9 4.6 7.4 9.8 10.0 11.0 13.2 -999.9 -999.9 -999.9 -999.9 -999.9 CEMADEN_-_Veranópolis_-_G2-432280603A_(663_m) -999.9 -999.9 -999.9 -999.9 -999.9 -999.9 -999.9 -999.9 Rio_Grande_do_Sul CEMADEN -999.9 0.6 -999.9
-28.93585 -51.56352 16931 2026-08-12_05:20 -999.9 -999.9 -999.9 -999.9 -999.9 -999.9 -999.9 -999.9 -999.9 -999.9 -999.9 -999.9 -999.9 -999.9 -999.9 -999.9 4.4 8.2 10.6 10.8 11.8 14.0 -999.9 -999.9 -999.9 -999.9 -999.9 CEMADEN_-_Veranópolis_-_G2-432280603A_(663_m) -999.9 -999.9 -999.9 -999.9 -999.9 -999.9 -999.9 -999.9 Rio_Grande_do_Sul CEMADEN -999.9 0.8 -999.9
-28.93585 -51.56352 16931 2026-08-12_05:40 -999.9 -999.9 -999.9 -999.9 -999.9 -999.9 -999.9 -999.9 -999.9 -999.9 -999.9 -999.9 -999.9 -999.9 -999.9 -999.9 6.2 10.0 12.4 12.6 13.6 15.8 -999.9 -999.9 -999.9 -999.9 -999.9 CEMADEN_-_Veranópolis_-_G2-432280603A_(663_m) -999.9 -999.9 -999.9 -999.9 -999.9 -999.9 -999.9 -999.9 Rio_Grande_do_Sul CEMADEN -999.9 1.8 -999.9
-28.93585 -51.56352 16931 2026-08-12_05:50 -999.9 -999.9 -999.9 -999.9 -999.9 -999.9 -999.9 -999.9 -999.9 -999.9 -999.9 -999.9 -999.9 -999.9 -999.9 -999.9 5.0 11.8 14.2 14.2 15.4 17.6 -999.9 -999.9 -999.9 -999.9 -999.9 CEMADEN_-_Veranópolis_-_G2-432280603A_(663_m) -999.9 -999.9 -999.9 -999.9 -999.9 -999.9 -999.9 -999.9 Rio_Grande_do_Sul CEMADEN -999.9 1.8 -999.9
-28.93585 -51.56352 16931 2026-08-12_06:10 -999.9 -999.9 -999.9 -999.9 -999.9 -999.9 -999.9 -999.9 -999.9 -999.9 -999.9 -999.9 -999.9 -999.9 -999.9 -999.9 4.2 12.4 14.8 14.8 16.0 18.2 -999.9 -999.9 -999.9 -999.9 -999.9 CEMADEN_-_Veranópolis_-_G2-432280603A_(663_m) -999.9 -999.9 -999.9 -999.9 -999.9 -999.9 -999.9 -999.9 Rio_Grande_do_Sul CEMADEN -999.9 0.6 -999.9
-28.93585 -51.56352 16931 2026-08-12_06:20 -999.9 -999.9 -999.9 -999.9 -999.9 -999.9 -999.9 -999.9 -999.9 -999.9 -999.9 -999.9 -999.9 -999.9 -999.9 -999.9 3.2 13.0 15.4 15.4 16.6 18.8 -999.9 -999.9 -999.9 -999.9 -999.9 CEMADEN_-_Veranópolis_-_G2-432280603A_(663_m) -999.9 -999.9 -999.9 -999.9 -999.9 -999.9 -999.9 -999.9 Rio_Grande_do_Sul CEMADEN -999.9 0.6 -999.9
-28.93585 -51.56352 16931 2026-08-12_06:40 -999.9 -999.9 -999.9 -999.9 -999.9 -999.9 -999.9 -999.9 -999.9 -999.9 -999.9 -999.9 -999.9 -999.9 -999.9 -999.9 2.4 14.2 16.6 16.6 17.8 20.0 -999.9 -999.9 -999.9 -999.9 -999.9 CEMADEN_-_Veranópolis_-_G2-432280603A_(663_m) -999.9 -999.9 -999.9 -999.9 -999.9 -999.9 -999.9 -999.9 Rio_Grande_do_Sul CEMADEN -999.9 1.2 -999.9
-28.93585 -51.56352 16931 2026-08-12_07:00 -999.9 -999.9 -999.9 -999.9 -999.9 -999.9 -999.9 -999.9 -999.9 -999.9 -999.9 -999.9 -999.9 -999.9 -999.9 -999.9 3.4 15.8 18.2 18.2 19.4 21.6 -999.9 -999.9 -999.9 -999.9 -999.9 CEMADEN_-_Veranópolis_-_G2-432280603A_(663_m) -999.9 -999.9 -999.9 -999.9 -999.9 -999.9 -999.9 -999.9 Rio_Grande_do_Sul CEMADEN -999.9 1.6 -999.9
-28.93585 -51.56352 16931 2026-08-12_07:10 -999.9 -999.9 -999.9 -999.9 -999.9 -999.9 -999.9 -999.9 -999.9 -999.9 -999.9 -999.9 -999.9 -999.9 -999.9 -999.9 4.0 17.0 19.4 19.4 20.6 22.8 -999.9 -999.9 -999.9 -999.9 -999.9 CEMADEN_-_Veranópolis_-_G2-432280603A_(663_m) -999.9 -999.9 -999.9 -999.9 -999.9 -999.9 -999.9 -999.9 Rio_Grande_do_Sul CEMADEN -999.9 1.2 -999.9
-28.93585 -51.56352 16931 2026-08-12_07:20 -999.9 -999.9 -999.9 -999.9 -999.9 -999.9 -999.9 -999.9 -999.9 -999.9 -999.9 -999.9 -999.9 -999.9 -999.9 -999.9 5.0 18.6 21.0 21.0 22.2 24.4 -999.9 -999.9 -999.9 -999.9 -999.9 CEMADEN_-_Veranópolis_-_G2-432280603A_(663_m) -999.9 -999.9 -999.9 -999.9 -999.9 -999.9 -999.9 -999.9 Rio_Grande_do_Sul CEMADEN -999.9 1.6 -999.9
-28.93585 -51.56352 16931 2026-08-12_07:40 -999.9 -999.9 -999.9 -999.9 -999.9 -999.9 -999.9 -999.9 -999.9 -999.9 -999.9 -999.9 -999.9 -999.9 -999.9 -999.9 5.8 20.8 23.2 23.2 24.4 26.6 -999.9 -999.9 -999.9 -999.9 -999.9 CEMADEN_-_Veranópolis_-_G2-432280603A_(663_m) -999.9 -999.9 -999.9 -999.9 -999.9 -999.9 -999.9 -999.9 Rio_Grande_do_Sul CEMADEN -999.9 2.2 -999.9
-28.93585 -51.56352 16931 2026-08-12_07:50 -999.9 -999.9 -999.9 -999.9 -999.9 -999.9 -999.9 -999.9 -999.9 -999.9 -999.9 -999.9 -999.9 -999.9 -999.9 -999.9 5.6 21.4 23.8 23.8 25.0 27.2 -999.9 -999.9 -999.9 -999.9 -999.9 CEMADEN_-_Veranópolis_-_G2-432280603A_(663_m) -999.9 -999.9 -999.9 -999.9 -999.9 -999.9 -999.9 -999.9 Rio_Grande_do_Sul CEMADEN -999.9 0.6 -999.9
-28.93585 -51.56352 16931 2026-08-12_08:00 -999.9 -999.9 -999.9 -999.9 -999.9 -999.9 -999.9 -999.9 -999.9 -999.9 -999.9 -999.9 -999.9 -999.9 -999.9 -999.9 6.0 21.8 24.2 24.2 25.4 27.6 -999.9 -999.9 -999.9 -999.9 -999.9 CEMADEN_-_Veranópolis_-_G2-432280603A_(663_m) -999.9 -999.9 -999.9 -999.9 -999.9 -999.9 -999.9 -999.9 Rio_Grande_do_Sul CEMADEN -999.9 0.4 -999.9
-28.93585 -51.56352 16931 2026-08-12_08:10 -999.9 -999.9 -999.9 -999.9 -999.9 -999.9 -999.9 -999.9 -999.9 -999.9 -999.9 -999.9 -999.9 -999.9 -999.9 -999.9 4.2 22.8 25.2 25.2 26.4 28.6 -999.9 -999.9 -999.9 -999.9 -999.9 CEMADEN_-_Veranópolis_-_G2-432280603A_(663_m) -999.9 -999.9 -999.9 -999.9 -999.9 -999.9 -999.9 -999.9 Rio_Grande_do_Sul CEMADEN -999.9 1.0 -999.9
-28.93585 -51.56352 16931 2026-08-12_08:20 -999.9 -999.9 -999.9 -999.9 -999.9 -999.9 -999.9 -999.9 -999.9 -999.9 -999.9 -999.9 -999.9 -999.9 -999.9 -999.9 4.8 24.4 26.8 26.8 28.0 30.2 -999.9 -999.9 -999.9 -999.9 -999.9 CEMADEN_-_Veranópolis_-_G2-432280603A_(663_m) -999.9 -999.9 -999.9 -999.9 -999.9 -999.9 -999.9 -999.9 Rio_Grande_do_Sul CEMADEN -999.9 1.6 -999.9
-28.93585 -51.56352 16931 2026-08-12_08:30 -999.9 -999.9 -999.9 -999.9 -999.9 -999.9 -999.9 -999.9 -999.9 -999.9 -999.9 -999.9 -999.9 -999.9 -999.9 -999.9 4.6 25.4 27.8 27.8 29.0 31.2 -999.9 -999.9 -999.9 -999.9 -999.9 CEMADEN_-_Veranópolis_-_G2-432280603A_(663_m) -999.9 -999.9 -999.9 -999.9 -999.9 -999.9 -999.9 -999.9 Rio_Grande_do_Sul CEMADEN -999.9 1.0 -999.9
-28.93585 -51.56352 16931 2026-08-12_08:40 -999.9 -999.9 -999.9 -999.9 -999.9 -999.9 -999.9 -999.9 -999.9 -999.9 -999.9 -999.9 -999.9 -999.9 -999.9 -999.9 4.6 26.0 28.4 28.4 29.6 31.8 -999.9 -999.9 -999.9 -999.9 -999.9 CEMADEN_-_Veranópolis_-_G2-432280603A_(663_m) -999.9 -999.9 -999.9 -999.9 -999.9 -999.9 -999.9 -999.9 Rio_Grande_do_Sul CEMADEN -999.9 0.6 -999.9
-28.93585 -51.56352 16931 2026-08-12_08:50 -999.9 -999.9 -999.9 -999.9 -999.9 -999.9 -999.9 -999.9 -999.9 -999.9 -999.9 -999.9 -999.9 -999.9 -999.9 -999.9 5.0 26.8 29.2 29.2 30.4 32.6 -999.9 -999.9 -999.9 -999.9 -999.9 CEMADEN_-_Veranópolis_-_G2-432280603A_(663_m) -999.9 -999.9 -999.9 -999.9 -999.9 -999.9 -999.9 -999.9 Rio_Grande_do_Sul CEMADEN -999.9 0.8 -999.9
-28.93585 -51.56352 16931 2026-08-12_09:10 -999.9 -999.9 -999.9 -999.9 -999.9 -999.9 -999.9 -999.9 -999.9 -999.9 -999.9 -999.9 -999.9 -999.9 -999.9 -999.9 5.2 29.6 32.0 32.0 33.2 35.4 -999.9 -999.9 -999.9 -999.9 -999.9 CEMADEN_-_Veranópolis_-_G2-432280603A_(663_m) -999.9 -999.9 -999.9 -999.9 -999.9 -999.9 -999.9 -999.9 Rio_Grande_do_Sul CEMADEN -999.9 2.8 -999.9
-28.93585 -51.56352 16931 2026-08-12_09:20 -999.9 -999.9 -999.9 -999.9 -999.9 -999.9 -999.9 -999.9 -999.9 -999.9 -999.9 -999.9 -999.9 -999.9 -999.9 -999.9 5.6 31.0 33.4 33.4 34.6 36.8 -999.9 -999.9 -999.9 -999.9 -999.9 CEMADEN_-_Veranópolis_-_G2-432280603A_(663_m) -999.9 -999.9 -999.9 -999.9 -999.9 -999.9 -999.9 -999.9 Rio_Grande_do_Sul CEMADEN -999.9 1.4 -999.9
-28.93585 -51.56352 16931 2026-08-12_09:30 -999.9 -999.9 -999.9 -999.9 -999.9 -999.9 -999.9 -999.9 -999.9 -999.9 -999.9 -999.9 -999.9 -999.9 -999.9 -999.9 6.2 32.2 34.6 34.6 35.8 38.0 -999.9 -999.9 -999.9 -999.9 -999.9 CEMADEN_-_Veranópolis_-_G2-432280603A_(663_m) -999.9 -999.9 -999.9 -999.9 -999.9 -999.9 -999.9 -999.9 Rio_Grande_do_Sul CEMADEN -999.9 1.2 -999.9
-28.93585 -51.56352 16931 2026-08-12_09:40 -999.9 -999.9 -999.9 -999.9 -999.9 -999.9 -999.9 -999.9 -999.9 -999.9 -999.9 -999.9 -999.9 -999.9 -999.9 -999.9 6.4 33.2 35.6 35.6 36.8 39.0 -999.9 -999.9 -999.9 -999.9 -999.9 CEMADEN_-_Veranópolis_-_G2-432280603A_(663_m) -999.9 -999.9 -999.9 -999.9 -999.9 -999.9 -999.9 -999.9 Rio_Grande_do_Sul CEMADEN -999.9 1.0 -999.9
-28.93585 -51.56352 16931 2026-08-12_09:50 -999.9 -999.9 -999.9 -999.9 -999.9 -999.9 -999.9 -999.9 -999.9 -999.9 -999.9 -999.9 -999.9 -999.9 -999.9 -999.9 5.8 33.8 36.2 36.2 37.4 39.6 -999.9 -999.9 -999.9 -999.9 -999.9 CEMADEN_-_Veranópolis_-_G2-432280603A_(663_m) -999.9 -999.9 -999.9 -999.9 -999.9 -999.9 -999.9 -999.9 Rio_Grande_do_Sul CEMADEN -999.9 0.6 -999.9
-28.93585 -51.56352 16931 2026-08-12_10:00 -999.9 -999.9 -999.9 -999.9 -999.9 -999.9 -999.9 -999.9 -999.9 -999.9 -999.9 -999.9 -999.9 -999.9 -999.9 -999.9 6.4 34.4 36.8 36.8 38.0 40.2 -999.9 -999.9 -999.9 -999.9 -999.9 CEMADEN_-_Veranópolis_-_G2-432280603A_(663_m) -999.9 -999.9 -999.9 -999.9 -999.9 -999.9 -999.9 -999.9 Rio_Grande_do_Sul CEMADEN -999.9 0.6 -999.9
-28.93585 -51.56352 16931 2026-08-12_10:10 -999.9 -999.9 -999.9 -999.9 -999.9 -999.9 -999.9 -999.9 -999.9 -999.9 -999.9 -999.9 -999.9 -999.9 -999.9 -999.9 4.4 35.4 37.8 37.8 39.0 41.2 -999.9 -999.9 -999.9 -999.9 -999.9 CEMADEN_-_Veranópolis_-_G2-432280603A_(663_m) -999.9 -999.9 -999.9 -999.9 -999.9 -999.9 -999.9 -999.9 Rio_Grande_do_Sul CEMADEN -999.9 1.0 -999.9
-28.93585 -51.56352 16931 2026-08-12_10:20 -999.9 -999.9 -999.9 -999.9 -999.9 -999.9 -999.9 -999.9 -999.9 -999.9 -999.9 -999.9 -999.9 -999.9 -999.9 -999.9 3.8 36.0 38.4 38.4 39.6 41.8 -999.9 -999.9 -999.9 -999.9 -999.9 CEMADEN_-_Veranópolis_-_G2-432280603A_(663_m) -999.9 -999.9 -999.9 -999.9 -999.9 -999.9 -999.9 -999.9 Rio_Grande_do_Sul CEMADEN -999.9 0.6 -999.9
-28.93585 -51.56352 16931 2026-08-12_10:30 -999.9 -999.9 -999.9 -999.9 -999.9 -999.9 -999.9 -999.9 -999.9 -999.9 -999.9 -999.9 -999.9 -999.9 -999.9 -999.9 4.6 36.8 39.2 39.2 40.4 42.6 -999.9 -999.9 -999.9 -999.9 -999.9 CEMADEN_-_Veranópolis_-_G2-432280603A_(663_m) -999.9 -999.9 -999.9 -999.9 -999.9 -999.9 -999.9 -999.9 Rio_Grande_do_Sul CEMADEN -999.9 0.8 -999.9
-28.93585 -51.56352 16931 2026-08-12_10:40 -999.9 -999.9 -999.9 -999.9 -999.9 -999.9 -999.9 -999.9 -999.9 -999.9 -999.9 -999.9 -999.9 -999.9 -999.9 -999.9 4.0 37.8 40.2 40.2 41.4 43.6 -999.9 -999.9 -999.9 -999.9 -999.9 CEMADEN_-_Veranópolis_-_G2-432280603A_(663_m) -999.9 -999.9 -999.9 -999.9 -999.9 -999.9 -999.9 -999.9 Rio_Grande_do_Sul CEMADEN -999.9 1.0 -999.9
-28.93585 -51.56352 16931 2026-08-12_11:00 -999.9 -999.9 -999.9 -999.9 -999.9 -999.9 -999.9 -999.9 -999.9 -999.9 -999.9 -999.9 -999.9 -999.9 -999.9 -999.9 6.0 40.4 42.8 42.8 44.0 46.2 -999.9 -999.9 -999.9 -999.9 -999.9 CEMADEN_-_Veranópolis_-_G2-432280603A_(663_m) -999.9 -999.9 -999.9 -999.9 -999.9 -999.9 -999.9 -999.9 Rio_Grande_do_Sul CEMADEN -999.9 2.6 -999.9
-28.93585 -51.56352 16931 2026-08-12_11:10 -999.9 -999.9 -999.9 -999.9 -999.9 -999.9 -999.9 -999.9 -999.9 -999.9 -999.9 -999.9 -999.9 -999.9 -999.9 -999.9 5.2 41.2 43.6 43.6 44.8 47.0 -999.9 -999.9 -999.9 -999.9 -999.9 CEMADEN_-_Veranópolis_-_G2-432280603A_(663_m) -999.9 -999.9 -999.9 -999.9 -999.9 -999.9 -999.9 -999.9 Rio_Grande_do_Sul CEMADEN -999.9 0.8 -999.9
-28.93585 -51.56352 16931 2026-08-12_11:20 -999.9 -999.9 -999.9 -999.9 -999.9 -999.9 -999.9 -999.9 -999.9 -999.9 -999.9 -999.9 -999.9 -999.9 -999.9 -999.9 5.0 41.8 44.2 44.2 45.4 47.6 -999.9 -999.9 -999.9 -999.9 -999.9 CEMADEN_-_Veranópolis_-_G2-432280603A_(663_m) -999.9 -999.9 -999.9 -999.9 -999.9 -999.9 -999.9 -999.9 Rio_Grande_do_Sul CEMADEN -999.9 0.6 -999.9
-28.93585 -51.56352 16931 2026-08-12_11:30 -999.9 -999.9 -999.9 -999.9 -999.9 -999.9 -999.9 -999.9 -999.9 -999.9 -999.9 -999.9 -999.9 -999.9 -999.9 -999.9 5.6 42.4 44.8 44.8 46.0 48.2 -999.9 -999.9 -999.9 -999.9 -999.9 CEMADEN_-_Veranópolis_-_G2-432280603A_(663_m) -999.9 -999.9 -999.9 -999.9 -999.9 -999.9 -999.9 -999.9 Rio_Grande_do_Sul CEMADEN -999.9 0.6 -999.9
-28.93585 -51.56352 16931 2026-08-12_11:40 -999.9 -999.9 -999.9 -999.9 -999.9 -999.9 -999.9 -999.9 -999.9 -999.9 -999.9 -999.9 -999.9 -999.9 -999.9 -999.9 4.2 43.4 45.8 45.8 47.0 49.2 -999.9 -999.9 -999.9 -999.9 -999.9 CEMADEN_-_Veranópolis_-_G2-432280603A_(663_m) -999.9 -999.9 -999.9 -999.9 -999.9 -999.9 -999.9 -999.9 Rio_Grande_do_Sul CEMADEN -999.9 1.0 -999.9
-28.93585 -51.56352 16931 2026-08-12_12:00 -999.9 -999.9 -999.9 -999.9 -999.9 -999.9 -999.9 -999.9 -999.9 -999.9 -999.9 -999.9 -999.9 -999.9 -999.9 -999.9 4.2 44.4 47.0 47.0 48.0 50.2 -999.9 -999.9 -999.9 -999.9 -999.9 CEMADEN_-_Veranópolis_-_G2-432280603A_(663_m) -999.9 -999.9 -999.9 -999.9 -999.9 -999.9 -999.9 -999.9 Rio_Grande_do_Sul CEMADEN -999.9 1.0 -999.9
-28.93585 -51.56352 16931 2026-08-12_12:10 -999.9 -999.9 -999.9 -999.9 -999.9 -999.9 -999.9 -999.9 -999.9 -999.9 -999.9 -999.9 -999.9 -999.9 -999.9 -999.9 3.2 44.8 47.4 47.4 48.4 50.6 -999.9 -999.9 -999.9 -999.9 -999.9 CEMADEN_-_Veranópolis_-_G2-432280603A_(663_m) -999.9 -999.9 -999.9 -999.9 -999.9 -999.9 -999.9 -999.9 Rio_Grande_do_Sul CEMADEN -999.9 0.4 -999.9
-28.93585 -51.56352 16931 2026-08-12_12:20 -999.9 -999.9 -999.9 -999.9 -999.9 -999.9 -999.9 -999.9 -999.9 -999.9 -999.9 -999.9 -999.9 -999.9 -999.9 -999.9 2.8 45.0 47.6 47.6 48.6 50.8 -999.9 -999.9 -999.9 -999.9 -999.9 CEMADEN_-_Veranópolis_-_G2-432280603A_(663_m) -999.9 -999.9 -999.9 -999.9 -999.9 -999.9 -999.9 -999.9 Rio_Grande_do_Sul CEMADEN -999.9 0.2 -999.9
-28.93585 -51.56352 16931 2026-08-12_12:30 -999.9 -999.9 -999.9 -999.9 -999.9 -999.9 -999.9 -999.9 -999.9 -999.9 -999.9 -999.9 -999.9 -999.9 -999.9 -999.9 2.2 45.4 48.0 48.0 49.0 51.2 -999.9 -999.9 -999.9 -999.9 -999.9 CEMADEN_-_Veranópolis_-_G2-432280603A_(663_m) -999.9 -999.9 -999.9 -999.9 -999.9 -999.9 -999.9 -999.9 Rio_Grande_do_Sul CEMADEN -999.9 0.4 -999.9
-28.93585 -51.56352 16931 2026-08-12_12:40 -999.9 -999.9 -999.9 -999.9 -999.9 -999.9 -999.9 -999.9 -999.9 -999.9 -999.9 -999.9 -999.9 -999.9 -999.9 -999.9 1.8 45.6 48.2 48.2 49.2 51.4 -999.9 -999.9 -999.9 -999.9 -999.9 CEMADEN_-_Veranópolis_-_G2-432280603A_(663_m) -999.9 -999.9 -999.9 -999.9 -999.9 -999.9 -999.9 -999.9 Rio_Grande_do_Sul CEMADEN -999.9 0.2 -999.9
-28.93585 -51.56352 16931 2026-08-12_12:50 -999.9 -999.9 -999.9 -999.9 -999.9 -999.9 -999.9 -999.9 -999.9 -999.9 -999.9 -999.9 -999.9 -999.9 -999.9 -999.9 1.8 46.2 48.8 48.8 49.8 52.0 -999.9 -999.9 -999.9 -999.9 -999.9 CEMADEN_-_Veranópolis_-_G2-432280603A_(663_m) -999.9 -999.9 -999.9 -999.9 -999.9 -999.9 -999.9 -999.9 Rio_Grande_do_Sul CEMADEN -999.9 0.6 -999.9
-28.93585 -51.56352 16931 2026-08-12_13:00 -999.9 -999.9 -999.9 -999.9 -999.9 -999.9 -999.9 -999.9 -999.9 -999.9 -999.9 -999.9 -999.9 -999.9 -999.9 -999.9 2.4 46.8 49.4 49.4 50.4 52.6 -999.9 -999.9 -999.9 -999.9 -999.9 CEMADEN_-_Veranópolis_-_G2-432280603A_(663_m) -999.9 -999.9 -999.9 -999.9 -999.9 -999.9 -999.9 -999.9 Rio_Grande_do_Sul CEMADEN -999.9 0.6 -999.9
-28.93585 -51.56352 16931 2026-08-12_13:10 -999.9 -999.9 -999.9 -999.9 -999.9 -999.9 -999.9 -999.9 -999.9 -999.9 -999.9 -999.9 -999.9 -999.9 -999.9 -999.9 2.4 47.4 50.0 50.0 51.0 53.2 -999.9 -999.9 -999.9 -999.9 -999.9 CEMADEN_-_Veranópolis_-_G2-432280603A_(663_m) -999.9 -999.9 -999.9 -999.9 -999.9 -999.9 -999.9 -999.9 Rio_Grande_do_Sul CEMADEN -999.9 0.6 -999.9
-28.93585 -51.56352 16931 2026-08-12_13:30 -999.9 -999.9 -999.9 -999.9 -999.9 -999.9 -999.9 -999.9 -999.9 -999.9 -999.9 -999.9 -999.9 -999.9 -999.9 -999.9 2.4 48.6 51.2 51.2 52.2 54.4 -999.9 -999.9 -999.9 -999.9 -999.9 CEMADEN_-_Veranópolis_-_G2-432280603A_(663_m) -999.9 -999.9 -999.9 -999.9 -999.9 -999.9 -999.9 -999.9 Rio_Grande_do_Sul CEMADEN -999.9 1.2 -999.9
-28.93585 -51.56352 16931 2026-08-12_13:50 -999.9 -999.9 -999.9 -999.9 -999.9 -999.9 -999.9 -999.9 -999.9 -999.9 -999.9 -999.9 -999.9 -999.9 -999.9 -999.9 2.0 48.8 51.4 51.4 52.4 54.6 -999.9 -999.9 -999.9 -999.9 -999.9 CEMADEN_-_Veranópolis_-_G2-432280603A_(663_m) -999.9 -999.9 -999.9 -999.9 -999.9 -999.9 -999.9 -999.9 Rio_Grande_do_Sul CEMADEN -999.9 0.2 -999.9
-28.93585 -51.56352 16931 2026-08-12_14:10 -999.9 -999.9 -999.9 -999.9 -999.9 -999.9 -999.9 -999.9 -999.9 -999.9 -999.9 -999.9 -999.9 -999.9 -999.9 -999.9 -999.9 48.0 51.4 51.4 51.6 53.8 -999.9 -999.9 -999.9 -999.9 -999.9 CEMADEN_-_Veranópolis_-_G2-432280603A_(663_m) -999.9 -999.9 -999.9 -999.9 -999.9 -999.9 -999.9 -999.9 Rio_Grande_do_Sul CEMADEN -999.9 -0.8 -999.9
-28.93585 -51.56352 16931 2026-08-12_15:10 -999.9 -999.9 -999.9 -999.9 -999.9 -999.9 -999.9 -999.9 -999.9 -999.9 -999.9 -999.9 -999.9 -999.9 -999.9 -999.9 -999.9 48.0 51.4 51.4 51.6 53.8 -999.9 -999.9 -999.9 -999.9 -999.9 CEMADEN_-_Veranópolis_-_G2-432280603A_(663_m) -999.9 -999.9 -999.9 -999.9 -999.9 -999.9 -999.9 -999.9 Rio_Grande_do_Sul CEMADEN -999.9 0.0 -999.9
-28.93585 -51.56352 16931 2026-08-12_16:10 -999.9 -999.9 -999.9 -999.9 -999.9 -999.9 -999.9 -999.9 -999.9 -999.9 -999.9 -999.9 -999.9 -999.9 -999.9 -999.9 -999.9 48.0 51.4 51.4 51.6 53.8 -999.9 -999.9 -999.9 -999.9 -999.9 CEMADEN_-_Veranópolis_-_G2-432280603A_(663_m) -999.9 -999.9 -999.9 -999.9 -999.9 -999.9 -999.9 -999.9 Rio_Grande_do_Sul CEMADEN -999.9 0.0 -999.9
-28.93585 -51.56352 16931 2026-08-12_17:10 -999.9 -999.9 -999.9 -999.9 -999.9 -999.9 -999.9 -999.9 -999.9 -999.9 -999.9 -999.9 -999.9 -999.9 -999.9 -999.9 -999.9 48.0 51.4 51.4 51.6 53.8 -999.9 -999.9 -999.9 -999.9 -999.9 CEMADEN_-_Veranópolis_-_G2-432280603A_(663_m) -999.9 -999.9 -999.9 -999.9 -999.9 -999.9 -999.9 -999.9 Rio_Grande_do_Sul CEMADEN -999.9 0.0 -999.9
-28.93585 -51.56352 16931 2026-08-12_18:10 -999.9 -999.9 -999.9 -999.9 -999.9 -999.9 -999.9 -999.9 -999.9 -999.9 -999.9 -999.9 -999.9 -999.9 -999.9 -999.9 -999.9 48.0 51.4 51.4 51.6 53.8 -999.9 -999.9 -999.9 -999.9 -999.9 CEMADEN_-_Veranópolis_-_G2-432280603A_(663_m) -999.9 -999.9 -999.9 -999.9 -999.9 -999.9 -999.9 -999.9 Rio_Grande_do_Sul CEMADEN -999.9 0.0 -999.9
-28.93585 -51.56352 16931 2026-08-12_19:10 -999.9 -999.9 -999.9 -999.9 -999.9 -999.9 -999.9 -999.9 -999.9 -999.9 -999.9 -999.9 -999.9 -999.9 -999.9 -999.9 -999.9 48.0 51.4 51.4 51.6 53.8 -999.9 -999.9 -999.9 -999.9 -999.9 CEMADEN_-_Veranópolis_-_G2-432280603A_(663_m) -999.9 -999.9 -999.9 -999.9 -999.9 -999.9 -999.9 -999.9 Rio_Grande_do_Sul CEMADEN -999.9 0.0 -999.9
-28.93585 -51.56352 16931 2026-08-12_20:10 -999.9 -999.9 -999.9 -999.9 -999.9 -999.9 -999.9 -999.9 -999.9 -999.9 -999.9 -999.9 -999.9 -999.9 -999.9 -999.9 -999.9 48.0 51.4 51.4 51.6 53.8 -999.9 -999.9 -999.9 -999.9 -999.9 CEMADEN_-_Veranópolis_-_G2-432280603A_(663_m) -999.9 -999.9 -999.9 -999.9 -999.9 -999.9 -999.9 -999.9 Rio_Grande_do_Sul CEMADEN -999.9 0.0 -999.9
-28.93585 -51.56352 16931 2026-08-12_21:10 -999.9 -999.9 -999.9 -999.9 -999.9 -999.9 -999.9 -999.9 -999.9 -999.9 -999.9 -999.9 -999.9 -999.9 -999.9 -999.9 -999.9 48.0 51.4 51.4 51.6 53.8 -999.9 -999.9 -999.9 -999.9 -999.9 CEMADEN_-_Veranópolis_-_G2-432280603A_(663_m) -999.9 -999.9 -999.9 -999.9 -999.9 -999.9 -999.9 -999.9 Rio_Grande_do_Sul CEMADEN -999.9 0.0 -999.9
-28.93585 -51.56352 16931 2026-08-12_22:10 -999.9 -999.9 -999.9 -999.9 -999.9 -999.9 -999.9 -999.9 -999.9 -999.9 -999.9 -999.9 -999.9 -999.9 -999.9 -999.9 -999.9 48.0 51.4 51.4 51.6 53.8 -999.9 -999.9 -999.9 -999.9 -999.9 CEMADEN_-_Veranópolis_-_G2-432280603A_(663_m) -999.9 -999.9 -999.9 -999.9 -999.9 -999.9 -999.9 -999.9 Rio_Grande_do_Sul CEMADEN -999.9 0.0 -999.9
-28.93585 -51.56352 16931 2026-08-12_23:10 -999.9 -999.9 -999.9 -999.9 -999.9 -999.9 -999.9 -999.9 -999.9 -999.9 -999.9 -999.9 -999.9 -999.9 -999.9 -999.9 -999.9 48.0 51.4 51.4 51.6 53.8 -999.9 -999.9 -999.9 -999.9 -999.9 CEMADEN_-_Veranópolis_-_G2-432280603A_(663_m) -999.9 -999.9 -999.9 -999.9 -999.9 -999.9 -999.9 -999.9 Rio_Grande_do_Sul CEMADEN -999.9 0.0 -999.9
