-28.88595 -50.3598 17789 2026-08-17_00:10 -999.9 -999.9 -999.9 -999.9 -999.9 -999.9 -999.9 -999.9 -999.9 -999.9 -999.9 -999.9 -999.9 -999.9 -999.9 -999.9 -999.9 0.0 0.2 1.6 32.0 96.6 -999.9 -999.9 -999.9 -999.9 -999.9 CEMADEN_-_Jaquirana_-_G2-431112201A_(928_m) -999.9 -999.9 -999.9 -999.9 -999.9 -999.9 -999.9 -999.9 Rio_Grande_do_Sul CEMADEN -999.9 0.0 -999.9
-28.88595 -50.3598 17789 2026-08-17_01:10 -999.9 -999.9 -999.9 -999.9 -999.9 -999.9 -999.9 -999.9 -999.9 -999.9 -999.9 -999.9 -999.9 -999.9 -999.9 -999.9 -999.9 -1.0 0.2 1.6 31.0 95.6 -999.9 -999.9 -999.9 -999.9 -999.9 CEMADEN_-_Jaquirana_-_G2-431112201A_(928_m) -999.9 -999.9 -999.9 -999.9 -999.9 -999.9 -999.9 -999.9 Rio_Grande_do_Sul CEMADEN -999.9 -1.0 -999.9
-28.88595 -50.3598 17789 2026-08-17_02:10 -999.9 -999.9 -999.9 -999.9 -999.9 -999.9 -999.9 -999.9 -999.9 -999.9 -999.9 -999.9 -999.9 -999.9 -999.9 -999.9 -999.9 -1.0 0.2 1.6 31.0 95.6 -999.9 -999.9 -999.9 -999.9 -999.9 CEMADEN_-_Jaquirana_-_G2-431112201A_(928_m) -999.9 -999.9 -999.9 -999.9 -999.9 -999.9 -999.9 -999.9 Rio_Grande_do_Sul CEMADEN -999.9 0.0 -999.9
-28.88595 -50.3598 17789 2026-08-17_03:10 -999.9 -999.9 -999.9 -999.9 -999.9 -999.9 -999.9 -999.9 -999.9 -999.9 -999.9 -999.9 -999.9 -999.9 -999.9 -999.9 -999.9 -3.4 0.2 1.6 28.6 93.2 -999.9 -999.9 -999.9 -999.9 -999.9 CEMADEN_-_Jaquirana_-_G2-431112201A_(928_m) -999.9 -999.9 -999.9 -999.9 -999.9 -999.9 -999.9 -999.9 Rio_Grande_do_Sul CEMADEN -999.9 -2.4 -999.9
-28.88595 -50.3598 17789 2026-08-17_04:10 -999.9 -999.9 -999.9 -999.9 -999.9 -999.9 -999.9 -999.9 -999.9 -999.9 -999.9 -999.9 -999.9 -999.9 -999.9 -999.9 -999.9 -4.4 0.2 1.6 27.6 92.2 -999.9 -999.9 -999.9 -999.9 -999.9 CEMADEN_-_Jaquirana_-_G2-431112201A_(928_m) -999.9 -999.9 -999.9 -999.9 -999.9 -999.9 -999.9 -999.9 Rio_Grande_do_Sul CEMADEN -999.9 -1.0 -999.9
-28.88595 -50.3598 17789 2026-08-17_05:10 -999.9 -999.9 -999.9 -999.9 -999.9 -999.9 -999.9 -999.9 -999.9 -999.9 -999.9 -999.9 -999.9 -999.9 -999.9 -999.9 -999.9 -4.8 0.2 1.6 27.2 91.8 -999.9 -999.9 -999.9 -999.9 -999.9 CEMADEN_-_Jaquirana_-_G2-431112201A_(928_m) -999.9 -999.9 -999.9 -999.9 -999.9 -999.9 -999.9 -999.9 Rio_Grande_do_Sul CEMADEN -999.9 -0.4 -999.9
-28.88595 -50.3598 17789 2026-08-17_06:10 -999.9 -999.9 -999.9 -999.9 -999.9 -999.9 -999.9 -999.9 -999.9 -999.9 -999.9 -999.9 -999.9 -999.9 -999.9 -999.9 -999.9 -4.8 0.2 1.6 27.2 91.8 -999.9 -999.9 -999.9 -999.9 -999.9 CEMADEN_-_Jaquirana_-_G2-431112201A_(928_m) -999.9 -999.9 -999.9 -999.9 -999.9 -999.9 -999.9 -999.9 Rio_Grande_do_Sul CEMADEN -999.9 0.0 -999.9
-28.88595 -50.3598 17789 2026-08-17_07:10 -999.9 -999.9 -999.9 -999.9 -999.9 -999.9 -999.9 -999.9 -999.9 -999.9 -999.9 -999.9 -999.9 -999.9 -999.9 -999.9 -999.9 -12.0 0.2 1.6 20.0 84.6 -999.9 -999.9 -999.9 -999.9 -999.9 CEMADEN_-_Jaquirana_-_G2-431112201A_(928_m) -999.9 -999.9 -999.9 -999.9 -999.9 -999.9 -999.9 -999.9 Rio_Grande_do_Sul CEMADEN -999.9 -7.2 -999.9
-28.88595 -50.3598 17789 2026-08-17_08:10 -999.9 -999.9 -999.9 -999.9 -999.9 -999.9 -999.9 -999.9 -999.9 -999.9 -999.9 -999.9 -999.9 -999.9 -999.9 -999.9 -999.9 -12.2 0.2 1.6 19.8 84.4 -999.9 -999.9 -999.9 -999.9 -999.9 CEMADEN_-_Jaquirana_-_G2-431112201A_(928_m) -999.9 -999.9 -999.9 -999.9 -999.9 -999.9 -999.9 -999.9 Rio_Grande_do_Sul CEMADEN -999.9 -0.2 -999.9
-28.88595 -50.3598 17789 2026-08-17_09:10 -999.9 -999.9 -999.9 -999.9 -999.9 -999.9 -999.9 -999.9 -999.9 -999.9 -999.9 -999.9 -999.9 -999.9 -999.9 -999.9 -999.9 -27.8 0.2 1.6 4.2 68.8 -999.9 -999.9 -999.9 -999.9 -999.9 CEMADEN_-_Jaquirana_-_G2-431112201A_(928_m) -999.9 -999.9 -999.9 -999.9 -999.9 -999.9 -999.9 -999.9 Rio_Grande_do_Sul CEMADEN -999.9 -15.6 -999.9
-28.88595 -50.3598 17789 2026-08-17_10:10 -999.9 -999.9 -999.9 -999.9 -999.9 -999.9 -999.9 -999.9 -999.9 -999.9 -999.9 -999.9 -999.9 -999.9 -999.9 -999.9 -999.9 -29.2 0.2 1.6 2.8 67.4 -999.9 -999.9 -999.9 -999.9 -999.9 CEMADEN_-_Jaquirana_-_G2-431112201A_(928_m) -999.9 -999.9 -999.9 -999.9 -999.9 -999.9 -999.9 -999.9 Rio_Grande_do_Sul CEMADEN -999.9 -1.4 -999.9
-28.88595 -50.3598 17789 2026-08-17_11:10 -999.9 -999.9 -999.9 -999.9 -999.9 -999.9 -999.9 -999.9 -999.9 -999.9 -999.9 -999.9 -999.9 -999.9 -999.9 -999.9 -999.9 -29.2 0.2 1.6 2.8 67.4 -999.9 -999.9 -999.9 -999.9 -999.9 CEMADEN_-_Jaquirana_-_G2-431112201A_(928_m) -999.9 -999.9 -999.9 -999.9 -999.9 -999.9 -999.9 -999.9 Rio_Grande_do_Sul CEMADEN -999.9 0.0 -999.9
-28.88595 -50.3598 17789 2026-08-17_12:10 -999.9 -999.9 -999.9 -999.9 -999.9 -999.9 -999.9 -999.9 -999.9 -999.9 -999.9 -999.9 -999.9 -999.9 -999.9 -999.9 -999.9 -29.2 0.2 1.6 2.8 67.4 -999.9 -999.9 -999.9 -999.9 -999.9 CEMADEN_-_Jaquirana_-_G2-431112201A_(928_m) -999.9 -999.9 -999.9 -999.9 -999.9 -999.9 -999.9 -999.9 Rio_Grande_do_Sul CEMADEN -999.9 0.0 -999.9
-28.88595 -50.3598 17789 2026-08-17_13:10 -999.9 -999.9 -999.9 -999.9 -999.9 -999.9 -999.9 -999.9 -999.9 -999.9 -999.9 -999.9 -999.9 -999.9 -999.9 -999.9 -999.9 -29.2 -999.9 1.6 2.8 67.4 -999.9 -999.9 -999.9 -999.9 -999.9 CEMADEN_-_Jaquirana_-_G2-431112201A_(928_m) -999.9 -999.9 -999.9 -999.9 -999.9 -999.9 -999.9 -999.9 Rio_Grande_do_Sul CEMADEN -999.9 0.0 -999.9
-28.88595 -50.3598 17789 2026-08-17_14:10 -999.9 -999.9 -999.9 -999.9 -999.9 -999.9 -999.9 -999.9 -999.9 -999.9 -999.9 -999.9 -999.9 -999.9 -999.9 -999.9 -999.9 -30.4 -999.9 1.6 1.6 66.2 -999.9 -999.9 -999.9 -999.9 -999.9 CEMADEN_-_Jaquirana_-_G2-431112201A_(928_m) -999.9 -999.9 -999.9 -999.9 -999.9 -999.9 -999.9 -999.9 Rio_Grande_do_Sul CEMADEN -999.9 -1.2 -999.9
-28.88595 -50.3598 17789 2026-08-17_15:10 -999.9 -999.9 -999.9 -999.9 -999.9 -999.9 -999.9 -999.9 -999.9 -999.9 -999.9 -999.9 -999.9 -999.9 -999.9 -999.9 -999.9 -30.4 -999.9 1.6 1.6 66.2 -999.9 -999.9 -999.9 -999.9 -999.9 CEMADEN_-_Jaquirana_-_G2-431112201A_(928_m) -999.9 -999.9 -999.9 -999.9 -999.9 -999.9 -999.9 -999.9 Rio_Grande_do_Sul CEMADEN -999.9 0.0 -999.9
-28.88595 -50.3598 17789 2026-08-17_16:10 -999.9 -999.9 -999.9 -999.9 -999.9 -999.9 -999.9 -999.9 -999.9 -999.9 -999.9 -999.9 -999.9 -999.9 -999.9 -999.9 -999.9 -30.4 -999.9 1.6 1.6 66.2 -999.9 -999.9 -999.9 -999.9 -999.9 CEMADEN_-_Jaquirana_-_G2-431112201A_(928_m) -999.9 -999.9 -999.9 -999.9 -999.9 -999.9 -999.9 -999.9 Rio_Grande_do_Sul CEMADEN -999.9 0.0 -999.9
-28.88595 -50.3598 17789 2026-08-17_17:10 -999.9 -999.9 -999.9 -999.9 -999.9 -999.9 -999.9 -999.9 -999.9 -999.9 -999.9 -999.9 -999.9 -999.9 -999.9 -999.9 -999.9 -30.4 -999.9 1.6 1.6 66.2 -999.9 -999.9 -999.9 -999.9 -999.9 CEMADEN_-_Jaquirana_-_G2-431112201A_(928_m) -999.9 -999.9 -999.9 -999.9 -999.9 -999.9 -999.9 -999.9 Rio_Grande_do_Sul CEMADEN -999.9 0.0 -999.9
-28.88595 -50.3598 17789 2026-08-17_18:10 -999.9 -999.9 -999.9 -999.9 -999.9 -999.9 -999.9 -999.9 -999.9 -999.9 -999.9 -999.9 -999.9 -999.9 -999.9 -999.9 -999.9 -30.4 -999.9 1.6 1.6 66.2 -999.9 -999.9 -999.9 -999.9 -999.9 CEMADEN_-_Jaquirana_-_G2-431112201A_(928_m) -999.9 -999.9 -999.9 -999.9 -999.9 -999.9 -999.9 -999.9 Rio_Grande_do_Sul CEMADEN -999.9 0.0 -999.9
-28.88595 -50.3598 17789 2026-08-17_19:10 -999.9 -999.9 -999.9 -999.9 -999.9 -999.9 -999.9 -999.9 -999.9 -999.9 -999.9 -999.9 -999.9 -999.9 -999.9 -999.9 -999.9 -30.4 -999.9 1.6 1.6 66.2 -999.9 -999.9 -999.9 -999.9 -999.9 CEMADEN_-_Jaquirana_-_G2-431112201A_(928_m) -999.9 -999.9 -999.9 -999.9 -999.9 -999.9 -999.9 -999.9 Rio_Grande_do_Sul CEMADEN -999.9 0.0 -999.9
-28.88595 -50.3598 17789 2026-08-17_20:10 -999.9 -999.9 -999.9 -999.9 -999.9 -999.9 -999.9 -999.9 -999.9 -999.9 -999.9 -999.9 -999.9 -999.9 -999.9 -999.9 -999.9 -30.4 -999.9 1.6 1.6 66.2 -999.9 -999.9 -999.9 -999.9 -999.9 CEMADEN_-_Jaquirana_-_G2-431112201A_(928_m) -999.9 -999.9 -999.9 -999.9 -999.9 -999.9 -999.9 -999.9 Rio_Grande_do_Sul CEMADEN -999.9 0.0 -999.9
-28.88595 -50.3598 17789 2026-08-17_21:10 -999.9 -999.9 -999.9 -999.9 -999.9 -999.9 -999.9 -999.9 -999.9 -999.9 -999.9 -999.9 -999.9 -999.9 -999.9 -999.9 -999.9 -30.4 -999.9 1.6 1.6 66.2 -999.9 -999.9 -999.9 -999.9 -999.9 CEMADEN_-_Jaquirana_-_G2-431112201A_(928_m) -999.9 -999.9 -999.9 -999.9 -999.9 -999.9 -999.9 -999.9 Rio_Grande_do_Sul CEMADEN -999.9 0.0 -999.9
-28.88595 -50.3598 17789 2026-08-17_22:10 -999.9 -999.9 -999.9 -999.9 -999.9 -999.9 -999.9 -999.9 -999.9 -999.9 -999.9 -999.9 -999.9 -999.9 -999.9 -999.9 -999.9 -30.4 -999.9 0.6 1.6 66.2 -999.9 -999.9 -999.9 -999.9 -999.9 CEMADEN_-_Jaquirana_-_G2-431112201A_(928_m) -999.9 -999.9 -999.9 -999.9 -999.9 -999.9 -999.9 -999.9 Rio_Grande_do_Sul CEMADEN -999.9 0.0 -999.9
-28.88595 -50.3598 17789 2026-08-17_23:10 -999.9 -999.9 -999.9 -999.9 -999.9 -999.9 -999.9 -999.9 -999.9 -999.9 -999.9 -999.9 -999.9 -999.9 -999.9 -999.9 -999.9 -30.4 -999.9 0.2 1.6 66.2 -999.9 -999.9 -999.9 -999.9 -999.9 CEMADEN_-_Jaquirana_-_G2-431112201A_(928_m) -999.9 -999.9 -999.9 -999.9 -999.9 -999.9 -999.9 -999.9 Rio_Grande_do_Sul CEMADEN -999.9 0.0 -999.9
