-28.74094 -51.70108 17795 2026-08-24_00:10 -999.9 -999.9 -999.9 -999.9 -999.9 -999.9 -999.9 -999.9 -999.9 -999.9 -999.9 -999.9 -999.9 -999.9 -999.9 -999.9 -999.9 0.0 -999.9 0.4 11.6 23.8 -999.9 -999.9 -999.9 -999.9 -999.9 CEMADEN_-_Nova_Bassano_-_G2-431290601A_(544_m) -999.9 -999.9 -999.9 -999.9 -999.9 -999.9 -999.9 -999.9 Rio_Grande_do_Sul CEMADEN -999.9 0.0 -999.9
-28.74094 -51.70108 17795 2026-08-24_01:10 -999.9 -999.9 -999.9 -999.9 -999.9 -999.9 -999.9 -999.9 -999.9 -999.9 -999.9 -999.9 -999.9 -999.9 -999.9 -999.9 -999.9 0.0 -999.9 0.4 11.6 23.8 -999.9 -999.9 -999.9 -999.9 -999.9 CEMADEN_-_Nova_Bassano_-_G2-431290601A_(544_m) -999.9 -999.9 -999.9 -999.9 -999.9 -999.9 -999.9 -999.9 Rio_Grande_do_Sul CEMADEN -999.9 0.0 -999.9
-28.74094 -51.70108 17795 2026-08-24_02:10 -999.9 -999.9 -999.9 -999.9 -999.9 -999.9 -999.9 -999.9 -999.9 -999.9 -999.9 -999.9 -999.9 -999.9 -999.9 -999.9 -999.9 0.0 -999.9 0.4 11.6 23.8 -999.9 -999.9 -999.9 -999.9 -999.9 CEMADEN_-_Nova_Bassano_-_G2-431290601A_(544_m) -999.9 -999.9 -999.9 -999.9 -999.9 -999.9 -999.9 -999.9 Rio_Grande_do_Sul CEMADEN -999.9 0.0 -999.9
-28.74094 -51.70108 17795 2026-08-24_03:10 -999.9 -999.9 -999.9 -999.9 -999.9 -999.9 -999.9 -999.9 -999.9 -999.9 -999.9 -999.9 -999.9 -999.9 -999.9 -999.9 -999.9 0.0 -999.9 0.4 11.6 23.8 -999.9 -999.9 -999.9 -999.9 -999.9 CEMADEN_-_Nova_Bassano_-_G2-431290601A_(544_m) -999.9 -999.9 -999.9 -999.9 -999.9 -999.9 -999.9 -999.9 Rio_Grande_do_Sul CEMADEN -999.9 0.0 -999.9
-28.74094 -51.70108 17795 2026-08-24_04:10 -999.9 -999.9 -999.9 -999.9 -999.9 -999.9 -999.9 -999.9 -999.9 -999.9 -999.9 -999.9 -999.9 -999.9 -999.9 -999.9 -999.9 0.0 -999.9 0.2 11.6 23.8 -999.9 -999.9 -999.9 -999.9 -999.9 CEMADEN_-_Nova_Bassano_-_G2-431290601A_(544_m) -999.9 -999.9 -999.9 -999.9 -999.9 -999.9 -999.9 -999.9 Rio_Grande_do_Sul CEMADEN -999.9 0.0 -999.9
-28.74094 -51.70108 17795 2026-08-24_05:10 -999.9 -999.9 -999.9 -999.9 -999.9 -999.9 -999.9 -999.9 -999.9 -999.9 -999.9 -999.9 -999.9 -999.9 -999.9 -999.9 -999.9 0.0 -999.9 -999.9 11.6 23.8 -999.9 -999.9 -999.9 -999.9 -999.9 CEMADEN_-_Nova_Bassano_-_G2-431290601A_(544_m) -999.9 -999.9 -999.9 -999.9 -999.9 -999.9 -999.9 -999.9 Rio_Grande_do_Sul CEMADEN -999.9 0.0 -999.9
-28.74094 -51.70108 17795 2026-08-24_06:10 -999.9 -999.9 -999.9 -999.9 -999.9 -999.9 -999.9 -999.9 -999.9 -999.9 -999.9 -999.9 -999.9 -999.9 -999.9 -999.9 -999.9 0.0 -999.9 -999.9 11.6 23.8 -999.9 -999.9 -999.9 -999.9 -999.9 CEMADEN_-_Nova_Bassano_-_G2-431290601A_(544_m) -999.9 -999.9 -999.9 -999.9 -999.9 -999.9 -999.9 -999.9 Rio_Grande_do_Sul CEMADEN -999.9 0.0 -999.9
-28.74094 -51.70108 17795 2026-08-24_07:10 -999.9 -999.9 -999.9 -999.9 -999.9 -999.9 -999.9 -999.9 -999.9 -999.9 -999.9 -999.9 -999.9 -999.9 -999.9 -999.9 -999.9 0.0 -999.9 -999.9 11.6 23.8 -999.9 -999.9 -999.9 -999.9 -999.9 CEMADEN_-_Nova_Bassano_-_G2-431290601A_(544_m) -999.9 -999.9 -999.9 -999.9 -999.9 -999.9 -999.9 -999.9 Rio_Grande_do_Sul CEMADEN -999.9 0.0 -999.9
-28.74094 -51.70108 17795 2026-08-24_08:10 -999.9 -999.9 -999.9 -999.9 -999.9 -999.9 -999.9 -999.9 -999.9 -999.9 -999.9 -999.9 -999.9 -999.9 -999.9 -999.9 -999.9 0.0 -999.9 -999.9 11.6 23.8 -999.9 -999.9 -999.9 -999.9 -999.9 CEMADEN_-_Nova_Bassano_-_G2-431290601A_(544_m) -999.9 -999.9 -999.9 -999.9 -999.9 -999.9 -999.9 -999.9 Rio_Grande_do_Sul CEMADEN -999.9 0.0 -999.9
-28.74094 -51.70108 17795 2026-08-24_09:10 -999.9 -999.9 -999.9 -999.9 -999.9 -999.9 -999.9 -999.9 -999.9 -999.9 -999.9 -999.9 -999.9 -999.9 -999.9 -999.9 -999.9 0.0 -999.9 -999.9 11.6 23.8 -999.9 -999.9 -999.9 -999.9 -999.9 CEMADEN_-_Nova_Bassano_-_G2-431290601A_(544_m) -999.9 -999.9 -999.9 -999.9 -999.9 -999.9 -999.9 -999.9 Rio_Grande_do_Sul CEMADEN -999.9 0.0 -999.9
-28.74094 -51.70108 17795 2026-08-24_10:10 -999.9 -999.9 -999.9 -999.9 -999.9 -999.9 -999.9 -999.9 -999.9 -999.9 -999.9 -999.9 -999.9 -999.9 -999.9 -999.9 -999.9 -6.8 -999.9 -999.9 4.8 17.0 -999.9 -999.9 -999.9 -999.9 -999.9 CEMADEN_-_Nova_Bassano_-_G2-431290601A_(544_m) -999.9 -999.9 -999.9 -999.9 -999.9 -999.9 -999.9 -999.9 Rio_Grande_do_Sul CEMADEN -999.9 -6.8 -999.9
-28.74094 -51.70108 17795 2026-08-24_11:10 -999.9 -999.9 -999.9 -999.9 -999.9 -999.9 -999.9 -999.9 -999.9 -999.9 -999.9 -999.9 -999.9 -999.9 -999.9 -999.9 -999.9 -8.2 -999.9 -999.9 3.4 15.6 -999.9 -999.9 -999.9 -999.9 -999.9 CEMADEN_-_Nova_Bassano_-_G2-431290601A_(544_m) -999.9 -999.9 -999.9 -999.9 -999.9 -999.9 -999.9 -999.9 Rio_Grande_do_Sul CEMADEN -999.9 -1.4 -999.9
-28.74094 -51.70108 17795 2026-08-24_12:10 -999.9 -999.9 -999.9 -999.9 -999.9 -999.9 -999.9 -999.9 -999.9 -999.9 -999.9 -999.9 -999.9 -999.9 -999.9 -999.9 -999.9 -10.4 -999.9 -999.9 1.2 13.4 -999.9 -999.9 -999.9 -999.9 -999.9 CEMADEN_-_Nova_Bassano_-_G2-431290601A_(544_m) -999.9 -999.9 -999.9 -999.9 -999.9 -999.9 -999.9 -999.9 Rio_Grande_do_Sul CEMADEN -999.9 -2.2 -999.9
-28.74094 -51.70108 17795 2026-08-24_13:10 -999.9 -999.9 -999.9 -999.9 -999.9 -999.9 -999.9 -999.9 -999.9 -999.9 -999.9 -999.9 -999.9 -999.9 -999.9 -999.9 -999.9 -10.8 -999.9 -999.9 0.8 13.0 -999.9 -999.9 -999.9 -999.9 -999.9 CEMADEN_-_Nova_Bassano_-_G2-431290601A_(544_m) -999.9 -999.9 -999.9 -999.9 -999.9 -999.9 -999.9 -999.9 Rio_Grande_do_Sul CEMADEN -999.9 -0.4 -999.9
-28.74094 -51.70108 17795 2026-08-24_14:10 -999.9 -999.9 -999.9 -999.9 -999.9 -999.9 -999.9 -999.9 -999.9 -999.9 -999.9 -999.9 -999.9 -999.9 -999.9 -999.9 -999.9 -10.8 -999.9 -999.9 0.8 13.0 -999.9 -999.9 -999.9 -999.9 -999.9 CEMADEN_-_Nova_Bassano_-_G2-431290601A_(544_m) -999.9 -999.9 -999.9 -999.9 -999.9 -999.9 -999.9 -999.9 Rio_Grande_do_Sul CEMADEN -999.9 0.0 -999.9
-28.74094 -51.70108 17795 2026-08-24_15:10 -999.9 -999.9 -999.9 -999.9 -999.9 -999.9 -999.9 -999.9 -999.9 -999.9 -999.9 -999.9 -999.9 -999.9 -999.9 -999.9 -999.9 -10.8 -999.9 -999.9 0.8 13.0 -999.9 -999.9 -999.9 -999.9 -999.9 CEMADEN_-_Nova_Bassano_-_G2-431290601A_(544_m) -999.9 -999.9 -999.9 -999.9 -999.9 -999.9 -999.9 -999.9 Rio_Grande_do_Sul CEMADEN -999.9 0.0 -999.9
-28.74094 -51.70108 17795 2026-08-24_16:10 -999.9 -999.9 -999.9 -999.9 -999.9 -999.9 -999.9 -999.9 -999.9 -999.9 -999.9 -999.9 -999.9 -999.9 -999.9 -999.9 -999.9 -10.8 -999.9 -999.9 0.8 13.0 -999.9 -999.9 -999.9 -999.9 -999.9 CEMADEN_-_Nova_Bassano_-_G2-431290601A_(544_m) -999.9 -999.9 -999.9 -999.9 -999.9 -999.9 -999.9 -999.9 Rio_Grande_do_Sul CEMADEN -999.9 0.0 -999.9
-28.74094 -51.70108 17795 2026-08-24_17:10 -999.9 -999.9 -999.9 -999.9 -999.9 -999.9 -999.9 -999.9 -999.9 -999.9 -999.9 -999.9 -999.9 -999.9 -999.9 -999.9 -999.9 -10.8 -999.9 -999.9 0.8 13.0 -999.9 -999.9 -999.9 -999.9 -999.9 CEMADEN_-_Nova_Bassano_-_G2-431290601A_(544_m) -999.9 -999.9 -999.9 -999.9 -999.9 -999.9 -999.9 -999.9 Rio_Grande_do_Sul CEMADEN -999.9 0.0 -999.9
-28.74094 -51.70108 17795 2026-08-24_18:10 -999.9 -999.9 -999.9 -999.9 -999.9 -999.9 -999.9 -999.9 -999.9 -999.9 -999.9 -999.9 -999.9 -999.9 -999.9 -999.9 -999.9 -10.8 -999.9 -999.9 0.8 13.0 -999.9 -999.9 -999.9 -999.9 -999.9 CEMADEN_-_Nova_Bassano_-_G2-431290601A_(544_m) -999.9 -999.9 -999.9 -999.9 -999.9 -999.9 -999.9 -999.9 Rio_Grande_do_Sul CEMADEN -999.9 0.0 -999.9
-28.74094 -51.70108 17795 2026-08-24_19:10 -999.9 -999.9 -999.9 -999.9 -999.9 -999.9 -999.9 -999.9 -999.9 -999.9 -999.9 -999.9 -999.9 -999.9 -999.9 -999.9 -999.9 -10.8 -999.9 -999.9 0.8 13.0 -999.9 -999.9 -999.9 -999.9 -999.9 CEMADEN_-_Nova_Bassano_-_G2-431290601A_(544_m) -999.9 -999.9 -999.9 -999.9 -999.9 -999.9 -999.9 -999.9 Rio_Grande_do_Sul CEMADEN -999.9 0.0 -999.9
-28.74094 -51.70108 17795 2026-08-24_20:10 -999.9 -999.9 -999.9 -999.9 -999.9 -999.9 -999.9 -999.9 -999.9 -999.9 -999.9 -999.9 -999.9 -999.9 -999.9 -999.9 -999.9 -11.2 -999.9 -999.9 0.4 12.6 -999.9 -999.9 -999.9 -999.9 -999.9 CEMADEN_-_Nova_Bassano_-_G2-431290601A_(544_m) -999.9 -999.9 -999.9 -999.9 -999.9 -999.9 -999.9 -999.9 Rio_Grande_do_Sul CEMADEN -999.9 -0.4 -999.9
-28.74094 -51.70108 17795 2026-08-24_21:10 -999.9 -999.9 -999.9 -999.9 -999.9 -999.9 -999.9 -999.9 -999.9 -999.9 -999.9 -999.9 -999.9 -999.9 -999.9 -999.9 -999.9 -11.2 -999.9 -999.9 0.4 12.6 -999.9 -999.9 -999.9 -999.9 -999.9 CEMADEN_-_Nova_Bassano_-_G2-431290601A_(544_m) -999.9 -999.9 -999.9 -999.9 -999.9 -999.9 -999.9 -999.9 Rio_Grande_do_Sul CEMADEN -999.9 0.0 -999.9
-28.74094 -51.70108 17795 2026-08-24_22:10 -999.9 -999.9 -999.9 -999.9 -999.9 -999.9 -999.9 -999.9 -999.9 -999.9 -999.9 -999.9 -999.9 -999.9 -999.9 -999.9 -999.9 -11.2 -999.9 -999.9 0.4 12.6 -999.9 -999.9 -999.9 -999.9 -999.9 CEMADEN_-_Nova_Bassano_-_G2-431290601A_(544_m) -999.9 -999.9 -999.9 -999.9 -999.9 -999.9 -999.9 -999.9 Rio_Grande_do_Sul CEMADEN -999.9 0.0 -999.9
-28.74094 -51.70108 17795 2026-08-24_23:10 -999.9 -999.9 -999.9 -999.9 -999.9 -999.9 -999.9 -999.9 -999.9 -999.9 -999.9 -999.9 -999.9 -999.9 -999.9 -999.9 -999.9 -11.2 -999.9 -999.9 0.4 12.6 -999.9 -999.9 -999.9 -999.9 -999.9 CEMADEN_-_Nova_Bassano_-_G2-431290601A_(544_m) -999.9 -999.9 -999.9 -999.9 -999.9 -999.9 -999.9 -999.9 Rio_Grande_do_Sul CEMADEN -999.9 0.0 -999.9
