-28.748611 -50.057778 A829 2026-09-18_00:00 9.6 9.6 8.3 86 92 86 7.3 -999.9 -999.9 -999.9 -999.9 -999.9 0 0 0 -999.9 0.0 0.0 0.2 0.2 0.4 7.4 17.0 2.5 100.0 75.0 30.2 INMET_-_SAO_JOSE_DOS_AUSENTES_(1229_m) -999.9 -999.9 -999.9 -999.9 -999.9 -999.9 -999.9 -999.9 Rio_Grande_do_Sul INMET -999.9 -999.9 -999.9
-28.748611 -50.057778 A829 2026-09-18_01:00 8.3 9.6 7.1 89 95 85 6.6 -999.9 -999.9 -999.9 -999.9 -999.9 0 0 0 -999.9 0.0 0.0 0.2 0.2 0.4 7.4 17.0 2.5 100.0 75.0 30.2 INMET_-_SAO_JOSE_DOS_AUSENTES_(1229_m) -999.9 -999.9 -999.9 -999.9 -999.9 -999.9 -999.9 -999.9 Rio_Grande_do_Sul INMET -999.9 -999.9 -999.9
-28.748611 -50.057778 A829 2026-09-18_02:00 6.2 8.2 6.2 95 96 89 5.4 -999.9 -999.9 -999.9 -999.9 -999.9 0 0 0 -999.9 0.0 0.0 0.2 0.2 0.4 7.4 17.0 2.5 100.0 75.0 30.2 INMET_-_SAO_JOSE_DOS_AUSENTES_(1229_m) -999.9 -999.9 -999.9 -999.9 -999.9 -999.9 -999.9 -999.9 Rio_Grande_do_Sul INMET -999.9 -999.9 -999.9
-28.748611 -50.057778 A829 2026-09-18_03:00 4.7 6.9 4.6 99 99 92 4.6 -999.9 -999.9 -999.9 -999.9 -999.9 0 0 0 -999.9 0.0 0.0 0.2 0.2 0.4 7.4 17.0 2.5 100.0 75.0 30.2 INMET_-_SAO_JOSE_DOS_AUSENTES_(1229_m) -999.9 -999.9 -999.9 -999.9 -999.9 -999.9 -999.9 -999.9 Rio_Grande_do_Sul INMET -999.9 -999.9 -999.9
-28.748611 -50.057778 A829 2026-09-18_04:00 6 6.7 4.8 91 99 89 4.6 -999.9 -999.9 -999.9 -999.9 -999.9 0 0 0 -999.9 0.0 0.0 0.2 0.2 0.4 7.4 17.0 2.5 100.0 75.0 30.2 INMET_-_SAO_JOSE_DOS_AUSENTES_(1229_m) -999.9 -999.9 -999.9 -999.9 -999.9 -999.9 -999.9 -999.9 Rio_Grande_do_Sul INMET -999.9 -999.9 -999.9
-28.748611 -50.057778 A829 2026-09-18_05:00 6.4 6.9 5.8 87 94 84 4.4 -999.9 -999.9 -999.9 -999.9 -999.9 0 0 0 -999.9 0.0 0.0 0.2 0.2 0.4 7.4 17.0 2.5 100.0 75.0 30.2 INMET_-_SAO_JOSE_DOS_AUSENTES_(1229_m) -999.9 -999.9 -999.9 -999.9 -999.9 -999.9 -999.9 -999.9 Rio_Grande_do_Sul INMET -999.9 -999.9 -999.9
-28.748611 -50.057778 A829 2026-09-18_07:00 4.2 5.7 2.5 100 100 91 4.2 -999.9 -999.9 -999.9 -999.9 -999.9 0 0 0 -999.9 0.0 0.0 0.2 0.2 0.4 7.4 17.0 2.5 100.0 75.0 30.2 INMET_-_SAO_JOSE_DOS_AUSENTES_(1229_m) -999.9 -999.9 -999.9 -999.9 -999.9 -999.9 -999.9 -999.9 Rio_Grande_do_Sul INMET -999.9 -999.9 -999.9
-28.748611 -50.057778 A829 2026-09-18_14:00 15.6 17 15.5 82 85 75 12.5 -999.9 -999.9 -999.9 -999.9 -999.9 21.6 92 25.9 -999.9 0.0 0.0 0.2 0.2 0.4 7.4 17.0 2.5 100.0 75.0 30.2 INMET_-_SAO_JOSE_DOS_AUSENTES_(1229_m) -999.9 -999.9 -999.9 -999.9 -999.9 -999.9 -999.9 -999.9 Rio_Grande_do_Sul INMET -999.9 -999.9 -999.9
-28.748611 -50.057778 A829 2026-09-18_16:00 14 14.7 13.7 82 89 82 10.9 -999.9 -999.9 -999.9 -999.9 -999.9 22.0 97 30.2 -999.9 0.0 0.0 0.2 0.2 0.4 7.4 17.0 2.5 100.0 75.0 30.2 INMET_-_SAO_JOSE_DOS_AUSENTES_(1229_m) -999.9 -999.9 -999.9 -999.9 -999.9 -999.9 -999.9 -999.9 Rio_Grande_do_Sul INMET -999.9 -999.9 -999.9
-28.748611 -50.057778 A829 2026-09-18_17:00 13.6 14.2 13.6 79 83 78 10.0 -999.9 -999.9 -999.9 -999.9 -999.9 22.0 97 28.1 -999.9 0.0 0.0 0.2 0.2 0.4 7.4 17.0 2.5 100.0 75.0 30.2 INMET_-_SAO_JOSE_DOS_AUSENTES_(1229_m) -999.9 -999.9 -999.9 -999.9 -999.9 -999.9 -999.9 -999.9 Rio_Grande_do_Sul INMET -999.9 -999.9 -999.9
-28.748611 -50.057778 A829 2026-09-18_19:00 11.5 11.8 11.4 98 99 87 11.2 -999.9 -999.9 -999.9 -999.9 -999.9 22.0 97 28.1 -999.9 0.0 0.0 0.2 0.2 0.4 7.4 17.0 2.5 100.0 75.0 30.2 INMET_-_SAO_JOSE_DOS_AUSENTES_(1229_m) -999.9 -999.9 -999.9 -999.9 -999.9 -999.9 -999.9 -999.9 Rio_Grande_do_Sul INMET -999.9 -999.9 -999.9
-28.748611 -50.057778 A829 2026-09-18_20:00 12 12 11.5 100 100 98 12.0 -999.9 -999.9 -999.9 -999.9 -999.9 22.0 97 28.1 -999.9 0.0 0.0 0.2 0.2 0.4 7.4 17.0 2.5 100.0 75.0 30.2 INMET_-_SAO_JOSE_DOS_AUSENTES_(1229_m) -999.9 -999.9 -999.9 -999.9 -999.9 -999.9 -999.9 -999.9 Rio_Grande_do_Sul INMET -999.9 -999.9 -999.9
-28.748611 -50.057778 A829 2026-09-18_21:00 11.9 12.1 11.9 96 100 96 11.3 -999.9 -999.9 -999.9 -999.9 -999.9 22.0 97 28.1 -999.9 0.0 0.0 0.2 0.2 0.4 7.4 17.0 2.5 100.0 75.0 30.2 INMET_-_SAO_JOSE_DOS_AUSENTES_(1229_m) -999.9 -999.9 -999.9 -999.9 -999.9 -999.9 -999.9 -999.9 Rio_Grande_do_Sul INMET -999.9 -999.9 -999.9
-28.748611 -50.057778 A829 2026-09-18_22:00 10.8 11.5 10.8 97 98 96 10.3 -999.9 -999.9 -999.9 -999.9 -999.9 0 0 0 -999.9 0.0 0.0 0.2 0.2 0.4 7.4 17.0 2.5 100.0 75.0 30.2 INMET_-_SAO_JOSE_DOS_AUSENTES_(1229_m) -999.9 -999.9 -999.9 -999.9 -999.9 -999.9 -999.9 -999.9 Rio_Grande_do_Sul INMET -999.9 -999.9 -999.9
-28.748611 -50.057778 A829 2026-09-18_23:00 9.8 10.8 9.6 97 100 96 9.3 -999.9 -999.9 -999.9 -999.9 -999.9 0 0 0 -999.9 0.0 0.0 0.2 0.2 0.4 7.4 17.0 2.5 100.0 75.0 30.2 INMET_-_SAO_JOSE_DOS_AUSENTES_(1229_m) -999.9 -999.9 -999.9 -999.9 -999.9 -999.9 -999.9 -999.9 Rio_Grande_do_Sul INMET -999.9 -999.9 -999.9
