-28.59865 -51.78069 17826 2026-08-30_00:10 -999.9 -999.9 -999.9 -999.9 -999.9 -999.9 -999.9 -999.9 -999.9 -999.9 -999.9 -999.9 -999.9 -999.9 -999.9 -999.9 -999.9 0.0 22.4 22.4 22.4 -999.9 -999.9 -999.9 -999.9 -999.9 -999.9 CEMADEN_-_Paraí_-_G2-431400102A_(720_m) -999.9 -999.9 -999.9 -999.9 -999.9 -999.9 -999.9 -999.9 Rio_Grande_do_Sul CEMADEN -999.9 0.0 -999.9
-28.59865 -51.78069 17826 2026-08-30_01:10 -999.9 -999.9 -999.9 -999.9 -999.9 -999.9 -999.9 -999.9 -999.9 -999.9 -999.9 -999.9 -999.9 -999.9 -999.9 -999.9 -999.9 0.0 22.4 22.4 22.4 -999.9 -999.9 -999.9 -999.9 -999.9 -999.9 CEMADEN_-_Paraí_-_G2-431400102A_(720_m) -999.9 -999.9 -999.9 -999.9 -999.9 -999.9 -999.9 -999.9 Rio_Grande_do_Sul CEMADEN -999.9 0.0 -999.9
-28.59865 -51.78069 17826 2026-08-30_02:10 -999.9 -999.9 -999.9 -999.9 -999.9 -999.9 -999.9 -999.9 -999.9 -999.9 -999.9 -999.9 -999.9 -999.9 -999.9 -999.9 -999.9 0.0 22.4 22.4 22.4 -999.9 -999.9 -999.9 -999.9 -999.9 -999.9 CEMADEN_-_Paraí_-_G2-431400102A_(720_m) -999.9 -999.9 -999.9 -999.9 -999.9 -999.9 -999.9 -999.9 Rio_Grande_do_Sul CEMADEN -999.9 0.0 -999.9
-28.59865 -51.78069 17826 2026-08-30_03:10 -999.9 -999.9 -999.9 -999.9 -999.9 -999.9 -999.9 -999.9 -999.9 -999.9 -999.9 -999.9 -999.9 -999.9 -999.9 -999.9 -999.9 0.0 22.4 22.4 22.4 -999.9 -999.9 -999.9 -999.9 -999.9 -999.9 CEMADEN_-_Paraí_-_G2-431400102A_(720_m) -999.9 -999.9 -999.9 -999.9 -999.9 -999.9 -999.9 -999.9 Rio_Grande_do_Sul CEMADEN -999.9 0.0 -999.9
-28.59865 -51.78069 17826 2026-08-30_04:10 -999.9 -999.9 -999.9 -999.9 -999.9 -999.9 -999.9 -999.9 -999.9 -999.9 -999.9 -999.9 -999.9 -999.9 -999.9 -999.9 -999.9 0.0 22.4 22.4 22.4 -999.9 -999.9 -999.9 -999.9 -999.9 -999.9 CEMADEN_-_Paraí_-_G2-431400102A_(720_m) -999.9 -999.9 -999.9 -999.9 -999.9 -999.9 -999.9 -999.9 Rio_Grande_do_Sul CEMADEN -999.9 0.0 -999.9
-28.59865 -51.78069 17826 2026-08-30_05:10 -999.9 -999.9 -999.9 -999.9 -999.9 -999.9 -999.9 -999.9 -999.9 -999.9 -999.9 -999.9 -999.9 -999.9 -999.9 -999.9 -999.9 0.0 22.4 22.4 22.4 -999.9 -999.9 -999.9 -999.9 -999.9 -999.9 CEMADEN_-_Paraí_-_G2-431400102A_(720_m) -999.9 -999.9 -999.9 -999.9 -999.9 -999.9 -999.9 -999.9 Rio_Grande_do_Sul CEMADEN -999.9 0.0 -999.9
-28.59865 -51.78069 17826 2026-08-30_06:10 -999.9 -999.9 -999.9 -999.9 -999.9 -999.9 -999.9 -999.9 -999.9 -999.9 -999.9 -999.9 -999.9 -999.9 -999.9 -999.9 -999.9 0.0 22.4 22.4 22.4 -999.9 -999.9 -999.9 -999.9 -999.9 -999.9 CEMADEN_-_Paraí_-_G2-431400102A_(720_m) -999.9 -999.9 -999.9 -999.9 -999.9 -999.9 -999.9 -999.9 Rio_Grande_do_Sul CEMADEN -999.9 0.0 -999.9
-28.59865 -51.78069 17826 2026-08-30_11:10 -999.9 -999.9 -999.9 -999.9 -999.9 -999.9 -999.9 -999.9 -999.9 -999.9 -999.9 -999.9 -999.9 -999.9 -999.9 -999.9 -999.9 0.0 22.4 22.4 22.4 -999.9 -999.9 -999.9 -999.9 -999.9 -999.9 CEMADEN_-_Paraí_-_G2-431400102A_(720_m) -999.9 -999.9 -999.9 -999.9 -999.9 -999.9 -999.9 -999.9 Rio_Grande_do_Sul CEMADEN -999.9 0.0 -999.9
-28.59865 -51.78069 17826 2026-08-30_12:10 -999.9 -999.9 -999.9 -999.9 -999.9 -999.9 -999.9 -999.9 -999.9 -999.9 -999.9 -999.9 -999.9 -999.9 -999.9 -999.9 -999.9 0.0 22.4 22.4 22.4 -999.9 -999.9 -999.9 -999.9 -999.9 -999.9 CEMADEN_-_Paraí_-_G2-431400102A_(720_m) -999.9 -999.9 -999.9 -999.9 -999.9 -999.9 -999.9 -999.9 Rio_Grande_do_Sul CEMADEN -999.9 0.0 -999.9
-28.59865 -51.78069 17826 2026-08-30_13:10 -999.9 -999.9 -999.9 -999.9 -999.9 -999.9 -999.9 -999.9 -999.9 -999.9 -999.9 -999.9 -999.9 -999.9 -999.9 -999.9 -999.9 0.0 22.4 22.4 22.4 -999.9 -999.9 -999.9 -999.9 -999.9 -999.9 CEMADEN_-_Paraí_-_G2-431400102A_(720_m) -999.9 -999.9 -999.9 -999.9 -999.9 -999.9 -999.9 -999.9 Rio_Grande_do_Sul CEMADEN -999.9 0.0 -999.9
-28.59865 -51.78069 17826 2026-08-30_14:10 -999.9 -999.9 -999.9 -999.9 -999.9 -999.9 -999.9 -999.9 -999.9 -999.9 -999.9 -999.9 -999.9 -999.9 -999.9 -999.9 -999.9 0.0 22.4 22.4 22.4 -999.9 -999.9 -999.9 -999.9 -999.9 -999.9 CEMADEN_-_Paraí_-_G2-431400102A_(720_m) -999.9 -999.9 -999.9 -999.9 -999.9 -999.9 -999.9 -999.9 Rio_Grande_do_Sul CEMADEN -999.9 0.0 -999.9
-28.59865 -51.78069 17826 2026-08-30_15:10 -999.9 -999.9 -999.9 -999.9 -999.9 -999.9 -999.9 -999.9 -999.9 -999.9 -999.9 -999.9 -999.9 -999.9 -999.9 -999.9 -999.9 0.0 22.4 22.4 22.4 -999.9 -999.9 -999.9 -999.9 -999.9 -999.9 CEMADEN_-_Paraí_-_G2-431400102A_(720_m) -999.9 -999.9 -999.9 -999.9 -999.9 -999.9 -999.9 -999.9 Rio_Grande_do_Sul CEMADEN -999.9 0.0 -999.9
-28.59865 -51.78069 17826 2026-08-30_15:30 -999.9 -999.9 -999.9 -999.9 -999.9 -999.9 -999.9 -999.9 -999.9 -999.9 -999.9 -999.9 -999.9 -999.9 -999.9 -999.9 0.2 0.2 22.6 22.6 22.6 -999.9 -999.9 -999.9 -999.9 -999.9 -999.9 CEMADEN_-_Paraí_-_G2-431400102A_(720_m) -999.9 -999.9 -999.9 -999.9 -999.9 -999.9 -999.9 -999.9 Rio_Grande_do_Sul CEMADEN -999.9 0.2 -999.9
-28.59865 -51.78069 17826 2026-08-30_16:10 -999.9 -999.9 -999.9 -999.9 -999.9 -999.9 -999.9 -999.9 -999.9 -999.9 -999.9 -999.9 -999.9 -999.9 -999.9 -999.9 0.2 0.2 22.6 22.6 22.6 -999.9 -999.9 -999.9 -999.9 -999.9 -999.9 CEMADEN_-_Paraí_-_G2-431400102A_(720_m) -999.9 -999.9 -999.9 -999.9 -999.9 -999.9 -999.9 -999.9 Rio_Grande_do_Sul CEMADEN -999.9 0.0 -999.9
-28.59865 -51.78069 17826 2026-08-30_16:30 -999.9 -999.9 -999.9 -999.9 -999.9 -999.9 -999.9 -999.9 -999.9 -999.9 -999.9 -999.9 -999.9 -999.9 -999.9 -999.9 0.4 0.6 23.0 23.0 23.0 -999.9 -999.9 -999.9 -999.9 -999.9 -999.9 CEMADEN_-_Paraí_-_G2-431400102A_(720_m) -999.9 -999.9 -999.9 -999.9 -999.9 -999.9 -999.9 -999.9 Rio_Grande_do_Sul CEMADEN -999.9 0.4 -999.9
-28.59865 -51.78069 17826 2026-08-30_16:50 -999.9 -999.9 -999.9 -999.9 -999.9 -999.9 -999.9 -999.9 -999.9 -999.9 -999.9 -999.9 -999.9 -999.9 -999.9 -999.9 1.2 1.4 23.8 23.8 23.8 -999.9 -999.9 -999.9 -999.9 -999.9 -999.9 CEMADEN_-_Paraí_-_G2-431400102A_(720_m) -999.9 -999.9 -999.9 -999.9 -999.9 -999.9 -999.9 -999.9 Rio_Grande_do_Sul CEMADEN -999.9 0.8 -999.9
-28.59865 -51.78069 17826 2026-08-30_17:10 -999.9 -999.9 -999.9 -999.9 -999.9 -999.9 -999.9 -999.9 -999.9 -999.9 -999.9 -999.9 -999.9 -999.9 -999.9 -999.9 -999.9 1.4 23.8 23.8 23.8 -999.9 -999.9 -999.9 -999.9 -999.9 -999.9 CEMADEN_-_Paraí_-_G2-431400102A_(720_m) -999.9 -999.9 -999.9 -999.9 -999.9 -999.9 -999.9 -999.9 Rio_Grande_do_Sul CEMADEN -999.9 0.0 -999.9
-28.59865 -51.78069 17826 2026-08-30_18:10 -999.9 -999.9 -999.9 -999.9 -999.9 -999.9 -999.9 -999.9 -999.9 -999.9 -999.9 -999.9 -999.9 -999.9 -999.9 -999.9 0.2 1.6 24.0 24.0 24.0 -999.9 -999.9 -999.9 -999.9 -999.9 -999.9 CEMADEN_-_Paraí_-_G2-431400102A_(720_m) -999.9 -999.9 -999.9 -999.9 -999.9 -999.9 -999.9 -999.9 Rio_Grande_do_Sul CEMADEN -999.9 0.2 -999.9
-28.59865 -51.78069 17826 2026-08-30_18:50 -999.9 -999.9 -999.9 -999.9 -999.9 -999.9 -999.9 -999.9 -999.9 -999.9 -999.9 -999.9 -999.9 -999.9 -999.9 -999.9 2.0 3.4 25.8 25.8 25.8 -999.9 -999.9 -999.9 -999.9 -999.9 -999.9 CEMADEN_-_Paraí_-_G2-431400102A_(720_m) -999.9 -999.9 -999.9 -999.9 -999.9 -999.9 -999.9 -999.9 Rio_Grande_do_Sul CEMADEN -999.9 1.8 -999.9
-28.59865 -51.78069 17826 2026-08-30_19:00 -999.9 -999.9 -999.9 -999.9 -999.9 -999.9 -999.9 -999.9 -999.9 -999.9 -999.9 -999.9 -999.9 -999.9 -999.9 -999.9 2.2 3.6 25.4 26.0 26.0 -999.9 -999.9 -999.9 -999.9 -999.9 -999.9 CEMADEN_-_Paraí_-_G2-431400102A_(720_m) -999.9 -999.9 -999.9 -999.9 -999.9 -999.9 -999.9 -999.9 Rio_Grande_do_Sul CEMADEN -999.9 0.2 -999.9
-28.59865 -51.78069 17826 2026-08-30_19:10 -999.9 -999.9 -999.9 -999.9 -999.9 -999.9 -999.9 -999.9 -999.9 -999.9 -999.9 -999.9 -999.9 -999.9 -999.9 -999.9 2.4 4.0 25.0 26.4 26.4 -999.9 -999.9 -999.9 -999.9 -999.9 -999.9 CEMADEN_-_Paraí_-_G2-431400102A_(720_m) -999.9 -999.9 -999.9 -999.9 -999.9 -999.9 -999.9 -999.9 Rio_Grande_do_Sul CEMADEN -999.9 0.4 -999.9
-28.59865 -51.78069 17826 2026-08-30_19:20 -999.9 -999.9 -999.9 -999.9 -999.9 -999.9 -999.9 -999.9 -999.9 -999.9 -999.9 -999.9 -999.9 -999.9 -999.9 -999.9 5.4 7.0 28.0 29.4 29.4 -999.9 -999.9 -999.9 -999.9 -999.9 -999.9 CEMADEN_-_Paraí_-_G2-431400102A_(720_m) -999.9 -999.9 -999.9 -999.9 -999.9 -999.9 -999.9 -999.9 Rio_Grande_do_Sul CEMADEN -999.9 3.0 -999.9
-28.59865 -51.78069 17826 2026-08-30_19:30 -999.9 -999.9 -999.9 -999.9 -999.9 -999.9 -999.9 -999.9 -999.9 -999.9 -999.9 -999.9 -999.9 -999.9 -999.9 -999.9 8.8 10.4 31.2 32.8 32.8 -999.9 -999.9 -999.9 -999.9 -999.9 -999.9 CEMADEN_-_Paraí_-_G2-431400102A_(720_m) -999.9 -999.9 -999.9 -999.9 -999.9 -999.9 -999.9 -999.9 Rio_Grande_do_Sul CEMADEN -999.9 3.4 -999.9
-28.59865 -51.78069 17826 2026-08-30_19:40 -999.9 -999.9 -999.9 -999.9 -999.9 -999.9 -999.9 -999.9 -999.9 -999.9 -999.9 -999.9 -999.9 -999.9 -999.9 -999.9 10.4 12.0 32.8 34.4 34.4 -999.9 -999.9 -999.9 -999.9 -999.9 -999.9 CEMADEN_-_Paraí_-_G2-431400102A_(720_m) -999.9 -999.9 -999.9 -999.9 -999.9 -999.9 -999.9 -999.9 Rio_Grande_do_Sul CEMADEN -999.9 1.6 -999.9
-28.59865 -51.78069 17826 2026-08-30_19:50 -999.9 -999.9 -999.9 -999.9 -999.9 -999.9 -999.9 -999.9 -999.9 -999.9 -999.9 -999.9 -999.9 -999.9 -999.9 -999.9 10.2 13.6 34.4 36.0 36.0 -999.9 -999.9 -999.9 -999.9 -999.9 -999.9 CEMADEN_-_Paraí_-_G2-431400102A_(720_m) -999.9 -999.9 -999.9 -999.9 -999.9 -999.9 -999.9 -999.9 Rio_Grande_do_Sul CEMADEN -999.9 1.6 -999.9
-28.59865 -51.78069 17826 2026-08-30_20:00 -999.9 -999.9 -999.9 -999.9 -999.9 -999.9 -999.9 -999.9 -999.9 -999.9 -999.9 -999.9 -999.9 -999.9 -999.9 -999.9 1.8 13.8 34.6 36.2 36.2 -999.9 -999.9 -999.9 -999.9 -999.9 -999.9 CEMADEN_-_Paraí_-_G2-431400102A_(720_m) -999.9 -999.9 -999.9 -999.9 -999.9 -999.9 -999.9 -999.9 Rio_Grande_do_Sul CEMADEN -999.9 0.2 -999.9
-28.59865 -51.78069 17826 2026-08-30_20:50 -999.9 -999.9 -999.9 -999.9 -999.9 -999.9 -999.9 -999.9 -999.9 -999.9 -999.9 -999.9 -999.9 -999.9 -999.9 -999.9 0.8 14.4 35.2 36.8 36.8 -999.9 -999.9 -999.9 -999.9 -999.9 -999.9 CEMADEN_-_Paraí_-_G2-431400102A_(720_m) -999.9 -999.9 -999.9 -999.9 -999.9 -999.9 -999.9 -999.9 Rio_Grande_do_Sul CEMADEN -999.9 0.6 -999.9
-28.59865 -51.78069 17826 2026-08-30_21:00 -999.9 -999.9 -999.9 -999.9 -999.9 -999.9 -999.9 -999.9 -999.9 -999.9 -999.9 -999.9 -999.9 -999.9 -999.9 -999.9 1.8 15.6 36.4 38.0 38.0 -999.9 -999.9 -999.9 -999.9 -999.9 -999.9 CEMADEN_-_Paraí_-_G2-431400102A_(720_m) -999.9 -999.9 -999.9 -999.9 -999.9 -999.9 -999.9 -999.9 Rio_Grande_do_Sul CEMADEN -999.9 1.2 -999.9
-28.59865 -51.78069 17826 2026-08-30_21:10 -999.9 -999.9 -999.9 -999.9 -999.9 -999.9 -999.9 -999.9 -999.9 -999.9 -999.9 -999.9 -999.9 -999.9 -999.9 -999.9 2.6 16.4 37.2 38.8 38.8 -999.9 -999.9 -999.9 -999.9 -999.9 -999.9 CEMADEN_-_Paraí_-_G2-431400102A_(720_m) -999.9 -999.9 -999.9 -999.9 -999.9 -999.9 -999.9 -999.9 Rio_Grande_do_Sul CEMADEN -999.9 0.8 -999.9
-28.59865 -51.78069 17826 2026-08-30_21:20 -999.9 -999.9 -999.9 -999.9 -999.9 -999.9 -999.9 -999.9 -999.9 -999.9 -999.9 -999.9 -999.9 -999.9 -999.9 -999.9 2.8 16.6 37.4 39.0 39.0 -999.9 -999.9 -999.9 -999.9 -999.9 -999.9 CEMADEN_-_Paraí_-_G2-431400102A_(720_m) -999.9 -999.9 -999.9 -999.9 -999.9 -999.9 -999.9 -999.9 Rio_Grande_do_Sul CEMADEN -999.9 0.2 -999.9
-28.59865 -51.78069 17826 2026-08-30_21:30 -999.9 -999.9 -999.9 -999.9 -999.9 -999.9 -999.9 -999.9 -999.9 -999.9 -999.9 -999.9 -999.9 -999.9 -999.9 -999.9 3.0 16.8 37.6 39.2 39.2 -999.9 -999.9 -999.9 -999.9 -999.9 -999.9 CEMADEN_-_Paraí_-_G2-431400102A_(720_m) -999.9 -999.9 -999.9 -999.9 -999.9 -999.9 -999.9 -999.9 Rio_Grande_do_Sul CEMADEN -999.9 0.2 -999.9
-28.59865 -51.78069 17826 2026-08-30_21:40 -999.9 -999.9 -999.9 -999.9 -999.9 -999.9 -999.9 -999.9 -999.9 -999.9 -999.9 -999.9 -999.9 -999.9 -999.9 -999.9 4.4 18.2 39.0 40.6 40.6 -999.9 -999.9 -999.9 -999.9 -999.9 -999.9 CEMADEN_-_Paraí_-_G2-431400102A_(720_m) -999.9 -999.9 -999.9 -999.9 -999.9 -999.9 -999.9 -999.9 Rio_Grande_do_Sul CEMADEN -999.9 1.4 -999.9
-28.59865 -51.78069 17826 2026-08-30_21:50 -999.9 -999.9 -999.9 -999.9 -999.9 -999.9 -999.9 -999.9 -999.9 -999.9 -999.9 -999.9 -999.9 -999.9 -999.9 -999.9 6.6 21.0 41.8 43.4 43.4 -999.9 -999.9 -999.9 -999.9 -999.9 -999.9 CEMADEN_-_Paraí_-_G2-431400102A_(720_m) -999.9 -999.9 -999.9 -999.9 -999.9 -999.9 -999.9 -999.9 Rio_Grande_do_Sul CEMADEN -999.9 2.8 -999.9
-28.59865 -51.78069 17826 2026-08-30_22:00 -999.9 -999.9 -999.9 -999.9 -999.9 -999.9 -999.9 -999.9 -999.9 -999.9 -999.9 -999.9 -999.9 -999.9 -999.9 -999.9 7.6 23.2 44.0 45.6 45.6 -999.9 -999.9 -999.9 -999.9 -999.9 -999.9 CEMADEN_-_Paraí_-_G2-431400102A_(720_m) -999.9 -999.9 -999.9 -999.9 -999.9 -999.9 -999.9 -999.9 Rio_Grande_do_Sul CEMADEN -999.9 2.2 -999.9
-28.59865 -51.78069 17826 2026-08-30_22:10 -999.9 -999.9 -999.9 -999.9 -999.9 -999.9 -999.9 -999.9 -999.9 -999.9 -999.9 -999.9 -999.9 -999.9 -999.9 -999.9 2.6 23.6 44.4 46.0 46.0 -999.9 -999.9 -999.9 -999.9 -999.9 -999.9 CEMADEN_-_Paraí_-_G2-431400102A_(720_m) -999.9 -999.9 -999.9 -999.9 -999.9 -999.9 -999.9 -999.9 Rio_Grande_do_Sul CEMADEN -999.9 0.4 -999.9
-28.59865 -51.78069 17826 2026-08-30_23:10 -999.9 -999.9 -999.9 -999.9 -999.9 -999.9 -999.9 -999.9 -999.9 -999.9 -999.9 -999.9 -999.9 -999.9 -999.9 -999.9 -999.9 23.6 44.4 46.0 46.0 -999.9 -999.9 -999.9 -999.9 -999.9 -999.9 CEMADEN_-_Paraí_-_G2-431400102A_(720_m) -999.9 -999.9 -999.9 -999.9 -999.9 -999.9 -999.9 -999.9 Rio_Grande_do_Sul CEMADEN -999.9 0.0 -999.9
