-29.16722 -51.86861 86510000 2026-09-18_00:00 -999.9 -999.9 -999.9 -999.9 -999.9 -999.9 -999.9 -999.9 -999.9 -999.9 -999.9 -999.9 -999.9 -999.9 -999.9 -999.9 0.0 0.0 0.0 0.0 0.0 2.6 -999.9 -999.9 -999.9 -999.9 -999.9 SGB/CPRM_-_Muçum_(57_m) -999.9 -999.9 -999.9 -999.9 -999.9 -999.9 -999.9 -999.9 Brasil SGB/CPRM -999.9 0.0 0.0 3.49 3.49 3.49 1 0.54 4.06 4.39 4.53 6.87
-29.16722 -51.86861 86510000 2026-09-18_00:15 -999.9 -999.9 -999.9 -999.9 -999.9 -999.9 -999.9 -999.9 -999.9 -999.9 -999.9 -999.9 -999.9 -999.9 -999.9 -999.9 0.0 0.0 0.0 0.0 0.0 2.6 -999.9 -999.9 -999.9 -999.9 -999.9 SGB/CPRM_-_Muçum_(57_m) -999.9 -999.9 -999.9 -999.9 -999.9 -999.9 -999.9 -999.9 Brasil SGB/CPRM -999.9 0.0 0.0 3.58 3.58 3.49 1 0.47 4.06 4.39 4.53 6.87
-29.16722 -51.86861 86510000 2026-09-18_00:30 -999.9 -999.9 -999.9 -999.9 -999.9 -999.9 -999.9 -999.9 -999.9 -999.9 -999.9 -999.9 -999.9 -999.9 -999.9 -999.9 0.0 0.0 0.0 0.0 0.0 2.6 -999.9 -999.9 -999.9 -999.9 -999.9 SGB/CPRM_-_Muçum_(57_m) -999.9 -999.9 -999.9 -999.9 -999.9 -999.9 -999.9 -999.9 Brasil SGB/CPRM -999.9 0.0 0.0 3.66 3.66 3.49 1 0.41 4.06 4.39 4.53 6.87
-29.16722 -51.86861 86510000 2026-09-18_00:45 -999.9 -999.9 -999.9 -999.9 -999.9 -999.9 -999.9 -999.9 -999.9 -999.9 -999.9 -999.9 -999.9 -999.9 -999.9 -999.9 0.0 0.0 0.0 0.0 0.0 2.6 -999.9 -999.9 -999.9 -999.9 -999.9 SGB/CPRM_-_Muçum_(57_m) -999.9 -999.9 -999.9 -999.9 -999.9 -999.9 -999.9 -999.9 Brasil SGB/CPRM -999.9 0.0 0.0 3.71 3.71 3.49 1 0.22 4.06 4.39 4.53 6.87
-29.16722 -51.86861 86510000 2026-09-18_01:00 -999.9 -999.9 -999.9 -999.9 -999.9 -999.9 -999.9 -999.9 -999.9 -999.9 -999.9 -999.9 -999.9 -999.9 -999.9 -999.9 0.0 0.0 0.0 0.0 0.0 2.6 -999.9 -999.9 -999.9 -999.9 -999.9 SGB/CPRM_-_Muçum_(57_m) -999.9 -999.9 -999.9 -999.9 -999.9 -999.9 -999.9 -999.9 Brasil SGB/CPRM -999.9 0.0 0.0 3.76 3.76 3.49 1 0.27 4.06 4.39 4.53 6.87
-29.16722 -51.86861 86510000 2026-09-18_01:15 -999.9 -999.9 -999.9 -999.9 -999.9 -999.9 -999.9 -999.9 -999.9 -999.9 -999.9 -999.9 -999.9 -999.9 -999.9 -999.9 0.0 0.0 0.0 0.0 0.0 2.6 -999.9 -999.9 -999.9 -999.9 -999.9 SGB/CPRM_-_Muçum_(57_m) -999.9 -999.9 -999.9 -999.9 -999.9 -999.9 -999.9 -999.9 Brasil SGB/CPRM -999.9 0.0 0.0 3.79 3.79 3.49 1 0.21 4.06 4.39 4.53 6.87
-29.16722 -51.86861 86510000 2026-09-18_01:30 -999.9 -999.9 -999.9 -999.9 -999.9 -999.9 -999.9 -999.9 -999.9 -999.9 -999.9 -999.9 -999.9 -999.9 -999.9 -999.9 0.0 0.0 0.0 0.0 0.0 2.6 -999.9 -999.9 -999.9 -999.9 -999.9 SGB/CPRM_-_Muçum_(57_m) -999.9 -999.9 -999.9 -999.9 -999.9 -999.9 -999.9 -999.9 Brasil SGB/CPRM -999.9 0.0 0.0 3.81 3.81 3.49 1 0.15 4.06 4.39 4.53 6.87
-29.16722 -51.86861 86510000 2026-09-18_01:45 -999.9 -999.9 -999.9 -999.9 -999.9 -999.9 -999.9 -999.9 -999.9 -999.9 -999.9 -999.9 -999.9 -999.9 -999.9 -999.9 0.0 0.0 0.0 0.0 0.0 2.6 -999.9 -999.9 -999.9 -999.9 -999.9 SGB/CPRM_-_Muçum_(57_m) -999.9 -999.9 -999.9 -999.9 -999.9 -999.9 -999.9 -999.9 Brasil SGB/CPRM -999.9 0.0 0.0 3.83 3.83 3.49 1 0.12 4.06 4.39 4.53 6.87
-29.16722 -51.86861 86510000 2026-09-18_02:00 -999.9 -999.9 -999.9 -999.9 -999.9 -999.9 -999.9 -999.9 -999.9 -999.9 -999.9 -999.9 -999.9 -999.9 -999.9 -999.9 0.0 0.0 0.0 0.0 0.0 2.6 -999.9 -999.9 -999.9 -999.9 -999.9 SGB/CPRM_-_Muçum_(57_m) -999.9 -999.9 -999.9 -999.9 -999.9 -999.9 -999.9 -999.9 Brasil SGB/CPRM -999.9 0.0 0.0 3.84 3.84 3.49 1 0.08 4.06 4.39 4.53 6.87
-29.16722 -51.86861 86510000 2026-09-18_02:15 -999.9 -999.9 -999.9 -999.9 -999.9 -999.9 -999.9 -999.9 -999.9 -999.9 -999.9 -999.9 -999.9 -999.9 -999.9 -999.9 0.0 0.0 0.0 0.0 0.0 2.6 -999.9 -999.9 -999.9 -999.9 -999.9 SGB/CPRM_-_Muçum_(57_m) -999.9 -999.9 -999.9 -999.9 -999.9 -999.9 -999.9 -999.9 Brasil SGB/CPRM -999.9 0.0 0.0 3.84 3.84 3.49 1 0.05 4.06 4.39 4.53 6.87
-29.16722 -51.86861 86510000 2026-09-18_02:30 -999.9 -999.9 -999.9 -999.9 -999.9 -999.9 -999.9 -999.9 -999.9 -999.9 -999.9 -999.9 -999.9 -999.9 -999.9 -999.9 0.0 0.0 0.0 0.0 0.0 2.6 -999.9 -999.9 -999.9 -999.9 -999.9 SGB/CPRM_-_Muçum_(57_m) -999.9 -999.9 -999.9 -999.9 -999.9 -999.9 -999.9 -999.9 Brasil SGB/CPRM -999.9 0.0 0.0 3.84 3.84 3.49 1 0.03 4.06 4.39 4.53 6.87
-29.16722 -51.86861 86510000 2026-09-18_02:45 -999.9 -999.9 -999.9 -999.9 -999.9 -999.9 -999.9 -999.9 -999.9 -999.9 -999.9 -999.9 -999.9 -999.9 -999.9 -999.9 0.0 0.0 0.0 0.0 0.0 2.6 -999.9 -999.9 -999.9 -999.9 -999.9 SGB/CPRM_-_Muçum_(57_m) -999.9 -999.9 -999.9 -999.9 -999.9 -999.9 -999.9 -999.9 Brasil SGB/CPRM -999.9 0.0 0.0 3.83 3.84 3.49 0 0 4.06 4.39 4.53 6.87
-29.16722 -51.86861 86510000 2026-09-18_03:00 -999.9 -999.9 -999.9 -999.9 -999.9 -999.9 -999.9 -999.9 -999.9 -999.9 -999.9 -999.9 -999.9 -999.9 -999.9 -999.9 0.0 0.0 0.0 0.0 0.0 2.6 -999.9 -999.9 -999.9 -999.9 -999.9 SGB/CPRM_-_Muçum_(57_m) -999.9 -999.9 -999.9 -999.9 -999.9 -999.9 -999.9 -999.9 Brasil SGB/CPRM -999.9 0.0 0.0 3.82 3.84 3.49 0 -0.02 4.06 4.39 4.53 6.87
-29.16722 -51.86861 86510000 2026-09-18_03:15 -999.9 -999.9 -999.9 -999.9 -999.9 -999.9 -999.9 -999.9 -999.9 -999.9 -999.9 -999.9 -999.9 -999.9 -999.9 -999.9 0.0 0.0 0.0 0.0 0.0 2.6 -999.9 -999.9 -999.9 -999.9 -999.9 SGB/CPRM_-_Muçum_(57_m) -999.9 -999.9 -999.9 -999.9 -999.9 -999.9 -999.9 -999.9 Brasil SGB/CPRM -999.9 0.0 0.0 3.81 3.84 3.49 -1 -0.03 4.06 4.39 4.53 6.87
-29.16722 -51.86861 86510000 2026-09-18_03:30 -999.9 -999.9 -999.9 -999.9 -999.9 -999.9 -999.9 -999.9 -999.9 -999.9 -999.9 -999.9 -999.9 -999.9 -999.9 -999.9 0.0 0.0 0.0 0.0 0.0 2.6 -999.9 -999.9 -999.9 -999.9 -999.9 SGB/CPRM_-_Muçum_(57_m) -999.9 -999.9 -999.9 -999.9 -999.9 -999.9 -999.9 -999.9 Brasil SGB/CPRM -999.9 0.0 0.0 3.8 3.84 3.49 -1 -0.04 4.06 4.39 4.53 6.87
-29.16722 -51.86861 86510000 2026-09-18_03:45 -999.9 -999.9 -999.9 -999.9 -999.9 -999.9 -999.9 -999.9 -999.9 -999.9 -999.9 -999.9 -999.9 -999.9 -999.9 -999.9 0.0 0.0 0.0 0.0 0.0 2.6 -999.9 -999.9 -999.9 -999.9 -999.9 SGB/CPRM_-_Muçum_(57_m) -999.9 -999.9 -999.9 -999.9 -999.9 -999.9 -999.9 -999.9 Brasil SGB/CPRM -999.9 0.0 0.0 3.79 3.84 3.49 -1 -0.04 4.06 4.39 4.53 6.87
-29.16722 -51.86861 86510000 2026-09-18_04:00 -999.9 -999.9 -999.9 -999.9 -999.9 -999.9 -999.9 -999.9 -999.9 -999.9 -999.9 -999.9 -999.9 -999.9 -999.9 -999.9 0.0 0.0 0.0 0.0 0.0 2.6 -999.9 -999.9 -999.9 -999.9 -999.9 SGB/CPRM_-_Muçum_(57_m) -999.9 -999.9 -999.9 -999.9 -999.9 -999.9 -999.9 -999.9 Brasil SGB/CPRM -999.9 0.0 0.0 3.77 3.84 3.49 -1 -0.05 4.06 4.39 4.53 6.87
-29.16722 -51.86861 86510000 2026-09-18_04:15 -999.9 -999.9 -999.9 -999.9 -999.9 -999.9 -999.9 -999.9 -999.9 -999.9 -999.9 -999.9 -999.9 -999.9 -999.9 -999.9 0.0 0.0 0.0 0.0 0.0 2.6 -999.9 -999.9 -999.9 -999.9 -999.9 SGB/CPRM_-_Muçum_(57_m) -999.9 -999.9 -999.9 -999.9 -999.9 -999.9 -999.9 -999.9 Brasil SGB/CPRM -999.9 0.0 0.0 3.75 3.84 3.49 -1 -0.06 4.06 4.39 4.53 6.87
-29.16722 -51.86861 86510000 2026-09-18_04:30 -999.9 -999.9 -999.9 -999.9 -999.9 -999.9 -999.9 -999.9 -999.9 -999.9 -999.9 -999.9 -999.9 -999.9 -999.9 -999.9 0.0 0.0 0.0 0.0 0.0 2.6 -999.9 -999.9 -999.9 -999.9 -999.9 SGB/CPRM_-_Muçum_(57_m) -999.9 -999.9 -999.9 -999.9 -999.9 -999.9 -999.9 -999.9 Brasil SGB/CPRM -999.9 0.0 0.0 3.74 3.84 3.49 -1 -0.06 4.06 4.39 4.53 6.87
-29.16722 -51.86861 86510000 2026-09-18_04:45 -999.9 -999.9 -999.9 -999.9 -999.9 -999.9 -999.9 -999.9 -999.9 -999.9 -999.9 -999.9 -999.9 -999.9 -999.9 -999.9 0.0 0.0 0.0 0.0 0.0 2.6 -999.9 -999.9 -999.9 -999.9 -999.9 SGB/CPRM_-_Muçum_(57_m) -999.9 -999.9 -999.9 -999.9 -999.9 -999.9 -999.9 -999.9 Brasil SGB/CPRM -999.9 0.0 0.0 3.72 3.84 3.49 -1 -0.07 4.06 4.39 4.53 6.87
-29.16722 -51.86861 86510000 2026-09-18_05:00 -999.9 -999.9 -999.9 -999.9 -999.9 -999.9 -999.9 -999.9 -999.9 -999.9 -999.9 -999.9 -999.9 -999.9 -999.9 -999.9 0.0 0.0 0.0 0.0 0.0 2.6 -999.9 -999.9 -999.9 -999.9 -999.9 SGB/CPRM_-_Muçum_(57_m) -999.9 -999.9 -999.9 -999.9 -999.9 -999.9 -999.9 -999.9 Brasil SGB/CPRM -999.9 0.0 0.0 3.7 3.84 3.49 -1 -0.07 4.06 4.39 4.53 6.87
-29.16722 -51.86861 86510000 2026-09-18_05:15 -999.9 -999.9 -999.9 -999.9 -999.9 -999.9 -999.9 -999.9 -999.9 -999.9 -999.9 -999.9 -999.9 -999.9 -999.9 -999.9 0.0 0.0 0.0 0.0 0.0 2.6 -999.9 -999.9 -999.9 -999.9 -999.9 SGB/CPRM_-_Muçum_(57_m) -999.9 -999.9 -999.9 -999.9 -999.9 -999.9 -999.9 -999.9 Brasil SGB/CPRM -999.9 0.0 0.0 3.68 3.84 3.49 -1 -0.07 4.06 4.39 4.53 6.87
-29.16722 -51.86861 86510000 2026-09-18_05:30 -999.9 -999.9 -999.9 -999.9 -999.9 -999.9 -999.9 -999.9 -999.9 -999.9 -999.9 -999.9 -999.9 -999.9 -999.9 -999.9 0.0 0.0 0.0 0.0 0.0 2.6 -999.9 -999.9 -999.9 -999.9 -999.9 SGB/CPRM_-_Muçum_(57_m) -999.9 -999.9 -999.9 -999.9 -999.9 -999.9 -999.9 -999.9 Brasil SGB/CPRM -999.9 0.0 0.0 3.67 3.84 3.49 -1 -0.07 4.06 4.39 4.53 6.87
-29.16722 -51.86861 86510000 2026-09-18_05:45 -999.9 -999.9 -999.9 -999.9 -999.9 -999.9 -999.9 -999.9 -999.9 -999.9 -999.9 -999.9 -999.9 -999.9 -999.9 -999.9 0.0 0.0 0.0 0.0 0.0 2.6 -999.9 -999.9 -999.9 -999.9 -999.9 SGB/CPRM_-_Muçum_(57_m) -999.9 -999.9 -999.9 -999.9 -999.9 -999.9 -999.9 -999.9 Brasil SGB/CPRM -999.9 0.0 0.0 3.65 3.84 3.49 -1 -0.07 4.06 4.39 4.53 6.87
-29.16722 -51.86861 86510000 2026-09-18_06:00 -999.9 -999.9 -999.9 -999.9 -999.9 -999.9 -999.9 -999.9 -999.9 -999.9 -999.9 -999.9 -999.9 -999.9 -999.9 -999.9 0.0 0.0 0.0 0.0 0.0 2.6 -999.9 -999.9 -999.9 -999.9 -999.9 SGB/CPRM_-_Muçum_(57_m) -999.9 -999.9 -999.9 -999.9 -999.9 -999.9 -999.9 -999.9 Brasil SGB/CPRM -999.9 0.0 0.0 3.63 3.84 3.49 -1 -0.07 4.06 4.39 4.53 6.87
-29.16722 -51.86861 86510000 2026-09-18_06:15 -999.9 -999.9 -999.9 -999.9 -999.9 -999.9 -999.9 -999.9 -999.9 -999.9 -999.9 -999.9 -999.9 -999.9 -999.9 -999.9 0.0 0.0 0.0 0.0 0.0 2.6 -999.9 -999.9 -999.9 -999.9 -999.9 SGB/CPRM_-_Muçum_(57_m) -999.9 -999.9 -999.9 -999.9 -999.9 -999.9 -999.9 -999.9 Brasil SGB/CPRM -999.9 0.0 0.0 3.61 3.84 3.49 -1 -0.07 4.06 4.39 4.53 6.87
-29.16722 -51.86861 86510000 2026-09-18_06:30 -999.9 -999.9 -999.9 -999.9 -999.9 -999.9 -999.9 -999.9 -999.9 -999.9 -999.9 -999.9 -999.9 -999.9 -999.9 -999.9 0.0 0.0 0.0 0.0 0.0 2.6 -999.9 -999.9 -999.9 -999.9 -999.9 SGB/CPRM_-_Muçum_(57_m) -999.9 -999.9 -999.9 -999.9 -999.9 -999.9 -999.9 -999.9 Brasil SGB/CPRM -999.9 0.0 0.0 3.6 3.84 3.49 -1 -0.07 4.06 4.39 4.53 6.87
-29.16722 -51.86861 86510000 2026-09-18_06:45 -999.9 -999.9 -999.9 -999.9 -999.9 -999.9 -999.9 -999.9 -999.9 -999.9 -999.9 -999.9 -999.9 -999.9 -999.9 -999.9 0.0 0.0 0.0 0.0 0.0 2.6 -999.9 -999.9 -999.9 -999.9 -999.9 SGB/CPRM_-_Muçum_(57_m) -999.9 -999.9 -999.9 -999.9 -999.9 -999.9 -999.9 -999.9 Brasil SGB/CPRM -999.9 0.0 0.0 3.58 3.84 3.49 -1 -0.07 4.06 4.39 4.53 6.87
-29.16722 -51.86861 86510000 2026-09-18_07:00 -999.9 -999.9 -999.9 -999.9 -999.9 -999.9 -999.9 -999.9 -999.9 -999.9 -999.9 -999.9 -999.9 -999.9 -999.9 -999.9 0.0 0.0 0.0 0.0 0.0 2.6 -999.9 -999.9 -999.9 -999.9 -999.9 SGB/CPRM_-_Muçum_(57_m) -999.9 -999.9 -999.9 -999.9 -999.9 -999.9 -999.9 -999.9 Brasil SGB/CPRM -999.9 0.0 0.0 3.56 3.84 3.49 -1 -0.07 4.06 4.39 4.53 6.87
-29.16722 -51.86861 86510000 2026-09-18_07:15 -999.9 -999.9 -999.9 -999.9 -999.9 -999.9 -999.9 -999.9 -999.9 -999.9 -999.9 -999.9 -999.9 -999.9 -999.9 -999.9 0.0 0.0 0.0 0.0 0.0 2.6 -999.9 -999.9 -999.9 -999.9 -999.9 SGB/CPRM_-_Muçum_(57_m) -999.9 -999.9 -999.9 -999.9 -999.9 -999.9 -999.9 -999.9 Brasil SGB/CPRM -999.9 0.0 0.0 3.55 3.84 3.49 -1 -0.06 4.06 4.39 4.53 6.87
-29.16722 -51.86861 86510000 2026-09-18_07:30 -999.9 -999.9 -999.9 -999.9 -999.9 -999.9 -999.9 -999.9 -999.9 -999.9 -999.9 -999.9 -999.9 -999.9 -999.9 -999.9 0.0 0.0 0.0 0.0 0.0 2.6 -999.9 -999.9 -999.9 -999.9 -999.9 SGB/CPRM_-_Muçum_(57_m) -999.9 -999.9 -999.9 -999.9 -999.9 -999.9 -999.9 -999.9 Brasil SGB/CPRM -999.9 0.0 0.0 3.53 3.84 3.49 -1 -0.07 4.06 4.39 4.53 6.87
-29.16722 -51.86861 86510000 2026-09-18_07:45 -999.9 -999.9 -999.9 -999.9 -999.9 -999.9 -999.9 -999.9 -999.9 -999.9 -999.9 -999.9 -999.9 -999.9 -999.9 -999.9 0.0 0.0 0.0 0.0 0.0 2.6 -999.9 -999.9 -999.9 -999.9 -999.9 SGB/CPRM_-_Muçum_(57_m) -999.9 -999.9 -999.9 -999.9 -999.9 -999.9 -999.9 -999.9 Brasil SGB/CPRM -999.9 0.0 0.0 3.52 3.84 3.49 -1 -0.06 4.06 4.39 4.53 6.87
-29.16722 -51.86861 86510000 2026-09-18_08:00 -999.9 -999.9 -999.9 -999.9 -999.9 -999.9 -999.9 -999.9 -999.9 -999.9 -999.9 -999.9 -999.9 -999.9 -999.9 -999.9 0.0 0.0 0.0 0.0 0.0 2.6 -999.9 -999.9 -999.9 -999.9 -999.9 SGB/CPRM_-_Muçum_(57_m) -999.9 -999.9 -999.9 -999.9 -999.9 -999.9 -999.9 -999.9 Brasil SGB/CPRM -999.9 0.0 0.0 3.5 3.84 3.49 -1 -0.06 4.06 4.39 4.53 6.87
-29.16722 -51.86861 86510000 2026-09-18_08:15 -999.9 -999.9 -999.9 -999.9 -999.9 -999.9 -999.9 -999.9 -999.9 -999.9 -999.9 -999.9 -999.9 -999.9 -999.9 -999.9 0.0 0.0 0.0 0.0 0.0 2.6 -999.9 -999.9 -999.9 -999.9 -999.9 SGB/CPRM_-_Muçum_(57_m) -999.9 -999.9 -999.9 -999.9 -999.9 -999.9 -999.9 -999.9 Brasil SGB/CPRM -999.9 0.0 0.0 3.49 3.84 3.49 -1 -0.06 4.06 4.39 4.53 6.87
-29.16722 -51.86861 86510000 2026-09-18_08:30 -999.9 -999.9 -999.9 -999.9 -999.9 -999.9 -999.9 -999.9 -999.9 -999.9 -999.9 -999.9 -999.9 -999.9 -999.9 -999.9 0.0 0.0 0.0 0.0 0.0 2.6 -999.9 -999.9 -999.9 -999.9 -999.9 SGB/CPRM_-_Muçum_(57_m) -999.9 -999.9 -999.9 -999.9 -999.9 -999.9 -999.9 -999.9 Brasil SGB/CPRM -999.9 0.0 0.0 3.48 3.84 3.48 -1 -0.05 4.06 4.39 4.53 6.87
-29.16722 -51.86861 86510000 2026-09-18_08:45 -999.9 -999.9 -999.9 -999.9 -999.9 -999.9 -999.9 -999.9 -999.9 -999.9 -999.9 -999.9 -999.9 -999.9 -999.9 -999.9 0.0 0.0 0.0 0.0 0.0 2.6 -999.9 -999.9 -999.9 -999.9 -999.9 SGB/CPRM_-_Muçum_(57_m) -999.9 -999.9 -999.9 -999.9 -999.9 -999.9 -999.9 -999.9 Brasil SGB/CPRM -999.9 0.0 0.0 3.46 3.84 3.46 -1 -0.06 4.06 4.39 4.53 6.87
-29.16722 -51.86861 86510000 2026-09-18_09:00 -999.9 -999.9 -999.9 -999.9 -999.9 -999.9 -999.9 -999.9 -999.9 -999.9 -999.9 -999.9 -999.9 -999.9 -999.9 -999.9 0.0 0.0 0.0 0.0 0.0 2.6 -999.9 -999.9 -999.9 -999.9 -999.9 SGB/CPRM_-_Muçum_(57_m) -999.9 -999.9 -999.9 -999.9 -999.9 -999.9 -999.9 -999.9 Brasil SGB/CPRM -999.9 0.0 0.0 3.45 3.84 3.45 -1 -0.05 4.06 4.39 4.53 6.87
-29.16722 -51.86861 86510000 2026-09-18_09:15 -999.9 -999.9 -999.9 -999.9 -999.9 -999.9 -999.9 -999.9 -999.9 -999.9 -999.9 -999.9 -999.9 -999.9 -999.9 -999.9 0.0 0.0 0.0 0.0 0.0 2.6 -999.9 -999.9 -999.9 -999.9 -999.9 SGB/CPRM_-_Muçum_(57_m) -999.9 -999.9 -999.9 -999.9 -999.9 -999.9 -999.9 -999.9 Brasil SGB/CPRM -999.9 0.0 0.0 3.44 3.84 3.44 -1 -0.05 4.06 4.39 4.53 6.87
-29.16722 -51.86861 86510000 2026-09-18_09:30 -999.9 -999.9 -999.9 -999.9 -999.9 -999.9 -999.9 -999.9 -999.9 -999.9 -999.9 -999.9 -999.9 -999.9 -999.9 -999.9 0.0 0.0 0.0 0.0 0.0 2.6 -999.9 -999.9 -999.9 -999.9 -999.9 SGB/CPRM_-_Muçum_(57_m) -999.9 -999.9 -999.9 -999.9 -999.9 -999.9 -999.9 -999.9 Brasil SGB/CPRM -999.9 0.0 0.0 3.43 3.84 3.43 -1 -0.05 4.06 4.39 4.53 6.87
-29.16722 -51.86861 86510000 2026-09-18_09:45 -999.9 -999.9 -999.9 -999.9 -999.9 -999.9 -999.9 -999.9 -999.9 -999.9 -999.9 -999.9 -999.9 -999.9 -999.9 -999.9 0.0 0.0 0.0 0.0 0.0 2.6 -999.9 -999.9 -999.9 -999.9 -999.9 SGB/CPRM_-_Muçum_(57_m) -999.9 -999.9 -999.9 -999.9 -999.9 -999.9 -999.9 -999.9 Brasil SGB/CPRM -999.9 0.0 0.0 3.41 3.84 3.41 -1 -0.05 4.06 4.39 4.53 6.87
-29.16722 -51.86861 86510000 2026-09-18_10:00 -999.9 -999.9 -999.9 -999.9 -999.9 -999.9 -999.9 -999.9 -999.9 -999.9 -999.9 -999.9 -999.9 -999.9 -999.9 -999.9 0.0 0.0 0.0 0.0 0.0 2.6 -999.9 -999.9 -999.9 -999.9 -999.9 SGB/CPRM_-_Muçum_(57_m) -999.9 -999.9 -999.9 -999.9 -999.9 -999.9 -999.9 -999.9 Brasil SGB/CPRM -999.9 0.0 0.0 3.41 3.84 3.41 -1 -0.04 4.06 4.39 4.53 6.87
-29.16722 -51.86861 86510000 2026-09-18_10:15 -999.9 -999.9 -999.9 -999.9 -999.9 -999.9 -999.9 -999.9 -999.9 -999.9 -999.9 -999.9 -999.9 -999.9 -999.9 -999.9 0.0 0.0 0.0 0.0 0.0 2.6 -999.9 -999.9 -999.9 -999.9 -999.9 SGB/CPRM_-_Muçum_(57_m) -999.9 -999.9 -999.9 -999.9 -999.9 -999.9 -999.9 -999.9 Brasil SGB/CPRM -999.9 0.0 0.0 3.39 3.84 3.39 -1 -0.05 4.06 4.39 4.53 6.87
-29.16722 -51.86861 86510000 2026-09-18_10:30 -999.9 -999.9 -999.9 -999.9 -999.9 -999.9 -999.9 -999.9 -999.9 -999.9 -999.9 -999.9 -999.9 -999.9 -999.9 -999.9 0.0 0.0 0.0 0.0 0.0 2.6 -999.9 -999.9 -999.9 -999.9 -999.9 SGB/CPRM_-_Muçum_(57_m) -999.9 -999.9 -999.9 -999.9 -999.9 -999.9 -999.9 -999.9 Brasil SGB/CPRM -999.9 0.0 0.0 3.38 3.84 3.38 -1 -0.05 4.06 4.39 4.53 6.87
-29.16722 -51.86861 86510000 2026-09-18_10:45 -999.9 -999.9 -999.9 -999.9 -999.9 -999.9 -999.9 -999.9 -999.9 -999.9 -999.9 -999.9 -999.9 -999.9 -999.9 -999.9 0.0 0.0 0.0 0.0 0.0 2.6 -999.9 -999.9 -999.9 -999.9 -999.9 SGB/CPRM_-_Muçum_(57_m) -999.9 -999.9 -999.9 -999.9 -999.9 -999.9 -999.9 -999.9 Brasil SGB/CPRM -999.9 0.0 0.0 3.38 3.84 3.38 -1 -0.03 4.06 4.39 4.53 6.87
-29.16722 -51.86861 86510000 2026-09-18_11:00 -999.9 -999.9 -999.9 -999.9 -999.9 -999.9 -999.9 -999.9 -999.9 -999.9 -999.9 -999.9 -999.9 -999.9 -999.9 -999.9 0.0 0.0 0.0 0.0 0.0 2.6 -999.9 -999.9 -999.9 -999.9 -999.9 SGB/CPRM_-_Muçum_(57_m) -999.9 -999.9 -999.9 -999.9 -999.9 -999.9 -999.9 -999.9 Brasil SGB/CPRM -999.9 0.0 0.0 3.37 3.84 3.37 -1 -0.04 4.06 4.39 4.53 6.87
-29.16722 -51.86861 86510000 2026-09-18_11:15 -999.9 -999.9 -999.9 -999.9 -999.9 -999.9 -999.9 -999.9 -999.9 -999.9 -999.9 -999.9 -999.9 -999.9 -999.9 -999.9 0.0 0.0 0.0 0.0 0.0 2.6 -999.9 -999.9 -999.9 -999.9 -999.9 SGB/CPRM_-_Muçum_(57_m) -999.9 -999.9 -999.9 -999.9 -999.9 -999.9 -999.9 -999.9 Brasil SGB/CPRM -999.9 0.0 0.0 3.35 3.84 3.35 -1 -0.04 4.06 4.39 4.53 6.87
-29.16722 -51.86861 86510000 2026-09-18_11:30 -999.9 -999.9 -999.9 -999.9 -999.9 -999.9 -999.9 -999.9 -999.9 -999.9 -999.9 -999.9 -999.9 -999.9 -999.9 -999.9 0.0 0.0 0.0 0.0 0.0 2.6 -999.9 -999.9 -999.9 -999.9 -999.9 SGB/CPRM_-_Muçum_(57_m) -999.9 -999.9 -999.9 -999.9 -999.9 -999.9 -999.9 -999.9 Brasil SGB/CPRM -999.9 0.0 0.0 3.34 3.84 3.34 -1 -0.04 4.06 4.39 4.53 6.87
-29.16722 -51.86861 86510000 2026-09-18_11:45 -999.9 -999.9 -999.9 -999.9 -999.9 -999.9 -999.9 -999.9 -999.9 -999.9 -999.9 -999.9 -999.9 -999.9 -999.9 -999.9 0.0 0.0 0.0 0.0 0.0 2.6 -999.9 -999.9 -999.9 -999.9 -999.9 SGB/CPRM_-_Muçum_(57_m) -999.9 -999.9 -999.9 -999.9 -999.9 -999.9 -999.9 -999.9 Brasil SGB/CPRM -999.9 0.0 0.0 3.32 3.84 3.32 -1 -0.06 4.06 4.39 4.53 6.87
-29.16722 -51.86861 86510000 2026-09-18_12:00 -999.9 -999.9 -999.9 -999.9 -999.9 -999.9 -999.9 -999.9 -999.9 -999.9 -999.9 -999.9 -999.9 -999.9 -999.9 -999.9 0.0 0.0 0.0 0.0 0.0 2.6 -999.9 -999.9 -999.9 -999.9 -999.9 SGB/CPRM_-_Muçum_(57_m) -999.9 -999.9 -999.9 -999.9 -999.9 -999.9 -999.9 -999.9 Brasil SGB/CPRM -999.9 0.0 0.0 3.3 3.84 3.3 -1 -0.07 4.06 4.39 4.53 6.87
-29.16722 -51.86861 86510000 2026-09-18_12:15 -999.9 -999.9 -999.9 -999.9 -999.9 -999.9 -999.9 -999.9 -999.9 -999.9 -999.9 -999.9 -999.9 -999.9 -999.9 -999.9 0.0 0.0 0.0 0.0 0.0 2.6 -999.9 -999.9 -999.9 -999.9 -999.9 SGB/CPRM_-_Muçum_(57_m) -999.9 -999.9 -999.9 -999.9 -999.9 -999.9 -999.9 -999.9 Brasil SGB/CPRM -999.9 0.0 0.0 3.27 3.84 3.27 -1 -0.08 4.06 4.39 4.53 6.87
-29.16722 -51.86861 86510000 2026-09-18_12:30 -999.9 -999.9 -999.9 -999.9 -999.9 -999.9 -999.9 -999.9 -999.9 -999.9 -999.9 -999.9 -999.9 -999.9 -999.9 -999.9 0.0 0.0 0.0 0.0 0.0 2.6 -999.9 -999.9 -999.9 -999.9 -999.9 SGB/CPRM_-_Muçum_(57_m) -999.9 -999.9 -999.9 -999.9 -999.9 -999.9 -999.9 -999.9 Brasil SGB/CPRM -999.9 0.0 0.0 3.24 3.84 3.24 -1 -0.1 4.06 4.39 4.53 6.87
-29.16722 -51.86861 86510000 2026-09-18_12:45 -999.9 -999.9 -999.9 -999.9 -999.9 -999.9 -999.9 -999.9 -999.9 -999.9 -999.9 -999.9 -999.9 -999.9 -999.9 -999.9 0.0 0.0 0.0 0.0 0.0 2.6 -999.9 -999.9 -999.9 -999.9 -999.9 SGB/CPRM_-_Muçum_(57_m) -999.9 -999.9 -999.9 -999.9 -999.9 -999.9 -999.9 -999.9 Brasil SGB/CPRM -999.9 0.0 0.0 3.2 3.84 3.2 -1 -0.12 4.06 4.39 4.53 6.87
-29.16722 -51.86861 86510000 2026-09-18_13:00 -999.9 -999.9 -999.9 -999.9 -999.9 -999.9 -999.9 -999.9 -999.9 -999.9 -999.9 -999.9 -999.9 -999.9 -999.9 -999.9 0.0 0.0 0.0 0.0 0.0 2.6 -999.9 -999.9 -999.9 -999.9 -999.9 SGB/CPRM_-_Muçum_(57_m) -999.9 -999.9 -999.9 -999.9 -999.9 -999.9 -999.9 -999.9 Brasil SGB/CPRM -999.9 0.0 0.0 3.16 3.84 3.16 -1 -0.14 4.06 4.39 4.53 6.87
-29.16722 -51.86861 86510000 2026-09-18_13:15 -999.9 -999.9 -999.9 -999.9 -999.9 -999.9 -999.9 -999.9 -999.9 -999.9 -999.9 -999.9 -999.9 -999.9 -999.9 -999.9 0.0 0.0 0.0 0.0 0.0 2.6 -999.9 -999.9 -999.9 -999.9 -999.9 SGB/CPRM_-_Muçum_(57_m) -999.9 -999.9 -999.9 -999.9 -999.9 -999.9 -999.9 -999.9 Brasil SGB/CPRM -999.9 0.0 0.0 3.11 3.84 3.11 -1 -0.16 4.06 4.39 4.53 6.87
-29.16722 -51.86861 86510000 2026-09-18_13:30 -999.9 -999.9 -999.9 -999.9 -999.9 -999.9 -999.9 -999.9 -999.9 -999.9 -999.9 -999.9 -999.9 -999.9 -999.9 -999.9 0.0 0.0 0.0 0.0 0.0 2.6 -999.9 -999.9 -999.9 -999.9 -999.9 SGB/CPRM_-_Muçum_(57_m) -999.9 -999.9 -999.9 -999.9 -999.9 -999.9 -999.9 -999.9 Brasil SGB/CPRM -999.9 0.0 0.0 3.06 3.84 3.06 -1 -0.18 4.06 4.39 4.53 6.87
-29.16722 -51.86861 86510000 2026-09-18_13:45 -999.9 -999.9 -999.9 -999.9 -999.9 -999.9 -999.9 -999.9 -999.9 -999.9 -999.9 -999.9 -999.9 -999.9 -999.9 -999.9 0.0 0.0 0.0 0.0 0.0 2.6 -999.9 -999.9 -999.9 -999.9 -999.9 SGB/CPRM_-_Muçum_(57_m) -999.9 -999.9 -999.9 -999.9 -999.9 -999.9 -999.9 -999.9 Brasil SGB/CPRM -999.9 0.0 0.0 3.01 3.84 3.01 -1 -0.19 4.06 4.39 4.53 6.87
-29.16722 -51.86861 86510000 2026-09-18_14:00 -999.9 -999.9 -999.9 -999.9 -999.9 -999.9 -999.9 -999.9 -999.9 -999.9 -999.9 -999.9 -999.9 -999.9 -999.9 -999.9 0.0 0.0 0.0 0.0 0.0 2.6 -999.9 -999.9 -999.9 -999.9 -999.9 SGB/CPRM_-_Muçum_(57_m) -999.9 -999.9 -999.9 -999.9 -999.9 -999.9 -999.9 -999.9 Brasil SGB/CPRM -999.9 0.0 0.0 2.96 3.84 2.96 -1 -0.2 4.06 4.39 4.53 6.87
-29.16722 -51.86861 86510000 2026-09-18_14:15 -999.9 -999.9 -999.9 -999.9 -999.9 -999.9 -999.9 -999.9 -999.9 -999.9 -999.9 -999.9 -999.9 -999.9 -999.9 -999.9 0.0 0.0 0.0 0.0 0.0 2.6 -999.9 -999.9 -999.9 -999.9 -999.9 SGB/CPRM_-_Muçum_(57_m) -999.9 -999.9 -999.9 -999.9 -999.9 -999.9 -999.9 -999.9 Brasil SGB/CPRM -999.9 0.0 0.0 2.9 3.84 2.9 -1 -0.21 4.06 4.39 4.53 6.87
-29.16722 -51.86861 86510000 2026-09-18_14:30 -999.9 -999.9 -999.9 -999.9 -999.9 -999.9 -999.9 -999.9 -999.9 -999.9 -999.9 -999.9 -999.9 -999.9 -999.9 -999.9 0.0 0.0 0.0 0.0 0.0 2.6 -999.9 -999.9 -999.9 -999.9 -999.9 SGB/CPRM_-_Muçum_(57_m) -999.9 -999.9 -999.9 -999.9 -999.9 -999.9 -999.9 -999.9 Brasil SGB/CPRM -999.9 0.0 0.0 2.84 3.84 2.84 -1 -0.22 4.06 4.39 4.53 6.87
-29.16722 -51.86861 86510000 2026-09-18_14:45 -999.9 -999.9 -999.9 -999.9 -999.9 -999.9 -999.9 -999.9 -999.9 -999.9 -999.9 -999.9 -999.9 -999.9 -999.9 -999.9 0.0 0.0 0.0 0.0 0.0 2.6 -999.9 -999.9 -999.9 -999.9 -999.9 SGB/CPRM_-_Muçum_(57_m) -999.9 -999.9 -999.9 -999.9 -999.9 -999.9 -999.9 -999.9 Brasil SGB/CPRM -999.9 0.0 0.0 2.78 3.84 2.78 -1 -0.23 4.06 4.39 4.53 6.87
-29.16722 -51.86861 86510000 2026-09-18_15:00 -999.9 -999.9 -999.9 -999.9 -999.9 -999.9 -999.9 -999.9 -999.9 -999.9 -999.9 -999.9 -999.9 -999.9 -999.9 -999.9 0.0 0.0 0.0 0.0 0.0 2.6 -999.9 -999.9 -999.9 -999.9 -999.9 SGB/CPRM_-_Muçum_(57_m) -999.9 -999.9 -999.9 -999.9 -999.9 -999.9 -999.9 -999.9 Brasil SGB/CPRM -999.9 0.0 0.0 2.72 3.84 2.72 -1 -0.24 4.06 4.39 4.53 6.87
-29.16722 -51.86861 86510000 2026-09-18_15:15 -999.9 -999.9 -999.9 -999.9 -999.9 -999.9 -999.9 -999.9 -999.9 -999.9 -999.9 -999.9 -999.9 -999.9 -999.9 -999.9 0.0 0.0 0.0 0.0 0.0 2.6 -999.9 -999.9 -999.9 -999.9 -999.9 SGB/CPRM_-_Muçum_(57_m) -999.9 -999.9 -999.9 -999.9 -999.9 -999.9 -999.9 -999.9 Brasil SGB/CPRM -999.9 0.0 0.0 2.66 3.84 2.66 -1 -0.24 4.06 4.39 4.53 6.87
-29.16722 -51.86861 86510000 2026-09-18_15:30 -999.9 -999.9 -999.9 -999.9 -999.9 -999.9 -999.9 -999.9 -999.9 -999.9 -999.9 -999.9 -999.9 -999.9 -999.9 -999.9 0.0 0.0 0.0 0.0 0.0 2.6 -999.9 -999.9 -999.9 -999.9 -999.9 SGB/CPRM_-_Muçum_(57_m) -999.9 -999.9 -999.9 -999.9 -999.9 -999.9 -999.9 -999.9 Brasil SGB/CPRM -999.9 0.0 0.0 2.59 3.84 2.59 -1 -0.25 4.06 4.39 4.53 6.87
-29.16722 -51.86861 86510000 2026-09-18_15:45 -999.9 -999.9 -999.9 -999.9 -999.9 -999.9 -999.9 -999.9 -999.9 -999.9 -999.9 -999.9 -999.9 -999.9 -999.9 -999.9 0.0 0.0 0.0 0.0 0.0 2.6 -999.9 -999.9 -999.9 -999.9 -999.9 SGB/CPRM_-_Muçum_(57_m) -999.9 -999.9 -999.9 -999.9 -999.9 -999.9 -999.9 -999.9 Brasil SGB/CPRM -999.9 0.0 0.0 2.53 3.84 2.53 -1 -0.25 4.06 4.39 4.53 6.87
-29.16722 -51.86861 86510000 2026-09-18_16:00 -999.9 -999.9 -999.9 -999.9 -999.9 -999.9 -999.9 -999.9 -999.9 -999.9 -999.9 -999.9 -999.9 -999.9 -999.9 -999.9 0.0 0.0 0.0 0.0 0.0 2.6 -999.9 -999.9 -999.9 -999.9 -999.9 SGB/CPRM_-_Muçum_(57_m) -999.9 -999.9 -999.9 -999.9 -999.9 -999.9 -999.9 -999.9 Brasil SGB/CPRM -999.9 0.0 0.0 2.48 3.84 2.48 -1 -0.24 4.06 4.39 4.53 6.87
-29.16722 -51.86861 86510000 2026-09-18_16:15 -999.9 -999.9 -999.9 -999.9 -999.9 -999.9 -999.9 -999.9 -999.9 -999.9 -999.9 -999.9 -999.9 -999.9 -999.9 -999.9 0.0 0.0 0.0 0.0 0.0 2.6 -999.9 -999.9 -999.9 -999.9 -999.9 SGB/CPRM_-_Muçum_(57_m) -999.9 -999.9 -999.9 -999.9 -999.9 -999.9 -999.9 -999.9 Brasil SGB/CPRM -999.9 0.0 0.0 2.43 3.84 2.43 -1 -0.23 4.06 4.39 4.53 6.87
-29.16722 -51.86861 86510000 2026-09-18_16:30 -999.9 -999.9 -999.9 -999.9 -999.9 -999.9 -999.9 -999.9 -999.9 -999.9 -999.9 -999.9 -999.9 -999.9 -999.9 -999.9 0.0 0.0 0.0 0.0 0.0 2.6 -999.9 -999.9 -999.9 -999.9 -999.9 SGB/CPRM_-_Muçum_(57_m) -999.9 -999.9 -999.9 -999.9 -999.9 -999.9 -999.9 -999.9 Brasil SGB/CPRM -999.9 0.0 0.0 2.38 3.84 2.38 -1 -0.21 4.06 4.39 4.53 6.87
-29.16722 -51.86861 86510000 2026-09-18_16:45 -999.9 -999.9 -999.9 -999.9 -999.9 -999.9 -999.9 -999.9 -999.9 -999.9 -999.9 -999.9 -999.9 -999.9 -999.9 -999.9 0.0 0.0 0.0 0.0 0.0 2.6 -999.9 -999.9 -999.9 -999.9 -999.9 SGB/CPRM_-_Muçum_(57_m) -999.9 -999.9 -999.9 -999.9 -999.9 -999.9 -999.9 -999.9 Brasil SGB/CPRM -999.9 0.0 0.0 2.33 3.84 2.33 -1 -0.2 4.06 4.39 4.53 6.87
-29.16722 -51.86861 86510000 2026-09-18_17:00 -999.9 -999.9 -999.9 -999.9 -999.9 -999.9 -999.9 -999.9 -999.9 -999.9 -999.9 -999.9 -999.9 -999.9 -999.9 -999.9 0.0 0.0 0.0 0.0 0.0 2.6 -999.9 -999.9 -999.9 -999.9 -999.9 SGB/CPRM_-_Muçum_(57_m) -999.9 -999.9 -999.9 -999.9 -999.9 -999.9 -999.9 -999.9 Brasil SGB/CPRM -999.9 0.0 0.0 2.28 3.84 2.28 -1 -0.2 4.06 4.39 4.53 6.87
-29.16722 -51.86861 86510000 2026-09-18_17:15 -999.9 -999.9 -999.9 -999.9 -999.9 -999.9 -999.9 -999.9 -999.9 -999.9 -999.9 -999.9 -999.9 -999.9 -999.9 -999.9 0.0 0.0 0.0 0.0 0.0 2.6 -999.9 -999.9 -999.9 -999.9 -999.9 SGB/CPRM_-_Muçum_(57_m) -999.9 -999.9 -999.9 -999.9 -999.9 -999.9 -999.9 -999.9 Brasil SGB/CPRM -999.9 0.0 0.0 2.24 3.84 2.24 -1 -0.19 4.06 4.39 4.53 6.87
-29.16722 -51.86861 86510000 2026-09-18_17:30 -999.9 -999.9 -999.9 -999.9 -999.9 -999.9 -999.9 -999.9 -999.9 -999.9 -999.9 -999.9 -999.9 -999.9 -999.9 -999.9 0.0 0.0 0.0 0.0 0.0 2.6 -999.9 -999.9 -999.9 -999.9 -999.9 SGB/CPRM_-_Muçum_(57_m) -999.9 -999.9 -999.9 -999.9 -999.9 -999.9 -999.9 -999.9 Brasil SGB/CPRM -999.9 0.0 0.0 2.2 3.84 2.2 -1 -0.18 4.06 4.39 4.53 6.87
-29.16722 -51.86861 86510000 2026-09-18_17:45 -999.9 -999.9 -999.9 -999.9 -999.9 -999.9 -999.9 -999.9 -999.9 -999.9 -999.9 -999.9 -999.9 -999.9 -999.9 -999.9 0.0 0.0 0.0 0.0 0.0 2.6 -999.9 -999.9 -999.9 -999.9 -999.9 SGB/CPRM_-_Muçum_(57_m) -999.9 -999.9 -999.9 -999.9 -999.9 -999.9 -999.9 -999.9 Brasil SGB/CPRM -999.9 0.0 0.0 2.16 3.84 2.16 -1 -0.17 4.06 4.39 4.53 6.87
-29.16722 -51.86861 86510000 2026-09-18_18:00 -999.9 -999.9 -999.9 -999.9 -999.9 -999.9 -999.9 -999.9 -999.9 -999.9 -999.9 -999.9 -999.9 -999.9 -999.9 -999.9 0.0 0.0 0.0 0.0 0.0 2.6 -999.9 -999.9 -999.9 -999.9 -999.9 SGB/CPRM_-_Muçum_(57_m) -999.9 -999.9 -999.9 -999.9 -999.9 -999.9 -999.9 -999.9 Brasil SGB/CPRM -999.9 0.0 0.0 2.12 3.84 2.12 -1 -0.16 4.06 4.39 4.53 6.87
-29.16722 -51.86861 86510000 2026-09-18_18:15 -999.9 -999.9 -999.9 -999.9 -999.9 -999.9 -999.9 -999.9 -999.9 -999.9 -999.9 -999.9 -999.9 -999.9 -999.9 -999.9 0.0 0.0 0.0 0.0 0.0 2.6 -999.9 -999.9 -999.9 -999.9 -999.9 SGB/CPRM_-_Muçum_(57_m) -999.9 -999.9 -999.9 -999.9 -999.9 -999.9 -999.9 -999.9 Brasil SGB/CPRM -999.9 0.0 0.0 2.08 3.84 2.08 -1 -0.16 4.06 4.39 4.53 6.87
-29.16722 -51.86861 86510000 2026-09-18_18:30 -999.9 -999.9 -999.9 -999.9 -999.9 -999.9 -999.9 -999.9 -999.9 -999.9 -999.9 -999.9 -999.9 -999.9 -999.9 -999.9 0.0 0.0 0.0 0.0 0.0 2.6 -999.9 -999.9 -999.9 -999.9 -999.9 SGB/CPRM_-_Muçum_(57_m) -999.9 -999.9 -999.9 -999.9 -999.9 -999.9 -999.9 -999.9 Brasil SGB/CPRM -999.9 0.0 0.0 2.05 3.84 2.05 -1 -0.15 4.06 4.39 4.53 6.87
-29.16722 -51.86861 86510000 2026-09-18_18:45 -999.9 -999.9 -999.9 -999.9 -999.9 -999.9 -999.9 -999.9 -999.9 -999.9 -999.9 -999.9 -999.9 -999.9 -999.9 -999.9 0.0 0.0 0.0 0.0 0.0 2.6 -999.9 -999.9 -999.9 -999.9 -999.9 SGB/CPRM_-_Muçum_(57_m) -999.9 -999.9 -999.9 -999.9 -999.9 -999.9 -999.9 -999.9 Brasil SGB/CPRM -999.9 0.0 0.0 2.02 3.84 2.02 -1 -0.14 4.06 4.39 4.53 6.87
-29.16722 -51.86861 86510000 2026-09-18_19:00 -999.9 -999.9 -999.9 -999.9 -999.9 -999.9 -999.9 -999.9 -999.9 -999.9 -999.9 -999.9 -999.9 -999.9 -999.9 -999.9 0.0 0.0 0.0 0.0 0.0 2.6 -999.9 -999.9 -999.9 -999.9 -999.9 SGB/CPRM_-_Muçum_(57_m) -999.9 -999.9 -999.9 -999.9 -999.9 -999.9 -999.9 -999.9 Brasil SGB/CPRM -999.9 0.0 0.0 1.99 3.84 1.99 -1 -0.13 4.06 4.39 4.53 6.87
-29.16722 -51.86861 86510000 2026-09-18_19:15 -999.9 -999.9 -999.9 -999.9 -999.9 -999.9 -999.9 -999.9 -999.9 -999.9 -999.9 -999.9 -999.9 -999.9 -999.9 -999.9 0.0 0.0 0.0 0.0 0.0 2.6 -999.9 -999.9 -999.9 -999.9 -999.9 SGB/CPRM_-_Muçum_(57_m) -999.9 -999.9 -999.9 -999.9 -999.9 -999.9 -999.9 -999.9 Brasil SGB/CPRM -999.9 0.0 0.0 1.97 3.84 1.97 -1 -0.11 4.06 4.39 4.53 6.87
-29.16722 -51.86861 86510000 2026-09-18_19:30 -999.9 -999.9 -999.9 -999.9 -999.9 -999.9 -999.9 -999.9 -999.9 -999.9 -999.9 -999.9 -999.9 -999.9 -999.9 -999.9 0.0 0.0 0.0 0.0 0.0 2.6 -999.9 -999.9 -999.9 -999.9 -999.9 SGB/CPRM_-_Muçum_(57_m) -999.9 -999.9 -999.9 -999.9 -999.9 -999.9 -999.9 -999.9 Brasil SGB/CPRM -999.9 0.0 0.0 1.94 3.84 1.94 -1 -0.11 4.06 4.39 4.53 6.87
-29.16722 -51.86861 86510000 2026-09-18_19:45 -999.9 -999.9 -999.9 -999.9 -999.9 -999.9 -999.9 -999.9 -999.9 -999.9 -999.9 -999.9 -999.9 -999.9 -999.9 -999.9 0.0 0.0 0.0 0.0 0.0 2.6 -999.9 -999.9 -999.9 -999.9 -999.9 SGB/CPRM_-_Muçum_(57_m) -999.9 -999.9 -999.9 -999.9 -999.9 -999.9 -999.9 -999.9 Brasil SGB/CPRM -999.9 0.0 0.0 1.92 3.84 1.92 -1 -0.1 4.06 4.39 4.53 6.87
-29.16722 -51.86861 86510000 2026-09-18_20:00 -999.9 -999.9 -999.9 -999.9 -999.9 -999.9 -999.9 -999.9 -999.9 -999.9 -999.9 -999.9 -999.9 -999.9 -999.9 -999.9 0.0 0.0 0.0 0.0 0.0 2.6 -999.9 -999.9 -999.9 -999.9 -999.9 SGB/CPRM_-_Muçum_(57_m) -999.9 -999.9 -999.9 -999.9 -999.9 -999.9 -999.9 -999.9 Brasil SGB/CPRM -999.9 0.0 0.0 1.91 3.84 1.91 -1 -0.08 4.06 4.39 4.53 6.87
-29.16722 -51.86861 86510000 2026-09-18_20:15 -999.9 -999.9 -999.9 -999.9 -999.9 -999.9 -999.9 -999.9 -999.9 -999.9 -999.9 -999.9 -999.9 -999.9 -999.9 -999.9 0.0 0.0 0.0 0.0 0.0 2.6 -999.9 -999.9 -999.9 -999.9 -999.9 SGB/CPRM_-_Muçum_(57_m) -999.9 -999.9 -999.9 -999.9 -999.9 -999.9 -999.9 -999.9 Brasil SGB/CPRM -999.9 0.0 0.0 1.89 3.84 1.89 -1 -0.08 4.06 4.39 4.53 6.87
-29.16722 -51.86861 86510000 2026-09-18_20:30 -999.9 -999.9 -999.9 -999.9 -999.9 -999.9 -999.9 -999.9 -999.9 -999.9 -999.9 -999.9 -999.9 -999.9 -999.9 -999.9 0.0 0.0 0.0 0.0 0.0 2.6 -999.9 -999.9 -999.9 -999.9 -999.9 SGB/CPRM_-_Muçum_(57_m) -999.9 -999.9 -999.9 -999.9 -999.9 -999.9 -999.9 -999.9 Brasil SGB/CPRM -999.9 0.0 0.0 1.88 3.84 1.88 -1 -0.06 4.06 4.39 4.53 6.87
-29.16722 -51.86861 86510000 2026-09-18_20:45 -999.9 -999.9 -999.9 -999.9 -999.9 -999.9 -999.9 -999.9 -999.9 -999.9 -999.9 -999.9 -999.9 -999.9 -999.9 -999.9 0.0 0.0 0.0 0.0 0.0 2.6 -999.9 -999.9 -999.9 -999.9 -999.9 SGB/CPRM_-_Muçum_(57_m) -999.9 -999.9 -999.9 -999.9 -999.9 -999.9 -999.9 -999.9 Brasil SGB/CPRM -999.9 0.0 0.0 1.87 3.84 1.87 -1 -0.05 4.06 4.39 4.53 6.87
-29.16722 -51.86861 86510000 2026-09-18_21:00 -999.9 -999.9 -999.9 -999.9 -999.9 -999.9 -999.9 -999.9 -999.9 -999.9 -999.9 -999.9 -999.9 -999.9 -999.9 -999.9 0.0 0.0 0.0 0.0 0.0 2.6 -999.9 -999.9 -999.9 -999.9 -999.9 SGB/CPRM_-_Muçum_(57_m) -999.9 -999.9 -999.9 -999.9 -999.9 -999.9 -999.9 -999.9 Brasil SGB/CPRM -999.9 0.0 0.0 1.87 3.84 1.87 -1 -0.04 4.06 4.39 4.53 6.87
-29.16722 -51.86861 86510000 2026-09-18_21:15 -999.9 -999.9 -999.9 -999.9 -999.9 -999.9 -999.9 -999.9 -999.9 -999.9 -999.9 -999.9 -999.9 -999.9 -999.9 -999.9 0.0 0.0 0.0 0.0 0.0 2.6 -999.9 -999.9 -999.9 -999.9 -999.9 SGB/CPRM_-_Muçum_(57_m) -999.9 -999.9 -999.9 -999.9 -999.9 -999.9 -999.9 -999.9 Brasil SGB/CPRM -999.9 0.0 0.0 1.88 3.84 1.87 -1 -0.01 4.06 4.39 4.53 6.87
-29.16722 -51.86861 86510000 2026-09-18_21:30 -999.9 -999.9 -999.9 -999.9 -999.9 -999.9 -999.9 -999.9 -999.9 -999.9 -999.9 -999.9 -999.9 -999.9 -999.9 -999.9 0.0 0.0 0.0 0.0 0.0 2.6 -999.9 -999.9 -999.9 -999.9 -999.9 SGB/CPRM_-_Muçum_(57_m) -999.9 -999.9 -999.9 -999.9 -999.9 -999.9 -999.9 -999.9 Brasil SGB/CPRM -999.9 0.0 0.0 1.89 3.84 1.87 0 0.01 4.06 4.39 4.53 6.87
-29.16722 -51.86861 86510000 2026-09-18_21:45 -999.9 -999.9 -999.9 -999.9 -999.9 -999.9 -999.9 -999.9 -999.9 -999.9 -999.9 -999.9 -999.9 -999.9 -999.9 -999.9 0.0 0.0 0.0 0.0 0.0 2.6 -999.9 -999.9 -999.9 -999.9 -999.9 SGB/CPRM_-_Muçum_(57_m) -999.9 -999.9 -999.9 -999.9 -999.9 -999.9 -999.9 -999.9 Brasil SGB/CPRM -999.9 0.0 0.0 1.92 3.84 1.87 1 0.05 4.06 4.39 4.53 6.87
-29.16722 -51.86861 86510000 2026-09-18_22:00 -999.9 -999.9 -999.9 -999.9 -999.9 -999.9 -999.9 -999.9 -999.9 -999.9 -999.9 -999.9 -999.9 -999.9 -999.9 -999.9 0.0 0.0 0.0 0.0 0.0 2.6 -999.9 -999.9 -999.9 -999.9 -999.9 SGB/CPRM_-_Muçum_(57_m) -999.9 -999.9 -999.9 -999.9 -999.9 -999.9 -999.9 -999.9 Brasil SGB/CPRM -999.9 0.0 0.0 1.96 3.84 1.87 1 0.09 4.06 4.39 4.53 6.87
-29.16722 -51.86861 86510000 2026-09-18_22:15 -999.9 -999.9 -999.9 -999.9 -999.9 -999.9 -999.9 -999.9 -999.9 -999.9 -999.9 -999.9 -999.9 -999.9 -999.9 -999.9 0.0 0.0 0.0 0.0 0.0 2.6 -999.9 -999.9 -999.9 -999.9 -999.9 SGB/CPRM_-_Muçum_(57_m) -999.9 -999.9 -999.9 -999.9 -999.9 -999.9 -999.9 -999.9 Brasil SGB/CPRM -999.9 0.0 0.0 2.03 3.84 1.87 1 0.15 4.06 4.39 4.53 6.87
-29.16722 -51.86861 86510000 2026-09-18_22:30 -999.9 -999.9 -999.9 -999.9 -999.9 -999.9 -999.9 -999.9 -999.9 -999.9 -999.9 -999.9 -999.9 -999.9 -999.9 -999.9 0.0 0.0 0.0 0.0 0.0 2.6 -999.9 -999.9 -999.9 -999.9 -999.9 SGB/CPRM_-_Muçum_(57_m) -999.9 -999.9 -999.9 -999.9 -999.9 -999.9 -999.9 -999.9 Brasil SGB/CPRM -999.9 0.0 0.0 2.14 3.84 1.87 1 0.25 4.06 4.39 4.53 6.87
-29.16722 -51.86861 86510000 2026-09-18_22:45 -999.9 -999.9 -999.9 -999.9 -999.9 -999.9 -999.9 -999.9 -999.9 -999.9 -999.9 -999.9 -999.9 -999.9 -999.9 -999.9 0.0 0.0 0.0 0.0 0.0 2.6 -999.9 -999.9 -999.9 -999.9 -999.9 SGB/CPRM_-_Muçum_(57_m) -999.9 -999.9 -999.9 -999.9 -999.9 -999.9 -999.9 -999.9 Brasil SGB/CPRM -999.9 0.0 0.0 2.28 3.84 1.87 1 0.36 4.06 4.39 4.53 6.87
-29.16722 -51.86861 86510000 2026-09-18_23:00 -999.9 -999.9 -999.9 -999.9 -999.9 -999.9 -999.9 -999.9 -999.9 -999.9 -999.9 -999.9 -999.9 -999.9 -999.9 -999.9 0.0 0.0 0.0 0.0 0.0 2.6 -999.9 -999.9 -999.9 -999.9 -999.9 SGB/CPRM_-_Muçum_(57_m) -999.9 -999.9 -999.9 -999.9 -999.9 -999.9 -999.9 -999.9 Brasil SGB/CPRM -999.9 0.0 0.0 2.46 3.84 1.87 1 0.5 4.06 4.39 4.53 6.87
-29.16722 -51.86861 86510000 2026-09-18_23:15 -999.9 -999.9 -999.9 -999.9 -999.9 -999.9 -999.9 -999.9 -999.9 -999.9 -999.9 -999.9 -999.9 -999.9 -999.9 -999.9 0.0 0.0 0.0 0.0 0.0 2.6 -999.9 -999.9 -999.9 -999.9 -999.9 SGB/CPRM_-_Muçum_(57_m) -999.9 -999.9 -999.9 -999.9 -999.9 -999.9 -999.9 -999.9 Brasil SGB/CPRM -999.9 0.0 0.0 2.66 3.84 1.87 1 0.63 4.06 4.39 4.53 6.87
