-28.298889 -51.378178 EPAGRI-2416 2026-07-28_00:00 18.6 18.9 18.6 99.4 99.8 98.6 18.5 -999.9 -999.9 -999.9 -999.9 -999.9 -999.9 -999.9 -999.9 -999.9 0.0 0.0 62.0 62.0 62.4 84.0 18.9 14.0 100.0 93.4 -999.9 EPAGRI_-_Lagoa_Vermelha_-_BASF_(848_m) -999.9 -999.9 -999.9 -999.9 -999.9 -999.9 -999.9 -999.9 Rio_Grande_do_Sul EPAGRI -999.9 -999.9 -999.9
-28.298889 -51.378178 EPAGRI-2416 2026-07-28_01:00 18.4 18.6 18.2 98.5 99.9 98.4 18.1 -999.9 -999.9 -999.9 -999.9 -999.9 -999.9 -999.9 -999.9 -999.9 0.0 0.0 62.0 62.0 62.4 84.0 18.9 14.0 100.0 93.4 -999.9 EPAGRI_-_Lagoa_Vermelha_-_BASF_(848_m) -999.9 -999.9 -999.9 -999.9 -999.9 -999.9 -999.9 -999.9 Rio_Grande_do_Sul EPAGRI -999.9 -999.9 -999.9
-28.298889 -51.378178 EPAGRI-2416 2026-07-28_02:00 18.1 18.4 18.1 97.8 98.5 97.7 17.8 -999.9 -999.9 -999.9 -999.9 -999.9 -999.9 -999.9 -999.9 -999.9 0.0 0.0 62.0 62.0 62.4 84.0 18.9 14.0 100.0 93.4 -999.9 EPAGRI_-_Lagoa_Vermelha_-_BASF_(848_m) -999.9 -999.9 -999.9 -999.9 -999.9 -999.9 -999.9 -999.9 Rio_Grande_do_Sul EPAGRI -999.9 -999.9 -999.9
-28.298889 -51.378178 EPAGRI-2416 2026-07-28_03:00 18.0 18.1 17.9 96.5 97.9 96.4 17.4 -999.9 -999.9 -999.9 -999.9 -999.9 -999.9 -999.9 -999.9 -999.9 0.0 0.0 62.0 62.0 62.4 84.0 18.9 14.0 100.0 93.4 -999.9 EPAGRI_-_Lagoa_Vermelha_-_BASF_(848_m) -999.9 -999.9 -999.9 -999.9 -999.9 -999.9 -999.9 -999.9 Rio_Grande_do_Sul EPAGRI -999.9 -999.9 -999.9
-28.298889 -51.378178 EPAGRI-2416 2026-07-28_04:00 18.1 18.1 17.9 94.6 96.5 94.6 17.2 -999.9 -999.9 -999.9 -999.9 -999.9 -999.9 -999.9 -999.9 -999.9 0.0 0.0 62.0 62.0 62.4 84.0 18.9 14.0 100.0 93.4 -999.9 EPAGRI_-_Lagoa_Vermelha_-_BASF_(848_m) -999.9 -999.9 -999.9 -999.9 -999.9 -999.9 -999.9 -999.9 Rio_Grande_do_Sul EPAGRI -999.9 -999.9 -999.9
-28.298889 -51.378178 EPAGRI-2416 2026-07-28_05:00 18.1 18.2 18.0 94.1 94.6 93.4 17.1 -999.9 -999.9 -999.9 -999.9 -999.9 -999.9 -999.9 -999.9 -999.9 0.0 0.0 62.0 62.0 62.4 84.0 18.9 14.0 100.0 93.4 -999.9 EPAGRI_-_Lagoa_Vermelha_-_BASF_(848_m) -999.9 -999.9 -999.9 -999.9 -999.9 -999.9 -999.9 -999.9 Rio_Grande_do_Sul EPAGRI -999.9 -999.9 -999.9
-28.298889 -51.378178 EPAGRI-2416 2026-07-28_06:00 17.9 18.2 17.6 93.8 96.0 93.8 16.8 -999.9 -999.9 -999.9 -999.9 -999.9 -999.9 -999.9 -999.9 -999.9 0.0 0.0 62.0 62.0 62.4 84.0 18.9 14.0 100.0 93.4 -999.9 EPAGRI_-_Lagoa_Vermelha_-_BASF_(848_m) -999.9 -999.9 -999.9 -999.9 -999.9 -999.9 -999.9 -999.9 Rio_Grande_do_Sul EPAGRI -999.9 -999.9 -999.9
-28.298889 -51.378178 EPAGRI-2416 2026-07-28_07:00 17.1 17.9 16.9 98.0 98.9 93.7 16.8 -999.9 -999.9 -999.9 -999.9 -999.9 -999.9 -999.9 -999.9 -999.9 0.0 0.0 62.0 62.0 62.4 84.0 18.9 14.0 100.0 93.4 -999.9 EPAGRI_-_Lagoa_Vermelha_-_BASF_(848_m) -999.9 -999.9 -999.9 -999.9 -999.9 -999.9 -999.9 -999.9 Rio_Grande_do_Sul EPAGRI -999.9 -999.9 -999.9
-28.298889 -51.378178 EPAGRI-2416 2026-07-28_08:00 14.6 17.2 14.6 100.0 100.0 97.3 14.5 -999.9 -999.9 -999.9 -999.9 -999.9 -999.9 -999.9 -999.9 -999.9 12.0 12.0 62.0 62.0 62.4 84.0 18.9 14.0 100.0 93.4 -999.9 EPAGRI_-_Lagoa_Vermelha_-_BASF_(848_m) -999.9 -999.9 -999.9 -999.9 -999.9 -999.9 -999.9 -999.9 Rio_Grande_do_Sul EPAGRI -999.9 -999.9 -999.9
-28.298889 -51.378178 EPAGRI-2416 2026-07-28_09:00 15.9 15.9 14.5 100.0 100.0 100.0 15.9 -999.9 -999.9 -999.9 -999.9 -999.9 -999.9 -999.9 -999.9 -999.9 3.8 15.8 62.0 62.0 62.4 84.0 18.9 14.0 100.0 93.4 -999.9 EPAGRI_-_Lagoa_Vermelha_-_BASF_(848_m) -999.9 -999.9 -999.9 -999.9 -999.9 -999.9 -999.9 -999.9 Rio_Grande_do_Sul EPAGRI -999.9 -999.9 -999.9
-28.298889 -51.378178 EPAGRI-2416 2026-07-28_10:00 15.7 15.9 15.7 100.0 100.0 100.0 15.7 -999.9 -999.9 -999.9 -999.9 -999.9 -999.9 -999.9 -999.9 -999.9 2.6 18.4 62.0 62.0 62.4 84.0 18.9 14.0 100.0 93.4 -999.9 EPAGRI_-_Lagoa_Vermelha_-_BASF_(848_m) -999.9 -999.9 -999.9 -999.9 -999.9 -999.9 -999.9 -999.9 Rio_Grande_do_Sul EPAGRI -999.9 -999.9 -999.9
-28.298889 -51.378178 EPAGRI-2416 2026-07-28_11:00 15.7 15.9 15.7 100.0 100.0 100.0 15.7 -999.9 -999.9 -999.9 -999.9 -999.9 -999.9 -999.9 -999.9 -999.9 4.6 23.0 62.0 62.0 62.4 84.0 18.9 14.0 100.0 93.4 -999.9 EPAGRI_-_Lagoa_Vermelha_-_BASF_(848_m) -999.9 -999.9 -999.9 -999.9 -999.9 -999.9 -999.9 -999.9 Rio_Grande_do_Sul EPAGRI -999.9 -999.9 -999.9
-28.298889 -51.378178 EPAGRI-2416 2026-07-28_12:00 15.8 15.8 15.7 100.0 100.0 100.0 15.8 -999.9 -999.9 -999.9 -999.9 -999.9 -999.9 -999.9 -999.9 -999.9 4.7 27.7 62.0 62.0 62.4 84.0 18.9 14.0 100.0 93.4 -999.9 EPAGRI_-_Lagoa_Vermelha_-_BASF_(848_m) -999.9 -999.9 -999.9 -999.9 -999.9 -999.9 -999.9 -999.9 Rio_Grande_do_Sul EPAGRI -999.9 -999.9 -999.9
-28.298889 -51.378178 EPAGRI-2416 2026-07-28_13:00 15.3 15.9 15.3 100.0 100.0 100.0 15.3 -999.9 -999.9 -999.9 -999.9 -999.9 -999.9 -999.9 -999.9 -999.9 6.7 34.4 62.0 62.0 62.4 84.0 18.9 14.0 100.0 93.4 -999.9 EPAGRI_-_Lagoa_Vermelha_-_BASF_(848_m) -999.9 -999.9 -999.9 -999.9 -999.9 -999.9 -999.9 -999.9 Rio_Grande_do_Sul EPAGRI -999.9 -999.9 -999.9
-28.298889 -51.378178 EPAGRI-2416 2026-07-28_14:00 15.2 15.3 15.0 100.0 100.0 100.0 15.2 -999.9 -999.9 -999.9 -999.9 -999.9 -999.9 -999.9 -999.9 -999.9 6.0 40.4 62.0 62.0 62.4 84.0 18.9 14.0 100.0 93.4 -999.9 EPAGRI_-_Lagoa_Vermelha_-_BASF_(848_m) -999.9 -999.9 -999.9 -999.9 -999.9 -999.9 -999.9 -999.9 Rio_Grande_do_Sul EPAGRI -999.9 -999.9 -999.9
-28.298889 -51.378178 EPAGRI-2416 2026-07-28_15:00 15.0 15.2 14.8 100.0 100.0 100.0 15.0 -999.9 -999.9 -999.9 -999.9 -999.9 -999.9 -999.9 -999.9 -999.9 2.0 42.4 62.0 62.0 62.4 84.0 18.9 14.0 100.0 93.4 -999.9 EPAGRI_-_Lagoa_Vermelha_-_BASF_(848_m) -999.9 -999.9 -999.9 -999.9 -999.9 -999.9 -999.9 -999.9 Rio_Grande_do_Sul EPAGRI -999.9 -999.9 -999.9
-28.298889 -51.378178 EPAGRI-2416 2026-07-28_16:00 14.4 15.0 14.4 100.0 100.0 100.0 14.4 -999.9 -999.9 -999.9 -999.9 -999.9 -999.9 -999.9 -999.9 -999.9 6.8 49.2 62.0 62.0 62.4 84.0 18.9 14.0 100.0 93.4 -999.9 EPAGRI_-_Lagoa_Vermelha_-_BASF_(848_m) -999.9 -999.9 -999.9 -999.9 -999.9 -999.9 -999.9 -999.9 Rio_Grande_do_Sul EPAGRI -999.9 -999.9 -999.9
-28.298889 -51.378178 EPAGRI-2416 2026-07-28_17:00 15.1 15.1 14.4 100.0 100.0 100.0 15.1 -999.9 -999.9 -999.9 -999.9 -999.9 -999.9 -999.9 -999.9 -999.9 0.6 49.8 62.0 62.0 62.4 84.0 18.9 14.0 100.0 93.4 -999.9 EPAGRI_-_Lagoa_Vermelha_-_BASF_(848_m) -999.9 -999.9 -999.9 -999.9 -999.9 -999.9 -999.9 -999.9 Rio_Grande_do_Sul EPAGRI -999.9 -999.9 -999.9
-28.298889 -51.378178 EPAGRI-2416 2026-07-28_18:00 14.7 15.1 14.7 100.0 100.0 100.0 14.7 -999.9 -999.9 -999.9 -999.9 -999.9 -999.9 -999.9 -999.9 -999.9 0.0 49.8 62.0 62.0 62.4 84.0 18.9 14.0 100.0 93.4 -999.9 EPAGRI_-_Lagoa_Vermelha_-_BASF_(848_m) -999.9 -999.9 -999.9 -999.9 -999.9 -999.9 -999.9 -999.9 Rio_Grande_do_Sul EPAGRI -999.9 -999.9 -999.9
-28.298889 -51.378178 EPAGRI-2416 2026-07-28_19:00 14.8 14.9 14.7 100.0 100.0 100.0 14.8 -999.9 -999.9 -999.9 -999.9 -999.9 -999.9 -999.9 -999.9 -999.9 0.0 49.8 62.0 62.0 62.4 84.0 18.9 14.0 100.0 93.4 -999.9 EPAGRI_-_Lagoa_Vermelha_-_BASF_(848_m) -999.9 -999.9 -999.9 -999.9 -999.9 -999.9 -999.9 -999.9 Rio_Grande_do_Sul EPAGRI -999.9 -999.9 -999.9
-28.298889 -51.378178 EPAGRI-2416 2026-07-28_20:00 14.5 14.8 14.4 100.0 100.0 100.0 14.5 -999.9 -999.9 -999.9 -999.9 -999.9 -999.9 -999.9 -999.9 -999.9 4.7 54.5 62.0 62.0 62.4 84.0 18.9 14.0 100.0 93.4 -999.9 EPAGRI_-_Lagoa_Vermelha_-_BASF_(848_m) -999.9 -999.9 -999.9 -999.9 -999.9 -999.9 -999.9 -999.9 Rio_Grande_do_Sul EPAGRI -999.9 -999.9 -999.9
-28.298889 -51.378178 EPAGRI-2416 2026-07-28_21:00 14.1 14.5 14.1 100.0 100.0 100.0 14.1 -999.9 -999.9 -999.9 -999.9 -999.9 -999.9 -999.9 -999.9 -999.9 0.1 54.6 62.0 62.0 62.4 84.0 18.9 14.0 100.0 93.4 -999.9 EPAGRI_-_Lagoa_Vermelha_-_BASF_(848_m) -999.9 -999.9 -999.9 -999.9 -999.9 -999.9 -999.9 -999.9 Rio_Grande_do_Sul EPAGRI -999.9 -999.9 -999.9
-28.298889 -51.378178 EPAGRI-2416 2026-07-28_22:00 14.4 14.4 14.1 98.5 100.0 98.5 14.2 -999.9 -999.9 -999.9 -999.9 -999.9 -999.9 -999.9 -999.9 -999.9 0.0 54.6 62.0 62.0 62.4 84.0 18.9 14.0 100.0 93.4 -999.9 EPAGRI_-_Lagoa_Vermelha_-_BASF_(848_m) -999.9 -999.9 -999.9 -999.9 -999.9 -999.9 -999.9 -999.9 Rio_Grande_do_Sul EPAGRI -999.9 -999.9 -999.9
-28.298889 -51.378178 EPAGRI-2416 2026-07-28_23:00 14.4 14.5 14.0 97.3 100.0 97.1 14.0 -999.9 -999.9 -999.9 -999.9 -999.9 -999.9 -999.9 -999.9 -999.9 0.0 54.6 62.0 62.0 62.4 84.0 18.9 14.0 100.0 93.4 -999.9 EPAGRI_-_Lagoa_Vermelha_-_BASF_(848_m) -999.9 -999.9 -999.9 -999.9 -999.9 -999.9 -999.9 -999.9 Rio_Grande_do_Sul EPAGRI -999.9 -999.9 -999.9
