-28.47218 -51.84174 17804 2026-09-03_00:10 -999.9 -999.9 -999.9 -999.9 -999.9 -999.9 -999.9 -999.9 -999.9 -999.9 -999.9 -999.9 -999.9 -999.9 -999.9 -999.9 -999.9 0.0 2.4 14.2 23.4 61.4 -999.9 -999.9 -999.9 -999.9 -999.9 CEMADEN_-_Vanini_-_G2-432255801A_(734_m) -999.9 -999.9 -999.9 -999.9 -999.9 -999.9 -999.9 -999.9 Rio_Grande_do_Sul CEMADEN -999.9 0.0 -999.9
-28.47218 -51.84174 17804 2026-09-03_01:10 -999.9 -999.9 -999.9 -999.9 -999.9 -999.9 -999.9 -999.9 -999.9 -999.9 -999.9 -999.9 -999.9 -999.9 -999.9 -999.9 -999.9 0.0 2.4 14.2 23.4 61.4 -999.9 -999.9 -999.9 -999.9 -999.9 CEMADEN_-_Vanini_-_G2-432255801A_(734_m) -999.9 -999.9 -999.9 -999.9 -999.9 -999.9 -999.9 -999.9 Rio_Grande_do_Sul CEMADEN -999.9 0.0 -999.9
-28.47218 -51.84174 17804 2026-09-03_02:10 -999.9 -999.9 -999.9 -999.9 -999.9 -999.9 -999.9 -999.9 -999.9 -999.9 -999.9 -999.9 -999.9 -999.9 -999.9 -999.9 -999.9 0.0 1.6 14.2 23.4 61.4 -999.9 -999.9 -999.9 -999.9 -999.9 CEMADEN_-_Vanini_-_G2-432255801A_(734_m) -999.9 -999.9 -999.9 -999.9 -999.9 -999.9 -999.9 -999.9 Rio_Grande_do_Sul CEMADEN -999.9 0.0 -999.9
-28.47218 -51.84174 17804 2026-09-03_03:10 -999.9 -999.9 -999.9 -999.9 -999.9 -999.9 -999.9 -999.9 -999.9 -999.9 -999.9 -999.9 -999.9 -999.9 -999.9 -999.9 -999.9 0.0 1.6 14.2 23.4 61.4 -999.9 -999.9 -999.9 -999.9 -999.9 CEMADEN_-_Vanini_-_G2-432255801A_(734_m) -999.9 -999.9 -999.9 -999.9 -999.9 -999.9 -999.9 -999.9 Rio_Grande_do_Sul CEMADEN -999.9 0.0 -999.9
-28.47218 -51.84174 17804 2026-09-03_04:10 -999.9 -999.9 -999.9 -999.9 -999.9 -999.9 -999.9 -999.9 -999.9 -999.9 -999.9 -999.9 -999.9 -999.9 -999.9 -999.9 -999.9 0.0 1.6 14.2 23.4 61.4 -999.9 -999.9 -999.9 -999.9 -999.9 CEMADEN_-_Vanini_-_G2-432255801A_(734_m) -999.9 -999.9 -999.9 -999.9 -999.9 -999.9 -999.9 -999.9 Rio_Grande_do_Sul CEMADEN -999.9 0.0 -999.9
-28.47218 -51.84174 17804 2026-09-03_05:10 -999.9 -999.9 -999.9 -999.9 -999.9 -999.9 -999.9 -999.9 -999.9 -999.9 -999.9 -999.9 -999.9 -999.9 -999.9 -999.9 -999.9 -1.4 1.6 14.2 22.0 60.0 -999.9 -999.9 -999.9 -999.9 -999.9 CEMADEN_-_Vanini_-_G2-432255801A_(734_m) -999.9 -999.9 -999.9 -999.9 -999.9 -999.9 -999.9 -999.9 Rio_Grande_do_Sul CEMADEN -999.9 -1.4 -999.9
-28.47218 -51.84174 17804 2026-09-03_06:10 -999.9 -999.9 -999.9 -999.9 -999.9 -999.9 -999.9 -999.9 -999.9 -999.9 -999.9 -999.9 -999.9 -999.9 -999.9 -999.9 -999.9 -1.4 1.4 14.2 22.0 60.0 -999.9 -999.9 -999.9 -999.9 -999.9 CEMADEN_-_Vanini_-_G2-432255801A_(734_m) -999.9 -999.9 -999.9 -999.9 -999.9 -999.9 -999.9 -999.9 Rio_Grande_do_Sul CEMADEN -999.9 0.0 -999.9
-28.47218 -51.84174 17804 2026-09-03_07:10 -999.9 -999.9 -999.9 -999.9 -999.9 -999.9 -999.9 -999.9 -999.9 -999.9 -999.9 -999.9 -999.9 -999.9 -999.9 -999.9 -999.9 -1.4 1.4 14.2 22.0 60.0 -999.9 -999.9 -999.9 -999.9 -999.9 CEMADEN_-_Vanini_-_G2-432255801A_(734_m) -999.9 -999.9 -999.9 -999.9 -999.9 -999.9 -999.9 -999.9 Rio_Grande_do_Sul CEMADEN -999.9 0.0 -999.9
-28.47218 -51.84174 17804 2026-09-03_08:10 -999.9 -999.9 -999.9 -999.9 -999.9 -999.9 -999.9 -999.9 -999.9 -999.9 -999.9 -999.9 -999.9 -999.9 -999.9 -999.9 -999.9 -1.4 0.8 14.2 22.0 60.0 -999.9 -999.9 -999.9 -999.9 -999.9 CEMADEN_-_Vanini_-_G2-432255801A_(734_m) -999.9 -999.9 -999.9 -999.9 -999.9 -999.9 -999.9 -999.9 Rio_Grande_do_Sul CEMADEN -999.9 0.0 -999.9
-28.47218 -51.84174 17804 2026-09-03_09:10 -999.9 -999.9 -999.9 -999.9 -999.9 -999.9 -999.9 -999.9 -999.9 -999.9 -999.9 -999.9 -999.9 -999.9 -999.9 -999.9 -999.9 -1.4 0.4 14.2 22.0 60.0 -999.9 -999.9 -999.9 -999.9 -999.9 CEMADEN_-_Vanini_-_G2-432255801A_(734_m) -999.9 -999.9 -999.9 -999.9 -999.9 -999.9 -999.9 -999.9 Rio_Grande_do_Sul CEMADEN -999.9 0.0 -999.9
-28.47218 -51.84174 17804 2026-09-03_10:10 -999.9 -999.9 -999.9 -999.9 -999.9 -999.9 -999.9 -999.9 -999.9 -999.9 -999.9 -999.9 -999.9 -999.9 -999.9 -999.9 -999.9 -1.4 0.2 13.4 22.0 60.0 -999.9 -999.9 -999.9 -999.9 -999.9 CEMADEN_-_Vanini_-_G2-432255801A_(734_m) -999.9 -999.9 -999.9 -999.9 -999.9 -999.9 -999.9 -999.9 Rio_Grande_do_Sul CEMADEN -999.9 0.0 -999.9
-28.47218 -51.84174 17804 2026-09-03_11:10 -999.9 -999.9 -999.9 -999.9 -999.9 -999.9 -999.9 -999.9 -999.9 -999.9 -999.9 -999.9 -999.9 -999.9 -999.9 -999.9 -999.9 -1.4 0.2 12.0 22.0 60.0 -999.9 -999.9 -999.9 -999.9 -999.9 CEMADEN_-_Vanini_-_G2-432255801A_(734_m) -999.9 -999.9 -999.9 -999.9 -999.9 -999.9 -999.9 -999.9 Rio_Grande_do_Sul CEMADEN -999.9 0.0 -999.9
-28.47218 -51.84174 17804 2026-09-03_12:10 -999.9 -999.9 -999.9 -999.9 -999.9 -999.9 -999.9 -999.9 -999.9 -999.9 -999.9 -999.9 -999.9 -999.9 -999.9 -999.9 -999.9 -1.4 0.2 11.0 22.0 60.0 -999.9 -999.9 -999.9 -999.9 -999.9 CEMADEN_-_Vanini_-_G2-432255801A_(734_m) -999.9 -999.9 -999.9 -999.9 -999.9 -999.9 -999.9 -999.9 Rio_Grande_do_Sul CEMADEN -999.9 0.0 -999.9
-28.47218 -51.84174 17804 2026-09-03_13:10 -999.9 -999.9 -999.9 -999.9 -999.9 -999.9 -999.9 -999.9 -999.9 -999.9 -999.9 -999.9 -999.9 -999.9 -999.9 -999.9 -999.9 -1.4 0.2 9.0 22.0 60.0 -999.9 -999.9 -999.9 -999.9 -999.9 CEMADEN_-_Vanini_-_G2-432255801A_(734_m) -999.9 -999.9 -999.9 -999.9 -999.9 -999.9 -999.9 -999.9 Rio_Grande_do_Sul CEMADEN -999.9 0.0 -999.9
-28.47218 -51.84174 17804 2026-09-03_14:10 -999.9 -999.9 -999.9 -999.9 -999.9 -999.9 -999.9 -999.9 -999.9 -999.9 -999.9 -999.9 -999.9 -999.9 -999.9 -999.9 -999.9 -1.4 0.2 6.6 22.0 60.0 -999.9 -999.9 -999.9 -999.9 -999.9 CEMADEN_-_Vanini_-_G2-432255801A_(734_m) -999.9 -999.9 -999.9 -999.9 -999.9 -999.9 -999.9 -999.9 Rio_Grande_do_Sul CEMADEN -999.9 0.0 -999.9
-28.47218 -51.84174 17804 2026-09-03_15:10 -999.9 -999.9 -999.9 -999.9 -999.9 -999.9 -999.9 -999.9 -999.9 -999.9 -999.9 -999.9 -999.9 -999.9 -999.9 -999.9 -999.9 -1.4 0.2 4.8 22.0 60.0 -999.9 -999.9 -999.9 -999.9 -999.9 CEMADEN_-_Vanini_-_G2-432255801A_(734_m) -999.9 -999.9 -999.9 -999.9 -999.9 -999.9 -999.9 -999.9 Rio_Grande_do_Sul CEMADEN -999.9 0.0 -999.9
-28.47218 -51.84174 17804 2026-09-03_16:10 -999.9 -999.9 -999.9 -999.9 -999.9 -999.9 -999.9 -999.9 -999.9 -999.9 -999.9 -999.9 -999.9 -999.9 -999.9 -999.9 -999.9 -2.8 0.2 2.8 20.6 58.6 -999.9 -999.9 -999.9 -999.9 -999.9 CEMADEN_-_Vanini_-_G2-432255801A_(734_m) -999.9 -999.9 -999.9 -999.9 -999.9 -999.9 -999.9 -999.9 Rio_Grande_do_Sul CEMADEN -999.9 -1.4 -999.9
-28.47218 -51.84174 17804 2026-09-03_17:10 -999.9 -999.9 -999.9 -999.9 -999.9 -999.9 -999.9 -999.9 -999.9 -999.9 -999.9 -999.9 -999.9 -999.9 -999.9 -999.9 -999.9 -2.8 0.2 2.4 20.6 58.6 -999.9 -999.9 -999.9 -999.9 -999.9 CEMADEN_-_Vanini_-_G2-432255801A_(734_m) -999.9 -999.9 -999.9 -999.9 -999.9 -999.9 -999.9 -999.9 Rio_Grande_do_Sul CEMADEN -999.9 0.0 -999.9
-28.47218 -51.84174 17804 2026-09-03_18:10 -999.9 -999.9 -999.9 -999.9 -999.9 -999.9 -999.9 -999.9 -999.9 -999.9 -999.9 -999.9 -999.9 -999.9 -999.9 -999.9 -999.9 -3.6 0.2 2.4 19.8 57.8 -999.9 -999.9 -999.9 -999.9 -999.9 CEMADEN_-_Vanini_-_G2-432255801A_(734_m) -999.9 -999.9 -999.9 -999.9 -999.9 -999.9 -999.9 -999.9 Rio_Grande_do_Sul CEMADEN -999.9 -0.8 -999.9
-28.47218 -51.84174 17804 2026-09-03_19:10 -999.9 -999.9 -999.9 -999.9 -999.9 -999.9 -999.9 -999.9 -999.9 -999.9 -999.9 -999.9 -999.9 -999.9 -999.9 -999.9 -999.9 -3.8 0.2 2.4 19.6 57.6 -999.9 -999.9 -999.9 -999.9 -999.9 CEMADEN_-_Vanini_-_G2-432255801A_(734_m) -999.9 -999.9 -999.9 -999.9 -999.9 -999.9 -999.9 -999.9 Rio_Grande_do_Sul CEMADEN -999.9 -0.2 -999.9
-28.47218 -51.84174 17804 2026-09-03_20:10 -999.9 -999.9 -999.9 -999.9 -999.9 -999.9 -999.9 -999.9 -999.9 -999.9 -999.9 -999.9 -999.9 -999.9 -999.9 -999.9 -999.9 -4.4 0.2 2.4 19.0 57.0 -999.9 -999.9 -999.9 -999.9 -999.9 CEMADEN_-_Vanini_-_G2-432255801A_(734_m) -999.9 -999.9 -999.9 -999.9 -999.9 -999.9 -999.9 -999.9 Rio_Grande_do_Sul CEMADEN -999.9 -0.6 -999.9
-28.47218 -51.84174 17804 2026-09-03_21:10 -999.9 -999.9 -999.9 -999.9 -999.9 -999.9 -999.9 -999.9 -999.9 -999.9 -999.9 -999.9 -999.9 -999.9 -999.9 -999.9 -999.9 -7.4 0.2 2.4 16.0 54.0 -999.9 -999.9 -999.9 -999.9 -999.9 CEMADEN_-_Vanini_-_G2-432255801A_(734_m) -999.9 -999.9 -999.9 -999.9 -999.9 -999.9 -999.9 -999.9 Rio_Grande_do_Sul CEMADEN -999.9 -3.0 -999.9
-28.47218 -51.84174 17804 2026-09-03_22:10 -999.9 -999.9 -999.9 -999.9 -999.9 -999.9 -999.9 -999.9 -999.9 -999.9 -999.9 -999.9 -999.9 -999.9 -999.9 -999.9 -999.9 -8.0 0.2 2.4 15.4 53.4 -999.9 -999.9 -999.9 -999.9 -999.9 CEMADEN_-_Vanini_-_G2-432255801A_(734_m) -999.9 -999.9 -999.9 -999.9 -999.9 -999.9 -999.9 -999.9 Rio_Grande_do_Sul CEMADEN -999.9 -0.6 -999.9
-28.47218 -51.84174 17804 2026-09-03_23:10 -999.9 -999.9 -999.9 -999.9 -999.9 -999.9 -999.9 -999.9 -999.9 -999.9 -999.9 -999.9 -999.9 -999.9 -999.9 -999.9 -999.9 -8.0 0.2 2.4 15.4 53.4 -999.9 -999.9 -999.9 -999.9 -999.9 CEMADEN_-_Vanini_-_G2-432255801A_(734_m) -999.9 -999.9 -999.9 -999.9 -999.9 -999.9 -999.9 -999.9 Rio_Grande_do_Sul CEMADEN -999.9 0.0 -999.9
