-28.669444 -50.441944 B856 2026-09-20_00:00 14.8 14.8 14.7 95 96 94 14.0 -999.9 -999.9 -999.9 -999.9 -999.9 21.6 37 42.8 -999.9 0.6 0.6 17.1 17.1 17.1 17.1 23.1 14.2 100.0 70.0 42.8 INMET_-_BOM_JESUS_(INMET)_(1054_m) -999.9 -999.9 -999.9 -999.9 -999.9 -999.9 -999.9 -999.9 Rio_Grande_do_Sul INMET -999.9 -999.9 -999.9
-28.669444 -50.441944 B856 2026-09-20_01:00 14.5 14.9 14.5 98 98 94 14.2 -999.9 -999.9 -999.9 -999.9 -999.9 17.6 19 42.5 -999.9 5.7 6.3 17.1 17.1 17.1 17.1 23.1 14.2 100.0 70.0 42.8 INMET_-_BOM_JESUS_(INMET)_(1054_m) -999.9 -999.9 -999.9 -999.9 -999.9 -999.9 -999.9 -999.9 Rio_Grande_do_Sul INMET -999.9 -999.9 -999.9
-28.669444 -50.441944 B856 2026-09-20_03:00 14.7 14.9 14.4 97 100 96 14.2 -999.9 -999.9 -999.9 -999.9 -999.9 10.8 347 37.8 -999.9 3.0 9.3 17.1 17.1 17.1 17.1 23.1 14.2 100.0 70.0 42.8 INMET_-_BOM_JESUS_(INMET)_(1054_m) -999.9 -999.9 -999.9 -999.9 -999.9 -999.9 -999.9 -999.9 Rio_Grande_do_Sul INMET -999.9 -999.9 -999.9
-28.669444 -50.441944 B856 2026-09-20_04:00 14.3 14.7 14.3 99 99 97 14.1 -999.9 -999.9 -999.9 -999.9 -999.9 8.6 355 29.9 -999.9 0.0 9.3 17.1 17.1 17.1 17.1 23.1 14.2 100.0 70.0 42.8 INMET_-_BOM_JESUS_(INMET)_(1054_m) -999.9 -999.9 -999.9 -999.9 -999.9 -999.9 -999.9 -999.9 Rio_Grande_do_Sul INMET -999.9 -999.9 -999.9
-28.669444 -50.441944 B856 2026-09-20_05:00 14.3 14.3 14.2 98 99 98 14.0 -999.9 -999.9 -999.9 -999.9 -999.9 6.1 354 24.5 -999.9 0.0 9.3 17.1 17.1 17.1 17.1 23.1 14.2 100.0 70.0 42.8 INMET_-_BOM_JESUS_(INMET)_(1054_m) -999.9 -999.9 -999.9 -999.9 -999.9 -999.9 -999.9 -999.9 Rio_Grande_do_Sul INMET -999.9 -999.9 -999.9
-28.669444 -50.441944 B856 2026-09-20_06:00 14.6 14.7 14.3 95 98 94 13.8 -999.9 -999.9 -999.9 -999.9 -999.9 9.4 334 28.1 -999.9 0.0 9.3 17.1 17.1 17.1 17.1 23.1 14.2 100.0 70.0 42.8 INMET_-_BOM_JESUS_(INMET)_(1054_m) -999.9 -999.9 -999.9 -999.9 -999.9 -999.9 -999.9 -999.9 Rio_Grande_do_Sul INMET -999.9 -999.9 -999.9
-28.669444 -50.441944 B856 2026-09-20_08:00 16.2 16.2 14.7 91 96 91 14.7 -999.9 -999.9 -999.9 -999.9 -999.9 14.8 336 39.2 -999.9 0.0 9.3 17.1 17.1 17.1 17.1 23.1 14.2 100.0 70.0 42.8 INMET_-_BOM_JESUS_(INMET)_(1054_m) -999.9 -999.9 -999.9 -999.9 -999.9 -999.9 -999.9 -999.9 Rio_Grande_do_Sul INMET -999.9 -999.9 -999.9
-28.669444 -50.441944 B856 2026-09-20_12:00 19.2 19.5 18.8 86 88 84 16.8 -999.9 -999.9 -999.9 -999.9 -999.9 21.2 305 42.5 -999.9 0.0 9.3 17.1 17.1 17.1 17.1 23.1 14.2 100.0 70.0 42.8 INMET_-_BOM_JESUS_(INMET)_(1054_m) -999.9 -999.9 -999.9 -999.9 -999.9 -999.9 -999.9 -999.9 Rio_Grande_do_Sul INMET -999.9 -999.9 -999.9
-28.669444 -50.441944 B856 2026-09-20_13:00 20.4 20.4 -999.9 83 87 82 17.4 -999.9 -999.9 -999.9 -999.9 -999.9 16.9 307 38.2 -999.9 0.0 9.3 17.1 17.1 17.1 17.1 23.1 14.2 100.0 70.0 42.8 INMET_-_BOM_JESUS_(INMET)_(1054_m) -999.9 -999.9 -999.9 -999.9 -999.9 -999.9 -999.9 -999.9 Rio_Grande_do_Sul INMET -999.9 -999.9 -999.9
-28.669444 -50.441944 B856 2026-09-20_14:00 21.3 22 20.5 80 83 73 17.7 -999.9 -999.9 -999.9 -999.9 -999.9 19.8 309 32.0 -999.9 0.0 9.3 17.1 17.1 17.1 17.1 23.1 14.2 100.0 70.0 42.8 INMET_-_BOM_JESUS_(INMET)_(1054_m) -999.9 -999.9 -999.9 -999.9 -999.9 -999.9 -999.9 -999.9 Rio_Grande_do_Sul INMET -999.9 -999.9 -999.9
-28.669444 -50.441944 B856 2026-09-20_16:00 21.6 23.1 21.4 77 78 70 17.4 -999.9 -999.9 -999.9 -999.9 -999.9 19.4 298 34.2 -999.9 0.0 9.3 17.1 17.1 17.1 17.1 23.1 14.2 100.0 70.0 42.8 INMET_-_BOM_JESUS_(INMET)_(1054_m) -999.9 -999.9 -999.9 -999.9 -999.9 -999.9 -999.9 -999.9 Rio_Grande_do_Sul INMET -999.9 -999.9 -999.9
-28.669444 -50.441944 B856 2026-09-20_17:00 22.4 23 21.5 75 78 73 17.7 -999.9 -999.9 -999.9 -999.9 -999.9 19.1 307 32.0 -999.9 0.0 9.3 17.1 17.1 17.1 17.1 23.1 14.2 100.0 70.0 42.8 INMET_-_BOM_JESUS_(INMET)_(1054_m) -999.9 -999.9 -999.9 -999.9 -999.9 -999.9 -999.9 -999.9 Rio_Grande_do_Sul INMET -999.9 -999.9 -999.9
-28.669444 -50.441944 B856 2026-09-20_18:00 20.6 22.3 20.6 85 85 74 18.0 -999.9 -999.9 -999.9 -999.9 -999.9 10.8 321 28.4 -999.9 0.0 9.3 17.1 17.1 17.1 17.1 23.1 14.2 100.0 70.0 42.8 INMET_-_BOM_JESUS_(INMET)_(1054_m) -999.9 -999.9 -999.9 -999.9 -999.9 -999.9 -999.9 -999.9 Rio_Grande_do_Sul INMET -999.9 -999.9 -999.9
-28.669444 -50.441944 B856 2026-09-20_19:00 19.3 20.6 19.3 90 90 85 17.6 -999.9 -999.9 -999.9 -999.9 -999.9 6.1 330 19.1 -999.9 0.0 9.3 17.1 17.1 17.1 17.1 23.1 14.2 100.0 70.0 42.8 INMET_-_BOM_JESUS_(INMET)_(1054_m) -999.9 -999.9 -999.9 -999.9 -999.9 -999.9 -999.9 -999.9 Rio_Grande_do_Sul INMET -999.9 -999.9 -999.9
-28.669444 -50.441944 B856 2026-09-20_20:00 18.9 19.3 18.8 91 92 90 17.4 -999.9 -999.9 -999.9 -999.9 -999.9 5.0 340 14.4 -999.9 0.0 9.3 17.1 17.1 17.1 17.1 23.1 14.2 100.0 70.0 42.8 INMET_-_BOM_JESUS_(INMET)_(1054_m) -999.9 -999.9 -999.9 -999.9 -999.9 -999.9 -999.9 -999.9 Rio_Grande_do_Sul INMET -999.9 -999.9 -999.9
-28.669444 -50.441944 B856 2026-09-20_21:00 18.9 19.3 18.9 90 91 89 17.2 -999.9 -999.9 -999.9 -999.9 -999.9 5.0 353 18.4 -999.9 0.0 9.3 17.1 17.1 17.1 17.1 23.1 14.2 100.0 70.0 42.8 INMET_-_BOM_JESUS_(INMET)_(1054_m) -999.9 -999.9 -999.9 -999.9 -999.9 -999.9 -999.9 -999.9 Rio_Grande_do_Sul INMET -999.9 -999.9 -999.9
-28.669444 -50.441944 B856 2026-09-20_22:00 19 19 18.8 89 91 89 17.1 -999.9 -999.9 -999.9 -999.9 -999.9 6.1 352 26.6 -999.9 0.0 9.3 17.1 17.1 17.1 17.1 23.1 14.2 100.0 70.0 42.8 INMET_-_BOM_JESUS_(INMET)_(1054_m) -999.9 -999.9 -999.9 -999.9 -999.9 -999.9 -999.9 -999.9 Rio_Grande_do_Sul INMET -999.9 -999.9 -999.9
-28.669444 -50.441944 B856 2026-09-20_23:00 19.1 19.2 18.8 89 90 88 17.2 -999.9 -999.9 -999.9 -999.9 -999.9 9.0 10 29.2 -999.9 0.0 9.3 17.1 17.1 17.1 17.1 23.1 14.2 100.0 70.0 42.8 INMET_-_BOM_JESUS_(INMET)_(1054_m) -999.9 -999.9 -999.9 -999.9 -999.9 -999.9 -999.9 -999.9 Rio_Grande_do_Sul INMET -999.9 -999.9 -999.9
