-28.68518 -50.78305 17793 2026-07-31_00:10 -999.9 -999.9 -999.9 -999.9 -999.9 -999.9 -999.9 -999.9 -999.9 -999.9 -999.9 -999.9 -999.9 -999.9 -999.9 -999.9 -999.9 0.0 41.2 102.6 121.0 200.8 -999.9 -999.9 -999.9 -999.9 -999.9 CEMADEN_-_Monte_Alegre_dos_Campos_-_G2-431237701A_(962_m) -999.9 -999.9 -999.9 -999.9 -999.9 -999.9 -999.9 -999.9 Rio_Grande_do_Sul CEMADEN -999.9 0.0 -999.9
-28.68518 -50.78305 17793 2026-07-31_01:10 -999.9 -999.9 -999.9 -999.9 -999.9 -999.9 -999.9 -999.9 -999.9 -999.9 -999.9 -999.9 -999.9 -999.9 -999.9 -999.9 -999.9 0.0 39.2 102.6 121.0 200.8 -999.9 -999.9 -999.9 -999.9 -999.9 CEMADEN_-_Monte_Alegre_dos_Campos_-_G2-431237701A_(962_m) -999.9 -999.9 -999.9 -999.9 -999.9 -999.9 -999.9 -999.9 Rio_Grande_do_Sul CEMADEN -999.9 0.0 -999.9
-28.68518 -50.78305 17793 2026-07-31_02:10 -999.9 -999.9 -999.9 -999.9 -999.9 -999.9 -999.9 -999.9 -999.9 -999.9 -999.9 -999.9 -999.9 -999.9 -999.9 -999.9 -999.9 0.0 24.6 102.6 121.0 200.8 -999.9 -999.9 -999.9 -999.9 -999.9 CEMADEN_-_Monte_Alegre_dos_Campos_-_G2-431237701A_(962_m) -999.9 -999.9 -999.9 -999.9 -999.9 -999.9 -999.9 -999.9 Rio_Grande_do_Sul CEMADEN -999.9 0.0 -999.9
-28.68518 -50.78305 17793 2026-07-31_03:10 -999.9 -999.9 -999.9 -999.9 -999.9 -999.9 -999.9 -999.9 -999.9 -999.9 -999.9 -999.9 -999.9 -999.9 -999.9 -999.9 -999.9 0.0 20.2 102.6 121.0 200.8 -999.9 -999.9 -999.9 -999.9 -999.9 CEMADEN_-_Monte_Alegre_dos_Campos_-_G2-431237701A_(962_m) -999.9 -999.9 -999.9 -999.9 -999.9 -999.9 -999.9 -999.9 Rio_Grande_do_Sul CEMADEN -999.9 0.0 -999.9
-28.68518 -50.78305 17793 2026-07-31_04:10 -999.9 -999.9 -999.9 -999.9 -999.9 -999.9 -999.9 -999.9 -999.9 -999.9 -999.9 -999.9 -999.9 -999.9 -999.9 -999.9 -999.9 0.0 12.2 102.6 121.0 200.8 -999.9 -999.9 -999.9 -999.9 -999.9 CEMADEN_-_Monte_Alegre_dos_Campos_-_G2-431237701A_(962_m) -999.9 -999.9 -999.9 -999.9 -999.9 -999.9 -999.9 -999.9 Rio_Grande_do_Sul CEMADEN -999.9 0.0 -999.9
-28.68518 -50.78305 17793 2026-07-31_05:10 -999.9 -999.9 -999.9 -999.9 -999.9 -999.9 -999.9 -999.9 -999.9 -999.9 -999.9 -999.9 -999.9 -999.9 -999.9 -999.9 -999.9 0.0 6.2 102.6 121.0 200.8 -999.9 -999.9 -999.9 -999.9 -999.9 CEMADEN_-_Monte_Alegre_dos_Campos_-_G2-431237701A_(962_m) -999.9 -999.9 -999.9 -999.9 -999.9 -999.9 -999.9 -999.9 Rio_Grande_do_Sul CEMADEN -999.9 0.0 -999.9
-28.68518 -50.78305 17793 2026-07-31_06:10 -999.9 -999.9 -999.9 -999.9 -999.9 -999.9 -999.9 -999.9 -999.9 -999.9 -999.9 -999.9 -999.9 -999.9 -999.9 -999.9 -999.9 0.0 2.0 96.8 121.0 200.8 -999.9 -999.9 -999.9 -999.9 -999.9 CEMADEN_-_Monte_Alegre_dos_Campos_-_G2-431237701A_(962_m) -999.9 -999.9 -999.9 -999.9 -999.9 -999.9 -999.9 -999.9 Rio_Grande_do_Sul CEMADEN -999.9 0.0 -999.9
-28.68518 -50.78305 17793 2026-07-31_07:10 -999.9 -999.9 -999.9 -999.9 -999.9 -999.9 -999.9 -999.9 -999.9 -999.9 -999.9 -999.9 -999.9 -999.9 -999.9 -999.9 -999.9 0.0 0.2 82.0 121.0 200.8 -999.9 -999.9 -999.9 -999.9 -999.9 CEMADEN_-_Monte_Alegre_dos_Campos_-_G2-431237701A_(962_m) -999.9 -999.9 -999.9 -999.9 -999.9 -999.9 -999.9 -999.9 Rio_Grande_do_Sul CEMADEN -999.9 0.0 -999.9
-28.68518 -50.78305 17793 2026-07-31_08:10 -999.9 -999.9 -999.9 -999.9 -999.9 -999.9 -999.9 -999.9 -999.9 -999.9 -999.9 -999.9 -999.9 -999.9 -999.9 -999.9 -999.9 0.0 0.2 78.0 121.0 200.8 -999.9 -999.9 -999.9 -999.9 -999.9 CEMADEN_-_Monte_Alegre_dos_Campos_-_G2-431237701A_(962_m) -999.9 -999.9 -999.9 -999.9 -999.9 -999.9 -999.9 -999.9 Rio_Grande_do_Sul CEMADEN -999.9 0.0 -999.9
-28.68518 -50.78305 17793 2026-07-31_09:10 -999.9 -999.9 -999.9 -999.9 -999.9 -999.9 -999.9 -999.9 -999.9 -999.9 -999.9 -999.9 -999.9 -999.9 -999.9 -999.9 -999.9 0.0 0.2 70.4 121.0 200.8 -999.9 -999.9 -999.9 -999.9 -999.9 CEMADEN_-_Monte_Alegre_dos_Campos_-_G2-431237701A_(962_m) -999.9 -999.9 -999.9 -999.9 -999.9 -999.9 -999.9 -999.9 Rio_Grande_do_Sul CEMADEN -999.9 0.0 -999.9
-28.68518 -50.78305 17793 2026-07-31_10:10 -999.9 -999.9 -999.9 -999.9 -999.9 -999.9 -999.9 -999.9 -999.9 -999.9 -999.9 -999.9 -999.9 -999.9 -999.9 -999.9 -999.9 0.0 0.2 63.2 121.0 200.8 -999.9 -999.9 -999.9 -999.9 -999.9 CEMADEN_-_Monte_Alegre_dos_Campos_-_G2-431237701A_(962_m) -999.9 -999.9 -999.9 -999.9 -999.9 -999.9 -999.9 -999.9 Rio_Grande_do_Sul CEMADEN -999.9 0.0 -999.9
-28.68518 -50.78305 17793 2026-07-31_11:10 -999.9 -999.9 -999.9 -999.9 -999.9 -999.9 -999.9 -999.9 -999.9 -999.9 -999.9 -999.9 -999.9 -999.9 -999.9 -999.9 -999.9 0.0 0.2 59.2 121.0 200.8 -999.9 -999.9 -999.9 -999.9 -999.9 CEMADEN_-_Monte_Alegre_dos_Campos_-_G2-431237701A_(962_m) -999.9 -999.9 -999.9 -999.9 -999.9 -999.9 -999.9 -999.9 Rio_Grande_do_Sul CEMADEN -999.9 0.0 -999.9
-28.68518 -50.78305 17793 2026-07-31_12:10 -999.9 -999.9 -999.9 -999.9 -999.9 -999.9 -999.9 -999.9 -999.9 -999.9 -999.9 -999.9 -999.9 -999.9 -999.9 -999.9 -999.9 0.0 0.2 55.6 121.0 200.8 -999.9 -999.9 -999.9 -999.9 -999.9 CEMADEN_-_Monte_Alegre_dos_Campos_-_G2-431237701A_(962_m) -999.9 -999.9 -999.9 -999.9 -999.9 -999.9 -999.9 -999.9 Rio_Grande_do_Sul CEMADEN -999.9 0.0 -999.9
-28.68518 -50.78305 17793 2026-07-31_13:10 -999.9 -999.9 -999.9 -999.9 -999.9 -999.9 -999.9 -999.9 -999.9 -999.9 -999.9 -999.9 -999.9 -999.9 -999.9 -999.9 -999.9 0.0 0.2 52.6 121.0 200.8 -999.9 -999.9 -999.9 -999.9 -999.9 CEMADEN_-_Monte_Alegre_dos_Campos_-_G2-431237701A_(962_m) -999.9 -999.9 -999.9 -999.9 -999.9 -999.9 -999.9 -999.9 Rio_Grande_do_Sul CEMADEN -999.9 0.0 -999.9
-28.68518 -50.78305 17793 2026-07-31_14:10 -999.9 -999.9 -999.9 -999.9 -999.9 -999.9 -999.9 -999.9 -999.9 -999.9 -999.9 -999.9 -999.9 -999.9 -999.9 -999.9 -999.9 0.0 0.2 48.6 121.0 200.8 -999.9 -999.9 -999.9 -999.9 -999.9 CEMADEN_-_Monte_Alegre_dos_Campos_-_G2-431237701A_(962_m) -999.9 -999.9 -999.9 -999.9 -999.9 -999.9 -999.9 -999.9 Rio_Grande_do_Sul CEMADEN -999.9 0.0 -999.9
-28.68518 -50.78305 17793 2026-07-31_15:10 -999.9 -999.9 -999.9 -999.9 -999.9 -999.9 -999.9 -999.9 -999.9 -999.9 -999.9 -999.9 -999.9 -999.9 -999.9 -999.9 -999.9 0.0 0.2 44.6 121.0 200.8 -999.9 -999.9 -999.9 -999.9 -999.9 CEMADEN_-_Monte_Alegre_dos_Campos_-_G2-431237701A_(962_m) -999.9 -999.9 -999.9 -999.9 -999.9 -999.9 -999.9 -999.9 Rio_Grande_do_Sul CEMADEN -999.9 0.0 -999.9
-28.68518 -50.78305 17793 2026-07-31_16:10 -999.9 -999.9 -999.9 -999.9 -999.9 -999.9 -999.9 -999.9 -999.9 -999.9 -999.9 -999.9 -999.9 -999.9 -999.9 -999.9 -999.9 0.0 0.2 42.6 121.0 200.8 -999.9 -999.9 -999.9 -999.9 -999.9 CEMADEN_-_Monte_Alegre_dos_Campos_-_G2-431237701A_(962_m) -999.9 -999.9 -999.9 -999.9 -999.9 -999.9 -999.9 -999.9 Rio_Grande_do_Sul CEMADEN -999.9 0.0 -999.9
-28.68518 -50.78305 17793 2026-07-31_17:10 -999.9 -999.9 -999.9 -999.9 -999.9 -999.9 -999.9 -999.9 -999.9 -999.9 -999.9 -999.9 -999.9 -999.9 -999.9 -999.9 -999.9 0.0 0.2 42.2 121.0 200.8 -999.9 -999.9 -999.9 -999.9 -999.9 CEMADEN_-_Monte_Alegre_dos_Campos_-_G2-431237701A_(962_m) -999.9 -999.9 -999.9 -999.9 -999.9 -999.9 -999.9 -999.9 Rio_Grande_do_Sul CEMADEN -999.9 0.0 -999.9
-28.68518 -50.78305 17793 2026-07-31_18:10 -999.9 -999.9 -999.9 -999.9 -999.9 -999.9 -999.9 -999.9 -999.9 -999.9 -999.9 -999.9 -999.9 -999.9 -999.9 -999.9 -999.9 0.0 0.2 42.0 121.0 200.8 -999.9 -999.9 -999.9 -999.9 -999.9 CEMADEN_-_Monte_Alegre_dos_Campos_-_G2-431237701A_(962_m) -999.9 -999.9 -999.9 -999.9 -999.9 -999.9 -999.9 -999.9 Rio_Grande_do_Sul CEMADEN -999.9 0.0 -999.9
-28.68518 -50.78305 17793 2026-07-31_19:10 -999.9 -999.9 -999.9 -999.9 -999.9 -999.9 -999.9 -999.9 -999.9 -999.9 -999.9 -999.9 -999.9 -999.9 -999.9 -999.9 -999.9 -1.0 0.2 42.0 120.0 199.8 -999.9 -999.9 -999.9 -999.9 -999.9 CEMADEN_-_Monte_Alegre_dos_Campos_-_G2-431237701A_(962_m) -999.9 -999.9 -999.9 -999.9 -999.9 -999.9 -999.9 -999.9 Rio_Grande_do_Sul CEMADEN -999.9 -1.0 -999.9
-28.68518 -50.78305 17793 2026-07-31_20:10 -999.9 -999.9 -999.9 -999.9 -999.9 -999.9 -999.9 -999.9 -999.9 -999.9 -999.9 -999.9 -999.9 -999.9 -999.9 -999.9 -999.9 -18.4 0.2 41.4 102.6 182.4 -999.9 -999.9 -999.9 -999.9 -999.9 CEMADEN_-_Monte_Alegre_dos_Campos_-_G2-431237701A_(962_m) -999.9 -999.9 -999.9 -999.9 -999.9 -999.9 -999.9 -999.9 Rio_Grande_do_Sul CEMADEN -999.9 -17.4 -999.9
-28.68518 -50.78305 17793 2026-07-31_21:10 -999.9 -999.9 -999.9 -999.9 -999.9 -999.9 -999.9 -999.9 -999.9 -999.9 -999.9 -999.9 -999.9 -999.9 -999.9 -999.9 -999.9 -18.4 0.2 41.2 102.6 182.4 -999.9 -999.9 -999.9 -999.9 -999.9 CEMADEN_-_Monte_Alegre_dos_Campos_-_G2-431237701A_(962_m) -999.9 -999.9 -999.9 -999.9 -999.9 -999.9 -999.9 -999.9 Rio_Grande_do_Sul CEMADEN -999.9 0.0 -999.9
-28.68518 -50.78305 17793 2026-07-31_22:10 -999.9 -999.9 -999.9 -999.9 -999.9 -999.9 -999.9 -999.9 -999.9 -999.9 -999.9 -999.9 -999.9 -999.9 -999.9 -999.9 -999.9 -18.4 0.2 41.2 102.6 182.4 -999.9 -999.9 -999.9 -999.9 -999.9 CEMADEN_-_Monte_Alegre_dos_Campos_-_G2-431237701A_(962_m) -999.9 -999.9 -999.9 -999.9 -999.9 -999.9 -999.9 -999.9 Rio_Grande_do_Sul CEMADEN -999.9 0.0 -999.9
-28.68518 -50.78305 17793 2026-07-31_23:10 -999.9 -999.9 -999.9 -999.9 -999.9 -999.9 -999.9 -999.9 -999.9 -999.9 -999.9 -999.9 -999.9 -999.9 -999.9 -999.9 -999.9 -18.4 0.2 41.2 102.6 182.4 -999.9 -999.9 -999.9 -999.9 -999.9 CEMADEN_-_Monte_Alegre_dos_Campos_-_G2-431237701A_(962_m) -999.9 -999.9 -999.9 -999.9 -999.9 -999.9 -999.9 -999.9 Rio_Grande_do_Sul CEMADEN -999.9 0.0 -999.9
