-29.10275 -50.63405 16914 2026-09-03_00:10 -999.9 -999.9 -999.9 -999.9 -999.9 -999.9 -999.9 -999.9 -999.9 -999.9 -999.9 -999.9 -999.9 -999.9 -999.9 -999.9 -999.9 0.0 2.0 8.4 40.0 155.6 -999.9 -999.9 -999.9 -999.9 -999.9 CEMADEN_-_São_Francisco_de_Paula_-_G2-Escola_D._Pedro_I_(867_m) -999.9 -999.9 -999.9 -999.9 -999.9 -999.9 -999.9 -999.9 Rio_Grande_do_Sul CEMADEN -999.9 0.0 -999.9
-29.10275 -50.63405 16914 2026-09-03_01:10 -999.9 -999.9 -999.9 -999.9 -999.9 -999.9 -999.9 -999.9 -999.9 -999.9 -999.9 -999.9 -999.9 -999.9 -999.9 -999.9 -999.9 0.0 2.0 8.4 40.0 155.6 -999.9 -999.9 -999.9 -999.9 -999.9 CEMADEN_-_São_Francisco_de_Paula_-_G2-Escola_D._Pedro_I_(867_m) -999.9 -999.9 -999.9 -999.9 -999.9 -999.9 -999.9 -999.9 Rio_Grande_do_Sul CEMADEN -999.9 0.0 -999.9
-29.10275 -50.63405 16914 2026-09-03_02:10 -999.9 -999.9 -999.9 -999.9 -999.9 -999.9 -999.9 -999.9 -999.9 -999.9 -999.9 -999.9 -999.9 -999.9 -999.9 -999.9 -999.9 0.0 1.8 8.4 40.0 155.6 -999.9 -999.9 -999.9 -999.9 -999.9 CEMADEN_-_São_Francisco_de_Paula_-_G2-Escola_D._Pedro_I_(867_m) -999.9 -999.9 -999.9 -999.9 -999.9 -999.9 -999.9 -999.9 Rio_Grande_do_Sul CEMADEN -999.9 0.0 -999.9
-29.10275 -50.63405 16914 2026-09-03_03:10 -999.9 -999.9 -999.9 -999.9 -999.9 -999.9 -999.9 -999.9 -999.9 -999.9 -999.9 -999.9 -999.9 -999.9 -999.9 -999.9 -999.9 0.0 1.2 5.6 40.0 155.6 -999.9 -999.9 -999.9 -999.9 -999.9 CEMADEN_-_São_Francisco_de_Paula_-_G2-Escola_D._Pedro_I_(867_m) -999.9 -999.9 -999.9 -999.9 -999.9 -999.9 -999.9 -999.9 Rio_Grande_do_Sul CEMADEN -999.9 0.0 -999.9
-29.10275 -50.63405 16914 2026-09-03_04:10 -999.9 -999.9 -999.9 -999.9 -999.9 -999.9 -999.9 -999.9 -999.9 -999.9 -999.9 -999.9 -999.9 -999.9 -999.9 -999.9 -999.9 0.0 0.8 5.6 40.0 155.6 -999.9 -999.9 -999.9 -999.9 -999.9 CEMADEN_-_São_Francisco_de_Paula_-_G2-Escola_D._Pedro_I_(867_m) -999.9 -999.9 -999.9 -999.9 -999.9 -999.9 -999.9 -999.9 Rio_Grande_do_Sul CEMADEN -999.9 0.0 -999.9
-29.10275 -50.63405 16914 2026-09-03_05:10 -999.9 -999.9 -999.9 -999.9 -999.9 -999.9 -999.9 -999.9 -999.9 -999.9 -999.9 -999.9 -999.9 -999.9 -999.9 -999.9 -999.9 0.0 0.8 5.6 40.0 155.6 -999.9 -999.9 -999.9 -999.9 -999.9 CEMADEN_-_São_Francisco_de_Paula_-_G2-Escola_D._Pedro_I_(867_m) -999.9 -999.9 -999.9 -999.9 -999.9 -999.9 -999.9 -999.9 Rio_Grande_do_Sul CEMADEN -999.9 0.0 -999.9
-29.10275 -50.63405 16914 2026-09-03_06:10 -999.9 -999.9 -999.9 -999.9 -999.9 -999.9 -999.9 -999.9 -999.9 -999.9 -999.9 -999.9 -999.9 -999.9 -999.9 -999.9 -999.9 0.0 0.8 5.6 40.0 155.6 -999.9 -999.9 -999.9 -999.9 -999.9 CEMADEN_-_São_Francisco_de_Paula_-_G2-Escola_D._Pedro_I_(867_m) -999.9 -999.9 -999.9 -999.9 -999.9 -999.9 -999.9 -999.9 Rio_Grande_do_Sul CEMADEN -999.9 0.0 -999.9
-29.10275 -50.63405 16914 2026-09-03_07:10 -999.9 -999.9 -999.9 -999.9 -999.9 -999.9 -999.9 -999.9 -999.9 -999.9 -999.9 -999.9 -999.9 -999.9 -999.9 -999.9 -999.9 0.0 0.8 5.6 40.0 155.6 -999.9 -999.9 -999.9 -999.9 -999.9 CEMADEN_-_São_Francisco_de_Paula_-_G2-Escola_D._Pedro_I_(867_m) -999.9 -999.9 -999.9 -999.9 -999.9 -999.9 -999.9 -999.9 Rio_Grande_do_Sul CEMADEN -999.9 0.0 -999.9
-29.10275 -50.63405 16914 2026-09-03_08:10 -999.9 -999.9 -999.9 -999.9 -999.9 -999.9 -999.9 -999.9 -999.9 -999.9 -999.9 -999.9 -999.9 -999.9 -999.9 -999.9 -999.9 0.0 0.8 5.6 40.0 155.6 -999.9 -999.9 -999.9 -999.9 -999.9 CEMADEN_-_São_Francisco_de_Paula_-_G2-Escola_D._Pedro_I_(867_m) -999.9 -999.9 -999.9 -999.9 -999.9 -999.9 -999.9 -999.9 Rio_Grande_do_Sul CEMADEN -999.9 0.0 -999.9
-29.10275 -50.63405 16914 2026-09-03_09:10 -999.9 -999.9 -999.9 -999.9 -999.9 -999.9 -999.9 -999.9 -999.9 -999.9 -999.9 -999.9 -999.9 -999.9 -999.9 -999.9 -999.9 0.0 0.8 5.6 40.0 155.6 -999.9 -999.9 -999.9 -999.9 -999.9 CEMADEN_-_São_Francisco_de_Paula_-_G2-Escola_D._Pedro_I_(867_m) -999.9 -999.9 -999.9 -999.9 -999.9 -999.9 -999.9 -999.9 Rio_Grande_do_Sul CEMADEN -999.9 0.0 -999.9
-29.10275 -50.63405 16914 2026-09-03_10:10 -999.9 -999.9 -999.9 -999.9 -999.9 -999.9 -999.9 -999.9 -999.9 -999.9 -999.9 -999.9 -999.9 -999.9 -999.9 -999.9 -999.9 0.0 0.8 5.6 40.0 155.6 -999.9 -999.9 -999.9 -999.9 -999.9 CEMADEN_-_São_Francisco_de_Paula_-_G2-Escola_D._Pedro_I_(867_m) -999.9 -999.9 -999.9 -999.9 -999.9 -999.9 -999.9 -999.9 Rio_Grande_do_Sul CEMADEN -999.9 0.0 -999.9
-29.10275 -50.63405 16914 2026-09-03_11:10 -999.9 -999.9 -999.9 -999.9 -999.9 -999.9 -999.9 -999.9 -999.9 -999.9 -999.9 -999.9 -999.9 -999.9 -999.9 -999.9 -999.9 0.0 0.6 5.6 40.0 155.6 -999.9 -999.9 -999.9 -999.9 -999.9 CEMADEN_-_São_Francisco_de_Paula_-_G2-Escola_D._Pedro_I_(867_m) -999.9 -999.9 -999.9 -999.9 -999.9 -999.9 -999.9 -999.9 Rio_Grande_do_Sul CEMADEN -999.9 0.0 -999.9
-29.10275 -50.63405 16914 2026-09-03_12:10 -999.9 -999.9 -999.9 -999.9 -999.9 -999.9 -999.9 -999.9 -999.9 -999.9 -999.9 -999.9 -999.9 -999.9 -999.9 -999.9 -999.9 0.0 0.4 5.6 40.0 155.6 -999.9 -999.9 -999.9 -999.9 -999.9 CEMADEN_-_São_Francisco_de_Paula_-_G2-Escola_D._Pedro_I_(867_m) -999.9 -999.9 -999.9 -999.9 -999.9 -999.9 -999.9 -999.9 Rio_Grande_do_Sul CEMADEN -999.9 0.0 -999.9
-29.10275 -50.63405 16914 2026-09-03_13:10 -999.9 -999.9 -999.9 -999.9 -999.9 -999.9 -999.9 -999.9 -999.9 -999.9 -999.9 -999.9 -999.9 -999.9 -999.9 -999.9 -999.9 -2.8 0.4 5.6 37.2 152.8 -999.9 -999.9 -999.9 -999.9 -999.9 CEMADEN_-_São_Francisco_de_Paula_-_G2-Escola_D._Pedro_I_(867_m) -999.9 -999.9 -999.9 -999.9 -999.9 -999.9 -999.9 -999.9 Rio_Grande_do_Sul CEMADEN -999.9 -2.8 -999.9
-29.10275 -50.63405 16914 2026-09-03_14:10 -999.9 -999.9 -999.9 -999.9 -999.9 -999.9 -999.9 -999.9 -999.9 -999.9 -999.9 -999.9 -999.9 -999.9 -999.9 -999.9 -999.9 -3.8 0.2 5.6 36.2 151.8 -999.9 -999.9 -999.9 -999.9 -999.9 CEMADEN_-_São_Francisco_de_Paula_-_G2-Escola_D._Pedro_I_(867_m) -999.9 -999.9 -999.9 -999.9 -999.9 -999.9 -999.9 -999.9 Rio_Grande_do_Sul CEMADEN -999.9 -1.0 -999.9
-29.10275 -50.63405 16914 2026-09-03_15:10 -999.9 -999.9 -999.9 -999.9 -999.9 -999.9 -999.9 -999.9 -999.9 -999.9 -999.9 -999.9 -999.9 -999.9 -999.9 -999.9 -999.9 -10.0 0.2 4.2 30.0 145.6 -999.9 -999.9 -999.9 -999.9 -999.9 CEMADEN_-_São_Francisco_de_Paula_-_G2-Escola_D._Pedro_I_(867_m) -999.9 -999.9 -999.9 -999.9 -999.9 -999.9 -999.9 -999.9 Rio_Grande_do_Sul CEMADEN -999.9 -6.2 -999.9
-29.10275 -50.63405 16914 2026-09-03_16:10 -999.9 -999.9 -999.9 -999.9 -999.9 -999.9 -999.9 -999.9 -999.9 -999.9 -999.9 -999.9 -999.9 -999.9 -999.9 -999.9 -999.9 -13.0 0.2 2.8 27.0 142.6 -999.9 -999.9 -999.9 -999.9 -999.9 CEMADEN_-_São_Francisco_de_Paula_-_G2-Escola_D._Pedro_I_(867_m) -999.9 -999.9 -999.9 -999.9 -999.9 -999.9 -999.9 -999.9 Rio_Grande_do_Sul CEMADEN -999.9 -3.0 -999.9
-29.10275 -50.63405 16914 2026-09-03_17:10 -999.9 -999.9 -999.9 -999.9 -999.9 -999.9 -999.9 -999.9 -999.9 -999.9 -999.9 -999.9 -999.9 -999.9 -999.9 -999.9 -999.9 -13.6 0.2 2.6 26.4 142.0 -999.9 -999.9 -999.9 -999.9 -999.9 CEMADEN_-_São_Francisco_de_Paula_-_G2-Escola_D._Pedro_I_(867_m) -999.9 -999.9 -999.9 -999.9 -999.9 -999.9 -999.9 -999.9 Rio_Grande_do_Sul CEMADEN -999.9 -0.6 -999.9
-29.10275 -50.63405 16914 2026-09-03_18:10 -999.9 -999.9 -999.9 -999.9 -999.9 -999.9 -999.9 -999.9 -999.9 -999.9 -999.9 -999.9 -999.9 -999.9 -999.9 -999.9 -999.9 -15.0 0.2 2.2 25.0 140.6 -999.9 -999.9 -999.9 -999.9 -999.9 CEMADEN_-_São_Francisco_de_Paula_-_G2-Escola_D._Pedro_I_(867_m) -999.9 -999.9 -999.9 -999.9 -999.9 -999.9 -999.9 -999.9 Rio_Grande_do_Sul CEMADEN -999.9 -1.4 -999.9
-29.10275 -50.63405 16914 2026-09-03_19:10 -999.9 -999.9 -999.9 -999.9 -999.9 -999.9 -999.9 -999.9 -999.9 -999.9 -999.9 -999.9 -999.9 -999.9 -999.9 -999.9 -999.9 -19.2 -999.9 2.0 20.8 136.4 -999.9 -999.9 -999.9 -999.9 -999.9 CEMADEN_-_São_Francisco_de_Paula_-_G2-Escola_D._Pedro_I_(867_m) -999.9 -999.9 -999.9 -999.9 -999.9 -999.9 -999.9 -999.9 Rio_Grande_do_Sul CEMADEN -999.9 -4.2 -999.9
-29.10275 -50.63405 16914 2026-09-03_20:10 -999.9 -999.9 -999.9 -999.9 -999.9 -999.9 -999.9 -999.9 -999.9 -999.9 -999.9 -999.9 -999.9 -999.9 -999.9 -999.9 -999.9 -21.0 -999.9 2.0 19.0 134.6 -999.9 -999.9 -999.9 -999.9 -999.9 CEMADEN_-_São_Francisco_de_Paula_-_G2-Escola_D._Pedro_I_(867_m) -999.9 -999.9 -999.9 -999.9 -999.9 -999.9 -999.9 -999.9 Rio_Grande_do_Sul CEMADEN -999.9 -1.8 -999.9
-29.10275 -50.63405 16914 2026-09-03_21:10 -999.9 -999.9 -999.9 -999.9 -999.9 -999.9 -999.9 -999.9 -999.9 -999.9 -999.9 -999.9 -999.9 -999.9 -999.9 -999.9 -999.9 -21.0 -999.9 2.0 19.0 134.6 -999.9 -999.9 -999.9 -999.9 -999.9 CEMADEN_-_São_Francisco_de_Paula_-_G2-Escola_D._Pedro_I_(867_m) -999.9 -999.9 -999.9 -999.9 -999.9 -999.9 -999.9 -999.9 Rio_Grande_do_Sul CEMADEN -999.9 0.0 -999.9
-29.10275 -50.63405 16914 2026-09-03_22:10 -999.9 -999.9 -999.9 -999.9 -999.9 -999.9 -999.9 -999.9 -999.9 -999.9 -999.9 -999.9 -999.9 -999.9 -999.9 -999.9 -999.9 -30.8 -999.9 2.0 9.2 124.8 -999.9 -999.9 -999.9 -999.9 -999.9 CEMADEN_-_São_Francisco_de_Paula_-_G2-Escola_D._Pedro_I_(867_m) -999.9 -999.9 -999.9 -999.9 -999.9 -999.9 -999.9 -999.9 Rio_Grande_do_Sul CEMADEN -999.9 -9.8 -999.9
-29.10275 -50.63405 16914 2026-09-03_23:10 -999.9 -999.9 -999.9 -999.9 -999.9 -999.9 -999.9 -999.9 -999.9 -999.9 -999.9 -999.9 -999.9 -999.9 -999.9 -999.9 -999.9 -31.6 -999.9 2.0 8.4 124.0 -999.9 -999.9 -999.9 -999.9 -999.9 CEMADEN_-_São_Francisco_de_Paula_-_G2-Escola_D._Pedro_I_(867_m) -999.9 -999.9 -999.9 -999.9 -999.9 -999.9 -999.9 -999.9 Rio_Grande_do_Sul CEMADEN -999.9 -0.8 -999.9
