-28.68518 -50.78305 17793 2026-08-09_00:10 -999.9 -999.9 -999.9 -999.9 -999.9 -999.9 -999.9 -999.9 -999.9 -999.9 -999.9 -999.9 -999.9 -999.9 -999.9 -999.9 -999.9 0.0 7.8 37.4 38.6 69.2 -999.9 -999.9 -999.9 -999.9 -999.9 CEMADEN_-_Monte_Alegre_dos_Campos_-_G2-431237701A_(962_m) -999.9 -999.9 -999.9 -999.9 -999.9 -999.9 -999.9 -999.9 Rio_Grande_do_Sul CEMADEN -999.9 0.0 -999.9
-28.68518 -50.78305 17793 2026-08-09_01:10 -999.9 -999.9 -999.9 -999.9 -999.9 -999.9 -999.9 -999.9 -999.9 -999.9 -999.9 -999.9 -999.9 -999.9 -999.9 -999.9 -999.9 0.0 7.8 37.4 38.6 69.2 -999.9 -999.9 -999.9 -999.9 -999.9 CEMADEN_-_Monte_Alegre_dos_Campos_-_G2-431237701A_(962_m) -999.9 -999.9 -999.9 -999.9 -999.9 -999.9 -999.9 -999.9 Rio_Grande_do_Sul CEMADEN -999.9 0.0 -999.9
-28.68518 -50.78305 17793 2026-08-09_02:10 -999.9 -999.9 -999.9 -999.9 -999.9 -999.9 -999.9 -999.9 -999.9 -999.9 -999.9 -999.9 -999.9 -999.9 -999.9 -999.9 -999.9 0.0 7.8 37.4 38.6 69.2 -999.9 -999.9 -999.9 -999.9 -999.9 CEMADEN_-_Monte_Alegre_dos_Campos_-_G2-431237701A_(962_m) -999.9 -999.9 -999.9 -999.9 -999.9 -999.9 -999.9 -999.9 Rio_Grande_do_Sul CEMADEN -999.9 0.0 -999.9
-28.68518 -50.78305 17793 2026-08-09_03:10 -999.9 -999.9 -999.9 -999.9 -999.9 -999.9 -999.9 -999.9 -999.9 -999.9 -999.9 -999.9 -999.9 -999.9 -999.9 -999.9 -999.9 0.0 7.6 37.2 38.6 69.2 -999.9 -999.9 -999.9 -999.9 -999.9 CEMADEN_-_Monte_Alegre_dos_Campos_-_G2-431237701A_(962_m) -999.9 -999.9 -999.9 -999.9 -999.9 -999.9 -999.9 -999.9 Rio_Grande_do_Sul CEMADEN -999.9 0.0 -999.9
-28.68518 -50.78305 17793 2026-08-09_04:10 -999.9 -999.9 -999.9 -999.9 -999.9 -999.9 -999.9 -999.9 -999.9 -999.9 -999.9 -999.9 -999.9 -999.9 -999.9 -999.9 -999.9 0.0 7.6 37.2 38.6 69.2 -999.9 -999.9 -999.9 -999.9 -999.9 CEMADEN_-_Monte_Alegre_dos_Campos_-_G2-431237701A_(962_m) -999.9 -999.9 -999.9 -999.9 -999.9 -999.9 -999.9 -999.9 Rio_Grande_do_Sul CEMADEN -999.9 0.0 -999.9
-28.68518 -50.78305 17793 2026-08-09_05:00 -999.9 -999.9 -999.9 -999.9 -999.9 -999.9 -999.9 -999.9 -999.9 -999.9 -999.9 -999.9 -999.9 -999.9 -999.9 -999.9 -999.9 0.2 7.8 37.4 38.8 69.4 -999.9 -999.9 -999.9 -999.9 -999.9 CEMADEN_-_Monte_Alegre_dos_Campos_-_G2-431237701A_(962_m) -999.9 -999.9 -999.9 -999.9 -999.9 -999.9 -999.9 -999.9 Rio_Grande_do_Sul CEMADEN -999.9 0.2 -999.9
-28.68518 -50.78305 17793 2026-08-09_06:10 -999.9 -999.9 -999.9 -999.9 -999.9 -999.9 -999.9 -999.9 -999.9 -999.9 -999.9 -999.9 -999.9 -999.9 -999.9 -999.9 -999.9 0.2 7.8 37.4 38.8 69.4 -999.9 -999.9 -999.9 -999.9 -999.9 CEMADEN_-_Monte_Alegre_dos_Campos_-_G2-431237701A_(962_m) -999.9 -999.9 -999.9 -999.9 -999.9 -999.9 -999.9 -999.9 Rio_Grande_do_Sul CEMADEN -999.9 0.0 -999.9
-28.68518 -50.78305 17793 2026-08-09_07:10 -999.9 -999.9 -999.9 -999.9 -999.9 -999.9 -999.9 -999.9 -999.9 -999.9 -999.9 -999.9 -999.9 -999.9 -999.9 -999.9 -999.9 0.2 7.8 37.4 38.8 69.4 -999.9 -999.9 -999.9 -999.9 -999.9 CEMADEN_-_Monte_Alegre_dos_Campos_-_G2-431237701A_(962_m) -999.9 -999.9 -999.9 -999.9 -999.9 -999.9 -999.9 -999.9 Rio_Grande_do_Sul CEMADEN -999.9 0.0 -999.9
-28.68518 -50.78305 17793 2026-08-09_08:10 -999.9 -999.9 -999.9 -999.9 -999.9 -999.9 -999.9 -999.9 -999.9 -999.9 -999.9 -999.9 -999.9 -999.9 -999.9 -999.9 0.2 0.4 8.0 37.6 39.0 69.6 -999.9 -999.9 -999.9 -999.9 -999.9 CEMADEN_-_Monte_Alegre_dos_Campos_-_G2-431237701A_(962_m) -999.9 -999.9 -999.9 -999.9 -999.9 -999.9 -999.9 -999.9 Rio_Grande_do_Sul CEMADEN -999.9 0.2 -999.9
-28.68518 -50.78305 17793 2026-08-09_09:10 -999.9 -999.9 -999.9 -999.9 -999.9 -999.9 -999.9 -999.9 -999.9 -999.9 -999.9 -999.9 -999.9 -999.9 -999.9 -999.9 -999.9 0.0 8.0 37.6 38.6 69.2 -999.9 -999.9 -999.9 -999.9 -999.9 CEMADEN_-_Monte_Alegre_dos_Campos_-_G2-431237701A_(962_m) -999.9 -999.9 -999.9 -999.9 -999.9 -999.9 -999.9 -999.9 Rio_Grande_do_Sul CEMADEN -999.9 -0.4 -999.9
-28.68518 -50.78305 17793 2026-08-09_10:10 -999.9 -999.9 -999.9 -999.9 -999.9 -999.9 -999.9 -999.9 -999.9 -999.9 -999.9 -999.9 -999.9 -999.9 -999.9 -999.9 -999.9 -0.6 8.0 37.6 38.0 68.6 -999.9 -999.9 -999.9 -999.9 -999.9 CEMADEN_-_Monte_Alegre_dos_Campos_-_G2-431237701A_(962_m) -999.9 -999.9 -999.9 -999.9 -999.9 -999.9 -999.9 -999.9 Rio_Grande_do_Sul CEMADEN -999.9 -0.6 -999.9
-28.68518 -50.78305 17793 2026-08-09_11:10 -999.9 -999.9 -999.9 -999.9 -999.9 -999.9 -999.9 -999.9 -999.9 -999.9 -999.9 -999.9 -999.9 -999.9 -999.9 -999.9 -999.9 -0.8 8.0 37.6 37.8 68.4 -999.9 -999.9 -999.9 -999.9 -999.9 CEMADEN_-_Monte_Alegre_dos_Campos_-_G2-431237701A_(962_m) -999.9 -999.9 -999.9 -999.9 -999.9 -999.9 -999.9 -999.9 Rio_Grande_do_Sul CEMADEN -999.9 -0.2 -999.9
-28.68518 -50.78305 17793 2026-08-09_12:10 -999.9 -999.9 -999.9 -999.9 -999.9 -999.9 -999.9 -999.9 -999.9 -999.9 -999.9 -999.9 -999.9 -999.9 -999.9 -999.9 -999.9 -0.8 8.0 35.4 37.8 68.4 -999.9 -999.9 -999.9 -999.9 -999.9 CEMADEN_-_Monte_Alegre_dos_Campos_-_G2-431237701A_(962_m) -999.9 -999.9 -999.9 -999.9 -999.9 -999.9 -999.9 -999.9 Rio_Grande_do_Sul CEMADEN -999.9 0.0 -999.9
-28.68518 -50.78305 17793 2026-08-09_13:10 -999.9 -999.9 -999.9 -999.9 -999.9 -999.9 -999.9 -999.9 -999.9 -999.9 -999.9 -999.9 -999.9 -999.9 -999.9 -999.9 -999.9 -0.8 8.0 35.0 37.8 68.4 -999.9 -999.9 -999.9 -999.9 -999.9 CEMADEN_-_Monte_Alegre_dos_Campos_-_G2-431237701A_(962_m) -999.9 -999.9 -999.9 -999.9 -999.9 -999.9 -999.9 -999.9 Rio_Grande_do_Sul CEMADEN -999.9 0.0 -999.9
-28.68518 -50.78305 17793 2026-08-09_14:10 -999.9 -999.9 -999.9 -999.9 -999.9 -999.9 -999.9 -999.9 -999.9 -999.9 -999.9 -999.9 -999.9 -999.9 -999.9 -999.9 -999.9 -0.8 8.0 34.0 37.8 68.4 -999.9 -999.9 -999.9 -999.9 -999.9 CEMADEN_-_Monte_Alegre_dos_Campos_-_G2-431237701A_(962_m) -999.9 -999.9 -999.9 -999.9 -999.9 -999.9 -999.9 -999.9 Rio_Grande_do_Sul CEMADEN -999.9 0.0 -999.9
-28.68518 -50.78305 17793 2026-08-09_15:10 -999.9 -999.9 -999.9 -999.9 -999.9 -999.9 -999.9 -999.9 -999.9 -999.9 -999.9 -999.9 -999.9 -999.9 -999.9 -999.9 -999.9 -0.8 8.0 33.4 37.8 68.4 -999.9 -999.9 -999.9 -999.9 -999.9 CEMADEN_-_Monte_Alegre_dos_Campos_-_G2-431237701A_(962_m) -999.9 -999.9 -999.9 -999.9 -999.9 -999.9 -999.9 -999.9 Rio_Grande_do_Sul CEMADEN -999.9 0.0 -999.9
-28.68518 -50.78305 17793 2026-08-09_16:10 -999.9 -999.9 -999.9 -999.9 -999.9 -999.9 -999.9 -999.9 -999.9 -999.9 -999.9 -999.9 -999.9 -999.9 -999.9 -999.9 -999.9 -0.8 8.0 33.4 37.8 68.4 -999.9 -999.9 -999.9 -999.9 -999.9 CEMADEN_-_Monte_Alegre_dos_Campos_-_G2-431237701A_(962_m) -999.9 -999.9 -999.9 -999.9 -999.9 -999.9 -999.9 -999.9 Rio_Grande_do_Sul CEMADEN -999.9 0.0 -999.9
-28.68518 -50.78305 17793 2026-08-09_17:10 -999.9 -999.9 -999.9 -999.9 -999.9 -999.9 -999.9 -999.9 -999.9 -999.9 -999.9 -999.9 -999.9 -999.9 -999.9 -999.9 -999.9 -0.8 8.0 33.4 37.8 68.4 -999.9 -999.9 -999.9 -999.9 -999.9 CEMADEN_-_Monte_Alegre_dos_Campos_-_G2-431237701A_(962_m) -999.9 -999.9 -999.9 -999.9 -999.9 -999.9 -999.9 -999.9 Rio_Grande_do_Sul CEMADEN -999.9 0.0 -999.9
-28.68518 -50.78305 17793 2026-08-09_18:10 -999.9 -999.9 -999.9 -999.9 -999.9 -999.9 -999.9 -999.9 -999.9 -999.9 -999.9 -999.9 -999.9 -999.9 -999.9 -999.9 -999.9 -0.8 8.0 33.2 37.8 68.4 -999.9 -999.9 -999.9 -999.9 -999.9 CEMADEN_-_Monte_Alegre_dos_Campos_-_G2-431237701A_(962_m) -999.9 -999.9 -999.9 -999.9 -999.9 -999.9 -999.9 -999.9 Rio_Grande_do_Sul CEMADEN -999.9 0.0 -999.9
-28.68518 -50.78305 17793 2026-08-09_19:10 -999.9 -999.9 -999.9 -999.9 -999.9 -999.9 -999.9 -999.9 -999.9 -999.9 -999.9 -999.9 -999.9 -999.9 -999.9 -999.9 -999.9 -0.8 8.0 33.2 37.8 68.4 -999.9 -999.9 -999.9 -999.9 -999.9 CEMADEN_-_Monte_Alegre_dos_Campos_-_G2-431237701A_(962_m) -999.9 -999.9 -999.9 -999.9 -999.9 -999.9 -999.9 -999.9 Rio_Grande_do_Sul CEMADEN -999.9 0.0 -999.9
-28.68518 -50.78305 17793 2026-08-09_20:10 -999.9 -999.9 -999.9 -999.9 -999.9 -999.9 -999.9 -999.9 -999.9 -999.9 -999.9 -999.9 -999.9 -999.9 -999.9 -999.9 -999.9 -0.8 8.0 33.2 37.8 68.4 -999.9 -999.9 -999.9 -999.9 -999.9 CEMADEN_-_Monte_Alegre_dos_Campos_-_G2-431237701A_(962_m) -999.9 -999.9 -999.9 -999.9 -999.9 -999.9 -999.9 -999.9 Rio_Grande_do_Sul CEMADEN -999.9 0.0 -999.9
-28.68518 -50.78305 17793 2026-08-09_21:10 -999.9 -999.9 -999.9 -999.9 -999.9 -999.9 -999.9 -999.9 -999.9 -999.9 -999.9 -999.9 -999.9 -999.9 -999.9 -999.9 -999.9 -0.8 8.0 32.8 37.8 68.4 -999.9 -999.9 -999.9 -999.9 -999.9 CEMADEN_-_Monte_Alegre_dos_Campos_-_G2-431237701A_(962_m) -999.9 -999.9 -999.9 -999.9 -999.9 -999.9 -999.9 -999.9 Rio_Grande_do_Sul CEMADEN -999.9 0.0 -999.9
-28.68518 -50.78305 17793 2026-08-09_22:10 -999.9 -999.9 -999.9 -999.9 -999.9 -999.9 -999.9 -999.9 -999.9 -999.9 -999.9 -999.9 -999.9 -999.9 -999.9 -999.9 -999.9 -0.8 8.0 17.2 37.8 68.4 -999.9 -999.9 -999.9 -999.9 -999.9 CEMADEN_-_Monte_Alegre_dos_Campos_-_G2-431237701A_(962_m) -999.9 -999.9 -999.9 -999.9 -999.9 -999.9 -999.9 -999.9 Rio_Grande_do_Sul CEMADEN -999.9 0.0 -999.9
-28.68518 -50.78305 17793 2026-08-09_23:10 -999.9 -999.9 -999.9 -999.9 -999.9 -999.9 -999.9 -999.9 -999.9 -999.9 -999.9 -999.9 -999.9 -999.9 -999.9 -999.9 -999.9 -0.8 8.0 8.6 37.8 68.4 -999.9 -999.9 -999.9 -999.9 -999.9 CEMADEN_-_Monte_Alegre_dos_Campos_-_G2-431237701A_(962_m) -999.9 -999.9 -999.9 -999.9 -999.9 -999.9 -999.9 -999.9 Rio_Grande_do_Sul CEMADEN -999.9 0.0 -999.9
