-28.99433 -51.69655 16938 2026-09-01_00:10 -999.9 -999.9 -999.9 -999.9 -999.9 -999.9 -999.9 -999.9 -999.9 -999.9 -999.9 -999.9 -999.9 -999.9 -999.9 -999.9 -999.9 0.0 0.8 1.8 8.8 16.8 -999.9 -999.9 -999.9 -999.9 -999.9 CEMADEN_-_Cotiporã_-_G2-430595901A_(601_m) -999.9 -999.9 -999.9 -999.9 -999.9 -999.9 -999.9 -999.9 Rio_Grande_do_Sul CEMADEN -999.9 0.0 -999.9
-28.99433 -51.69655 16938 2026-09-01_01:10 -999.9 -999.9 -999.9 -999.9 -999.9 -999.9 -999.9 -999.9 -999.9 -999.9 -999.9 -999.9 -999.9 -999.9 -999.9 -999.9 -999.9 0.0 0.8 1.8 8.8 16.8 -999.9 -999.9 -999.9 -999.9 -999.9 CEMADEN_-_Cotiporã_-_G2-430595901A_(601_m) -999.9 -999.9 -999.9 -999.9 -999.9 -999.9 -999.9 -999.9 Rio_Grande_do_Sul CEMADEN -999.9 0.0 -999.9
-28.99433 -51.69655 16938 2026-09-01_02:10 -999.9 -999.9 -999.9 -999.9 -999.9 -999.9 -999.9 -999.9 -999.9 -999.9 -999.9 -999.9 -999.9 -999.9 -999.9 -999.9 -999.9 0.0 0.8 1.8 8.8 16.8 -999.9 -999.9 -999.9 -999.9 -999.9 CEMADEN_-_Cotiporã_-_G2-430595901A_(601_m) -999.9 -999.9 -999.9 -999.9 -999.9 -999.9 -999.9 -999.9 Rio_Grande_do_Sul CEMADEN -999.9 0.0 -999.9
-28.99433 -51.69655 16938 2026-09-01_03:10 -999.9 -999.9 -999.9 -999.9 -999.9 -999.9 -999.9 -999.9 -999.9 -999.9 -999.9 -999.9 -999.9 -999.9 -999.9 -999.9 -999.9 0.0 0.8 1.6 8.8 16.8 -999.9 -999.9 -999.9 -999.9 -999.9 CEMADEN_-_Cotiporã_-_G2-430595901A_(601_m) -999.9 -999.9 -999.9 -999.9 -999.9 -999.9 -999.9 -999.9 Rio_Grande_do_Sul CEMADEN -999.9 0.0 -999.9
-28.99433 -51.69655 16938 2026-09-01_04:10 -999.9 -999.9 -999.9 -999.9 -999.9 -999.9 -999.9 -999.9 -999.9 -999.9 -999.9 -999.9 -999.9 -999.9 -999.9 -999.9 -999.9 0.0 0.8 1.6 8.8 16.8 -999.9 -999.9 -999.9 -999.9 -999.9 CEMADEN_-_Cotiporã_-_G2-430595901A_(601_m) -999.9 -999.9 -999.9 -999.9 -999.9 -999.9 -999.9 -999.9 Rio_Grande_do_Sul CEMADEN -999.9 0.0 -999.9
-28.99433 -51.69655 16938 2026-09-01_05:10 -999.9 -999.9 -999.9 -999.9 -999.9 -999.9 -999.9 -999.9 -999.9 -999.9 -999.9 -999.9 -999.9 -999.9 -999.9 -999.9 -999.9 0.0 0.8 1.6 8.8 16.8 -999.9 -999.9 -999.9 -999.9 -999.9 CEMADEN_-_Cotiporã_-_G2-430595901A_(601_m) -999.9 -999.9 -999.9 -999.9 -999.9 -999.9 -999.9 -999.9 Rio_Grande_do_Sul CEMADEN -999.9 0.0 -999.9
-28.99433 -51.69655 16938 2026-09-01_05:30 -999.9 -999.9 -999.9 -999.9 -999.9 -999.9 -999.9 -999.9 -999.9 -999.9 -999.9 -999.9 -999.9 -999.9 -999.9 -999.9 -999.9 0.2 1.0 1.8 9.0 17.0 -999.9 -999.9 -999.9 -999.9 -999.9 CEMADEN_-_Cotiporã_-_G2-430595901A_(601_m) -999.9 -999.9 -999.9 -999.9 -999.9 -999.9 -999.9 -999.9 Rio_Grande_do_Sul CEMADEN -999.9 0.2 -999.9
-28.99433 -51.69655 16938 2026-09-01_07:20 -999.9 -999.9 -999.9 -999.9 -999.9 -999.9 -999.9 -999.9 -999.9 -999.9 -999.9 -999.9 -999.9 -999.9 -999.9 -999.9 -999.9 0.2 1.0 1.8 9.0 17.0 -999.9 -999.9 -999.9 -999.9 -999.9 CEMADEN_-_Cotiporã_-_G2-430595901A_(601_m) -999.9 -999.9 -999.9 -999.9 -999.9 -999.9 -999.9 -999.9 Rio_Grande_do_Sul CEMADEN -999.9 0.0 -999.9
-28.99433 -51.69655 16938 2026-09-01_08:10 -999.9 -999.9 -999.9 -999.9 -999.9 -999.9 -999.9 -999.9 -999.9 -999.9 -999.9 -999.9 -999.9 -999.9 -999.9 -999.9 -999.9 0.2 0.8 1.8 9.0 17.0 -999.9 -999.9 -999.9 -999.9 -999.9 CEMADEN_-_Cotiporã_-_G2-430595901A_(601_m) -999.9 -999.9 -999.9 -999.9 -999.9 -999.9 -999.9 -999.9 Rio_Grande_do_Sul CEMADEN -999.9 0.0 -999.9
-28.99433 -51.69655 16938 2026-09-01_09:10 -999.9 -999.9 -999.9 -999.9 -999.9 -999.9 -999.9 -999.9 -999.9 -999.9 -999.9 -999.9 -999.9 -999.9 -999.9 -999.9 -999.9 0.2 0.8 1.8 9.0 17.0 -999.9 -999.9 -999.9 -999.9 -999.9 CEMADEN_-_Cotiporã_-_G2-430595901A_(601_m) -999.9 -999.9 -999.9 -999.9 -999.9 -999.9 -999.9 -999.9 Rio_Grande_do_Sul CEMADEN -999.9 0.0 -999.9
-28.99433 -51.69655 16938 2026-09-01_10:10 -999.9 -999.9 -999.9 -999.9 -999.9 -999.9 -999.9 -999.9 -999.9 -999.9 -999.9 -999.9 -999.9 -999.9 -999.9 -999.9 -999.9 0.2 0.8 1.6 9.0 17.0 -999.9 -999.9 -999.9 -999.9 -999.9 CEMADEN_-_Cotiporã_-_G2-430595901A_(601_m) -999.9 -999.9 -999.9 -999.9 -999.9 -999.9 -999.9 -999.9 Rio_Grande_do_Sul CEMADEN -999.9 0.0 -999.9
-28.99433 -51.69655 16938 2026-09-01_11:10 -999.9 -999.9 -999.9 -999.9 -999.9 -999.9 -999.9 -999.9 -999.9 -999.9 -999.9 -999.9 -999.9 -999.9 -999.9 -999.9 -999.9 0.2 0.8 1.6 9.0 17.0 -999.9 -999.9 -999.9 -999.9 -999.9 CEMADEN_-_Cotiporã_-_G2-430595901A_(601_m) -999.9 -999.9 -999.9 -999.9 -999.9 -999.9 -999.9 -999.9 Rio_Grande_do_Sul CEMADEN -999.9 0.0 -999.9
-28.99433 -51.69655 16938 2026-09-01_12:10 -999.9 -999.9 -999.9 -999.9 -999.9 -999.9 -999.9 -999.9 -999.9 -999.9 -999.9 -999.9 -999.9 -999.9 -999.9 -999.9 -999.9 0.2 0.8 1.6 9.0 17.0 -999.9 -999.9 -999.9 -999.9 -999.9 CEMADEN_-_Cotiporã_-_G2-430595901A_(601_m) -999.9 -999.9 -999.9 -999.9 -999.9 -999.9 -999.9 -999.9 Rio_Grande_do_Sul CEMADEN -999.9 0.0 -999.9
-28.99433 -51.69655 16938 2026-09-01_13:10 -999.9 -999.9 -999.9 -999.9 -999.9 -999.9 -999.9 -999.9 -999.9 -999.9 -999.9 -999.9 -999.9 -999.9 -999.9 -999.9 -999.9 0.2 0.8 1.6 9.0 17.0 -999.9 -999.9 -999.9 -999.9 -999.9 CEMADEN_-_Cotiporã_-_G2-430595901A_(601_m) -999.9 -999.9 -999.9 -999.9 -999.9 -999.9 -999.9 -999.9 Rio_Grande_do_Sul CEMADEN -999.9 0.0 -999.9
-28.99433 -51.69655 16938 2026-09-01_14:10 -999.9 -999.9 -999.9 -999.9 -999.9 -999.9 -999.9 -999.9 -999.9 -999.9 -999.9 -999.9 -999.9 -999.9 -999.9 -999.9 -999.9 0.2 0.8 1.6 9.0 17.0 -999.9 -999.9 -999.9 -999.9 -999.9 CEMADEN_-_Cotiporã_-_G2-430595901A_(601_m) -999.9 -999.9 -999.9 -999.9 -999.9 -999.9 -999.9 -999.9 Rio_Grande_do_Sul CEMADEN -999.9 0.0 -999.9
-28.99433 -51.69655 16938 2026-09-01_15:10 -999.9 -999.9 -999.9 -999.9 -999.9 -999.9 -999.9 -999.9 -999.9 -999.9 -999.9 -999.9 -999.9 -999.9 -999.9 -999.9 -999.9 -5.4 0.8 1.6 3.4 11.4 -999.9 -999.9 -999.9 -999.9 -999.9 CEMADEN_-_Cotiporã_-_G2-430595901A_(601_m) -999.9 -999.9 -999.9 -999.9 -999.9 -999.9 -999.9 -999.9 Rio_Grande_do_Sul CEMADEN -999.9 -5.6 -999.9
-28.99433 -51.69655 16938 2026-09-01_16:10 -999.9 -999.9 -999.9 -999.9 -999.9 -999.9 -999.9 -999.9 -999.9 -999.9 -999.9 -999.9 -999.9 -999.9 -999.9 -999.9 -999.9 -6.2 0.6 1.6 2.6 10.6 -999.9 -999.9 -999.9 -999.9 -999.9 CEMADEN_-_Cotiporã_-_G2-430595901A_(601_m) -999.9 -999.9 -999.9 -999.9 -999.9 -999.9 -999.9 -999.9 Rio_Grande_do_Sul CEMADEN -999.9 -0.8 -999.9
-28.99433 -51.69655 16938 2026-09-01_17:10 -999.9 -999.9 -999.9 -999.9 -999.9 -999.9 -999.9 -999.9 -999.9 -999.9 -999.9 -999.9 -999.9 -999.9 -999.9 -999.9 -999.9 -6.4 0.6 1.4 2.4 10.4 -999.9 -999.9 -999.9 -999.9 -999.9 CEMADEN_-_Cotiporã_-_G2-430595901A_(601_m) -999.9 -999.9 -999.9 -999.9 -999.9 -999.9 -999.9 -999.9 Rio_Grande_do_Sul CEMADEN -999.9 -0.2 -999.9
-28.99433 -51.69655 16938 2026-09-01_18:10 -999.9 -999.9 -999.9 -999.9 -999.9 -999.9 -999.9 -999.9 -999.9 -999.9 -999.9 -999.9 -999.9 -999.9 -999.9 -999.9 -999.9 -6.6 0.6 1.4 2.2 10.2 -999.9 -999.9 -999.9 -999.9 -999.9 CEMADEN_-_Cotiporã_-_G2-430595901A_(601_m) -999.9 -999.9 -999.9 -999.9 -999.9 -999.9 -999.9 -999.9 Rio_Grande_do_Sul CEMADEN -999.9 -0.2 -999.9
-28.99433 -51.69655 16938 2026-09-01_19:10 -999.9 -999.9 -999.9 -999.9 -999.9 -999.9 -999.9 -999.9 -999.9 -999.9 -999.9 -999.9 -999.9 -999.9 -999.9 -999.9 -999.9 -6.4 0.8 1.6 2.4 10.4 -999.9 -999.9 -999.9 -999.9 -999.9 CEMADEN_-_Cotiporã_-_G2-430595901A_(601_m) -999.9 -999.9 -999.9 -999.9 -999.9 -999.9 -999.9 -999.9 Rio_Grande_do_Sul CEMADEN -999.9 0.2 -999.9
-28.99433 -51.69655 16938 2026-09-01_22:10 -999.9 -999.9 -999.9 -999.9 -999.9 -999.9 -999.9 -999.9 -999.9 -999.9 -999.9 -999.9 -999.9 -999.9 -999.9 -999.9 -999.9 -6.6 0.8 1.4 2.2 10.2 -999.9 -999.9 -999.9 -999.9 -999.9 CEMADEN_-_Cotiporã_-_G2-430595901A_(601_m) -999.9 -999.9 -999.9 -999.9 -999.9 -999.9 -999.9 -999.9 Rio_Grande_do_Sul CEMADEN -999.9 -0.2 -999.9
-28.99433 -51.69655 16938 2026-09-01_23:10 -999.9 -999.9 -999.9 -999.9 -999.9 -999.9 -999.9 -999.9 -999.9 -999.9 -999.9 -999.9 -999.9 -999.9 -999.9 -999.9 -999.9 -6.6 0.8 1.2 2.2 10.2 -999.9 -999.9 -999.9 -999.9 -999.9 CEMADEN_-_Cotiporã_-_G2-430595901A_(601_m) -999.9 -999.9 -999.9 -999.9 -999.9 -999.9 -999.9 -999.9 Rio_Grande_do_Sul CEMADEN -999.9 0.0 -999.9
