-28.6851 -50.7831 17793 2026-09-13_00:10 -999.9 -999.9 -999.9 -999.9 -999.9 -999.9 -999.9 -999.9 -999.9 -999.9 -999.9 -999.9 -999.9 -999.9 -999.9 -999.9 -999.9 0.0 44.0 46 53.0 60.0 -999.9 -999.9 -999.9 -999.9 -999.9 CEMADEN_-_Monte_Alegre_dos_Campos_-_G2-431237701A_(964_m) -999.9 -999.9 -999.9 -999.9 -999.9 -999.9 -999.9 -999.9 Rio_Grande_do_Sul CEMADEN -999.9 0.0 -999.9
-28.6851 -50.7831 17793 2026-09-13_01:10 -999.9 -999.9 -999.9 -999.9 -999.9 -999.9 -999.9 -999.9 -999.9 -999.9 -999.9 -999.9 -999.9 -999.9 -999.9 -999.9 -999.9 0.0 43.8 46 53.0 60.0 -999.9 -999.9 -999.9 -999.9 -999.9 CEMADEN_-_Monte_Alegre_dos_Campos_-_G2-431237701A_(964_m) -999.9 -999.9 -999.9 -999.9 -999.9 -999.9 -999.9 -999.9 Rio_Grande_do_Sul CEMADEN -999.9 0.0 -999.9
-28.6851 -50.7831 17793 2026-09-13_02:10 -999.9 -999.9 -999.9 -999.9 -999.9 -999.9 -999.9 -999.9 -999.9 -999.9 -999.9 -999.9 -999.9 -999.9 -999.9 -999.9 -999.9 0.0 43.8 46 53.0 60.0 -999.9 -999.9 -999.9 -999.9 -999.9 CEMADEN_-_Monte_Alegre_dos_Campos_-_G2-431237701A_(964_m) -999.9 -999.9 -999.9 -999.9 -999.9 -999.9 -999.9 -999.9 Rio_Grande_do_Sul CEMADEN -999.9 0.0 -999.9
-28.6851 -50.7831 17793 2026-09-13_03:10 -999.9 -999.9 -999.9 -999.9 -999.9 -999.9 -999.9 -999.9 -999.9 -999.9 -999.9 -999.9 -999.9 -999.9 -999.9 -999.9 -999.9 0.0 43.2 46 53.0 60.0 -999.9 -999.9 -999.9 -999.9 -999.9 CEMADEN_-_Monte_Alegre_dos_Campos_-_G2-431237701A_(964_m) -999.9 -999.9 -999.9 -999.9 -999.9 -999.9 -999.9 -999.9 Rio_Grande_do_Sul CEMADEN -999.9 0.0 -999.9
-28.6851 -50.7831 17793 2026-09-13_04:10 -999.9 -999.9 -999.9 -999.9 -999.9 -999.9 -999.9 -999.9 -999.9 -999.9 -999.9 -999.9 -999.9 -999.9 -999.9 -999.9 -999.9 0.0 40.4 46 53.0 60.0 -999.9 -999.9 -999.9 -999.9 -999.9 CEMADEN_-_Monte_Alegre_dos_Campos_-_G2-431237701A_(964_m) -999.9 -999.9 -999.9 -999.9 -999.9 -999.9 -999.9 -999.9 Rio_Grande_do_Sul CEMADEN -999.9 0.0 -999.9
-28.6851 -50.7831 17793 2026-09-13_05:10 -999.9 -999.9 -999.9 -999.9 -999.9 -999.9 -999.9 -999.9 -999.9 -999.9 -999.9 -999.9 -999.9 -999.9 -999.9 -999.9 -999.9 0.0 37.8 46 53.0 60.0 -999.9 -999.9 -999.9 -999.9 -999.9 CEMADEN_-_Monte_Alegre_dos_Campos_-_G2-431237701A_(964_m) -999.9 -999.9 -999.9 -999.9 -999.9 -999.9 -999.9 -999.9 Rio_Grande_do_Sul CEMADEN -999.9 0.0 -999.9
-28.6851 -50.7831 17793 2026-09-13_06:10 -999.9 -999.9 -999.9 -999.9 -999.9 -999.9 -999.9 -999.9 -999.9 -999.9 -999.9 -999.9 -999.9 -999.9 -999.9 -999.9 -999.9 0.0 37.8 46 53.0 60.0 -999.9 -999.9 -999.9 -999.9 -999.9 CEMADEN_-_Monte_Alegre_dos_Campos_-_G2-431237701A_(964_m) -999.9 -999.9 -999.9 -999.9 -999.9 -999.9 -999.9 -999.9 Rio_Grande_do_Sul CEMADEN -999.9 0.0 -999.9
-28.6851 -50.7831 17793 2026-09-13_07:10 -999.9 -999.9 -999.9 -999.9 -999.9 -999.9 -999.9 -999.9 -999.9 -999.9 -999.9 -999.9 -999.9 -999.9 -999.9 -999.9 -999.9 0.0 37.8 46 53.0 60.0 -999.9 -999.9 -999.9 -999.9 -999.9 CEMADEN_-_Monte_Alegre_dos_Campos_-_G2-431237701A_(964_m) -999.9 -999.9 -999.9 -999.9 -999.9 -999.9 -999.9 -999.9 Rio_Grande_do_Sul CEMADEN -999.9 0.0 -999.9
-28.6851 -50.7831 17793 2026-09-13_08:10 -999.9 -999.9 -999.9 -999.9 -999.9 -999.9 -999.9 -999.9 -999.9 -999.9 -999.9 -999.9 -999.9 -999.9 -999.9 -999.9 -999.9 0.0 37.8 46 53.0 60.0 -999.9 -999.9 -999.9 -999.9 -999.9 CEMADEN_-_Monte_Alegre_dos_Campos_-_G2-431237701A_(964_m) -999.9 -999.9 -999.9 -999.9 -999.9 -999.9 -999.9 -999.9 Rio_Grande_do_Sul CEMADEN -999.9 0.0 -999.9
-28.6851 -50.7831 17793 2026-09-13_09:10 -999.9 -999.9 -999.9 -999.9 -999.9 -999.9 -999.9 -999.9 -999.9 -999.9 -999.9 -999.9 -999.9 -999.9 -999.9 -999.9 -999.9 0.0 36.2 46 53.0 60.0 -999.9 -999.9 -999.9 -999.9 -999.9 CEMADEN_-_Monte_Alegre_dos_Campos_-_G2-431237701A_(964_m) -999.9 -999.9 -999.9 -999.9 -999.9 -999.9 -999.9 -999.9 Rio_Grande_do_Sul CEMADEN -999.9 0.0 -999.9
-28.6851 -50.7831 17793 2026-09-13_10:10 -999.9 -999.9 -999.9 -999.9 -999.9 -999.9 -999.9 -999.9 -999.9 -999.9 -999.9 -999.9 -999.9 -999.9 -999.9 -999.9 -999.9 0.0 30.8 46 53.0 60.0 -999.9 -999.9 -999.9 -999.9 -999.9 CEMADEN_-_Monte_Alegre_dos_Campos_-_G2-431237701A_(964_m) -999.9 -999.9 -999.9 -999.9 -999.9 -999.9 -999.9 -999.9 Rio_Grande_do_Sul CEMADEN -999.9 0.0 -999.9
-28.6851 -50.7831 17793 2026-09-13_11:10 -999.9 -999.9 -999.9 -999.9 -999.9 -999.9 -999.9 -999.9 -999.9 -999.9 -999.9 -999.9 -999.9 -999.9 -999.9 -999.9 -999.9 0.0 25.2 46 53.0 60.0 -999.9 -999.9 -999.9 -999.9 -999.9 CEMADEN_-_Monte_Alegre_dos_Campos_-_G2-431237701A_(964_m) -999.9 -999.9 -999.9 -999.9 -999.9 -999.9 -999.9 -999.9 Rio_Grande_do_Sul CEMADEN -999.9 0.0 -999.9
-28.6851 -50.7831 17793 2026-09-13_12:10 -999.9 -999.9 -999.9 -999.9 -999.9 -999.9 -999.9 -999.9 -999.9 -999.9 -999.9 -999.9 -999.9 -999.9 -999.9 -999.9 -999.9 0.0 21.4 46 53.0 60.0 -999.9 -999.9 -999.9 -999.9 -999.9 CEMADEN_-_Monte_Alegre_dos_Campos_-_G2-431237701A_(964_m) -999.9 -999.9 -999.9 -999.9 -999.9 -999.9 -999.9 -999.9 Rio_Grande_do_Sul CEMADEN -999.9 0.0 -999.9
-28.6851 -50.7831 17793 2026-09-13_13:10 -999.9 -999.9 -999.9 -999.9 -999.9 -999.9 -999.9 -999.9 -999.9 -999.9 -999.9 -999.9 -999.9 -999.9 -999.9 -999.9 -999.9 0.0 14.4 46 53.0 60.0 -999.9 -999.9 -999.9 -999.9 -999.9 CEMADEN_-_Monte_Alegre_dos_Campos_-_G2-431237701A_(964_m) -999.9 -999.9 -999.9 -999.9 -999.9 -999.9 -999.9 -999.9 Rio_Grande_do_Sul CEMADEN -999.9 0.0 -999.9
-28.6851 -50.7831 17793 2026-09-13_14:10 -999.9 -999.9 -999.9 -999.9 -999.9 -999.9 -999.9 -999.9 -999.9 -999.9 -999.9 -999.9 -999.9 -999.9 -999.9 -999.9 -999.9 0.0 7.0 46 53.0 60.0 -999.9 -999.9 -999.9 -999.9 -999.9 CEMADEN_-_Monte_Alegre_dos_Campos_-_G2-431237701A_(964_m) -999.9 -999.9 -999.9 -999.9 -999.9 -999.9 -999.9 -999.9 Rio_Grande_do_Sul CEMADEN -999.9 0.0 -999.9
-28.6851 -50.7831 17793 2026-09-13_15:10 -999.9 -999.9 -999.9 -999.9 -999.9 -999.9 -999.9 -999.9 -999.9 -999.9 -999.9 -999.9 -999.9 -999.9 -999.9 -999.9 -999.9 0.0 2.4 46 53.0 60.0 -999.9 -999.9 -999.9 -999.9 -999.9 CEMADEN_-_Monte_Alegre_dos_Campos_-_G2-431237701A_(964_m) -999.9 -999.9 -999.9 -999.9 -999.9 -999.9 -999.9 -999.9 Rio_Grande_do_Sul CEMADEN -999.9 0.0 -999.9
-28.6851 -50.7831 17793 2026-09-13_16:10 -999.9 -999.9 -999.9 -999.9 -999.9 -999.9 -999.9 -999.9 -999.9 -999.9 -999.9 -999.9 -999.9 -999.9 -999.9 -999.9 -999.9 0.0 2.2 46 53.0 60.0 -999.9 -999.9 -999.9 -999.9 -999.9 CEMADEN_-_Monte_Alegre_dos_Campos_-_G2-431237701A_(964_m) -999.9 -999.9 -999.9 -999.9 -999.9 -999.9 -999.9 -999.9 Rio_Grande_do_Sul CEMADEN -999.9 0.0 -999.9
-28.6851 -50.7831 17793 2026-09-13_17:10 -999.9 -999.9 -999.9 -999.9 -999.9 -999.9 -999.9 -999.9 -999.9 -999.9 -999.9 -999.9 -999.9 -999.9 -999.9 -999.9 -999.9 0.0 2.2 46 53.0 60.0 -999.9 -999.9 -999.9 -999.9 -999.9 CEMADEN_-_Monte_Alegre_dos_Campos_-_G2-431237701A_(964_m) -999.9 -999.9 -999.9 -999.9 -999.9 -999.9 -999.9 -999.9 Rio_Grande_do_Sul CEMADEN -999.9 0.0 -999.9
-28.6851 -50.7831 17793 2026-09-13_18:10 -999.9 -999.9 -999.9 -999.9 -999.9 -999.9 -999.9 -999.9 -999.9 -999.9 -999.9 -999.9 -999.9 -999.9 -999.9 -999.9 -999.9 -2.6 2.2 46 50.4 57.4 -999.9 -999.9 -999.9 -999.9 -999.9 CEMADEN_-_Monte_Alegre_dos_Campos_-_G2-431237701A_(964_m) -999.9 -999.9 -999.9 -999.9 -999.9 -999.9 -999.9 -999.9 Rio_Grande_do_Sul CEMADEN -999.9 -2.6 -999.9
-28.6851 -50.7831 17793 2026-09-13_19:10 -999.9 -999.9 -999.9 -999.9 -999.9 -999.9 -999.9 -999.9 -999.9 -999.9 -999.9 -999.9 -999.9 -999.9 -999.9 -999.9 -999.9 -3.2 2.2 46 49.8 56.8 -999.9 -999.9 -999.9 -999.9 -999.9 CEMADEN_-_Monte_Alegre_dos_Campos_-_G2-431237701A_(964_m) -999.9 -999.9 -999.9 -999.9 -999.9 -999.9 -999.9 -999.9 Rio_Grande_do_Sul CEMADEN -999.9 -0.6 -999.9
-28.6851 -50.7831 17793 2026-09-13_20:10 -999.9 -999.9 -999.9 -999.9 -999.9 -999.9 -999.9 -999.9 -999.9 -999.9 -999.9 -999.9 -999.9 -999.9 -999.9 -999.9 -999.9 -4.4 2.0 46 48.6 55.6 -999.9 -999.9 -999.9 -999.9 -999.9 CEMADEN_-_Monte_Alegre_dos_Campos_-_G2-431237701A_(964_m) -999.9 -999.9 -999.9 -999.9 -999.9 -999.9 -999.9 -999.9 Rio_Grande_do_Sul CEMADEN -999.9 -1.2 -999.9
-28.6851 -50.7831 17793 2026-09-13_21:10 -999.9 -999.9 -999.9 -999.9 -999.9 -999.9 -999.9 -999.9 -999.9 -999.9 -999.9 -999.9 -999.9 -999.9 -999.9 -999.9 -999.9 -6.0 2.0 46 47.0 54.0 -999.9 -999.9 -999.9 -999.9 -999.9 CEMADEN_-_Monte_Alegre_dos_Campos_-_G2-431237701A_(964_m) -999.9 -999.9 -999.9 -999.9 -999.9 -999.9 -999.9 -999.9 Rio_Grande_do_Sul CEMADEN -999.9 -1.6 -999.9
-28.6851 -50.7831 17793 2026-09-13_22:10 -999.9 -999.9 -999.9 -999.9 -999.9 -999.9 -999.9 -999.9 -999.9 -999.9 -999.9 -999.9 -999.9 -999.9 -999.9 -999.9 -999.9 -6.4 2.0 46 46.6 53.6 -999.9 -999.9 -999.9 -999.9 -999.9 CEMADEN_-_Monte_Alegre_dos_Campos_-_G2-431237701A_(964_m) -999.9 -999.9 -999.9 -999.9 -999.9 -999.9 -999.9 -999.9 Rio_Grande_do_Sul CEMADEN -999.9 -0.4 -999.9
-28.6851 -50.7831 17793 2026-09-13_23:10 -999.9 -999.9 -999.9 -999.9 -999.9 -999.9 -999.9 -999.9 -999.9 -999.9 -999.9 -999.9 -999.9 -999.9 -999.9 -999.9 -999.9 -7.0 0.6 46 46.0 53.0 -999.9 -999.9 -999.9 -999.9 -999.9 CEMADEN_-_Monte_Alegre_dos_Campos_-_G2-431237701A_(964_m) -999.9 -999.9 -999.9 -999.9 -999.9 -999.9 -999.9 -999.9 Rio_Grande_do_Sul CEMADEN -999.9 -0.6 -999.9
