-28.3163 -51.18498 17794 2026-08-06_00:10 -999.9 -999.9 -999.9 -999.9 -999.9 -999.9 -999.9 -999.9 -999.9 -999.9 -999.9 -999.9 -999.9 -999.9 -999.9 -999.9 -999.9 0.0 6.0 6.8 6.8 7.6 -999.9 -999.9 -999.9 -999.9 -999.9 CEMADEN_-_Muitos_Capões_-_G2-431261701A_(929_m) -999.9 -999.9 -999.9 -999.9 -999.9 -999.9 -999.9 -999.9 Rio_Grande_do_Sul CEMADEN -999.9 0.0 -999.9
-28.3163 -51.18498 17794 2026-08-06_01:10 -999.9 -999.9 -999.9 -999.9 -999.9 -999.9 -999.9 -999.9 -999.9 -999.9 -999.9 -999.9 -999.9 -999.9 -999.9 -999.9 -999.9 0.0 6.0 6.8 6.8 7.6 -999.9 -999.9 -999.9 -999.9 -999.9 CEMADEN_-_Muitos_Capões_-_G2-431261701A_(929_m) -999.9 -999.9 -999.9 -999.9 -999.9 -999.9 -999.9 -999.9 Rio_Grande_do_Sul CEMADEN -999.9 0.0 -999.9
-28.3163 -51.18498 17794 2026-08-06_02:10 -999.9 -999.9 -999.9 -999.9 -999.9 -999.9 -999.9 -999.9 -999.9 -999.9 -999.9 -999.9 -999.9 -999.9 -999.9 -999.9 -999.9 0.0 6.0 6.8 6.8 7.6 -999.9 -999.9 -999.9 -999.9 -999.9 CEMADEN_-_Muitos_Capões_-_G2-431261701A_(929_m) -999.9 -999.9 -999.9 -999.9 -999.9 -999.9 -999.9 -999.9 Rio_Grande_do_Sul CEMADEN -999.9 0.0 -999.9
-28.3163 -51.18498 17794 2026-08-06_03:10 -999.9 -999.9 -999.9 -999.9 -999.9 -999.9 -999.9 -999.9 -999.9 -999.9 -999.9 -999.9 -999.9 -999.9 -999.9 -999.9 -999.9 0.0 6.0 6.8 6.8 7.6 -999.9 -999.9 -999.9 -999.9 -999.9 CEMADEN_-_Muitos_Capões_-_G2-431261701A_(929_m) -999.9 -999.9 -999.9 -999.9 -999.9 -999.9 -999.9 -999.9 Rio_Grande_do_Sul CEMADEN -999.9 0.0 -999.9
-28.3163 -51.18498 17794 2026-08-06_04:10 -999.9 -999.9 -999.9 -999.9 -999.9 -999.9 -999.9 -999.9 -999.9 -999.9 -999.9 -999.9 -999.9 -999.9 -999.9 -999.9 -999.9 0.0 6.0 6.8 6.8 7.6 -999.9 -999.9 -999.9 -999.9 -999.9 CEMADEN_-_Muitos_Capões_-_G2-431261701A_(929_m) -999.9 -999.9 -999.9 -999.9 -999.9 -999.9 -999.9 -999.9 Rio_Grande_do_Sul CEMADEN -999.9 0.0 -999.9
-28.3163 -51.18498 17794 2026-08-06_05:10 -999.9 -999.9 -999.9 -999.9 -999.9 -999.9 -999.9 -999.9 -999.9 -999.9 -999.9 -999.9 -999.9 -999.9 -999.9 -999.9 -999.9 0.0 6.0 6.8 6.8 7.6 -999.9 -999.9 -999.9 -999.9 -999.9 CEMADEN_-_Muitos_Capões_-_G2-431261701A_(929_m) -999.9 -999.9 -999.9 -999.9 -999.9 -999.9 -999.9 -999.9 Rio_Grande_do_Sul CEMADEN -999.9 0.0 -999.9
-28.3163 -51.18498 17794 2026-08-06_06:10 -999.9 -999.9 -999.9 -999.9 -999.9 -999.9 -999.9 -999.9 -999.9 -999.9 -999.9 -999.9 -999.9 -999.9 -999.9 -999.9 -999.9 0.0 6.0 6.8 6.8 7.6 -999.9 -999.9 -999.9 -999.9 -999.9 CEMADEN_-_Muitos_Capões_-_G2-431261701A_(929_m) -999.9 -999.9 -999.9 -999.9 -999.9 -999.9 -999.9 -999.9 Rio_Grande_do_Sul CEMADEN -999.9 0.0 -999.9
-28.3163 -51.18498 17794 2026-08-06_07:10 -999.9 -999.9 -999.9 -999.9 -999.9 -999.9 -999.9 -999.9 -999.9 -999.9 -999.9 -999.9 -999.9 -999.9 -999.9 -999.9 -999.9 0.0 6.0 6.8 6.8 7.6 -999.9 -999.9 -999.9 -999.9 -999.9 CEMADEN_-_Muitos_Capões_-_G2-431261701A_(929_m) -999.9 -999.9 -999.9 -999.9 -999.9 -999.9 -999.9 -999.9 Rio_Grande_do_Sul CEMADEN -999.9 0.0 -999.9
-28.3163 -51.18498 17794 2026-08-06_08:10 -999.9 -999.9 -999.9 -999.9 -999.9 -999.9 -999.9 -999.9 -999.9 -999.9 -999.9 -999.9 -999.9 -999.9 -999.9 -999.9 -999.9 0.0 5.8 6.8 6.8 7.6 -999.9 -999.9 -999.9 -999.9 -999.9 CEMADEN_-_Muitos_Capões_-_G2-431261701A_(929_m) -999.9 -999.9 -999.9 -999.9 -999.9 -999.9 -999.9 -999.9 Rio_Grande_do_Sul CEMADEN -999.9 0.0 -999.9
-28.3163 -51.18498 17794 2026-08-06_09:10 -999.9 -999.9 -999.9 -999.9 -999.9 -999.9 -999.9 -999.9 -999.9 -999.9 -999.9 -999.9 -999.9 -999.9 -999.9 -999.9 -999.9 0.0 5.8 6.8 6.8 7.6 -999.9 -999.9 -999.9 -999.9 -999.9 CEMADEN_-_Muitos_Capões_-_G2-431261701A_(929_m) -999.9 -999.9 -999.9 -999.9 -999.9 -999.9 -999.9 -999.9 Rio_Grande_do_Sul CEMADEN -999.9 0.0 -999.9
-28.3163 -51.18498 17794 2026-08-06_10:10 -999.9 -999.9 -999.9 -999.9 -999.9 -999.9 -999.9 -999.9 -999.9 -999.9 -999.9 -999.9 -999.9 -999.9 -999.9 -999.9 -999.9 0.0 5.8 6.8 6.8 7.6 -999.9 -999.9 -999.9 -999.9 -999.9 CEMADEN_-_Muitos_Capões_-_G2-431261701A_(929_m) -999.9 -999.9 -999.9 -999.9 -999.9 -999.9 -999.9 -999.9 Rio_Grande_do_Sul CEMADEN -999.9 0.0 -999.9
-28.3163 -51.18498 17794 2026-08-06_11:10 -999.9 -999.9 -999.9 -999.9 -999.9 -999.9 -999.9 -999.9 -999.9 -999.9 -999.9 -999.9 -999.9 -999.9 -999.9 -999.9 -999.9 0.0 5.8 6.8 6.8 7.6 -999.9 -999.9 -999.9 -999.9 -999.9 CEMADEN_-_Muitos_Capões_-_G2-431261701A_(929_m) -999.9 -999.9 -999.9 -999.9 -999.9 -999.9 -999.9 -999.9 Rio_Grande_do_Sul CEMADEN -999.9 0.0 -999.9
-28.3163 -51.18498 17794 2026-08-06_11:30 -999.9 -999.9 -999.9 -999.9 -999.9 -999.9 -999.9 -999.9 -999.9 -999.9 -999.9 -999.9 -999.9 -999.9 -999.9 -999.9 0.2 0.2 6.0 7.0 7.0 7.8 -999.9 -999.9 -999.9 -999.9 -999.9 CEMADEN_-_Muitos_Capões_-_G2-431261701A_(929_m) -999.9 -999.9 -999.9 -999.9 -999.9 -999.9 -999.9 -999.9 Rio_Grande_do_Sul CEMADEN -999.9 0.2 -999.9
-28.3163 -51.18498 17794 2026-08-06_11:40 -999.9 -999.9 -999.9 -999.9 -999.9 -999.9 -999.9 -999.9 -999.9 -999.9 -999.9 -999.9 -999.9 -999.9 -999.9 -999.9 0.6 0.6 6.4 7.4 7.4 8.2 -999.9 -999.9 -999.9 -999.9 -999.9 CEMADEN_-_Muitos_Capões_-_G2-431261701A_(929_m) -999.9 -999.9 -999.9 -999.9 -999.9 -999.9 -999.9 -999.9 Rio_Grande_do_Sul CEMADEN -999.9 0.4 -999.9
-28.3163 -51.18498 17794 2026-08-06_12:10 -999.9 -999.9 -999.9 -999.9 -999.9 -999.9 -999.9 -999.9 -999.9 -999.9 -999.9 -999.9 -999.9 -999.9 -999.9 -999.9 -999.9 0.6 6.4 7.4 7.4 8.2 -999.9 -999.9 -999.9 -999.9 -999.9 CEMADEN_-_Muitos_Capões_-_G2-431261701A_(929_m) -999.9 -999.9 -999.9 -999.9 -999.9 -999.9 -999.9 -999.9 Rio_Grande_do_Sul CEMADEN -999.9 0.0 -999.9
-28.3163 -51.18498 17794 2026-08-06_13:00 -999.9 -999.9 -999.9 -999.9 -999.9 -999.9 -999.9 -999.9 -999.9 -999.9 -999.9 -999.9 -999.9 -999.9 -999.9 -999.9 0.8 1.4 7.2 8.2 8.2 9.0 -999.9 -999.9 -999.9 -999.9 -999.9 CEMADEN_-_Muitos_Capões_-_G2-431261701A_(929_m) -999.9 -999.9 -999.9 -999.9 -999.9 -999.9 -999.9 -999.9 Rio_Grande_do_Sul CEMADEN -999.9 0.8 -999.9
-28.3163 -51.18498 17794 2026-08-06_13:20 -999.9 -999.9 -999.9 -999.9 -999.9 -999.9 -999.9 -999.9 -999.9 -999.9 -999.9 -999.9 -999.9 -999.9 -999.9 -999.9 1.8 2.4 8.2 9.2 9.2 10.0 -999.9 -999.9 -999.9 -999.9 -999.9 CEMADEN_-_Muitos_Capões_-_G2-431261701A_(929_m) -999.9 -999.9 -999.9 -999.9 -999.9 -999.9 -999.9 -999.9 Rio_Grande_do_Sul CEMADEN -999.9 1.0 -999.9
-28.3163 -51.18498 17794 2026-08-06_13:30 -999.9 -999.9 -999.9 -999.9 -999.9 -999.9 -999.9 -999.9 -999.9 -999.9 -999.9 -999.9 -999.9 -999.9 -999.9 -999.9 1.8 3.2 9.0 10.0 10.0 10.8 -999.9 -999.9 -999.9 -999.9 -999.9 CEMADEN_-_Muitos_Capões_-_G2-431261701A_(929_m) -999.9 -999.9 -999.9 -999.9 -999.9 -999.9 -999.9 -999.9 Rio_Grande_do_Sul CEMADEN -999.9 0.8 -999.9
-28.3163 -51.18498 17794 2026-08-06_14:10 -999.9 -999.9 -999.9 -999.9 -999.9 -999.9 -999.9 -999.9 -999.9 -999.9 -999.9 -999.9 -999.9 -999.9 -999.9 -999.9 -999.9 3.2 9.0 10.0 10.0 10.8 -999.9 -999.9 -999.9 -999.9 -999.9 CEMADEN_-_Muitos_Capões_-_G2-431261701A_(929_m) -999.9 -999.9 -999.9 -999.9 -999.9 -999.9 -999.9 -999.9 Rio_Grande_do_Sul CEMADEN -999.9 0.0 -999.9
-28.3163 -51.18498 17794 2026-08-06_15:10 -999.9 -999.9 -999.9 -999.9 -999.9 -999.9 -999.9 -999.9 -999.9 -999.9 -999.9 -999.9 -999.9 -999.9 -999.9 -999.9 -999.9 3.2 9.0 10.0 10.0 10.8 -999.9 -999.9 -999.9 -999.9 -999.9 CEMADEN_-_Muitos_Capões_-_G2-431261701A_(929_m) -999.9 -999.9 -999.9 -999.9 -999.9 -999.9 -999.9 -999.9 Rio_Grande_do_Sul CEMADEN -999.9 0.0 -999.9
-28.3163 -51.18498 17794 2026-08-06_16:10 -999.9 -999.9 -999.9 -999.9 -999.9 -999.9 -999.9 -999.9 -999.9 -999.9 -999.9 -999.9 -999.9 -999.9 -999.9 -999.9 -999.9 3.2 9.0 10.0 10.0 10.8 -999.9 -999.9 -999.9 -999.9 -999.9 CEMADEN_-_Muitos_Capões_-_G2-431261701A_(929_m) -999.9 -999.9 -999.9 -999.9 -999.9 -999.9 -999.9 -999.9 Rio_Grande_do_Sul CEMADEN -999.9 0.0 -999.9
-28.3163 -51.18498 17794 2026-08-06_17:10 -999.9 -999.9 -999.9 -999.9 -999.9 -999.9 -999.9 -999.9 -999.9 -999.9 -999.9 -999.9 -999.9 -999.9 -999.9 -999.9 -999.9 3.2 9.0 9.6 10.0 10.8 -999.9 -999.9 -999.9 -999.9 -999.9 CEMADEN_-_Muitos_Capões_-_G2-431261701A_(929_m) -999.9 -999.9 -999.9 -999.9 -999.9 -999.9 -999.9 -999.9 Rio_Grande_do_Sul CEMADEN -999.9 0.0 -999.9
-28.3163 -51.18498 17794 2026-08-06_18:10 -999.9 -999.9 -999.9 -999.9 -999.9 -999.9 -999.9 -999.9 -999.9 -999.9 -999.9 -999.9 -999.9 -999.9 -999.9 -999.9 -999.9 3.2 9.0 9.4 10.0 10.8 -999.9 -999.9 -999.9 -999.9 -999.9 CEMADEN_-_Muitos_Capões_-_G2-431261701A_(929_m) -999.9 -999.9 -999.9 -999.9 -999.9 -999.9 -999.9 -999.9 Rio_Grande_do_Sul CEMADEN -999.9 0.0 -999.9
-28.3163 -51.18498 17794 2026-08-06_19:10 -999.9 -999.9 -999.9 -999.9 -999.9 -999.9 -999.9 -999.9 -999.9 -999.9 -999.9 -999.9 -999.9 -999.9 -999.9 -999.9 -999.9 3.2 9.0 9.4 10.0 10.8 -999.9 -999.9 -999.9 -999.9 -999.9 CEMADEN_-_Muitos_Capões_-_G2-431261701A_(929_m) -999.9 -999.9 -999.9 -999.9 -999.9 -999.9 -999.9 -999.9 Rio_Grande_do_Sul CEMADEN -999.9 0.0 -999.9
-28.3163 -51.18498 17794 2026-08-06_19:40 -999.9 -999.9 -999.9 -999.9 -999.9 -999.9 -999.9 -999.9 -999.9 -999.9 -999.9 -999.9 -999.9 -999.9 -999.9 -999.9 0.2 3.4 9.2 9.6 10.2 11.0 -999.9 -999.9 -999.9 -999.9 -999.9 CEMADEN_-_Muitos_Capões_-_G2-431261701A_(929_m) -999.9 -999.9 -999.9 -999.9 -999.9 -999.9 -999.9 -999.9 Rio_Grande_do_Sul CEMADEN -999.9 0.2 -999.9
-28.3163 -51.18498 17794 2026-08-06_20:10 -999.9 -999.9 -999.9 -999.9 -999.9 -999.9 -999.9 -999.9 -999.9 -999.9 -999.9 -999.9 -999.9 -999.9 -999.9 -999.9 -999.9 3.4 9.2 9.6 10.2 11.0 -999.9 -999.9 -999.9 -999.9 -999.9 CEMADEN_-_Muitos_Capões_-_G2-431261701A_(929_m) -999.9 -999.9 -999.9 -999.9 -999.9 -999.9 -999.9 -999.9 Rio_Grande_do_Sul CEMADEN -999.9 0.0 -999.9
-28.3163 -51.18498 17794 2026-08-06_21:40 -999.9 -999.9 -999.9 -999.9 -999.9 -999.9 -999.9 -999.9 -999.9 -999.9 -999.9 -999.9 -999.9 -999.9 -999.9 -999.9 0.2 3.6 9.4 9.8 10.4 11.2 -999.9 -999.9 -999.9 -999.9 -999.9 CEMADEN_-_Muitos_Capões_-_G2-431261701A_(929_m) -999.9 -999.9 -999.9 -999.9 -999.9 -999.9 -999.9 -999.9 Rio_Grande_do_Sul CEMADEN -999.9 0.2 -999.9
-28.3163 -51.18498 17794 2026-08-06_21:50 -999.9 -999.9 -999.9 -999.9 -999.9 -999.9 -999.9 -999.9 -999.9 -999.9 -999.9 -999.9 -999.9 -999.9 -999.9 -999.9 0.6 4.0 9.8 10.2 10.8 11.6 -999.9 -999.9 -999.9 -999.9 -999.9 CEMADEN_-_Muitos_Capões_-_G2-431261701A_(929_m) -999.9 -999.9 -999.9 -999.9 -999.9 -999.9 -999.9 -999.9 Rio_Grande_do_Sul CEMADEN -999.9 0.4 -999.9
-28.3163 -51.18498 17794 2026-08-06_22:00 -999.9 -999.9 -999.9 -999.9 -999.9 -999.9 -999.9 -999.9 -999.9 -999.9 -999.9 -999.9 -999.9 -999.9 -999.9 -999.9 1.2 4.6 10.4 10.8 11.4 12.2 -999.9 -999.9 -999.9 -999.9 -999.9 CEMADEN_-_Muitos_Capões_-_G2-431261701A_(929_m) -999.9 -999.9 -999.9 -999.9 -999.9 -999.9 -999.9 -999.9 Rio_Grande_do_Sul CEMADEN -999.9 0.6 -999.9
-28.3163 -51.18498 17794 2026-08-06_22:10 -999.9 -999.9 -999.9 -999.9 -999.9 -999.9 -999.9 -999.9 -999.9 -999.9 -999.9 -999.9 -999.9 -999.9 -999.9 -999.9 1.8 5.2 11.0 11.4 12.0 12.8 -999.9 -999.9 -999.9 -999.9 -999.9 CEMADEN_-_Muitos_Capões_-_G2-431261701A_(929_m) -999.9 -999.9 -999.9 -999.9 -999.9 -999.9 -999.9 -999.9 Rio_Grande_do_Sul CEMADEN -999.9 0.6 -999.9
-28.3163 -51.18498 17794 2026-08-06_22:30 -999.9 -999.9 -999.9 -999.9 -999.9 -999.9 -999.9 -999.9 -999.9 -999.9 -999.9 -999.9 -999.9 -999.9 -999.9 -999.9 2.8 6.2 12.0 12.4 13.0 13.8 -999.9 -999.9 -999.9 -999.9 -999.9 CEMADEN_-_Muitos_Capões_-_G2-431261701A_(929_m) -999.9 -999.9 -999.9 -999.9 -999.9 -999.9 -999.9 -999.9 Rio_Grande_do_Sul CEMADEN -999.9 1.0 -999.9
-28.3163 -51.18498 17794 2026-08-06_22:40 -999.9 -999.9 -999.9 -999.9 -999.9 -999.9 -999.9 -999.9 -999.9 -999.9 -999.9 -999.9 -999.9 -999.9 -999.9 -999.9 4.2 7.6 13.4 13.8 14.4 15.2 -999.9 -999.9 -999.9 -999.9 -999.9 CEMADEN_-_Muitos_Capões_-_G2-431261701A_(929_m) -999.9 -999.9 -999.9 -999.9 -999.9 -999.9 -999.9 -999.9 Rio_Grande_do_Sul CEMADEN -999.9 1.4 -999.9
-28.3163 -51.18498 17794 2026-08-06_22:50 -999.9 -999.9 -999.9 -999.9 -999.9 -999.9 -999.9 -999.9 -999.9 -999.9 -999.9 -999.9 -999.9 -999.9 -999.9 -999.9 6.0 10.6 16.4 16.6 17.4 18.2 -999.9 -999.9 -999.9 -999.9 -999.9 CEMADEN_-_Muitos_Capões_-_G2-431261701A_(929_m) -999.9 -999.9 -999.9 -999.9 -999.9 -999.9 -999.9 -999.9 Rio_Grande_do_Sul CEMADEN -999.9 3.0 -999.9
-28.3163 -51.18498 17794 2026-08-06_23:00 -999.9 -999.9 -999.9 -999.9 -999.9 -999.9 -999.9 -999.9 -999.9 -999.9 -999.9 -999.9 -999.9 -999.9 -999.9 -999.9 6.6 11.8 17.6 17.8 18.6 19.4 -999.9 -999.9 -999.9 -999.9 -999.9 CEMADEN_-_Muitos_Capões_-_G2-431261701A_(929_m) -999.9 -999.9 -999.9 -999.9 -999.9 -999.9 -999.9 -999.9 Rio_Grande_do_Sul CEMADEN -999.9 1.2 -999.9
-28.3163 -51.18498 17794 2026-08-06_23:10 -999.9 -999.9 -999.9 -999.9 -999.9 -999.9 -999.9 -999.9 -999.9 -999.9 -999.9 -999.9 -999.9 -999.9 -999.9 -999.9 6.6 12.6 18.4 18.6 19.4 20.2 -999.9 -999.9 -999.9 -999.9 -999.9 CEMADEN_-_Muitos_Capões_-_G2-431261701A_(929_m) -999.9 -999.9 -999.9 -999.9 -999.9 -999.9 -999.9 -999.9 Rio_Grande_do_Sul CEMADEN -999.9 0.8 -999.9
-28.3163 -51.18498 17794 2026-08-06_23:30 -999.9 -999.9 -999.9 -999.9 -999.9 -999.9 -999.9 -999.9 -999.9 -999.9 -999.9 -999.9 -999.9 -999.9 -999.9 -999.9 5.6 14.6 20.4 20.6 21.4 22.2 -999.9 -999.9 -999.9 -999.9 -999.9 CEMADEN_-_Muitos_Capões_-_G2-431261701A_(929_m) -999.9 -999.9 -999.9 -999.9 -999.9 -999.9 -999.9 -999.9 Rio_Grande_do_Sul CEMADEN -999.9 2.0 -999.9
-28.3163 -51.18498 17794 2026-08-06_23:50 -999.9 -999.9 -999.9 -999.9 -999.9 -999.9 -999.9 -999.9 -999.9 -999.9 -999.9 -999.9 -999.9 -999.9 -999.9 -999.9 6.2 16.8 22.6 22.8 23.6 24.4 -999.9 -999.9 -999.9 -999.9 -999.9 CEMADEN_-_Muitos_Capões_-_G2-431261701A_(929_m) -999.9 -999.9 -999.9 -999.9 -999.9 -999.9 -999.9 -999.9 Rio_Grande_do_Sul CEMADEN -999.9 2.2 -999.9
