-28.566900 -50.979500 IVACAR13 2026-09-20_00:04 15.1 -999.9 -999.9 94.0 -999.9 -999.9 14.1 -999.9 -999.9 1014.0 -999.9 -999.9 13.3 215 27.4 -999.9 0.0 0.0 27.9 27.9 27.9 30.2 25.0 14.9 95.0 72.0 42.8 Vacaria_-_Pomar_Boeno_(873_m) -999.9 -999.9 1015.58 1011.51 1014.0 20.1 14.1 -999.9 Rio_Grande_do_Sul WU UTC_2026-09-20_03:04 0.0 -999.9
-28.566900 -50.979500 IVACAR13 2026-09-20_00:09 15.1 -999.9 -999.9 94.0 -999.9 -999.9 14.1 -999.9 -999.9 1014.0 -999.9 -999.9 15.9 218 26.2 -999.9 0.0 0.8 27.9 27.9 27.9 30.2 25.0 14.9 95.0 72.0 42.8 Vacaria_-_Pomar_Boeno_(873_m) -999.9 -999.9 1015.58 1011.51 1014.0 20.1 14.1 -999.9 Rio_Grande_do_Sul WU UTC_2026-09-20_03:09 0.8 -999.9
-28.566900 -50.979500 IVACAR13 2026-09-20_00:14 15.1 -999.9 -999.9 94.0 -999.9 -999.9 14.1 -999.9 -999.9 1014.4 -999.9 -999.9 15.3 112 41.7 -999.9 0.0 1.0 27.9 27.9 27.9 30.2 25.0 14.9 95.0 72.0 42.8 Vacaria_-_Pomar_Boeno_(873_m) -999.9 -999.9 1015.58 1011.51 1014.4 20.1 14.1 -999.9 Rio_Grande_do_Sul WU UTC_2026-09-20_03:14 0.2 -999.9
-28.566900 -50.979500 IVACAR13 2026-09-20_00:19 15.1 -999.9 -999.9 94.0 -999.9 -999.9 14.2 -999.9 -999.9 1014.0 -999.9 -999.9 16.4 217 42.8 -999.9 0.0 1.5 27.9 27.9 27.9 30.2 25.0 14.9 95.0 72.0 42.8 Vacaria_-_Pomar_Boeno_(873_m) -999.9 -999.9 1015.58 1011.51 1014.0 20.1 14.1 -999.9 Rio_Grande_do_Sul WU UTC_2026-09-20_03:19 0.5 -999.9
-28.566900 -50.979500 IVACAR13 2026-09-20_00:24 15.1 -999.9 -999.9 94.0 -999.9 -999.9 14.1 -999.9 -999.9 1014.0 -999.9 -999.9 16.0 212 28.5 -999.9 0.0 2.0 27.9 27.9 27.9 30.2 25.0 14.9 95.0 72.0 42.8 Vacaria_-_Pomar_Boeno_(873_m) -999.9 -999.9 1015.58 1011.51 1014.0 20.1 14.1 -999.9 Rio_Grande_do_Sul WU UTC_2026-09-20_03:24 0.5 -999.9
-28.566900 -50.979500 IVACAR13 2026-09-20_00:29 15.1 -999.9 -999.9 94.0 -999.9 -999.9 14.1 -999.9 -999.9 1013.7 -999.9 -999.9 18.2 196 32.0 -999.9 0.0 2.8 27.9 27.9 27.9 30.2 25.0 14.9 95.0 72.0 42.8 Vacaria_-_Pomar_Boeno_(873_m) -999.9 -999.9 1015.58 1011.51 1013.7 20.1 14.1 -999.9 Rio_Grande_do_Sul WU UTC_2026-09-20_03:29 0.8 -999.9
-28.566900 -50.979500 IVACAR13 2026-09-20_00:34 15.0 -999.9 -999.9 94.5 -999.9 -999.9 14.1 -999.9 -999.9 1013.7 -999.9 -999.9 15.1 204 30.9 -999.9 0.0 3.3 27.9 27.9 27.9 30.2 25.0 14.9 95.0 72.0 42.8 Vacaria_-_Pomar_Boeno_(873_m) -999.9 -999.9 1015.58 1011.51 1013.7 20.1 14.1 -999.9 Rio_Grande_do_Sul WU UTC_2026-09-20_03:34 0.5 -999.9
-28.566900 -50.979500 IVACAR13 2026-09-20_00:39 15.0 -999.9 -999.9 94.4 -999.9 -999.9 14.1 -999.9 -999.9 1013.7 -999.9 -999.9 14.0 205 21.2 -999.9 0.0 3.5 27.9 27.9 27.9 30.2 25.0 14.9 95.0 72.0 42.8 Vacaria_-_Pomar_Boeno_(873_m) -999.9 -999.9 1015.58 1011.51 1013.7 20.1 14.1 -999.9 Rio_Grande_do_Sul WU UTC_2026-09-20_03:39 0.2 -999.9
-28.566900 -50.979500 IVACAR13 2026-09-20_00:44 15.0 -999.9 -999.9 94.6 -999.9 -999.9 14.2 -999.9 -999.9 1013.7 -999.9 -999.9 15.4 191 26.2 -999.9 0.0 5.0 27.9 27.9 27.9 30.2 25.0 14.9 95.0 72.0 42.8 Vacaria_-_Pomar_Boeno_(873_m) -999.9 -999.9 1015.58 1011.51 1013.7 20.1 14.1 -999.9 Rio_Grande_do_Sul WU UTC_2026-09-20_03:44 1.5 -999.9
-28.566900 -50.979500 IVACAR13 2026-09-20_00:49 15.0 -999.9 -999.9 95.0 -999.9 -999.9 14.2 -999.9 -999.9 1014.0 -999.9 -999.9 15.3 205 24.8 -999.9 0.0 6.0 27.9 27.9 27.9 30.2 25.0 14.9 95.0 72.0 42.8 Vacaria_-_Pomar_Boeno_(873_m) -999.9 -999.9 1015.58 1011.51 1014.0 20.1 14.1 -999.9 Rio_Grande_do_Sul WU UTC_2026-09-20_03:49 1.0 -999.9
-28.566900 -50.979500 IVACAR13 2026-09-20_00:54 15.0 -999.9 -999.9 95.0 -999.9 -999.9 14.2 -999.9 -999.9 1014.0 -999.9 -999.9 13.3 201 23.8 -999.9 0.0 7.8 27.9 27.9 27.9 30.2 25.0 14.9 95.0 72.0 42.8 Vacaria_-_Pomar_Boeno_(873_m) -999.9 -999.9 1015.58 1011.51 1014.0 20.1 14.1 -999.9 Rio_Grande_do_Sul WU UTC_2026-09-20_03:54 1.8 -999.9
-28.566900 -50.979500 IVACAR13 2026-09-20_00:59 15.0 -999.9 -999.9 95.0 -999.9 -999.9 14.2 -999.9 -999.9 1014.2 -999.9 -999.9 10.5 211 21.2 -999.9 0.0 9.3 27.9 27.9 27.9 30.2 25.0 14.9 95.0 72.0 42.8 Vacaria_-_Pomar_Boeno_(873_m) -999.9 -999.9 1015.58 1011.51 1014.2 20.1 14.1 -999.9 Rio_Grande_do_Sul WU UTC_2026-09-20_03:59 1.5 -999.9
-28.566900 -50.979500 IVACAR13 2026-09-20_01:04 15.0 -999.9 -999.9 95.0 -999.9 -999.9 14.2 -999.9 -999.9 1014.2 -999.9 -999.9 9.2 139 16.6 -999.9 0.0 9.600000000000001 27.9 27.9 27.9 30.2 25.0 14.9 95.0 72.0 42.8 Vacaria_-_Pomar_Boeno_(873_m) -999.9 -999.9 1015.58 1011.51 1014.2 20.1 14.1 -999.9 Rio_Grande_do_Sul WU UTC_2026-09-20_04:04 0.3 -999.9
-28.566900 -50.979500 IVACAR13 2026-09-20_01:09 15.1 -999.9 -999.9 94.6 -999.9 -999.9 14.2 -999.9 -999.9 1014.4 -999.9 -999.9 14.0 213 29.9 -999.9 0.0 9.600000000000001 27.9 27.9 27.9 30.2 25.0 14.9 95.0 72.0 42.8 Vacaria_-_Pomar_Boeno_(873_m) -999.9 -999.9 1015.58 1011.51 1014.4 20.1 14.1 -999.9 Rio_Grande_do_Sul WU UTC_2026-09-20_04:09 0.0 -999.9
-28.566900 -50.979500 IVACAR13 2026-09-20_01:14 15.2 -999.9 -999.9 94.0 -999.9 -999.9 14.2 -999.9 -999.9 1014.2 -999.9 -999.9 17.6 219 26.2 -999.9 0.0 9.600000000000001 27.9 27.9 27.9 30.2 25.0 14.9 95.0 72.0 42.8 Vacaria_-_Pomar_Boeno_(873_m) -999.9 -999.9 1015.58 1011.51 1014.2 20.1 14.1 -999.9 Rio_Grande_do_Sul WU UTC_2026-09-20_04:14 0.0 -999.9
-28.566900 -50.979500 IVACAR13 2026-09-20_01:19 15.3 -999.9 -999.9 94.0 -999.9 -999.9 14.4 -999.9 -999.9 1014.4 -999.9 -999.9 16.4 164 27.4 -999.9 0.0 9.600000000000001 27.9 27.9 27.9 30.2 25.0 14.9 95.0 72.0 42.8 Vacaria_-_Pomar_Boeno_(873_m) -999.9 -999.9 1015.58 1011.51 1014.4 20.1 14.1 -999.9 Rio_Grande_do_Sul WU UTC_2026-09-20_04:19 0.0 -999.9
-28.566900 -50.979500 IVACAR13 2026-09-20_01:24 15.3 -999.9 -999.9 94.0 -999.9 -999.9 14.3 -999.9 -999.9 1014.4 -999.9 -999.9 16.4 197 29.9 -999.9 0.0 9.600000000000001 27.9 27.9 27.9 30.2 25.0 14.9 95.0 72.0 42.8 Vacaria_-_Pomar_Boeno_(873_m) -999.9 -999.9 1015.58 1011.51 1014.4 20.1 14.1 -999.9 Rio_Grande_do_Sul WU UTC_2026-09-20_04:24 0.0 -999.9
-28.566900 -50.979500 IVACAR13 2026-09-20_01:29 15.2 -999.9 -999.9 94.0 -999.9 -999.9 14.3 -999.9 -999.9 1014.4 -999.9 -999.9 15.3 197 29.9 -999.9 0.0 10.100000000000001 27.9 27.9 27.9 30.2 25.0 14.9 95.0 72.0 42.8 Vacaria_-_Pomar_Boeno_(873_m) -999.9 -999.9 1015.58 1011.51 1014.4 20.1 14.1 -999.9 Rio_Grande_do_Sul WU UTC_2026-09-20_04:29 0.5 -999.9
-28.566900 -50.979500 IVACAR13 2026-09-20_01:34 15.2 -999.9 -999.9 94.0 -999.9 -999.9 14.3 -999.9 -999.9 1014.4 -999.9 -999.9 16.3 193 27.4 -999.9 0.0 10.900000000000002 27.9 27.9 27.9 30.2 25.0 14.9 95.0 72.0 42.8 Vacaria_-_Pomar_Boeno_(873_m) -999.9 -999.9 1015.58 1011.51 1014.4 20.1 14.1 -999.9 Rio_Grande_do_Sul WU UTC_2026-09-20_04:34 0.8 -999.9
-28.566900 -50.979500 IVACAR13 2026-09-20_01:39 15.2 -999.9 -999.9 94.0 -999.9 -999.9 14.3 -999.9 -999.9 1014.7 -999.9 -999.9 14.1 100 22.7 -999.9 0.0 10.900000000000002 27.9 27.9 27.9 30.2 25.0 14.9 95.0 72.0 42.8 Vacaria_-_Pomar_Boeno_(873_m) -999.9 -999.9 1015.58 1011.51 1014.7 20.1 14.1 -999.9 Rio_Grande_do_Sul WU UTC_2026-09-20_04:39 0.0 -999.9
-28.566900 -50.979500 IVACAR13 2026-09-20_01:44 15.2 -999.9 -999.9 95.0 -999.9 -999.9 14.4 -999.9 -999.9 1015.1 -999.9 -999.9 11.0 133 23.8 -999.9 0.0 11.100000000000001 27.9 27.9 27.9 30.2 25.0 14.9 95.0 72.0 42.8 Vacaria_-_Pomar_Boeno_(873_m) -999.9 -999.9 1015.58 1011.51 1015.1 20.1 14.1 -999.9 Rio_Grande_do_Sul WU UTC_2026-09-20_04:44 0.2 -999.9
-28.566900 -50.979500 IVACAR13 2026-09-20_01:49 15.2 -999.9 -999.9 95.0 -999.9 -999.9 14.4 -999.9 -999.9 1014.7 -999.9 -999.9 7.9 157 15.4 -999.9 0.0 11.100000000000001 27.9 27.9 27.9 30.2 25.0 14.9 95.0 72.0 42.8 Vacaria_-_Pomar_Boeno_(873_m) -999.9 -999.9 1015.58 1011.51 1014.7 20.1 14.1 -999.9 Rio_Grande_do_Sul WU UTC_2026-09-20_04:49 0.0 -999.9
-28.566900 -50.979500 IVACAR13 2026-09-20_01:54 15.1 -999.9 -999.9 95.0 -999.9 -999.9 14.3 -999.9 -999.9 1014.7 -999.9 -999.9 8.6 238 19.2 -999.9 0.0 11.100000000000001 27.9 27.9 27.9 30.2 25.0 14.9 95.0 72.0 42.8 Vacaria_-_Pomar_Boeno_(873_m) -999.9 -999.9 1015.58 1011.51 1014.7 20.1 14.1 -999.9 Rio_Grande_do_Sul WU UTC_2026-09-20_04:54 0.0 -999.9
-28.566900 -50.979500 IVACAR13 2026-09-20_01:59 15.1 -999.9 -999.9 94.8 -999.9 -999.9 14.3 -999.9 -999.9 1014.7 -999.9 -999.9 10.1 134 20.1 -999.9 0.0 11.100000000000001 27.9 27.9 27.9 30.2 25.0 14.9 95.0 72.0 42.8 Vacaria_-_Pomar_Boeno_(873_m) -999.9 -999.9 1015.58 1011.51 1014.7 20.1 14.1 -999.9 Rio_Grande_do_Sul WU UTC_2026-09-20_04:59 0.0 -999.9
-28.566900 -50.979500 IVACAR13 2026-09-20_02:04 15.2 -999.9 -999.9 94.0 -999.9 -999.9 14.3 -999.9 -999.9 1014.7 -999.9 -999.9 8.3 126 16.6 -999.9 0.0 11.100000000000001 27.9 27.9 27.9 30.2 25.0 14.9 95.0 72.0 42.8 Vacaria_-_Pomar_Boeno_(873_m) -999.9 -999.9 1015.58 1011.51 1014.7 20.1 14.1 -999.9 Rio_Grande_do_Sul WU UTC_2026-09-20_05:04 0.0 -999.9
-28.566900 -50.979500 IVACAR13 2026-09-20_02:09 15.2 -999.9 -999.9 94.2 -999.9 -999.9 14.3 -999.9 -999.9 1014.9 -999.9 -999.9 10.8 153 18.0 -999.9 0.0 11.3 27.9 27.9 27.9 30.2 25.0 14.9 95.0 72.0 42.8 Vacaria_-_Pomar_Boeno_(873_m) -999.9 -999.9 1015.58 1011.51 1014.9 20.1 14.1 -999.9 Rio_Grande_do_Sul WU UTC_2026-09-20_05:09 0.2 -999.9
-28.566900 -50.979500 IVACAR13 2026-09-20_02:14 15.3 -999.9 -999.9 94.0 -999.9 -999.9 14.3 -999.9 -999.9 1014.7 -999.9 -999.9 10.3 142 18.0 -999.9 0.0 11.3 27.9 27.9 27.9 30.2 25.0 14.9 95.0 72.0 42.8 Vacaria_-_Pomar_Boeno_(873_m) -999.9 -999.9 1015.58 1011.51 1014.7 20.1 14.1 -999.9 Rio_Grande_do_Sul WU UTC_2026-09-20_05:14 0.0 -999.9
-28.566900 -50.979500 IVACAR13 2026-09-20_02:19 15.3 -999.9 -999.9 95.0 -999.9 -999.9 14.5 -999.9 -999.9 1014.2 -999.9 -999.9 10.9 215 22.7 -999.9 0.0 11.600000000000001 27.9 27.9 27.9 30.2 25.0 14.9 95.0 72.0 42.8 Vacaria_-_Pomar_Boeno_(873_m) -999.9 -999.9 1015.58 1011.51 1014.2 20.1 14.1 -999.9 Rio_Grande_do_Sul WU UTC_2026-09-20_05:19 0.3 -999.9
-28.566900 -50.979500 IVACAR13 2026-09-20_02:24 15.3 -999.9 -999.9 94.8 -999.9 -999.9 14.5 -999.9 -999.9 1013.7 -999.9 -999.9 10.8 198 19.2 -999.9 0.0 11.600000000000001 27.9 27.9 27.9 30.2 25.0 14.9 95.0 72.0 42.8 Vacaria_-_Pomar_Boeno_(873_m) -999.9 -999.9 1015.58 1011.51 1013.7 20.1 14.1 -999.9 Rio_Grande_do_Sul WU UTC_2026-09-20_05:24 0.0 -999.9
-28.566900 -50.979500 IVACAR13 2026-09-20_02:29 15.3 -999.9 -999.9 95.0 -999.9 -999.9 14.5 -999.9 -999.9 1013.2 -999.9 -999.9 9.9 205 19.2 -999.9 0.0 11.600000000000001 27.9 27.9 27.9 30.2 25.0 14.9 95.0 72.0 42.8 Vacaria_-_Pomar_Boeno_(873_m) -999.9 -999.9 1015.58 1011.51 1013.2 20.1 14.1 -999.9 Rio_Grande_do_Sul WU UTC_2026-09-20_05:29 0.0 -999.9
-28.566900 -50.979500 IVACAR13 2026-09-20_02:34 15.3 -999.9 -999.9 95.0 -999.9 -999.9 14.5 -999.9 -999.9 1013.2 -999.9 -999.9 7.6 148 18.0 -999.9 0.0 11.600000000000001 27.9 27.9 27.9 30.2 25.0 14.9 95.0 72.0 42.8 Vacaria_-_Pomar_Boeno_(873_m) -999.9 -999.9 1015.58 1011.51 1013.2 20.1 14.1 -999.9 Rio_Grande_do_Sul WU UTC_2026-09-20_05:34 0.0 -999.9
-28.566900 -50.979500 IVACAR13 2026-09-20_02:39 15.3 -999.9 -999.9 95.0 -999.9 -999.9 14.6 -999.9 -999.9 1013.4 -999.9 -999.9 9.9 204 20.1 -999.9 0.0 11.600000000000001 27.9 27.9 27.9 30.2 25.0 14.9 95.0 72.0 42.8 Vacaria_-_Pomar_Boeno_(873_m) -999.9 -999.9 1015.58 1011.51 1013.4 20.1 14.1 -999.9 Rio_Grande_do_Sul WU UTC_2026-09-20_05:39 0.0 -999.9
-28.566900 -50.979500 IVACAR13 2026-09-20_02:44 15.4 -999.9 -999.9 95.0 -999.9 -999.9 14.6 -999.9 -999.9 1013.0 -999.9 -999.9 8.9 168 20.1 -999.9 0.0 11.8 27.9 27.9 27.9 30.2 25.0 14.9 95.0 72.0 42.8 Vacaria_-_Pomar_Boeno_(873_m) -999.9 -999.9 1015.58 1011.51 1013.0 20.1 14.1 -999.9 Rio_Grande_do_Sul WU UTC_2026-09-20_05:44 0.2 -999.9
-28.566900 -50.979500 IVACAR13 2026-09-20_02:49 15.4 -999.9 -999.9 94.6 -999.9 -999.9 14.5 -999.9 -999.9 1012.7 -999.9 -999.9 11.1 207 20.1 -999.9 0.0 11.8 27.9 27.9 27.9 30.2 25.0 14.9 95.0 72.0 42.8 Vacaria_-_Pomar_Boeno_(873_m) -999.9 -999.9 1015.58 1011.51 1012.7 20.1 14.1 -999.9 Rio_Grande_do_Sul WU UTC_2026-09-20_05:49 0.0 -999.9
-28.566900 -50.979500 IVACAR13 2026-09-20_02:54 15.4 -999.9 -999.9 94.2 -999.9 -999.9 14.5 -999.9 -999.9 1012.5 -999.9 -999.9 9.1 197 15.4 -999.9 0.0 11.8 27.9 27.9 27.9 30.2 25.0 14.9 95.0 72.0 42.8 Vacaria_-_Pomar_Boeno_(873_m) -999.9 -999.9 1015.58 1011.51 1012.5 20.1 14.1 -999.9 Rio_Grande_do_Sul WU UTC_2026-09-20_05:54 0.0 -999.9
-28.566900 -50.979500 IVACAR13 2026-09-20_02:59 15.4 -999.9 -999.9 94.0 -999.9 -999.9 14.4 -999.9 -999.9 1012.7 -999.9 -999.9 8.0 159 14.3 -999.9 0.0 11.8 27.9 27.9 27.9 30.2 25.0 14.9 95.0 72.0 42.8 Vacaria_-_Pomar_Boeno_(873_m) -999.9 -999.9 1015.58 1011.51 1012.7 20.1 14.1 -999.9 Rio_Grande_do_Sul WU UTC_2026-09-20_05:59 0.0 -999.9
-28.566900 -50.979500 IVACAR13 2026-09-20_03:04 15.3 -999.9 -999.9 94.0 -999.9 -999.9 14.4 -999.9 -999.9 1012.9 -999.9 -999.9 6.2 170 11.9 -999.9 0.0 11.8 27.9 27.9 27.9 30.2 25.0 14.9 95.0 72.0 42.8 Vacaria_-_Pomar_Boeno_(873_m) -999.9 -999.9 1015.58 1011.51 1012.9 20.1 14.1 -999.9 Rio_Grande_do_Sul WU UTC_2026-09-20_06:04 0.0 -999.9
-28.566900 -50.979500 IVACAR13 2026-09-20_03:09 15.3 -999.9 -999.9 94.0 -999.9 -999.9 14.4 -999.9 -999.9 1012.7 -999.9 -999.9 9.4 177 18.0 -999.9 0.0 11.8 27.9 27.9 27.9 30.2 25.0 14.9 95.0 72.0 42.8 Vacaria_-_Pomar_Boeno_(873_m) -999.9 -999.9 1015.58 1011.51 1012.7 20.1 14.1 -999.9 Rio_Grande_do_Sul WU UTC_2026-09-20_06:09 0.0 -999.9
-28.566900 -50.979500 IVACAR13 2026-09-20_03:14 15.3 -999.9 -999.9 94.0 -999.9 -999.9 14.4 -999.9 -999.9 1012.7 -999.9 -999.9 9.7 162 19.2 -999.9 0.0 11.8 27.9 27.9 27.9 30.2 25.0 14.9 95.0 72.0 42.8 Vacaria_-_Pomar_Boeno_(873_m) -999.9 -999.9 1015.58 1011.51 1012.7 20.1 14.1 -999.9 Rio_Grande_do_Sul WU UTC_2026-09-20_06:14 0.0 -999.9
-28.566900 -50.979500 IVACAR13 2026-09-20_03:19 15.3 -999.9 -999.9 94.0 -999.9 -999.9 14.3 -999.9 -999.9 1012.7 -999.9 -999.9 8.3 180 16.6 -999.9 0.0 11.8 27.9 27.9 27.9 30.2 25.0 14.9 95.0 72.0 42.8 Vacaria_-_Pomar_Boeno_(873_m) -999.9 -999.9 1015.58 1011.51 1012.7 20.1 14.1 -999.9 Rio_Grande_do_Sul WU UTC_2026-09-20_06:19 0.0 -999.9
-28.566900 -50.979500 IVACAR13 2026-09-20_03:24 15.2 -999.9 -999.9 94.0 -999.9 -999.9 14.3 -999.9 -999.9 1012.7 -999.9 -999.9 6.1 172 16.6 -999.9 0.0 11.8 27.9 27.9 27.9 30.2 25.0 14.9 95.0 72.0 42.8 Vacaria_-_Pomar_Boeno_(873_m) -999.9 -999.9 1015.58 1011.51 1012.7 20.1 14.1 -999.9 Rio_Grande_do_Sul WU UTC_2026-09-20_06:24 0.0 -999.9
-28.566900 -50.979500 IVACAR13 2026-09-20_03:29 15.2 -999.9 -999.9 94.0 -999.9 -999.9 14.3 -999.9 -999.9 1012.7 -999.9 -999.9 8.4 186 16.6 -999.9 0.0 11.8 27.9 27.9 27.9 30.2 25.0 14.9 95.0 72.0 42.8 Vacaria_-_Pomar_Boeno_(873_m) -999.9 -999.9 1015.58 1011.51 1012.7 20.1 14.1 -999.9 Rio_Grande_do_Sul WU UTC_2026-09-20_06:29 0.0 -999.9
-28.566900 -50.979500 IVACAR13 2026-09-20_03:34 15.3 -999.9 -999.9 94.0 -999.9 -999.9 14.4 -999.9 -999.9 1012.7 -999.9 -999.9 8.8 153 16.6 -999.9 0.0 11.8 27.9 27.9 27.9 30.2 25.0 14.9 95.0 72.0 42.8 Vacaria_-_Pomar_Boeno_(873_m) -999.9 -999.9 1015.58 1011.51 1012.7 20.1 14.1 -999.9 Rio_Grande_do_Sul WU UTC_2026-09-20_06:34 0.0 -999.9
-28.566900 -50.979500 IVACAR13 2026-09-20_03:39 15.3 -999.9 -999.9 94.0 -999.9 -999.9 14.4 -999.9 -999.9 1012.7 -999.9 -999.9 9.8 205 15.4 -999.9 0.0 11.8 27.9 27.9 27.9 30.2 25.0 14.9 95.0 72.0 42.8 Vacaria_-_Pomar_Boeno_(873_m) -999.9 -999.9 1015.58 1011.51 1012.7 20.1 14.1 -999.9 Rio_Grande_do_Sul WU UTC_2026-09-20_06:39 0.0 -999.9
-28.566900 -50.979500 IVACAR13 2026-09-20_03:44 15.3 -999.9 -999.9 94.0 -999.9 -999.9 14.3 -999.9 -999.9 1012.7 -999.9 -999.9 9.2 153 19.2 -999.9 0.0 11.8 27.9 27.9 27.9 30.2 25.0 14.9 95.0 72.0 42.8 Vacaria_-_Pomar_Boeno_(873_m) -999.9 -999.9 1015.58 1011.51 1012.7 20.1 14.1 -999.9 Rio_Grande_do_Sul WU UTC_2026-09-20_06:44 0.0 -999.9
-28.566900 -50.979500 IVACAR13 2026-09-20_03:49 15.4 -999.9 -999.9 94.0 -999.9 -999.9 14.4 -999.9 -999.9 1012.9 -999.9 -999.9 8.2 204 16.6 -999.9 0.0 11.8 27.9 27.9 27.9 30.2 25.0 14.9 95.0 72.0 42.8 Vacaria_-_Pomar_Boeno_(873_m) -999.9 -999.9 1015.58 1011.51 1012.9 20.1 14.1 -999.9 Rio_Grande_do_Sul WU UTC_2026-09-20_06:49 0.0 -999.9
-28.566900 -50.979500 IVACAR13 2026-09-20_03:54 15.4 -999.9 -999.9 94.0 -999.9 -999.9 14.4 -999.9 -999.9 1012.9 -999.9 -999.9 9.8 146 22.7 -999.9 0.0 11.8 27.9 27.9 27.9 30.2 25.0 14.9 95.0 72.0 42.8 Vacaria_-_Pomar_Boeno_(873_m) -999.9 -999.9 1015.58 1011.51 1012.9 20.1 14.1 -999.9 Rio_Grande_do_Sul WU UTC_2026-09-20_06:54 0.0 -999.9
-28.566900 -50.979500 IVACAR13 2026-09-20_03:59 15.4 -999.9 -999.9 93.8 -999.9 -999.9 14.5 -999.9 -999.9 1013.0 -999.9 -999.9 10.2 151 15.4 -999.9 0.0 11.8 27.9 27.9 27.9 30.2 25.0 14.9 95.0 72.0 42.8 Vacaria_-_Pomar_Boeno_(873_m) -999.9 -999.9 1015.58 1011.51 1013.0 20.1 14.1 -999.9 Rio_Grande_do_Sul WU UTC_2026-09-20_06:59 0.0 -999.9
-28.566900 -50.979500 IVACAR13 2026-09-20_04:04 15.4 -999.9 -999.9 93.0 -999.9 -999.9 14.3 -999.9 -999.9 1012.9 -999.9 -999.9 9.7 156 21.2 -999.9 0.0 11.8 27.9 27.9 27.9 30.2 25.0 14.9 95.0 72.0 42.8 Vacaria_-_Pomar_Boeno_(873_m) -999.9 -999.9 1015.58 1011.51 1012.9 20.1 14.1 -999.9 Rio_Grande_do_Sul WU UTC_2026-09-20_07:04 0.0 -999.9
-28.566900 -50.979500 IVACAR13 2026-09-20_04:09 15.5 -999.9 -999.9 93.0 -999.9 -999.9 14.4 -999.9 -999.9 1012.9 -999.9 -999.9 8.0 185 20.1 -999.9 0.0 11.8 27.9 27.9 27.9 30.2 25.0 14.9 95.0 72.0 42.8 Vacaria_-_Pomar_Boeno_(873_m) -999.9 -999.9 1015.58 1011.51 1012.9 20.1 14.1 -999.9 Rio_Grande_do_Sul WU UTC_2026-09-20_07:09 0.0 -999.9
-28.566900 -50.979500 IVACAR13 2026-09-20_04:14 15.5 -999.9 -999.9 93.0 -999.9 -999.9 14.4 -999.9 -999.9 1012.9 -999.9 -999.9 9.7 167 18.0 -999.9 0.0 11.8 27.9 27.9 27.9 30.2 25.0 14.9 95.0 72.0 42.8 Vacaria_-_Pomar_Boeno_(873_m) -999.9 -999.9 1015.58 1011.51 1012.9 20.1 14.1 -999.9 Rio_Grande_do_Sul WU UTC_2026-09-20_07:14 0.0 -999.9
-28.566900 -50.979500 IVACAR13 2026-09-20_04:19 15.5 -999.9 -999.9 92.0 -999.9 -999.9 14.3 -999.9 -999.9 1012.9 -999.9 -999.9 9.6 193 16.6 -999.9 0.0 11.8 27.9 27.9 27.9 30.2 25.0 14.9 95.0 72.0 42.8 Vacaria_-_Pomar_Boeno_(873_m) -999.9 -999.9 1015.58 1011.51 1012.9 20.1 14.1 -999.9 Rio_Grande_do_Sul WU UTC_2026-09-20_07:19 0.0 -999.9
-28.566900 -50.979500 IVACAR13 2026-09-20_04:24 15.5 -999.9 -999.9 92.0 -999.9 -999.9 14.3 -999.9 -999.9 1012.9 -999.9 -999.9 6.4 165 15.4 -999.9 0.0 11.8 27.9 27.9 27.9 30.2 25.0 14.9 95.0 72.0 42.8 Vacaria_-_Pomar_Boeno_(873_m) -999.9 -999.9 1015.58 1011.51 1012.9 20.1 14.1 -999.9 Rio_Grande_do_Sul WU UTC_2026-09-20_07:24 0.0 -999.9
-28.566900 -50.979500 IVACAR13 2026-09-20_04:29 15.6 -999.9 -999.9 91.2 -999.9 -999.9 14.2 -999.9 -999.9 1012.9 -999.9 -999.9 7.9 156 14.3 -999.9 0.0 11.8 27.9 27.9 27.9 30.2 25.0 14.9 95.0 72.0 42.8 Vacaria_-_Pomar_Boeno_(873_m) -999.9 -999.9 1015.58 1011.51 1012.9 20.1 14.1 -999.9 Rio_Grande_do_Sul WU UTC_2026-09-20_07:29 0.0 -999.9
-28.566900 -50.979500 IVACAR13 2026-09-20_04:34 15.7 -999.9 -999.9 90.4 -999.9 -999.9 14.2 -999.9 -999.9 1012.9 -999.9 -999.9 9.2 176 19.2 -999.9 0.0 11.8 27.9 27.9 27.9 30.2 25.0 14.9 95.0 72.0 42.8 Vacaria_-_Pomar_Boeno_(873_m) -999.9 -999.9 1015.58 1011.51 1012.9 20.1 14.1 -999.9 Rio_Grande_do_Sul WU UTC_2026-09-20_07:34 0.0 -999.9
-28.566900 -50.979500 IVACAR13 2026-09-20_04:39 15.7 -999.9 -999.9 90.2 -999.9 -999.9 14.2 -999.9 -999.9 1013.0 -999.9 -999.9 10.7 137 18.0 -999.9 0.0 11.8 27.9 27.9 27.9 30.2 25.0 14.9 95.0 72.0 42.8 Vacaria_-_Pomar_Boeno_(873_m) -999.9 -999.9 1015.58 1011.51 1013.0 20.1 14.1 -999.9 Rio_Grande_do_Sul WU UTC_2026-09-20_07:39 0.0 -999.9
-28.566900 -50.979500 IVACAR13 2026-09-20_04:44 15.8 -999.9 -999.9 90.0 -999.9 -999.9 14.1 -999.9 -999.9 1013.0 -999.9 -999.9 8.9 175 22.7 -999.9 0.0 11.8 27.9 27.9 27.9 30.2 25.0 14.9 95.0 72.0 42.8 Vacaria_-_Pomar_Boeno_(873_m) -999.9 -999.9 1015.58 1011.51 1013.0 20.1 14.1 -999.9 Rio_Grande_do_Sul WU UTC_2026-09-20_07:44 0.0 -999.9
-28.566900 -50.979500 IVACAR13 2026-09-20_04:49 15.7 -999.9 -999.9 90.4 -999.9 -999.9 14.2 -999.9 -999.9 1013.0 -999.9 -999.9 7.2 178 11.9 -999.9 0.0 11.8 27.9 27.9 27.9 30.2 25.0 14.9 95.0 72.0 42.8 Vacaria_-_Pomar_Boeno_(873_m) -999.9 -999.9 1015.58 1011.51 1013.0 20.1 14.1 -999.9 Rio_Grande_do_Sul WU UTC_2026-09-20_07:49 0.0 -999.9
-28.566900 -50.979500 IVACAR13 2026-09-20_04:54 15.8 -999.9 -999.9 90.0 -999.9 -999.9 14.2 -999.9 -999.9 1013.2 -999.9 -999.9 7.9 192 14.3 -999.9 0.0 11.8 27.9 27.9 27.9 30.2 25.0 14.9 95.0 72.0 42.8 Vacaria_-_Pomar_Boeno_(873_m) -999.9 -999.9 1015.58 1011.51 1013.2 20.1 14.1 -999.9 Rio_Grande_do_Sul WU UTC_2026-09-20_07:54 0.0 -999.9
-28.566900 -50.979500 IVACAR13 2026-09-20_04:59 15.8 -999.9 -999.9 90.0 -999.9 -999.9 14.1 -999.9 -999.9 1013.2 -999.9 -999.9 9.6 167 16.6 -999.9 0.0 11.8 27.9 27.9 27.9 30.2 25.0 14.9 95.0 72.0 42.8 Vacaria_-_Pomar_Boeno_(873_m) -999.9 -999.9 1015.58 1011.51 1013.2 20.1 14.1 -999.9 Rio_Grande_do_Sul WU UTC_2026-09-20_07:59 0.0 -999.9
-28.566900 -50.979500 IVACAR13 2026-09-20_05:04 15.7 -999.9 -999.9 90.8 -999.9 -999.9 14.2 -999.9 -999.9 1013.4 -999.9 -999.9 8.2 150 13.0 -999.9 0.0 11.8 27.9 27.9 27.9 30.2 25.0 14.9 95.0 72.0 42.8 Vacaria_-_Pomar_Boeno_(873_m) -999.9 -999.9 1015.58 1011.51 1013.4 20.1 14.1 -999.9 Rio_Grande_do_Sul WU UTC_2026-09-20_08:04 0.0 -999.9
-28.566900 -50.979500 IVACAR13 2026-09-20_05:09 15.7 -999.9 -999.9 90.6 -999.9 -999.9 14.2 -999.9 -999.9 1013.4 -999.9 -999.9 10.3 137 18.0 -999.9 0.0 11.8 27.9 27.9 27.9 30.2 25.0 14.9 95.0 72.0 42.8 Vacaria_-_Pomar_Boeno_(873_m) -999.9 -999.9 1015.58 1011.51 1013.4 20.1 14.1 -999.9 Rio_Grande_do_Sul WU UTC_2026-09-20_08:09 0.0 -999.9
-28.566900 -50.979500 IVACAR13 2026-09-20_05:14 15.8 -999.9 -999.9 90.6 -999.9 -999.9 14.2 -999.9 -999.9 1013.4 -999.9 -999.9 9.8 132 16.6 -999.9 0.0 11.8 27.9 27.9 27.9 30.2 25.0 14.9 95.0 72.0 42.8 Vacaria_-_Pomar_Boeno_(873_m) -999.9 -999.9 1015.58 1011.51 1013.4 20.1 14.1 -999.9 Rio_Grande_do_Sul WU UTC_2026-09-20_08:14 0.0 -999.9
-28.566900 -50.979500 IVACAR13 2026-09-20_05:19 15.8 -999.9 -999.9 90.0 -999.9 -999.9 14.2 -999.9 -999.9 1013.5 -999.9 -999.9 9.3 136 18.0 -999.9 0.0 11.8 27.9 27.9 27.9 30.2 25.0 14.9 95.0 72.0 42.8 Vacaria_-_Pomar_Boeno_(873_m) -999.9 -999.9 1015.58 1011.51 1013.5 20.1 14.1 -999.9 Rio_Grande_do_Sul WU UTC_2026-09-20_08:19 0.0 -999.9
-28.566900 -50.979500 IVACAR13 2026-09-20_05:24 15.8 -999.9 -999.9 90.0 -999.9 -999.9 14.2 -999.9 -999.9 1013.5 -999.9 -999.9 9.8 145 18.0 -999.9 0.0 11.8 27.9 27.9 27.9 30.2 25.0 14.9 95.0 72.0 42.8 Vacaria_-_Pomar_Boeno_(873_m) -999.9 -999.9 1015.58 1011.51 1013.5 20.1 14.1 -999.9 Rio_Grande_do_Sul WU UTC_2026-09-20_08:24 0.0 -999.9
-28.566900 -50.979500 IVACAR13 2026-09-20_05:29 15.8 -999.9 -999.9 90.0 -999.9 -999.9 14.2 -999.9 -999.9 1013.7 -999.9 -999.9 9.9 132 15.4 -999.9 0.0 11.8 27.9 27.9 27.9 30.2 25.0 14.9 95.0 72.0 42.8 Vacaria_-_Pomar_Boeno_(873_m) -999.9 -999.9 1015.58 1011.51 1013.7 20.1 14.1 -999.9 Rio_Grande_do_Sul WU UTC_2026-09-20_08:29 0.0 -999.9
-28.566900 -50.979500 IVACAR13 2026-09-20_05:34 15.8 -999.9 -999.9 90.0 -999.9 -999.9 14.2 -999.9 -999.9 1013.7 -999.9 -999.9 11.6 150 18.0 -999.9 0.0 11.8 27.9 27.9 27.9 30.2 25.0 14.9 95.0 72.0 42.8 Vacaria_-_Pomar_Boeno_(873_m) -999.9 -999.9 1015.58 1011.51 1013.7 20.1 14.1 -999.9 Rio_Grande_do_Sul WU UTC_2026-09-20_08:34 0.0 -999.9
-28.566900 -50.979500 IVACAR13 2026-09-20_05:39 15.8 -999.9 -999.9 90.6 -999.9 -999.9 14.3 -999.9 -999.9 1013.9 -999.9 -999.9 8.9 123 16.6 -999.9 0.0 11.8 27.9 27.9 27.9 30.2 25.0 14.9 95.0 72.0 42.8 Vacaria_-_Pomar_Boeno_(873_m) -999.9 -999.9 1015.58 1011.51 1013.9 20.1 14.1 -999.9 Rio_Grande_do_Sul WU UTC_2026-09-20_08:39 0.0 -999.9
-28.566900 -50.979500 IVACAR13 2026-09-20_05:44 15.7 -999.9 -999.9 91.0 -999.9 -999.9 14.3 -999.9 -999.9 1013.9 -999.9 -999.9 9.4 165 18.0 -999.9 0.0 11.8 27.9 27.9 27.9 30.2 25.0 14.9 95.0 72.0 42.8 Vacaria_-_Pomar_Boeno_(873_m) -999.9 -999.9 1015.58 1011.51 1013.9 20.1 14.1 -999.9 Rio_Grande_do_Sul WU UTC_2026-09-20_08:44 0.0 -999.9
-28.566900 -50.979500 IVACAR13 2026-09-20_05:49 15.7 -999.9 -999.9 91.0 -999.9 -999.9 14.3 -999.9 -999.9 1013.9 -999.9 -999.9 6.8 183 15.4 -999.9 0.0 11.8 27.9 27.9 27.9 30.2 25.0 14.9 95.0 72.0 42.8 Vacaria_-_Pomar_Boeno_(873_m) -999.9 -999.9 1015.58 1011.51 1013.9 20.1 14.1 -999.9 Rio_Grande_do_Sul WU UTC_2026-09-20_08:49 0.0 -999.9
-28.566900 -50.979500 IVACAR13 2026-09-20_05:54 15.7 -999.9 -999.9 91.0 -999.9 -999.9 14.3 -999.9 -999.9 1013.9 -999.9 -999.9 5.8 155 11.9 -999.9 0.0 11.8 27.9 27.9 27.9 30.2 25.0 14.9 95.0 72.0 42.8 Vacaria_-_Pomar_Boeno_(873_m) -999.9 -999.9 1015.58 1011.51 1013.9 20.1 14.1 -999.9 Rio_Grande_do_Sul WU UTC_2026-09-20_08:54 0.0 -999.9
-28.566900 -50.979500 IVACAR13 2026-09-20_05:59 15.7 -999.9 -999.9 91.0 -999.9 -999.9 14.3 -999.9 -999.9 1014.0 -999.9 -999.9 8.2 139 16.6 -999.9 0.0 11.8 27.9 27.9 27.9 30.2 25.0 14.9 95.0 72.0 42.8 Vacaria_-_Pomar_Boeno_(873_m) -999.9 -999.9 1015.58 1011.51 1014.0 20.1 14.1 -999.9 Rio_Grande_do_Sul WU UTC_2026-09-20_08:59 0.0 -999.9
-28.566900 -50.979500 IVACAR13 2026-09-20_06:04 15.8 -999.9 -999.9 91.0 -999.9 -999.9 14.3 -999.9 -999.9 1013.9 -999.9 -999.9 9.8 155 16.6 -999.9 0.0 11.8 27.9 27.9 27.9 30.2 25.0 14.9 95.0 72.0 42.8 Vacaria_-_Pomar_Boeno_(873_m) -999.9 -999.9 1015.58 1011.51 1013.9 20.1 14.1 -999.9 Rio_Grande_do_Sul WU UTC_2026-09-20_09:04 0.0 -999.9
-28.566900 -50.979500 IVACAR13 2026-09-20_06:09 15.7 -999.9 -999.9 91.0 -999.9 -999.9 14.3 -999.9 -999.9 1014.0 -999.9 -999.9 7.0 196 8.2 -999.9 0.0 11.8 27.9 27.9 27.9 30.2 25.0 14.9 95.0 72.0 42.8 Vacaria_-_Pomar_Boeno_(873_m) -999.9 -999.9 1015.58 1011.51 1014.0 20.1 14.1 -999.9 Rio_Grande_do_Sul WU UTC_2026-09-20_09:09 0.0 -999.9
-28.566900 -50.979500 IVACAR13 2026-09-20_06:14 15.8 -999.9 -999.9 91.0 -999.9 -999.9 14.3 -999.9 -999.9 1014.0 -999.9 -999.9 8.6 211 13.0 -999.9 0.0 11.8 27.9 27.9 27.9 30.2 25.0 14.9 95.0 72.0 42.8 Vacaria_-_Pomar_Boeno_(873_m) -999.9 -999.9 1015.58 1011.51 1014.0 20.1 14.1 -999.9 Rio_Grande_do_Sul WU UTC_2026-09-20_09:14 0.0 -999.9
-28.566900 -50.979500 IVACAR13 2026-09-20_06:19 15.8 -999.9 -999.9 91.0 -999.9 -999.9 14.3 -999.9 -999.9 1013.9 -999.9 -999.9 9.1 162 16.6 -999.9 0.0 11.8 27.9 27.9 27.9 30.2 25.0 14.9 95.0 72.0 42.8 Vacaria_-_Pomar_Boeno_(873_m) -999.9 -999.9 1015.58 1011.51 1013.9 20.1 14.1 -999.9 Rio_Grande_do_Sul WU UTC_2026-09-20_09:19 0.0 -999.9
-28.566900 -50.979500 IVACAR13 2026-09-20_06:24 15.7 -999.9 -999.9 91.0 -999.9 -999.9 14.3 -999.9 -999.9 1014.0 -999.9 -999.9 10.6 120 16.6 -999.9 0.0 11.8 27.9 27.9 27.9 30.2 25.0 14.9 95.0 72.0 42.8 Vacaria_-_Pomar_Boeno_(873_m) -999.9 -999.9 1015.58 1011.51 1014.0 20.1 14.1 -999.9 Rio_Grande_do_Sul WU UTC_2026-09-20_09:24 0.0 -999.9
-28.566900 -50.979500 IVACAR13 2026-09-20_06:29 15.6 -999.9 -999.9 91.8 -999.9 -999.9 14.3 -999.9 -999.9 1014.0 -999.9 -999.9 9.9 120 18.0 -999.9 0.0 11.8 27.9 27.9 27.9 30.2 25.0 14.9 95.0 72.0 42.8 Vacaria_-_Pomar_Boeno_(873_m) -999.9 -999.9 1015.58 1011.51 1014.0 20.1 14.1 -999.9 Rio_Grande_do_Sul WU UTC_2026-09-20_09:29 0.0 -999.9
-28.566900 -50.979500 IVACAR13 2026-09-20_06:34 15.7 -999.9 -999.9 91.6 -999.9 -999.9 14.3 -999.9 -999.9 1014.0 -999.9 -999.9 11.1 130 18.0 -999.9 0.0 11.8 27.9 27.9 27.9 30.2 25.0 14.9 95.0 72.0 42.8 Vacaria_-_Pomar_Boeno_(873_m) -999.9 -999.9 1015.58 1011.51 1014.0 20.1 14.1 -999.9 Rio_Grande_do_Sul WU UTC_2026-09-20_09:34 0.0 -999.9
-28.566900 -50.979500 IVACAR13 2026-09-20_06:39 15.7 -999.9 -999.9 91.6 -999.9 -999.9 14.4 -999.9 -999.9 1014.0 -999.9 -999.9 11.7 170 26.2 -999.9 0.0 11.8 27.9 27.9 27.9 30.2 25.0 14.9 95.0 72.0 42.8 Vacaria_-_Pomar_Boeno_(873_m) -999.9 -999.9 1015.58 1011.51 1014.0 20.1 14.1 -999.9 Rio_Grande_do_Sul WU UTC_2026-09-20_09:39 0.0 -999.9
-28.566900 -50.979500 IVACAR13 2026-09-20_06:44 15.7 -999.9 -999.9 91.2 -999.9 -999.9 14.3 -999.9 -999.9 1014.0 -999.9 -999.9 14.3 137 26.2 -999.9 0.0 11.8 27.9 27.9 27.9 30.2 25.0 14.9 95.0 72.0 42.8 Vacaria_-_Pomar_Boeno_(873_m) -999.9 -999.9 1015.58 1011.51 1014.0 20.1 14.1 -999.9 Rio_Grande_do_Sul WU UTC_2026-09-20_09:44 0.0 -999.9
-28.566900 -50.979500 IVACAR13 2026-09-20_06:49 15.8 -999.9 -999.9 92.0 -999.9 -999.9 14.5 -999.9 -999.9 1013.9 -999.9 -999.9 10.5 163 18.0 -999.9 0.0 11.8 27.9 27.9 27.9 30.2 25.0 14.9 95.0 72.0 42.8 Vacaria_-_Pomar_Boeno_(873_m) -999.9 -999.9 1015.58 1011.51 1013.9 20.1 14.1 -999.9 Rio_Grande_do_Sul WU UTC_2026-09-20_09:49 0.0 -999.9
-28.566900 -50.979500 IVACAR13 2026-09-20_06:54 15.9 -999.9 -999.9 91.2 -999.9 -999.9 14.5 -999.9 -999.9 1014.0 -999.9 -999.9 12.5 165 22.7 -999.9 0.0 11.8 27.9 27.9 27.9 30.2 25.0 14.9 95.0 72.0 42.8 Vacaria_-_Pomar_Boeno_(873_m) -999.9 -999.9 1015.58 1011.51 1014.0 20.1 14.1 -999.9 Rio_Grande_do_Sul WU UTC_2026-09-20_09:54 0.0 -999.9
-28.566900 -50.979500 IVACAR13 2026-09-20_06:59 15.9 -999.9 -999.9 91.0 -999.9 -999.9 14.4 -999.9 -999.9 1014.0 -999.9 -999.9 11.8 138 18.0 -999.9 0.0 11.8 27.9 27.9 27.9 30.2 25.0 14.9 95.0 72.0 42.8 Vacaria_-_Pomar_Boeno_(873_m) -999.9 -999.9 1015.58 1011.51 1014.0 20.1 14.1 -999.9 Rio_Grande_do_Sul WU UTC_2026-09-20_09:59 0.0 -999.9
-28.566900 -50.979500 IVACAR13 2026-09-20_07:04 16.0 -999.9 -999.9 91.0 -999.9 -999.9 14.5 -999.9 -999.9 1014.0 -999.9 -999.9 10.6 196 27.4 -999.9 0.0 11.8 27.9 27.9 27.9 30.2 25.0 14.9 95.0 72.0 42.8 Vacaria_-_Pomar_Boeno_(873_m) -999.9 -999.9 1015.58 1011.51 1014.0 20.1 14.1 -999.9 Rio_Grande_do_Sul WU UTC_2026-09-20_10:04 0.0 -999.9
-28.566900 -50.979500 IVACAR13 2026-09-20_07:09 16.0 -999.9 -999.9 91.0 -999.9 -999.9 14.6 -999.9 -999.9 1014.0 -999.9 -999.9 11.0 170 19.2 -999.9 0.0 11.8 27.9 27.9 27.9 30.2 25.0 14.9 95.0 72.0 42.8 Vacaria_-_Pomar_Boeno_(873_m) -999.9 -999.9 1015.58 1011.51 1014.0 20.1 14.1 -999.9 Rio_Grande_do_Sul WU UTC_2026-09-20_10:09 0.0 -999.9
-28.566900 -50.979500 IVACAR13 2026-09-20_07:14 16.0 -999.9 -999.9 91.0 -999.9 -999.9 14.5 -999.9 -999.9 1014.0 -999.9 -999.9 12.7 128 18.0 -999.9 0.0 11.8 27.9 27.9 27.9 30.2 25.0 14.9 95.0 72.0 42.8 Vacaria_-_Pomar_Boeno_(873_m) -999.9 -999.9 1015.58 1011.51 1014.0 20.1 14.1 -999.9 Rio_Grande_do_Sul WU UTC_2026-09-20_10:14 0.0 -999.9
-28.566900 -50.979500 IVACAR13 2026-09-20_07:19 16.0 -999.9 -999.9 91.0 -999.9 -999.9 14.5 -999.9 -999.9 1014.4 -999.9 -999.9 9.3 134 16.6 -999.9 0.0 11.8 27.9 27.9 27.9 30.2 25.0 14.9 95.0 72.0 42.8 Vacaria_-_Pomar_Boeno_(873_m) -999.9 -999.9 1015.58 1011.51 1014.4 20.1 14.1 -999.9 Rio_Grande_do_Sul WU UTC_2026-09-20_10:19 0.0 -999.9
-28.566900 -50.979500 IVACAR13 2026-09-20_07:24 16.1 -999.9 -999.9 91.0 -999.9 -999.9 14.7 -999.9 -999.9 1014.2 -999.9 -999.9 10.9 193 26.2 -999.9 0.0 11.8 27.9 27.9 27.9 30.2 25.0 14.9 95.0 72.0 42.8 Vacaria_-_Pomar_Boeno_(873_m) -999.9 -999.9 1015.58 1011.51 1014.2 20.1 14.1 -999.9 Rio_Grande_do_Sul WU UTC_2026-09-20_10:24 0.0 -999.9
-28.566900 -50.979500 IVACAR13 2026-09-20_07:29 16.4 -999.9 -999.9 90.2 -999.9 -999.9 14.8 -999.9 -999.9 1014.4 -999.9 -999.9 10.8 141 16.6 -999.9 0.0 11.8 27.9 27.9 27.9 30.2 25.0 14.9 95.0 72.0 42.8 Vacaria_-_Pomar_Boeno_(873_m) -999.9 -999.9 1015.58 1011.51 1014.4 20.1 14.1 -999.9 Rio_Grande_do_Sul WU UTC_2026-09-20_10:29 0.0 -999.9
-28.566900 -50.979500 IVACAR13 2026-09-20_07:34 16.6 -999.9 -999.9 90.0 -999.9 -999.9 14.9 -999.9 -999.9 1014.4 -999.9 -999.9 13.3 172 23.8 -999.9 0.0 11.8 27.9 27.9 27.9 30.2 25.0 14.9 95.0 72.0 42.8 Vacaria_-_Pomar_Boeno_(873_m) -999.9 -999.9 1015.58 1011.51 1014.4 20.1 14.1 -999.9 Rio_Grande_do_Sul WU UTC_2026-09-20_10:34 0.0 -999.9
-28.566900 -50.979500 IVACAR13 2026-09-20_07:39 16.7 -999.9 -999.9 90.0 -999.9 -999.9 15.0 -999.9 -999.9 1014.6 -999.9 -999.9 15.0 176 24.8 -999.9 0.0 11.8 27.9 27.9 27.9 30.2 25.0 14.9 95.0 72.0 42.8 Vacaria_-_Pomar_Boeno_(873_m) -999.9 -999.9 1015.58 1011.51 1014.6 20.1 14.1 -999.9 Rio_Grande_do_Sul WU UTC_2026-09-20_10:39 0.0 -999.9
-28.566900 -50.979500 IVACAR13 2026-09-20_07:44 16.7 -999.9 -999.9 90.0 -999.9 -999.9 15.0 -999.9 -999.9 1014.6 -999.9 -999.9 12.9 136 23.8 -999.9 0.0 11.8 27.9 27.9 27.9 30.2 25.0 14.9 95.0 72.0 42.8 Vacaria_-_Pomar_Boeno_(873_m) -999.9 -999.9 1015.58 1011.51 1014.6 20.1 14.1 -999.9 Rio_Grande_do_Sul WU UTC_2026-09-20_10:44 0.0 -999.9
-28.566900 -50.979500 IVACAR13 2026-09-20_07:49 16.9 -999.9 -999.9 90.0 -999.9 -999.9 15.2 -999.9 -999.9 1014.6 -999.9 -999.9 8.4 200 13.0 -999.9 0.0 11.8 27.9 27.9 27.9 30.2 25.0 14.9 95.0 72.0 42.8 Vacaria_-_Pomar_Boeno_(873_m) -999.9 -999.9 1015.58 1011.51 1014.6 20.1 14.1 -999.9 Rio_Grande_do_Sul WU UTC_2026-09-20_10:49 0.0 -999.9
-28.566900 -50.979500 IVACAR13 2026-09-20_07:54 16.9 -999.9 -999.9 90.0 -999.9 -999.9 15.2 -999.9 -999.9 1014.4 -999.9 -999.9 14.0 135 23.8 -999.9 0.0 11.8 27.9 27.9 27.9 30.2 25.0 14.9 95.0 72.0 42.8 Vacaria_-_Pomar_Boeno_(873_m) -999.9 -999.9 1015.58 1011.51 1014.4 20.1 14.1 -999.9 Rio_Grande_do_Sul WU UTC_2026-09-20_10:54 0.0 -999.9
-28.566900 -50.979500 IVACAR13 2026-09-20_07:59 17.0 -999.9 -999.9 90.0 -999.9 -999.9 15.4 -999.9 -999.9 1014.6 -999.9 -999.9 9.7 147 16.6 -999.9 0.0 11.8 27.9 27.9 27.9 30.2 25.0 14.9 95.0 72.0 42.8 Vacaria_-_Pomar_Boeno_(873_m) -999.9 -999.9 1015.58 1011.51 1014.6 20.1 14.1 -999.9 Rio_Grande_do_Sul WU UTC_2026-09-20_10:59 0.0 -999.9
-28.566900 -50.979500 IVACAR13 2026-09-20_08:04 17.4 -999.9 -999.9 88.8 -999.9 -999.9 15.5 -999.9 -999.9 1014.6 -999.9 -999.9 13.9 150 23.8 -999.9 0.0 11.8 27.9 27.9 27.9 30.2 25.0 14.9 95.0 72.0 42.8 Vacaria_-_Pomar_Boeno_(873_m) -999.9 -999.9 1015.58 1011.51 1014.6 20.1 14.1 -999.9 Rio_Grande_do_Sul WU UTC_2026-09-20_11:04 0.0 -999.9
-28.566900 -50.979500 IVACAR13 2026-09-20_08:09 18.0 -999.9 -999.9 87.8 -999.9 -999.9 15.9 -999.9 -999.9 1014.7 -999.9 -999.9 14.9 137 30.9 -999.9 0.0 11.8 27.9 27.9 27.9 30.2 25.0 14.9 95.0 72.0 42.8 Vacaria_-_Pomar_Boeno_(873_m) -999.9 -999.9 1015.58 1011.51 1014.7 20.1 14.1 -999.9 Rio_Grande_do_Sul WU UTC_2026-09-20_11:09 0.0 -999.9
-28.566900 -50.979500 IVACAR13 2026-09-20_08:14 18.3 -999.9 -999.9 87.4 -999.9 -999.9 16.2 -999.9 -999.9 1014.7 -999.9 -999.9 13.4 153 26.2 -999.9 0.0 11.8 27.9 27.9 27.9 30.2 25.0 14.9 95.0 72.0 42.8 Vacaria_-_Pomar_Boeno_(873_m) -999.9 -999.9 1015.58 1011.51 1014.7 20.1 14.1 -999.9 Rio_Grande_do_Sul WU UTC_2026-09-20_11:14 0.0 -999.9
-28.566900 -50.979500 IVACAR13 2026-09-20_08:19 18.4 -999.9 -999.9 86.6 -999.9 -999.9 16.1 -999.9 -999.9 1014.7 -999.9 -999.9 14.1 147 24.8 -999.9 0.0 11.8 27.9 27.9 27.9 30.2 25.0 14.9 95.0 72.0 42.8 Vacaria_-_Pomar_Boeno_(873_m) -999.9 -999.9 1015.58 1011.51 1014.7 20.1 14.1 -999.9 Rio_Grande_do_Sul WU UTC_2026-09-20_11:19 0.0 -999.9
-28.566900 -50.979500 IVACAR13 2026-09-20_08:24 18.0 -999.9 -999.9 88.2 -999.9 -999.9 16.0 -999.9 -999.9 1015.1 -999.9 -999.9 12.6 128 21.2 -999.9 0.0 11.8 27.9 27.9 27.9 30.2 25.0 14.9 95.0 72.0 42.8 Vacaria_-_Pomar_Boeno_(873_m) -999.9 -999.9 1015.58 1011.51 1015.1 20.1 14.1 -999.9 Rio_Grande_do_Sul WU UTC_2026-09-20_11:24 0.0 -999.9
-28.566900 -50.979500 IVACAR13 2026-09-20_08:29 18.0 -999.9 -999.9 88.2 -999.9 -999.9 16.1 -999.9 -999.9 1015.1 -999.9 -999.9 13.2 169 21.2 -999.9 0.0 11.8 27.9 27.9 27.9 30.2 25.0 14.9 95.0 72.0 42.8 Vacaria_-_Pomar_Boeno_(873_m) -999.9 -999.9 1015.58 1011.51 1015.1 20.1 14.1 -999.9 Rio_Grande_do_Sul WU UTC_2026-09-20_11:29 0.0 -999.9
-28.566900 -50.979500 IVACAR13 2026-09-20_08:34 18.0 -999.9 -999.9 88.6 -999.9 -999.9 16.1 -999.9 -999.9 1015.1 -999.9 -999.9 12.2 137 16.6 -999.9 0.0 11.8 27.9 27.9 27.9 30.2 25.0 14.9 95.0 72.0 42.8 Vacaria_-_Pomar_Boeno_(873_m) -999.9 -999.9 1015.58 1011.51 1015.1 20.1 14.1 -999.9 Rio_Grande_do_Sul WU UTC_2026-09-20_11:34 0.0 -999.9
-28.566900 -50.979500 IVACAR13 2026-09-20_08:39 18.3 -999.9 -999.9 88.2 -999.9 -999.9 16.3 -999.9 -999.9 1015.1 -999.9 -999.9 10.5 136 16.6 -999.9 0.0 11.8 27.9 27.9 27.9 30.2 25.0 14.9 95.0 72.0 42.8 Vacaria_-_Pomar_Boeno_(873_m) -999.9 -999.9 1015.58 1011.51 1015.1 20.1 14.1 -999.9 Rio_Grande_do_Sul WU UTC_2026-09-20_11:39 0.0 -999.9
-28.566900 -50.979500 IVACAR13 2026-09-20_08:44 18.2 -999.9 -999.9 88.2 -999.9 -999.9 16.3 -999.9 -999.9 1015.1 -999.9 -999.9 14.7 149 23.8 -999.9 0.0 11.8 27.9 27.9 27.9 30.2 25.0 14.9 95.0 72.0 42.8 Vacaria_-_Pomar_Boeno_(873_m) -999.9 -999.9 1015.58 1011.51 1015.1 20.1 14.1 -999.9 Rio_Grande_do_Sul WU UTC_2026-09-20_11:44 0.0 -999.9
-28.566900 -50.979500 IVACAR13 2026-09-20_08:49 18.4 -999.9 -999.9 87.8 -999.9 -999.9 16.4 -999.9 -999.9 1015.1 -999.9 -999.9 12.1 121 26.2 -999.9 0.0 11.8 27.9 27.9 27.9 30.2 25.0 14.9 95.0 72.0 42.8 Vacaria_-_Pomar_Boeno_(873_m) -999.9 -999.9 1015.58 1011.51 1015.1 20.1 14.1 -999.9 Rio_Grande_do_Sul WU UTC_2026-09-20_11:49 0.0 -999.9
-28.566900 -50.979500 IVACAR13 2026-09-20_08:54 18.7 -999.9 -999.9 87.4 -999.9 -999.9 16.6 -999.9 -999.9 1015.1 -999.9 -999.9 15.4 146 33.2 -999.9 0.0 11.8 27.9 27.9 27.9 30.2 25.0 14.9 95.0 72.0 42.8 Vacaria_-_Pomar_Boeno_(873_m) -999.9 -999.9 1015.58 1011.51 1015.1 20.1 14.1 -999.9 Rio_Grande_do_Sul WU UTC_2026-09-20_11:54 0.0 -999.9
-28.566900 -50.979500 IVACAR13 2026-09-20_08:59 18.8 -999.9 -999.9 87.8 -999.9 -999.9 16.7 -999.9 -999.9 1015.1 -999.9 -999.9 12.7 121 22.7 -999.9 0.0 11.8 27.9 27.9 27.9 30.2 25.0 14.9 95.0 72.0 42.8 Vacaria_-_Pomar_Boeno_(873_m) -999.9 -999.9 1015.58 1011.51 1015.1 20.1 14.1 -999.9 Rio_Grande_do_Sul WU UTC_2026-09-20_11:59 0.0 -999.9
-28.566900 -50.979500 IVACAR13 2026-09-20_09:04 19.3 -999.9 -999.9 86.8 -999.9 -999.9 17.1 -999.9 -999.9 1015.1 -999.9 -999.9 16.7 122 27.4 -999.9 0.0 11.8 27.9 27.9 27.9 30.2 25.0 14.9 95.0 72.0 42.8 Vacaria_-_Pomar_Boeno_(873_m) -999.9 -999.9 1015.58 1011.51 1015.1 20.1 14.1 -999.9 Rio_Grande_do_Sul WU UTC_2026-09-20_12:04 0.0 -999.9
-28.566900 -50.979500 IVACAR13 2026-09-20_09:09 19.2 -999.9 -999.9 86.4 -999.9 -999.9 16.9 -999.9 -999.9 1015.1 -999.9 -999.9 15.8 126 29.9 -999.9 0.0 11.8 27.9 27.9 27.9 30.2 25.0 14.9 95.0 72.0 42.8 Vacaria_-_Pomar_Boeno_(873_m) -999.9 -999.9 1015.58 1011.51 1015.1 20.1 14.1 -999.9 Rio_Grande_do_Sul WU UTC_2026-09-20_12:09 0.0 -999.9
-28.566900 -50.979500 IVACAR13 2026-09-20_09:14 19.2 -999.9 -999.9 86.8 -999.9 -999.9 16.9 -999.9 -999.9 1015.1 -999.9 -999.9 14.3 117 21.2 -999.9 0.0 11.8 27.9 27.9 27.9 30.2 25.0 14.9 95.0 72.0 42.8 Vacaria_-_Pomar_Boeno_(873_m) -999.9 -999.9 1015.58 1011.51 1015.1 20.1 14.1 -999.9 Rio_Grande_do_Sul WU UTC_2026-09-20_12:14 0.0 -999.9
-28.566900 -50.979500 IVACAR13 2026-09-20_09:19 18.9 -999.9 -999.9 87.8 -999.9 -999.9 16.8 -999.9 -999.9 1015.2 -999.9 -999.9 13.2 144 27.4 -999.9 0.0 11.8 27.9 27.9 27.9 30.2 25.0 14.9 95.0 72.0 42.8 Vacaria_-_Pomar_Boeno_(873_m) -999.9 -999.9 1015.58 1011.51 1015.2 20.1 14.1 -999.9 Rio_Grande_do_Sul WU UTC_2026-09-20_12:19 0.0 -999.9
-28.566900 -50.979500 IVACAR13 2026-09-20_09:24 18.9 -999.9 -999.9 88.2 -999.9 -999.9 16.9 -999.9 -999.9 1015.2 -999.9 -999.9 16.0 138 24.8 -999.9 0.0 11.8 27.9 27.9 27.9 30.2 25.0 14.9 95.0 72.0 42.8 Vacaria_-_Pomar_Boeno_(873_m) -999.9 -999.9 1015.58 1011.51 1015.2 20.1 14.1 -999.9 Rio_Grande_do_Sul WU UTC_2026-09-20_12:24 0.0 -999.9
-28.566900 -50.979500 IVACAR13 2026-09-20_09:29 19.0 -999.9 -999.9 87.8 -999.9 -999.9 16.9 -999.9 -999.9 1015.4 -999.9 -999.9 14.8 148 28.5 -999.9 0.0 11.8 27.9 27.9 27.9 30.2 25.0 14.9 95.0 72.0 42.8 Vacaria_-_Pomar_Boeno_(873_m) -999.9 -999.9 1015.58 1011.51 1015.4 20.1 14.1 -999.9 Rio_Grande_do_Sul WU UTC_2026-09-20_12:29 0.0 -999.9
-28.566900 -50.979500 IVACAR13 2026-09-20_09:34 19.6 -999.9 -999.9 87.4 -999.9 -999.9 17.4 -999.9 -999.9 1015.1 -999.9 -999.9 10.4 118 16.6 -999.9 0.0 11.8 27.9 27.9 27.9 30.2 25.0 14.9 95.0 72.0 42.8 Vacaria_-_Pomar_Boeno_(873_m) -999.9 -999.9 1015.58 1011.51 1015.1 20.1 14.1 -999.9 Rio_Grande_do_Sul WU UTC_2026-09-20_12:34 0.0 -999.9
-28.566900 -50.979500 IVACAR13 2026-09-20_09:39 20.0 -999.9 -999.9 86.2 -999.9 -999.9 17.6 -999.9 -999.9 1015.1 -999.9 -999.9 15.4 152 23.8 -999.9 0.0 11.8 27.9 27.9 27.9 30.2 25.0 14.9 95.0 72.0 42.8 Vacaria_-_Pomar_Boeno_(873_m) -999.9 -999.9 1015.58 1011.51 1015.1 20.1 14.1 -999.9 Rio_Grande_do_Sul WU UTC_2026-09-20_12:39 0.0 -999.9
-28.566900 -50.979500 IVACAR13 2026-09-20_09:44 20.0 -999.9 -999.9 86.4 -999.9 -999.9 17.6 -999.9 -999.9 1015.1 -999.9 -999.9 13.5 127 22.7 -999.9 0.0 11.8 27.9 27.9 27.9 30.2 25.0 14.9 95.0 72.0 42.8 Vacaria_-_Pomar_Boeno_(873_m) -999.9 -999.9 1015.58 1011.51 1015.1 20.1 14.1 -999.9 Rio_Grande_do_Sul WU UTC_2026-09-20_12:44 0.0 -999.9
-28.566900 -50.979500 IVACAR13 2026-09-20_09:49 20.1 -999.9 -999.9 86.4 -999.9 -999.9 17.8 -999.9 -999.9 1015.1 -999.9 -999.9 13.6 133 18.0 -999.9 0.0 11.8 27.9 27.9 27.9 30.2 25.0 14.9 95.0 72.0 42.8 Vacaria_-_Pomar_Boeno_(873_m) -999.9 -999.9 1015.58 1011.51 1015.1 20.1 14.1 -999.9 Rio_Grande_do_Sul WU UTC_2026-09-20_12:49 0.0 -999.9
-28.566900 -50.979500 IVACAR13 2026-09-20_09:54 20.0 -999.9 -999.9 86.2 -999.9 -999.9 17.7 -999.9 -999.9 1015.1 -999.9 -999.9 16.4 143 27.4 -999.9 0.0 11.8 27.9 27.9 27.9 30.2 25.0 14.9 95.0 72.0 42.8 Vacaria_-_Pomar_Boeno_(873_m) -999.9 -999.9 1015.58 1011.51 1015.1 20.1 14.1 -999.9 Rio_Grande_do_Sul WU UTC_2026-09-20_12:54 0.0 -999.9
-28.566900 -50.979500 IVACAR13 2026-09-20_09:59 20.1 -999.9 -999.9 86.2 -999.9 -999.9 17.7 -999.9 -999.9 1015.1 -999.9 -999.9 15.8 104 24.8 -999.9 0.0 11.8 27.9 27.9 27.9 30.2 25.0 14.9 95.0 72.0 42.8 Vacaria_-_Pomar_Boeno_(873_m) -999.9 -999.9 1015.58 1011.51 1015.1 20.1 14.1 -999.9 Rio_Grande_do_Sul WU UTC_2026-09-20_12:59 0.0 -999.9
-28.566900 -50.979500 IVACAR13 2026-09-20_10:04 20.4 -999.9 -999.9 86.4 -999.9 -999.9 18.0 -999.9 -999.9 1015.1 -999.9 -999.9 14.0 130 20.1 -999.9 0.0 11.8 27.9 27.9 27.9 30.2 25.0 14.9 95.0 72.0 42.8 Vacaria_-_Pomar_Boeno_(873_m) -999.9 -999.9 1015.58 1011.51 1015.1 20.1 14.1 -999.9 Rio_Grande_do_Sul WU UTC_2026-09-20_13:04 0.0 -999.9
-28.566900 -50.979500 IVACAR13 2026-09-20_10:09 20.3 -999.9 -999.9 85.8 -999.9 -999.9 17.8 -999.9 -999.9 1015.1 -999.9 -999.9 12.5 128 19.2 -999.9 0.0 11.8 27.9 27.9 27.9 30.2 25.0 14.9 95.0 72.0 42.8 Vacaria_-_Pomar_Boeno_(873_m) -999.9 -999.9 1015.58 1011.51 1015.1 20.1 14.1 -999.9 Rio_Grande_do_Sul WU UTC_2026-09-20_13:09 0.0 -999.9
-28.566900 -50.979500 IVACAR13 2026-09-20_10:14 19.9 -999.9 -999.9 85.8 -999.9 -999.9 17.5 -999.9 -999.9 1015.2 -999.9 -999.9 15.4 126 26.2 -999.9 0.0 11.8 27.9 27.9 27.9 30.2 25.0 14.9 95.0 72.0 42.8 Vacaria_-_Pomar_Boeno_(873_m) -999.9 -999.9 1015.58 1011.51 1015.2 20.1 14.1 -999.9 Rio_Grande_do_Sul WU UTC_2026-09-20_13:14 0.0 -999.9
-28.566900 -50.979500 IVACAR13 2026-09-20_10:19 19.8 -999.9 -999.9 86.8 -999.9 -999.9 17.5 -999.9 -999.9 1015.2 -999.9 -999.9 13.1 129 20.1 -999.9 0.0 11.8 27.9 27.9 27.9 30.2 25.0 14.9 95.0 72.0 42.8 Vacaria_-_Pomar_Boeno_(873_m) -999.9 -999.9 1015.58 1011.51 1015.2 20.1 14.1 -999.9 Rio_Grande_do_Sul WU UTC_2026-09-20_13:19 0.0 -999.9
-28.566900 -50.979500 IVACAR13 2026-09-20_10:24 20.0 -999.9 -999.9 86.6 -999.9 -999.9 17.7 -999.9 -999.9 1015.1 -999.9 -999.9 12.6 142 26.2 -999.9 0.0 11.8 27.9 27.9 27.9 30.2 25.0 14.9 95.0 72.0 42.8 Vacaria_-_Pomar_Boeno_(873_m) -999.9 -999.9 1015.58 1011.51 1015.1 20.1 14.1 -999.9 Rio_Grande_do_Sul WU UTC_2026-09-20_13:24 0.0 -999.9
-28.566900 -50.979500 IVACAR13 2026-09-20_10:29 19.7 -999.9 -999.9 87.0 -999.9 -999.9 17.4 -999.9 -999.9 1015.1 -999.9 -999.9 13.2 107 22.7 -999.9 0.0 11.8 27.9 27.9 27.9 30.2 25.0 14.9 95.0 72.0 42.8 Vacaria_-_Pomar_Boeno_(873_m) -999.9 -999.9 1015.58 1011.51 1015.1 20.1 14.1 -999.9 Rio_Grande_do_Sul WU UTC_2026-09-20_13:29 0.0 -999.9
-28.566900 -50.979500 IVACAR13 2026-09-20_10:34 19.5 -999.9 -999.9 87.4 -999.9 -999.9 17.3 -999.9 -999.9 1015.2 -999.9 -999.9 11.9 105 21.2 -999.9 0.0 11.8 27.9 27.9 27.9 30.2 25.0 14.9 95.0 72.0 42.8 Vacaria_-_Pomar_Boeno_(873_m) -999.9 -999.9 1015.58 1011.51 1015.2 20.1 14.1 -999.9 Rio_Grande_do_Sul WU UTC_2026-09-20_13:34 0.0 -999.9
-28.566900 -50.979500 IVACAR13 2026-09-20_10:39 19.5 -999.9 -999.9 87.6 -999.9 -999.9 17.4 -999.9 -999.9 1015.2 -999.9 -999.9 11.9 111 21.2 -999.9 0.0 11.8 27.9 27.9 27.9 30.2 25.0 14.9 95.0 72.0 42.8 Vacaria_-_Pomar_Boeno_(873_m) -999.9 -999.9 1015.58 1011.51 1015.2 20.1 14.1 -999.9 Rio_Grande_do_Sul WU UTC_2026-09-20_13:39 0.0 -999.9
-28.566900 -50.979500 IVACAR13 2026-09-20_10:44 19.4 -999.9 -999.9 88.0 -999.9 -999.9 17.4 -999.9 -999.9 1015.2 -999.9 -999.9 10.5 130 23.8 -999.9 0.0 11.8 27.9 27.9 27.9 30.2 25.0 14.9 95.0 72.0 42.8 Vacaria_-_Pomar_Boeno_(873_m) -999.9 -999.9 1015.58 1011.51 1015.2 20.1 14.1 -999.9 Rio_Grande_do_Sul WU UTC_2026-09-20_13:44 0.0 -999.9
-28.566900 -50.979500 IVACAR13 2026-09-20_10:49 19.3 -999.9 -999.9 88.0 -999.9 -999.9 17.3 -999.9 -999.9 1015.1 -999.9 -999.9 18.0 133 26.2 -999.9 0.0 11.8 27.9 27.9 27.9 30.2 25.0 14.9 95.0 72.0 42.8 Vacaria_-_Pomar_Boeno_(873_m) -999.9 -999.9 1015.58 1011.51 1015.1 20.1 14.1 -999.9 Rio_Grande_do_Sul WU UTC_2026-09-20_13:49 0.0 -999.9
-28.566900 -50.979500 IVACAR13 2026-09-20_10:54 19.6 -999.9 -999.9 87.6 -999.9 -999.9 17.5 -999.9 -999.9 1015.1 -999.9 -999.9 11.7 143 16.6 -999.9 0.0 11.8 27.9 27.9 27.9 30.2 25.0 14.9 95.0 72.0 42.8 Vacaria_-_Pomar_Boeno_(873_m) -999.9 -999.9 1015.58 1011.51 1015.1 20.1 14.1 -999.9 Rio_Grande_do_Sul WU UTC_2026-09-20_13:54 0.0 -999.9
-28.566900 -50.979500 IVACAR13 2026-09-20_10:59 20.0 -999.9 -999.9 87.2 -999.9 -999.9 17.8 -999.9 -999.9 1015.1 -999.9 -999.9 11.4 118 18.0 -999.9 0.0 11.8 27.9 27.9 27.9 30.2 25.0 14.9 95.0 72.0 42.8 Vacaria_-_Pomar_Boeno_(873_m) -999.9 -999.9 1015.58 1011.51 1015.1 20.1 14.1 -999.9 Rio_Grande_do_Sul WU UTC_2026-09-20_13:59 0.0 -999.9
-28.566900 -50.979500 IVACAR13 2026-09-20_11:04 20.3 -999.9 -999.9 86.0 -999.9 -999.9 17.8 -999.9 -999.9 1014.7 -999.9 -999.9 13.2 133 20.1 -999.9 0.0 11.8 27.9 27.9 27.9 30.2 25.0 14.9 95.0 72.0 42.8 Vacaria_-_Pomar_Boeno_(873_m) -999.9 -999.9 1015.58 1011.51 1014.7 20.1 14.1 -999.9 Rio_Grande_do_Sul WU UTC_2026-09-20_14:04 0.0 -999.9
-28.566900 -50.979500 IVACAR13 2026-09-20_11:09 20.1 -999.9 -999.9 86.8 -999.9 -999.9 17.8 -999.9 -999.9 1014.9 -999.9 -999.9 8.3 128 16.6 -999.9 0.0 11.8 27.9 27.9 27.9 30.2 25.0 14.9 95.0 72.0 42.8 Vacaria_-_Pomar_Boeno_(873_m) -999.9 -999.9 1015.58 1011.51 1014.9 20.1 14.1 -999.9 Rio_Grande_do_Sul WU UTC_2026-09-20_14:09 0.0 -999.9
-28.566900 -50.979500 IVACAR13 2026-09-20_11:14 20.1 -999.9 -999.9 86.6 -999.9 -999.9 17.8 -999.9 -999.9 1015.1 -999.9 -999.9 13.7 138 21.2 -999.9 0.0 11.8 27.9 27.9 27.9 30.2 25.0 14.9 95.0 72.0 42.8 Vacaria_-_Pomar_Boeno_(873_m) -999.9 -999.9 1015.58 1011.51 1015.1 20.1 14.1 -999.9 Rio_Grande_do_Sul WU UTC_2026-09-20_14:14 0.0 -999.9
-28.566900 -50.979500 IVACAR13 2026-09-20_11:19 20.0 -999.9 -999.9 86.6 -999.9 -999.9 17.7 -999.9 -999.9 1014.9 -999.9 -999.9 12.7 140 18.0 -999.9 0.0 11.8 27.9 27.9 27.9 30.2 25.0 14.9 95.0 72.0 42.8 Vacaria_-_Pomar_Boeno_(873_m) -999.9 -999.9 1015.58 1011.51 1014.9 20.1 14.1 -999.9 Rio_Grande_do_Sul WU UTC_2026-09-20_14:19 0.0 -999.9
-28.566900 -50.979500 IVACAR13 2026-09-20_11:24 20.0 -999.9 -999.9 87.0 -999.9 -999.9 17.8 -999.9 -999.9 1014.9 -999.9 -999.9 11.7 127 16.6 -999.9 0.0 11.8 27.9 27.9 27.9 30.2 25.0 14.9 95.0 72.0 42.8 Vacaria_-_Pomar_Boeno_(873_m) -999.9 -999.9 1015.58 1011.51 1014.9 20.1 14.1 -999.9 Rio_Grande_do_Sul WU UTC_2026-09-20_14:24 0.0 -999.9
-28.566900 -50.979500 IVACAR13 2026-09-20_11:29 20.2 -999.9 -999.9 86.8 -999.9 -999.9 17.9 -999.9 -999.9 1014.9 -999.9 -999.9 12.0 146 18.0 -999.9 0.0 11.8 27.9 27.9 27.9 30.2 25.0 14.9 95.0 72.0 42.8 Vacaria_-_Pomar_Boeno_(873_m) -999.9 -999.9 1015.58 1011.51 1014.9 20.1 14.1 -999.9 Rio_Grande_do_Sul WU UTC_2026-09-20_14:29 0.0 -999.9
-28.566900 -50.979500 IVACAR13 2026-09-20_11:34 20.4 -999.9 -999.9 86.0 -999.9 -999.9 18.0 -999.9 -999.9 1014.7 -999.9 -999.9 12.6 139 21.2 -999.9 0.0 11.8 27.9 27.9 27.9 30.2 25.0 14.9 95.0 72.0 42.8 Vacaria_-_Pomar_Boeno_(873_m) -999.9 -999.9 1015.58 1011.51 1014.7 20.1 14.1 -999.9 Rio_Grande_do_Sul WU UTC_2026-09-20_14:34 0.0 -999.9
-28.566900 -50.979500 IVACAR13 2026-09-20_11:39 20.3 -999.9 -999.9 85.8 -999.9 -999.9 17.8 -999.9 -999.9 1014.9 -999.9 -999.9 16.3 111 23.8 -999.9 0.0 11.8 27.9 27.9 27.9 30.2 25.0 14.9 95.0 72.0 42.8 Vacaria_-_Pomar_Boeno_(873_m) -999.9 -999.9 1015.58 1011.51 1014.9 20.1 14.1 -999.9 Rio_Grande_do_Sul WU UTC_2026-09-20_14:39 0.0 -999.9
-28.566900 -50.979500 IVACAR13 2026-09-20_11:44 20.4 -999.9 -999.9 86.0 -999.9 -999.9 18.0 -999.9 -999.9 1014.9 -999.9 -999.9 14.3 138 22.7 -999.9 0.0 11.8 27.9 27.9 27.9 30.2 25.0 14.9 95.0 72.0 42.8 Vacaria_-_Pomar_Boeno_(873_m) -999.9 -999.9 1015.58 1011.51 1014.9 20.1 14.1 -999.9 Rio_Grande_do_Sul WU UTC_2026-09-20_14:44 0.0 -999.9
-28.566900 -50.979500 IVACAR13 2026-09-20_11:49 20.2 -999.9 -999.9 86.2 -999.9 -999.9 17.8 -999.9 -999.9 1014.7 -999.9 -999.9 11.4 129 19.2 -999.9 0.0 11.8 27.9 27.9 27.9 30.2 25.0 14.9 95.0 72.0 42.8 Vacaria_-_Pomar_Boeno_(873_m) -999.9 -999.9 1015.58 1011.51 1014.7 20.1 14.1 -999.9 Rio_Grande_do_Sul WU UTC_2026-09-20_14:49 0.0 -999.9
-28.566900 -50.979500 IVACAR13 2026-09-20_11:54 20.3 -999.9 -999.9 87.2 -999.9 -999.9 18.1 -999.9 -999.9 1014.7 -999.9 -999.9 9.1 111 14.3 -999.9 0.0 11.8 27.9 27.9 27.9 30.2 25.0 14.9 95.0 72.0 42.8 Vacaria_-_Pomar_Boeno_(873_m) -999.9 -999.9 1015.58 1011.51 1014.7 20.1 14.1 -999.9 Rio_Grande_do_Sul WU UTC_2026-09-20_14:54 0.0 -999.9
-28.566900 -50.979500 IVACAR13 2026-09-20_11:59 20.5 -999.9 -999.9 86.6 -999.9 -999.9 18.1 -999.9 -999.9 1014.7 -999.9 -999.9 9.6 118 15.4 -999.9 0.0 11.8 27.9 27.9 27.9 30.2 25.0 14.9 95.0 72.0 42.8 Vacaria_-_Pomar_Boeno_(873_m) -999.9 -999.9 1015.58 1011.51 1014.7 20.1 14.1 -999.9 Rio_Grande_do_Sul WU UTC_2026-09-20_14:59 0.0 -999.9
-28.566900 -50.979500 IVACAR13 2026-09-20_12:04 20.6 -999.9 -999.9 86.2 -999.9 -999.9 18.2 -999.9 -999.9 1014.7 -999.9 -999.9 9.4 95 16.6 -999.9 0.0 11.8 27.9 27.9 27.9 30.2 25.0 14.9 95.0 72.0 42.8 Vacaria_-_Pomar_Boeno_(873_m) -999.9 -999.9 1015.58 1011.51 1014.7 20.1 14.1 -999.9 Rio_Grande_do_Sul WU UTC_2026-09-20_15:04 0.0 -999.9
-28.566900 -50.979500 IVACAR13 2026-09-20_12:09 20.7 -999.9 -999.9 85.8 -999.9 -999.9 18.2 -999.9 -999.9 1014.7 -999.9 -999.9 11.1 144 16.6 -999.9 0.0 11.8 27.9 27.9 27.9 30.2 25.0 14.9 95.0 72.0 42.8 Vacaria_-_Pomar_Boeno_(873_m) -999.9 -999.9 1015.58 1011.51 1014.7 20.1 14.1 -999.9 Rio_Grande_do_Sul WU UTC_2026-09-20_15:09 0.0 -999.9
-28.566900 -50.979500 IVACAR13 2026-09-20_12:14 20.9 -999.9 -999.9 85.6 -999.9 -999.9 18.4 -999.9 -999.9 1014.6 -999.9 -999.9 11.5 115 16.6 -999.9 0.0 11.8 27.9 27.9 27.9 30.2 25.0 14.9 95.0 72.0 42.8 Vacaria_-_Pomar_Boeno_(873_m) -999.9 -999.9 1015.58 1011.51 1014.6 20.1 14.1 -999.9 Rio_Grande_do_Sul WU UTC_2026-09-20_15:14 0.0 -999.9
-28.566900 -50.979500 IVACAR13 2026-09-20_12:19 21.0 -999.9 -999.9 85.0 -999.9 -999.9 18.4 -999.9 -999.9 1014.6 -999.9 -999.9 11.4 97 16.6 -999.9 0.0 11.8 27.9 27.9 27.9 30.2 25.0 14.9 95.0 72.0 42.8 Vacaria_-_Pomar_Boeno_(873_m) -999.9 -999.9 1015.58 1011.51 1014.6 20.1 14.1 -999.9 Rio_Grande_do_Sul WU UTC_2026-09-20_15:19 0.0 -999.9
-28.566900 -50.979500 IVACAR13 2026-09-20_12:24 21.2 -999.9 -999.9 84.0 -999.9 -999.9 18.4 -999.9 -999.9 1014.6 -999.9 -999.9 12.0 127 16.6 -999.9 0.0 11.8 27.9 27.9 27.9 30.2 25.0 14.9 95.0 72.0 42.8 Vacaria_-_Pomar_Boeno_(873_m) -999.9 -999.9 1015.58 1011.51 1014.6 20.1 14.1 -999.9 Rio_Grande_do_Sul WU UTC_2026-09-20_15:24 0.0 -999.9
-28.566900 -50.979500 IVACAR13 2026-09-20_12:29 21.4 -999.9 -999.9 84.2 -999.9 -999.9 18.6 -999.9 -999.9 1014.4 -999.9 -999.9 7.2 105 18.0 -999.9 0.0 11.8 27.9 27.9 27.9 30.2 25.0 14.9 95.0 72.0 42.8 Vacaria_-_Pomar_Boeno_(873_m) -999.9 -999.9 1015.58 1011.51 1014.4 20.1 14.1 -999.9 Rio_Grande_do_Sul WU UTC_2026-09-20_15:29 0.0 -999.9
-28.566900 -50.979500 IVACAR13 2026-09-20_12:34 21.7 -999.9 -999.9 83.6 -999.9 -999.9 18.8 -999.9 -999.9 1014.2 -999.9 -999.9 11.6 146 20.1 -999.9 0.0 11.8 27.9 27.9 27.9 30.2 25.0 14.9 95.0 72.0 42.8 Vacaria_-_Pomar_Boeno_(873_m) -999.9 -999.9 1015.58 1011.51 1014.2 20.1 14.1 -999.9 Rio_Grande_do_Sul WU UTC_2026-09-20_15:34 0.0 -999.9
-28.566900 -50.979500 IVACAR13 2026-09-20_12:39 22.1 -999.9 -999.9 82.0 -999.9 -999.9 18.8 -999.9 -999.9 1014.2 -999.9 -999.9 13.7 188 18.0 -999.9 0.0 11.8 27.9 27.9 27.9 30.2 25.0 14.9 95.0 72.0 42.8 Vacaria_-_Pomar_Boeno_(873_m) -999.9 -999.9 1015.58 1011.51 1014.2 20.1 14.1 -999.9 Rio_Grande_do_Sul WU UTC_2026-09-20_15:39 0.0 -999.9
-28.566900 -50.979500 IVACAR13 2026-09-20_12:44 21.9 -999.9 -999.9 82.0 -999.9 -999.9 18.7 -999.9 -999.9 1014.0 -999.9 -999.9 12.8 179 18.0 -999.9 0.0 11.8 27.9 27.9 27.9 30.2 25.0 14.9 95.0 72.0 42.8 Vacaria_-_Pomar_Boeno_(873_m) -999.9 -999.9 1015.58 1011.51 1014.0 20.1 14.1 -999.9 Rio_Grande_do_Sul WU UTC_2026-09-20_15:44 0.0 -999.9
-28.566900 -50.979500 IVACAR13 2026-09-20_12:49 21.6 -999.9 -999.9 82.8 -999.9 -999.9 18.6 -999.9 -999.9 1013.9 -999.9 -999.9 8.2 108 13.0 -999.9 0.0 11.8 27.9 27.9 27.9 30.2 25.0 14.9 95.0 72.0 42.8 Vacaria_-_Pomar_Boeno_(873_m) -999.9 -999.9 1015.58 1011.51 1013.9 20.1 14.1 -999.9 Rio_Grande_do_Sul WU UTC_2026-09-20_15:49 0.0 -999.9
-28.566900 -50.979500 IVACAR13 2026-09-20_12:54 22.2 -999.9 -999.9 81.0 -999.9 -999.9 18.8 -999.9 -999.9 1013.7 -999.9 -999.9 9.9 116 22.7 -999.9 0.0 11.8 27.9 27.9 27.9 30.2 25.0 14.9 95.0 72.0 42.8 Vacaria_-_Pomar_Boeno_(873_m) -999.9 -999.9 1015.58 1011.51 1013.7 20.1 14.1 -999.9 Rio_Grande_do_Sul WU UTC_2026-09-20_15:54 0.0 -999.9
-28.566900 -50.979500 IVACAR13 2026-09-20_12:59 21.9 -999.9 -999.9 81.2 -999.9 -999.9 18.6 -999.9 -999.9 1013.9 -999.9 -999.9 12.6 110 21.2 -999.9 0.0 11.8 27.9 27.9 27.9 30.2 25.0 14.9 95.0 72.0 42.8 Vacaria_-_Pomar_Boeno_(873_m) -999.9 -999.9 1015.58 1011.51 1013.9 20.1 14.1 -999.9 Rio_Grande_do_Sul WU UTC_2026-09-20_15:59 0.0 -999.9
-28.566900 -50.979500 IVACAR13 2026-09-20_13:04 22.1 -999.9 -999.9 80.2 -999.9 -999.9 18.5 -999.9 -999.9 1013.9 -999.9 -999.9 13.2 98 21.2 -999.9 0.0 11.8 27.9 27.9 27.9 30.2 25.0 14.9 95.0 72.0 42.8 Vacaria_-_Pomar_Boeno_(873_m) -999.9 -999.9 1015.58 1011.51 1013.9 20.1 14.1 -999.9 Rio_Grande_do_Sul WU UTC_2026-09-20_16:04 0.0 -999.9
-28.566900 -50.979500 IVACAR13 2026-09-20_13:09 22.2 -999.9 -999.9 80.8 -999.9 -999.9 18.7 -999.9 -999.9 1013.7 -999.9 -999.9 9.9 122 18.0 -999.9 0.0 11.8 27.9 27.9 27.9 30.2 25.0 14.9 95.0 72.0 42.8 Vacaria_-_Pomar_Boeno_(873_m) -999.9 -999.9 1015.58 1011.51 1013.7 20.1 14.1 -999.9 Rio_Grande_do_Sul WU UTC_2026-09-20_16:09 0.0 -999.9
-28.566900 -50.979500 IVACAR13 2026-09-20_13:14 21.9 -999.9 -999.9 81.0 -999.9 -999.9 18.5 -999.9 -999.9 1013.7 -999.9 -999.9 10.8 112 20.1 -999.9 0.0 11.8 27.9 27.9 27.9 30.2 25.0 14.9 95.0 72.0 42.8 Vacaria_-_Pomar_Boeno_(873_m) -999.9 -999.9 1015.58 1011.51 1013.7 20.1 14.1 -999.9 Rio_Grande_do_Sul WU UTC_2026-09-20_16:14 0.0 -999.9
-28.566900 -50.979500 IVACAR13 2026-09-20_13:19 22.1 -999.9 -999.9 81.4 -999.9 -999.9 18.7 -999.9 -999.9 1013.5 -999.9 -999.9 10.7 130 21.2 -999.9 0.0 11.8 27.9 27.9 27.9 30.2 25.0 14.9 95.0 72.0 42.8 Vacaria_-_Pomar_Boeno_(873_m) -999.9 -999.9 1015.58 1011.51 1013.5 20.1 14.1 -999.9 Rio_Grande_do_Sul WU UTC_2026-09-20_16:19 0.0 -999.9
-28.566900 -50.979500 IVACAR13 2026-09-20_13:24 22.1 -999.9 -999.9 80.2 -999.9 -999.9 18.5 -999.9 -999.9 1013.7 -999.9 -999.9 12.6 102 20.1 -999.9 0.0 11.8 27.9 27.9 27.9 30.2 25.0 14.9 95.0 72.0 42.8 Vacaria_-_Pomar_Boeno_(873_m) -999.9 -999.9 1015.58 1011.51 1013.7 20.1 14.1 -999.9 Rio_Grande_do_Sul WU UTC_2026-09-20_16:24 0.0 -999.9
-28.566900 -50.979500 IVACAR13 2026-09-20_13:29 21.9 -999.9 -999.9 80.6 -999.9 -999.9 18.4 -999.9 -999.9 1013.5 -999.9 -999.9 13.3 87 23.8 -999.9 0.0 11.8 27.9 27.9 27.9 30.2 25.0 14.9 95.0 72.0 42.8 Vacaria_-_Pomar_Boeno_(873_m) -999.9 -999.9 1015.58 1011.51 1013.5 20.1 14.1 -999.9 Rio_Grande_do_Sul WU UTC_2026-09-20_16:29 0.0 -999.9
-28.566900 -50.979500 IVACAR13 2026-09-20_13:34 22.4 -999.9 -999.9 80.8 -999.9 -999.9 19.0 -999.9 -999.9 1013.4 -999.9 -999.9 11.1 128 19.2 -999.9 0.0 11.8 27.9 27.9 27.9 30.2 25.0 14.9 95.0 72.0 42.8 Vacaria_-_Pomar_Boeno_(873_m) -999.9 -999.9 1015.58 1011.51 1013.4 20.1 14.1 -999.9 Rio_Grande_do_Sul WU UTC_2026-09-20_16:34 0.0 -999.9
-28.566900 -50.979500 IVACAR13 2026-09-20_13:39 23.0 -999.9 -999.9 79.2 -999.9 -999.9 19.2 -999.9 -999.9 1013.4 -999.9 -999.9 12.6 140 19.2 -999.9 0.0 11.8 27.9 27.9 27.9 30.2 25.0 14.9 95.0 72.0 42.8 Vacaria_-_Pomar_Boeno_(873_m) -999.9 -999.9 1015.58 1011.51 1013.4 20.1 14.1 -999.9 Rio_Grande_do_Sul WU UTC_2026-09-20_16:39 0.0 -999.9
-28.566900 -50.979500 IVACAR13 2026-09-20_13:44 22.8 -999.9 -999.9 79.0 -999.9 -999.9 19.0 -999.9 -999.9 1013.4 -999.9 -999.9 14.3 127 26.2 -999.9 0.0 11.8 27.9 27.9 27.9 30.2 25.0 14.9 95.0 72.0 42.8 Vacaria_-_Pomar_Boeno_(873_m) -999.9 -999.9 1015.58 1011.51 1013.4 20.1 14.1 -999.9 Rio_Grande_do_Sul WU UTC_2026-09-20_16:44 0.0 -999.9
-28.566900 -50.979500 IVACAR13 2026-09-20_13:49 22.5 -999.9 -999.9 79.6 -999.9 -999.9 18.8 -999.9 -999.9 1013.2 -999.9 -999.9 13.7 127 23.8 -999.9 0.0 11.8 27.9 27.9 27.9 30.2 25.0 14.9 95.0 72.0 42.8 Vacaria_-_Pomar_Boeno_(873_m) -999.9 -999.9 1015.58 1011.51 1013.2 20.1 14.1 -999.9 Rio_Grande_do_Sul WU UTC_2026-09-20_16:49 0.0 -999.9
-28.566900 -50.979500 IVACAR13 2026-09-20_13:54 22.3 -999.9 -999.9 79.8 -999.9 -999.9 18.6 -999.9 -999.9 1013.4 -999.9 -999.9 12.2 114 20.1 -999.9 0.0 11.8 27.9 27.9 27.9 30.2 25.0 14.9 95.0 72.0 42.8 Vacaria_-_Pomar_Boeno_(873_m) -999.9 -999.9 1015.58 1011.51 1013.4 20.1 14.1 -999.9 Rio_Grande_do_Sul WU UTC_2026-09-20_16:54 0.0 -999.9
-28.566900 -50.979500 IVACAR13 2026-09-20_13:59 22.1 -999.9 -999.9 80.6 -999.9 -999.9 18.6 -999.9 -999.9 1013.4 -999.9 -999.9 11.2 124 26.2 -999.9 0.0 11.8 27.9 27.9 27.9 30.2 25.0 14.9 95.0 72.0 42.8 Vacaria_-_Pomar_Boeno_(873_m) -999.9 -999.9 1015.58 1011.51 1013.4 20.1 14.1 -999.9 Rio_Grande_do_Sul WU UTC_2026-09-20_16:59 0.0 -999.9
-28.566900 -50.979500 IVACAR13 2026-09-20_14:04 22.1 -999.9 -999.9 80.4 -999.9 -999.9 18.6 -999.9 -999.9 1013.0 -999.9 -999.9 15.2 97 23.8 -999.9 0.0 11.8 27.9 27.9 27.9 30.2 25.0 14.9 95.0 72.0 42.8 Vacaria_-_Pomar_Boeno_(873_m) -999.9 -999.9 1015.58 1011.51 1013.0 20.1 14.1 -999.9 Rio_Grande_do_Sul WU UTC_2026-09-20_17:04 0.0 -999.9
-28.566900 -50.979500 IVACAR13 2026-09-20_14:09 22.8 -999.9 -999.9 78.6 -999.9 -999.9 18.9 -999.9 -999.9 1013.2 -999.9 -999.9 10.5 90 20.1 -999.9 0.0 11.8 27.9 27.9 27.9 30.2 25.0 14.9 95.0 72.0 42.8 Vacaria_-_Pomar_Boeno_(873_m) -999.9 -999.9 1015.58 1011.51 1013.2 20.1 14.1 -999.9 Rio_Grande_do_Sul WU UTC_2026-09-20_17:09 0.0 -999.9
-28.566900 -50.979500 IVACAR13 2026-09-20_14:14 23.6 -999.9 -999.9 76.6 -999.9 -999.9 19.2 -999.9 -999.9 1013.0 -999.9 -999.9 11.7 108 16.6 -999.9 0.0 11.8 27.9 27.9 27.9 30.2 25.0 14.9 95.0 72.0 42.8 Vacaria_-_Pomar_Boeno_(873_m) -999.9 -999.9 1015.58 1011.51 1013.0 20.1 14.1 -999.9 Rio_Grande_do_Sul WU UTC_2026-09-20_17:14 0.0 -999.9
-28.566900 -50.979500 IVACAR13 2026-09-20_14:19 23.3 -999.9 -999.9 76.6 -999.9 -999.9 18.9 -999.9 -999.9 1013.0 -999.9 -999.9 16.5 122 26.2 -999.9 0.0 11.8 27.9 27.9 27.9 30.2 25.0 14.9 95.0 72.0 42.8 Vacaria_-_Pomar_Boeno_(873_m) -999.9 -999.9 1015.58 1011.51 1013.0 20.1 14.1 -999.9 Rio_Grande_do_Sul WU UTC_2026-09-20_17:19 0.0 -999.9
-28.566900 -50.979500 IVACAR13 2026-09-20_14:24 23.1 -999.9 -999.9 77.8 -999.9 -999.9 19.0 -999.9 -999.9 1013.0 -999.9 -999.9 11.6 84 22.7 -999.9 0.0 11.8 27.9 27.9 27.9 30.2 25.0 14.9 95.0 72.0 42.8 Vacaria_-_Pomar_Boeno_(873_m) -999.9 -999.9 1015.58 1011.51 1013.0 20.1 14.1 -999.9 Rio_Grande_do_Sul WU UTC_2026-09-20_17:24 0.0 -999.9
-28.566900 -50.979500 IVACAR13 2026-09-20_14:29 22.8 -999.9 -999.9 79.8 -999.9 -999.9 19.1 -999.9 -999.9 1013.0 -999.9 -999.9 9.2 132 14.3 -999.9 0.0 11.8 27.9 27.9 27.9 30.2 25.0 14.9 95.0 72.0 42.8 Vacaria_-_Pomar_Boeno_(873_m) -999.9 -999.9 1015.58 1011.51 1013.0 20.1 14.1 -999.9 Rio_Grande_do_Sul WU UTC_2026-09-20_17:29 0.0 -999.9
-28.566900 -50.979500 IVACAR13 2026-09-20_14:34 23.0 -999.9 -999.9 79.0 -999.9 -999.9 19.1 -999.9 -999.9 1013.0 -999.9 -999.9 12.9 118 21.2 -999.9 0.0 11.8 27.9 27.9 27.9 30.2 25.0 14.9 95.0 72.0 42.8 Vacaria_-_Pomar_Boeno_(873_m) -999.9 -999.9 1015.58 1011.51 1013.0 20.1 14.1 -999.9 Rio_Grande_do_Sul WU UTC_2026-09-20_17:34 0.0 -999.9
-28.566900 -50.979500 IVACAR13 2026-09-20_14:39 23.0 -999.9 -999.9 78.8 -999.9 -999.9 19.1 -999.9 -999.9 1012.9 -999.9 -999.9 12.4 131 22.7 -999.9 0.0 11.8 27.9 27.9 27.9 30.2 25.0 14.9 95.0 72.0 42.8 Vacaria_-_Pomar_Boeno_(873_m) -999.9 -999.9 1015.58 1011.51 1012.9 20.1 14.1 -999.9 Rio_Grande_do_Sul WU UTC_2026-09-20_17:39 0.0 -999.9
-28.566900 -50.979500 IVACAR13 2026-09-20_14:44 24.1 -999.9 -999.9 76.2 -999.9 -999.9 19.6 -999.9 -999.9 1012.9 -999.9 -999.9 13.0 117 18.0 -999.9 0.0 11.8 27.9 27.9 27.9 30.2 25.0 14.9 95.0 72.0 42.8 Vacaria_-_Pomar_Boeno_(873_m) -999.9 -999.9 1015.58 1011.51 1012.9 20.1 14.1 -999.9 Rio_Grande_do_Sul WU UTC_2026-09-20_17:44 0.0 -999.9
-28.566900 -50.979500 IVACAR13 2026-09-20_14:49 24.1 -999.9 -999.9 74.4 -999.9 -999.9 19.2 -999.9 -999.9 1012.7 -999.9 -999.9 12.3 82 21.2 -999.9 0.0 11.8 27.9 27.9 27.9 30.2 25.0 14.9 95.0 72.0 42.8 Vacaria_-_Pomar_Boeno_(873_m) -999.9 -999.9 1015.58 1011.51 1012.7 20.1 14.1 -999.9 Rio_Grande_do_Sul WU UTC_2026-09-20_17:49 0.0 -999.9
-28.566900 -50.979500 IVACAR13 2026-09-20_14:54 24.4 -999.9 -999.9 74.4 -999.9 -999.9 19.5 -999.9 -999.9 1012.7 -999.9 -999.9 12.6 111 21.2 -999.9 0.0 11.8 27.9 27.9 27.9 30.2 25.0 14.9 95.0 72.0 42.8 Vacaria_-_Pomar_Boeno_(873_m) -999.9 -999.9 1015.58 1011.51 1012.7 20.1 14.1 -999.9 Rio_Grande_do_Sul WU UTC_2026-09-20_17:54 0.0 -999.9
-28.566900 -50.979500 IVACAR13 2026-09-20_14:59 24.6 -999.9 -999.9 73.6 -999.9 -999.9 19.5 -999.9 -999.9 1012.7 -999.9 -999.9 12.9 81 20.1 -999.9 0.0 11.8 27.9 27.9 27.9 30.2 25.0 14.9 95.0 72.0 42.8 Vacaria_-_Pomar_Boeno_(873_m) -999.9 -999.9 1015.58 1011.51 1012.7 20.1 14.1 -999.9 Rio_Grande_do_Sul WU UTC_2026-09-20_17:59 0.0 -999.9
-28.566900 -50.979500 IVACAR13 2026-09-20_15:04 24.2 -999.9 -999.9 75.4 -999.9 -999.9 19.6 -999.9 -999.9 1012.7 -999.9 -999.9 8.9 103 19.2 -999.9 0.0 11.8 27.9 27.9 27.9 30.2 25.0 14.9 95.0 72.0 42.8 Vacaria_-_Pomar_Boeno_(873_m) -999.9 -999.9 1015.58 1011.51 1012.7 20.1 14.1 -999.9 Rio_Grande_do_Sul WU UTC_2026-09-20_18:04 0.0 -999.9
-28.566900 -50.979500 IVACAR13 2026-09-20_15:09 24.4 -999.9 -999.9 75.0 -999.9 -999.9 19.7 -999.9 -999.9 1012.9 -999.9 -999.9 12.5 130 26.2 -999.9 0.0 11.8 27.9 27.9 27.9 30.2 25.0 14.9 95.0 72.0 42.8 Vacaria_-_Pomar_Boeno_(873_m) -999.9 -999.9 1015.58 1011.51 1012.9 20.1 14.1 -999.9 Rio_Grande_do_Sul WU UTC_2026-09-20_18:09 0.0 -999.9
-28.566900 -50.979500 IVACAR13 2026-09-20_15:14 24.6 -999.9 -999.9 73.6 -999.9 -999.9 19.5 -999.9 -999.9 1012.7 -999.9 -999.9 12.7 121 19.2 -999.9 0.0 11.8 27.9 27.9 27.9 30.2 25.0 14.9 95.0 72.0 42.8 Vacaria_-_Pomar_Boeno_(873_m) -999.9 -999.9 1015.58 1011.51 1012.7 20.1 14.1 -999.9 Rio_Grande_do_Sul WU UTC_2026-09-20_18:14 0.0 -999.9
-28.566900 -50.979500 IVACAR13 2026-09-20_15:19 24.3 -999.9 -999.9 75.0 -999.9 -999.9 19.6 -999.9 -999.9 1012.7 -999.9 -999.9 10.0 135 23.8 -999.9 0.0 11.8 27.9 27.9 27.9 30.2 25.0 14.9 95.0 72.0 42.8 Vacaria_-_Pomar_Boeno_(873_m) -999.9 -999.9 1015.58 1011.51 1012.7 20.1 14.1 -999.9 Rio_Grande_do_Sul WU UTC_2026-09-20_18:19 0.0 -999.9
-28.566900 -50.979500 IVACAR13 2026-09-20_15:24 24.3 -999.9 -999.9 75.2 -999.9 -999.9 19.6 -999.9 -999.9 1012.7 -999.9 -999.9 10.9 110 18.0 -999.9 0.0 11.8 27.9 27.9 27.9 30.2 25.0 14.9 95.0 72.0 42.8 Vacaria_-_Pomar_Boeno_(873_m) -999.9 -999.9 1015.58 1011.51 1012.7 20.1 14.1 -999.9 Rio_Grande_do_Sul WU UTC_2026-09-20_18:24 0.0 -999.9
-28.566900 -50.979500 IVACAR13 2026-09-20_15:29 24.9 -999.9 -999.9 74.0 -999.9 -999.9 19.9 -999.9 -999.9 1012.7 -999.9 -999.9 11.1 112 19.2 -999.9 0.0 11.8 27.9 27.9 27.9 30.2 25.0 14.9 95.0 72.0 42.8 Vacaria_-_Pomar_Boeno_(873_m) -999.9 -999.9 1015.58 1011.51 1012.7 20.1 14.1 -999.9 Rio_Grande_do_Sul WU UTC_2026-09-20_18:29 0.0 -999.9
-28.566900 -50.979500 IVACAR13 2026-09-20_15:34 24.5 -999.9 -999.9 74.4 -999.9 -999.9 19.7 -999.9 -999.9 1012.7 -999.9 -999.9 11.7 94 19.2 -999.9 0.0 11.8 27.9 27.9 27.9 30.2 25.0 14.9 95.0 72.0 42.8 Vacaria_-_Pomar_Boeno_(873_m) -999.9 -999.9 1015.58 1011.51 1012.7 20.1 14.1 -999.9 Rio_Grande_do_Sul WU UTC_2026-09-20_18:34 0.0 -999.9
-28.566900 -50.979500 IVACAR13 2026-09-20_15:39 23.5 -999.9 -999.9 77.6 -999.9 -999.9 19.4 -999.9 -999.9 1012.9 -999.9 -999.9 10.8 121 16.6 -999.9 0.0 11.8 27.9 27.9 27.9 30.2 25.0 14.9 95.0 72.0 42.8 Vacaria_-_Pomar_Boeno_(873_m) -999.9 -999.9 1015.58 1011.51 1012.9 20.1 14.1 -999.9 Rio_Grande_do_Sul WU UTC_2026-09-20_18:39 0.0 -999.9
-28.566900 -50.979500 IVACAR13 2026-09-20_15:44 23.8 -999.9 -999.9 76.4 -999.9 -999.9 19.4 -999.9 -999.9 1012.7 -999.9 -999.9 13.3 131 19.2 -999.9 0.0 11.8 27.9 27.9 27.9 30.2 25.0 14.9 95.0 72.0 42.8 Vacaria_-_Pomar_Boeno_(873_m) -999.9 -999.9 1015.58 1011.51 1012.7 20.1 14.1 -999.9 Rio_Grande_do_Sul WU UTC_2026-09-20_18:44 0.0 -999.9
-28.566900 -50.979500 IVACAR13 2026-09-20_15:49 23.8 -999.9 -999.9 75.6 -999.9 -999.9 19.2 -999.9 -999.9 1012.7 -999.9 -999.9 12.8 115 16.6 -999.9 0.0 11.8 27.9 27.9 27.9 30.2 25.0 14.9 95.0 72.0 42.8 Vacaria_-_Pomar_Boeno_(873_m) -999.9 -999.9 1015.58 1011.51 1012.7 20.1 14.1 -999.9 Rio_Grande_do_Sul WU UTC_2026-09-20_18:49 0.0 -999.9
-28.566900 -50.979500 IVACAR13 2026-09-20_15:54 23.6 -999.9 -999.9 75.2 -999.9 -999.9 18.9 -999.9 -999.9 1012.7 -999.9 -999.9 13.4 117 22.7 -999.9 0.0 11.8 27.9 27.9 27.9 30.2 25.0 14.9 95.0 72.0 42.8 Vacaria_-_Pomar_Boeno_(873_m) -999.9 -999.9 1015.58 1011.51 1012.7 20.1 14.1 -999.9 Rio_Grande_do_Sul WU UTC_2026-09-20_18:54 0.0 -999.9
-28.566900 -50.979500 IVACAR13 2026-09-20_15:59 23.8 -999.9 -999.9 76.0 -999.9 -999.9 19.3 -999.9 -999.9 1012.9 -999.9 -999.9 11.2 113 19.2 -999.9 0.0 11.8 27.9 27.9 27.9 30.2 25.0 14.9 95.0 72.0 42.8 Vacaria_-_Pomar_Boeno_(873_m) -999.9 -999.9 1015.58 1011.51 1012.9 20.1 14.1 -999.9 Rio_Grande_do_Sul WU UTC_2026-09-20_18:59 0.0 -999.9
-28.566900 -50.979500 IVACAR13 2026-09-20_16:04 23.8 -999.9 -999.9 75.8 -999.9 -999.9 19.3 -999.9 -999.9 1012.7 -999.9 -999.9 8.3 135 15.4 -999.9 0.0 11.8 27.9 27.9 27.9 30.2 25.0 14.9 95.0 72.0 42.8 Vacaria_-_Pomar_Boeno_(873_m) -999.9 -999.9 1015.58 1011.51 1012.7 20.1 14.1 -999.9 Rio_Grande_do_Sul WU UTC_2026-09-20_19:04 0.0 -999.9
-28.566900 -50.979500 IVACAR13 2026-09-20_16:09 23.5 -999.9 -999.9 76.8 -999.9 -999.9 19.2 -999.9 -999.9 1012.7 -999.9 -999.9 9.8 138 16.6 -999.9 0.0 11.8 27.9 27.9 27.9 30.2 25.0 14.9 95.0 72.0 42.8 Vacaria_-_Pomar_Boeno_(873_m) -999.9 -999.9 1015.58 1011.51 1012.7 20.1 14.1 -999.9 Rio_Grande_do_Sul WU UTC_2026-09-20_19:09 0.0 -999.9
-28.566900 -50.979500 IVACAR13 2026-09-20_16:14 23.2 -999.9 -999.9 78.0 -999.9 -999.9 19.1 -999.9 -999.9 1012.7 -999.9 -999.9 8.7 121 13.0 -999.9 0.0 11.8 27.9 27.9 27.9 30.2 25.0 14.9 95.0 72.0 42.8 Vacaria_-_Pomar_Boeno_(873_m) -999.9 -999.9 1015.58 1011.51 1012.7 20.1 14.1 -999.9 Rio_Grande_do_Sul WU UTC_2026-09-20_19:14 0.0 -999.9
-28.566900 -50.979500 IVACAR13 2026-09-20_16:19 23.3 -999.9 -999.9 78.4 -999.9 -999.9 19.3 -999.9 -999.9 1012.9 -999.9 -999.9 8.5 118 11.9 -999.9 0.0 11.8 27.9 27.9 27.9 30.2 25.0 14.9 95.0 72.0 42.8 Vacaria_-_Pomar_Boeno_(873_m) -999.9 -999.9 1015.58 1011.51 1012.9 20.1 14.1 -999.9 Rio_Grande_do_Sul WU UTC_2026-09-20_19:19 0.0 -999.9
-28.566900 -50.979500 IVACAR13 2026-09-20_16:24 23.2 -999.9 -999.9 77.6 -999.9 -999.9 19.1 -999.9 -999.9 1012.9 -999.9 -999.9 11.2 105 18.0 -999.9 0.0 11.8 27.9 27.9 27.9 30.2 25.0 14.9 95.0 72.0 42.8 Vacaria_-_Pomar_Boeno_(873_m) -999.9 -999.9 1015.58 1011.51 1012.9 20.1 14.1 -999.9 Rio_Grande_do_Sul WU UTC_2026-09-20_19:24 0.0 -999.9
-28.566900 -50.979500 IVACAR13 2026-09-20_16:29 23.2 -999.9 -999.9 78.0 -999.9 -999.9 19.2 -999.9 -999.9 1012.7 -999.9 -999.9 9.6 142 15.4 -999.9 0.0 11.8 27.9 27.9 27.9 30.2 25.0 14.9 95.0 72.0 42.8 Vacaria_-_Pomar_Boeno_(873_m) -999.9 -999.9 1015.58 1011.51 1012.7 20.1 14.1 -999.9 Rio_Grande_do_Sul WU UTC_2026-09-20_19:29 0.0 -999.9
-28.566900 -50.979500 IVACAR13 2026-09-20_16:34 23.1 -999.9 -999.9 78.4 -999.9 -999.9 19.1 -999.9 -999.9 1012.7 -999.9 -999.9 9.4 143 16.6 -999.9 0.0 11.8 27.9 27.9 27.9 30.2 25.0 14.9 95.0 72.0 42.8 Vacaria_-_Pomar_Boeno_(873_m) -999.9 -999.9 1015.58 1011.51 1012.7 20.1 14.1 -999.9 Rio_Grande_do_Sul WU UTC_2026-09-20_19:34 0.0 -999.9
-28.566900 -50.979500 IVACAR13 2026-09-20_16:39 23.8 -999.9 -999.9 77.0 -999.9 -999.9 19.5 -999.9 -999.9 1012.7 -999.9 -999.9 10.8 125 16.6 -999.9 0.0 11.8 27.9 27.9 27.9 30.2 25.0 14.9 95.0 72.0 42.8 Vacaria_-_Pomar_Boeno_(873_m) -999.9 -999.9 1015.58 1011.51 1012.7 20.1 14.1 -999.9 Rio_Grande_do_Sul WU UTC_2026-09-20_19:39 0.0 -999.9
-28.566900 -50.979500 IVACAR13 2026-09-20_16:44 23.8 -999.9 -999.9 76.5 -999.9 -999.9 19.4 -999.9 -999.9 1012.7 -999.9 -999.9 10.9 130 16.6 -999.9 0.0 11.8 27.9 27.9 27.9 30.2 25.0 14.9 95.0 72.0 42.8 Vacaria_-_Pomar_Boeno_(873_m) -999.9 -999.9 1015.58 1011.51 1012.7 20.1 14.1 -999.9 Rio_Grande_do_Sul WU UTC_2026-09-20_19:44 0.0 -999.9
-28.566900 -50.979500 IVACAR13 2026-09-20_16:49 23.8 -999.9 -999.9 76.8 -999.9 -999.9 19.5 -999.9 -999.9 1012.7 -999.9 -999.9 9.1 133 14.3 -999.9 0.0 11.8 27.9 27.9 27.9 30.2 25.0 14.9 95.0 72.0 42.8 Vacaria_-_Pomar_Boeno_(873_m) -999.9 -999.9 1015.58 1011.51 1012.7 20.1 14.1 -999.9 Rio_Grande_do_Sul WU UTC_2026-09-20_19:49 0.0 -999.9
-28.566900 -50.979500 IVACAR13 2026-09-20_16:54 23.4 -999.9 -999.9 77.4 -999.9 -999.9 19.2 -999.9 -999.9 1012.7 -999.9 -999.9 10.6 143 19.2 -999.9 0.0 11.8 27.9 27.9 27.9 30.2 25.0 14.9 95.0 72.0 42.8 Vacaria_-_Pomar_Boeno_(873_m) -999.9 -999.9 1015.58 1011.51 1012.7 20.1 14.1 -999.9 Rio_Grande_do_Sul WU UTC_2026-09-20_19:54 0.0 -999.9
-28.566900 -50.979500 IVACAR13 2026-09-20_16:59 23.2 -999.9 -999.9 78.2 -999.9 -999.9 19.2 -999.9 -999.9 1012.9 -999.9 -999.9 7.8 130 11.9 -999.9 0.0 11.8 27.9 27.9 27.9 30.2 25.0 14.9 95.0 72.0 42.8 Vacaria_-_Pomar_Boeno_(873_m) -999.9 -999.9 1015.58 1011.51 1012.9 20.1 14.1 -999.9 Rio_Grande_do_Sul WU UTC_2026-09-20_19:59 0.0 -999.9
-28.566900 -50.979500 IVACAR13 2026-09-20_17:04 23.1 -999.9 -999.9 78.8 -999.9 -999.9 19.2 -999.9 -999.9 1012.9 -999.9 -999.9 7.0 143 11.9 -999.9 0.0 11.8 27.9 27.9 27.9 30.2 25.0 14.9 95.0 72.0 42.8 Vacaria_-_Pomar_Boeno_(873_m) -999.9 -999.9 1015.58 1011.51 1012.9 20.1 14.1 -999.9 Rio_Grande_do_Sul WU UTC_2026-09-20_20:04 0.0 -999.9
-28.566900 -50.979500 IVACAR13 2026-09-20_17:09 22.6 -999.9 -999.9 79.4 -999.9 -999.9 18.9 -999.9 -999.9 1012.9 -999.9 -999.9 10.7 126 19.2 -999.9 0.0 11.8 27.9 27.9 27.9 30.2 25.0 14.9 95.0 72.0 42.8 Vacaria_-_Pomar_Boeno_(873_m) -999.9 -999.9 1015.58 1011.51 1012.9 20.1 14.1 -999.9 Rio_Grande_do_Sul WU UTC_2026-09-20_20:09 0.0 -999.9
-28.566900 -50.979500 IVACAR13 2026-09-20_17:14 22.3 -999.9 -999.9 81.0 -999.9 -999.9 18.9 -999.9 -999.9 1012.9 -999.9 -999.9 7.1 136 14.3 -999.9 0.0 11.8 27.9 27.9 27.9 30.2 25.0 14.9 95.0 72.0 42.8 Vacaria_-_Pomar_Boeno_(873_m) -999.9 -999.9 1015.58 1011.51 1012.9 20.1 14.1 -999.9 Rio_Grande_do_Sul WU UTC_2026-09-20_20:14 0.0 -999.9
-28.566900 -50.979500 IVACAR13 2026-09-20_17:19 22.3 -999.9 -999.9 81.0 -999.9 -999.9 18.9 -999.9 -999.9 1013.0 -999.9 -999.9 8.5 147 14.3 -999.9 0.0 11.8 27.9 27.9 27.9 30.2 25.0 14.9 95.0 72.0 42.8 Vacaria_-_Pomar_Boeno_(873_m) -999.9 -999.9 1015.58 1011.51 1013.0 20.1 14.1 -999.9 Rio_Grande_do_Sul WU UTC_2026-09-20_20:19 0.0 -999.9
-28.566900 -50.979500 IVACAR13 2026-09-20_17:24 22.5 -999.9 -999.9 80.2 -999.9 -999.9 18.9 -999.9 -999.9 1013.0 -999.9 -999.9 9.5 141 14.3 -999.9 0.0 11.8 27.9 27.9 27.9 30.2 25.0 14.9 95.0 72.0 42.8 Vacaria_-_Pomar_Boeno_(873_m) -999.9 -999.9 1015.58 1011.51 1013.0 20.1 14.1 -999.9 Rio_Grande_do_Sul WU UTC_2026-09-20_20:24 0.0 -999.9
-28.566900 -50.979500 IVACAR13 2026-09-20_17:29 22.8 -999.9 -999.9 79.2 -999.9 -999.9 19.0 -999.9 -999.9 1012.9 -999.9 -999.9 9.7 154 16.6 -999.9 0.0 11.8 27.9 27.9 27.9 30.2 25.0 14.9 95.0 72.0 42.8 Vacaria_-_Pomar_Boeno_(873_m) -999.9 -999.9 1015.58 1011.51 1012.9 20.1 14.1 -999.9 Rio_Grande_do_Sul WU UTC_2026-09-20_20:29 0.0 -999.9
-28.566900 -50.979500 IVACAR13 2026-09-20_17:34 22.7 -999.9 -999.9 80.0 -999.9 -999.9 19.1 -999.9 -999.9 1012.9 -999.9 -999.9 6.1 125 10.8 -999.9 0.0 11.8 27.9 27.9 27.9 30.2 25.0 14.9 95.0 72.0 42.8 Vacaria_-_Pomar_Boeno_(873_m) -999.9 -999.9 1015.58 1011.51 1012.9 20.1 14.1 -999.9 Rio_Grande_do_Sul WU UTC_2026-09-20_20:34 0.0 -999.9
-28.566900 -50.979500 IVACAR13 2026-09-20_17:39 22.6 -999.9 -999.9 80.0 -999.9 -999.9 19.0 -999.9 -999.9 1012.9 -999.9 -999.9 7.0 128 10.8 -999.9 0.0 11.8 27.9 27.9 27.9 30.2 25.0 14.9 95.0 72.0 42.8 Vacaria_-_Pomar_Boeno_(873_m) -999.9 -999.9 1015.58 1011.51 1012.9 20.1 14.1 -999.9 Rio_Grande_do_Sul WU UTC_2026-09-20_20:39 0.0 -999.9
-28.566900 -50.979500 IVACAR13 2026-09-20_17:44 22.6 -999.9 -999.9 80.2 -999.9 -999.9 19.0 -999.9 -999.9 1012.9 -999.9 -999.9 6.4 146 11.9 -999.9 0.0 11.8 27.9 27.9 27.9 30.2 25.0 14.9 95.0 72.0 42.8 Vacaria_-_Pomar_Boeno_(873_m) -999.9 -999.9 1015.58 1011.51 1012.9 20.1 14.1 -999.9 Rio_Grande_do_Sul WU UTC_2026-09-20_20:44 0.0 -999.9
-28.566900 -50.979500 IVACAR13 2026-09-20_17:49 22.5 -999.9 -999.9 81.0 -999.9 -999.9 19.1 -999.9 -999.9 1012.7 -999.9 -999.9 6.1 148 8.2 -999.9 0.0 11.8 27.9 27.9 27.9 30.2 25.0 14.9 95.0 72.0 42.8 Vacaria_-_Pomar_Boeno_(873_m) -999.9 -999.9 1015.58 1011.51 1012.7 20.1 14.1 -999.9 Rio_Grande_do_Sul WU UTC_2026-09-20_20:49 0.0 -999.9
-28.566900 -50.979500 IVACAR13 2026-09-20_17:54 22.3 -999.9 -999.9 81.6 -999.9 -999.9 19.0 -999.9 -999.9 1012.7 -999.9 -999.9 5.4 138 8.2 -999.9 0.0 11.8 27.9 27.9 27.9 30.2 25.0 14.9 95.0 72.0 42.8 Vacaria_-_Pomar_Boeno_(873_m) -999.9 -999.9 1015.58 1011.51 1012.7 20.1 14.1 -999.9 Rio_Grande_do_Sul WU UTC_2026-09-20_20:54 0.0 -999.9
-28.566900 -50.979500 IVACAR13 2026-09-20_17:59 22.1 -999.9 -999.9 82.0 -999.9 -999.9 18.9 -999.9 -999.9 1012.9 -999.9 -999.9 7.1 148 11.9 -999.9 0.0 11.8 27.9 27.9 27.9 30.2 25.0 14.9 95.0 72.0 42.8 Vacaria_-_Pomar_Boeno_(873_m) -999.9 -999.9 1015.58 1011.51 1012.9 20.1 14.1 -999.9 Rio_Grande_do_Sul WU UTC_2026-09-20_20:59 0.0 -999.9
-28.566900 -50.979500 IVACAR13 2026-09-20_18:04 21.7 -999.9 -999.9 83.2 -999.9 -999.9 18.8 -999.9 -999.9 1012.9 -999.9 -999.9 3.2 178 6.1 -999.9 0.0 11.8 27.9 27.9 27.9 30.2 25.0 14.9 95.0 72.0 42.8 Vacaria_-_Pomar_Boeno_(873_m) -999.9 -999.9 1015.58 1011.51 1012.9 20.1 14.1 -999.9 Rio_Grande_do_Sul WU UTC_2026-09-20_21:04 0.0 -999.9
-28.566900 -50.979500 IVACAR13 2026-09-20_18:09 21.3 -999.9 -999.9 84.8 -999.9 -999.9 18.7 -999.9 -999.9 1012.9 -999.9 -999.9 1.5 164 3.5 -999.9 0.0 11.8 27.9 27.9 27.9 30.2 25.0 14.9 95.0 72.0 42.8 Vacaria_-_Pomar_Boeno_(873_m) -999.9 -999.9 1015.58 1011.51 1012.9 20.1 14.1 -999.9 Rio_Grande_do_Sul WU UTC_2026-09-20_21:09 0.0 -999.9
-28.566900 -50.979500 IVACAR13 2026-09-20_18:14 21.0 -999.9 -999.9 85.6 -999.9 -999.9 18.5 -999.9 -999.9 1012.9 -999.9 -999.9 3.3 196 7.2 -999.9 0.0 11.8 27.9 27.9 27.9 30.2 25.0 14.9 95.0 72.0 42.8 Vacaria_-_Pomar_Boeno_(873_m) -999.9 -999.9 1015.58 1011.51 1012.9 20.1 14.1 -999.9 Rio_Grande_do_Sul WU UTC_2026-09-20_21:14 0.0 -999.9
-28.566900 -50.979500 IVACAR13 2026-09-20_18:19 21.0 -999.9 -999.9 85.6 -999.9 -999.9 18.5 -999.9 -999.9 1012.9 -999.9 -999.9 2.3 167 4.7 -999.9 0.0 11.8 27.9 27.9 27.9 30.2 25.0 14.9 95.0 72.0 42.8 Vacaria_-_Pomar_Boeno_(873_m) -999.9 -999.9 1015.58 1011.51 1012.9 20.1 14.1 -999.9 Rio_Grande_do_Sul WU UTC_2026-09-20_21:19 0.0 -999.9
-28.566900 -50.979500 IVACAR13 2026-09-20_18:24 20.6 -999.9 -999.9 86.8 -999.9 -999.9 18.4 -999.9 -999.9 1012.7 -999.9 -999.9 0.9 185 3.5 -999.9 0.0 11.8 27.9 27.9 27.9 30.2 25.0 14.9 95.0 72.0 42.8 Vacaria_-_Pomar_Boeno_(873_m) -999.9 -999.9 1015.58 1011.51 1012.7 20.1 14.1 -999.9 Rio_Grande_do_Sul WU UTC_2026-09-20_21:24 0.0 -999.9
-28.566900 -50.979500 IVACAR13 2026-09-20_18:29 20.5 -999.9 -999.9 87.0 -999.9 -999.9 18.2 -999.9 -999.9 1012.7 -999.9 -999.9 2.5 167 4.7 -999.9 0.0 11.8 27.9 27.9 27.9 30.2 25.0 14.9 95.0 72.0 42.8 Vacaria_-_Pomar_Boeno_(873_m) -999.9 -999.9 1015.58 1011.51 1012.7 20.1 14.1 -999.9 Rio_Grande_do_Sul WU UTC_2026-09-20_21:29 0.0 -999.9
-28.566900 -50.979500 IVACAR13 2026-09-20_18:34 20.2 -999.9 -999.9 88.0 -999.9 -999.9 18.2 -999.9 -999.9 1012.9 -999.9 -999.9 2.7 217 6.1 -999.9 0.0 11.8 27.9 27.9 27.9 30.2 25.0 14.9 95.0 72.0 42.8 Vacaria_-_Pomar_Boeno_(873_m) -999.9 -999.9 1015.58 1011.51 1012.9 20.1 14.1 -999.9 Rio_Grande_do_Sul WU UTC_2026-09-20_21:34 0.0 -999.9
-28.566900 -50.979500 IVACAR13 2026-09-20_18:39 20.1 -999.9 -999.9 88.8 -999.9 -999.9 18.1 -999.9 -999.9 1012.9 -999.9 -999.9 2.3 171 6.1 -999.9 0.0 11.8 27.9 27.9 27.9 30.2 25.0 14.9 95.0 72.0 42.8 Vacaria_-_Pomar_Boeno_(873_m) -999.9 -999.9 1015.58 1011.51 1012.9 20.1 14.1 -999.9 Rio_Grande_do_Sul WU UTC_2026-09-20_21:39 0.0 -999.9
-28.566900 -50.979500 IVACAR13 2026-09-20_18:44 20.2 -999.9 -999.9 88.6 -999.9 -999.9 18.2 -999.9 -999.9 1012.9 -999.9 -999.9 4.2 221 7.2 -999.9 0.0 11.8 27.9 27.9 27.9 30.2 25.0 14.9 95.0 72.0 42.8 Vacaria_-_Pomar_Boeno_(873_m) -999.9 -999.9 1015.58 1011.51 1012.9 20.1 14.1 -999.9 Rio_Grande_do_Sul WU UTC_2026-09-20_21:44 0.0 -999.9
-28.566900 -50.979500 IVACAR13 2026-09-20_18:49 20.1 -999.9 -999.9 88.6 -999.9 -999.9 18.2 -999.9 -999.9 1012.9 -999.9 -999.9 3.4 205 8.2 -999.9 0.0 11.8 27.9 27.9 27.9 30.2 25.0 14.9 95.0 72.0 42.8 Vacaria_-_Pomar_Boeno_(873_m) -999.9 -999.9 1015.58 1011.51 1012.9 20.1 14.1 -999.9 Rio_Grande_do_Sul WU UTC_2026-09-20_21:49 0.0 -999.9
-28.566900 -50.979500 IVACAR13 2026-09-20_18:54 20.2 -999.9 -999.9 88.0 -999.9 -999.9 18.2 -999.9 -999.9 1012.7 -999.9 -999.9 5.9 214 9.3 -999.9 0.0 11.8 27.9 27.9 27.9 30.2 25.0 14.9 95.0 72.0 42.8 Vacaria_-_Pomar_Boeno_(873_m) -999.9 -999.9 1015.58 1011.51 1012.7 20.1 14.1 -999.9 Rio_Grande_do_Sul WU UTC_2026-09-20_21:54 0.0 -999.9
-28.566900 -50.979500 IVACAR13 2026-09-20_18:59 20.2 -999.9 -999.9 88.2 -999.9 -999.9 18.1 -999.9 -999.9 1012.7 -999.9 -999.9 6.4 185 10.8 -999.9 0.0 11.8 27.9 27.9 27.9 30.2 25.0 14.9 95.0 72.0 42.8 Vacaria_-_Pomar_Boeno_(873_m) -999.9 -999.9 1015.58 1011.51 1012.7 20.1 14.1 -999.9 Rio_Grande_do_Sul WU UTC_2026-09-20_21:59 0.0 -999.9
-28.566900 -50.979500 IVACAR13 2026-09-20_19:04 20.2 -999.9 -999.9 88.2 -999.9 -999.9 18.1 -999.9 -999.9 1012.7 -999.9 -999.9 6.5 215 13.0 -999.9 0.0 11.8 27.9 27.9 27.9 30.2 25.0 14.9 95.0 72.0 42.8 Vacaria_-_Pomar_Boeno_(873_m) -999.9 -999.9 1015.58 1011.51 1012.7 20.1 14.1 -999.9 Rio_Grande_do_Sul WU UTC_2026-09-20_22:04 0.0 -999.9
-28.566900 -50.979500 IVACAR13 2026-09-20_19:09 20.1 -999.9 -999.9 88.6 -999.9 -999.9 18.2 -999.9 -999.9 1012.7 -999.9 -999.9 5.1 176 7.2 -999.9 0.0 11.8 27.9 27.9 27.9 30.2 25.0 14.9 95.0 72.0 42.8 Vacaria_-_Pomar_Boeno_(873_m) -999.9 -999.9 1015.58 1011.51 1012.7 20.1 14.1 -999.9 Rio_Grande_do_Sul WU UTC_2026-09-20_22:09 0.0 -999.9
-28.566900 -50.979500 IVACAR13 2026-09-20_19:14 20.2 -999.9 -999.9 88.0 -999.9 -999.9 18.1 -999.9 -999.9 1012.7 -999.9 -999.9 6.0 198 9.3 -999.9 0.0 11.8 27.9 27.9 27.9 30.2 25.0 14.9 95.0 72.0 42.8 Vacaria_-_Pomar_Boeno_(873_m) -999.9 -999.9 1015.58 1011.51 1012.7 20.1 14.1 -999.9 Rio_Grande_do_Sul WU UTC_2026-09-20_22:14 0.0 -999.9
-28.566900 -50.979500 IVACAR13 2026-09-20_19:19 20.1 -999.9 -999.9 88.8 -999.9 -999.9 18.2 -999.9 -999.9 1012.7 -999.9 -999.9 4.8 220 8.2 -999.9 0.0 11.8 27.9 27.9 27.9 30.2 25.0 14.9 95.0 72.0 42.8 Vacaria_-_Pomar_Boeno_(873_m) -999.9 -999.9 1015.58 1011.51 1012.7 20.1 14.1 -999.9 Rio_Grande_do_Sul WU UTC_2026-09-20_22:19 0.0 -999.9
-28.566900 -50.979500 IVACAR13 2026-09-20_19:24 20.1 -999.9 -999.9 88.6 -999.9 -999.9 18.1 -999.9 -999.9 1012.7 -999.9 -999.9 5.7 203 11.9 -999.9 0.0 11.8 27.9 27.9 27.9 30.2 25.0 14.9 95.0 72.0 42.8 Vacaria_-_Pomar_Boeno_(873_m) -999.9 -999.9 1015.58 1011.51 1012.7 20.1 14.1 -999.9 Rio_Grande_do_Sul WU UTC_2026-09-20_22:24 0.0 -999.9
-28.566900 -50.979500 IVACAR13 2026-09-20_19:29 20.1 -999.9 -999.9 88.6 -999.9 -999.9 18.1 -999.9 -999.9 1012.7 -999.9 -999.9 6.5 187 11.9 -999.9 0.0 11.8 27.9 27.9 27.9 30.2 25.0 14.9 95.0 72.0 42.8 Vacaria_-_Pomar_Boeno_(873_m) -999.9 -999.9 1015.58 1011.51 1012.7 20.1 14.1 -999.9 Rio_Grande_do_Sul WU UTC_2026-09-20_22:29 0.0 -999.9
-28.566900 -50.979500 IVACAR13 2026-09-20_19:34 20.3 -999.9 -999.9 88.0 -999.9 -999.9 18.2 -999.9 -999.9 1012.7 -999.9 -999.9 9.1 185 20.1 -999.9 0.0 11.8 27.9 27.9 27.9 30.2 25.0 14.9 95.0 72.0 42.8 Vacaria_-_Pomar_Boeno_(873_m) -999.9 -999.9 1015.58 1011.51 1012.7 20.1 14.1 -999.9 Rio_Grande_do_Sul WU UTC_2026-09-20_22:34 0.0 -999.9
-28.566900 -50.979500 IVACAR13 2026-09-20_19:39 20.2 -999.9 -999.9 88.0 -999.9 -999.9 18.1 -999.9 -999.9 1012.9 -999.9 -999.9 10.0 215 20.1 -999.9 0.0 11.8 27.9 27.9 27.9 30.2 25.0 14.9 95.0 72.0 42.8 Vacaria_-_Pomar_Boeno_(873_m) -999.9 -999.9 1015.58 1011.51 1012.9 20.1 14.1 -999.9 Rio_Grande_do_Sul WU UTC_2026-09-20_22:39 0.0 -999.9
-28.566900 -50.979500 IVACAR13 2026-09-20_19:44 20.2 -999.9 -999.9 88.0 -999.9 -999.9 18.2 -999.9 -999.9 1012.7 -999.9 -999.9 7.1 228 18.0 -999.9 0.0 11.8 27.9 27.9 27.9 30.2 25.0 14.9 95.0 72.0 42.8 Vacaria_-_Pomar_Boeno_(873_m) -999.9 -999.9 1015.58 1011.51 1012.7 20.1 14.1 -999.9 Rio_Grande_do_Sul WU UTC_2026-09-20_22:44 0.0 -999.9
-28.566900 -50.979500 IVACAR13 2026-09-20_19:49 20.2 -999.9 -999.9 88.0 -999.9 -999.9 18.2 -999.9 -999.9 1012.9 -999.9 -999.9 8.8 174 16.6 -999.9 0.0 11.8 27.9 27.9 27.9 30.2 25.0 14.9 95.0 72.0 42.8 Vacaria_-_Pomar_Boeno_(873_m) -999.9 -999.9 1015.58 1011.51 1012.9 20.1 14.1 -999.9 Rio_Grande_do_Sul WU UTC_2026-09-20_22:49 0.0 -999.9
-28.566900 -50.979500 IVACAR13 2026-09-20_19:54 20.3 -999.9 -999.9 88.0 -999.9 -999.9 18.2 -999.9 -999.9 1012.5 -999.9 -999.9 7.9 183 15.4 -999.9 0.0 11.8 27.9 27.9 27.9 30.2 25.0 14.9 95.0 72.0 42.8 Vacaria_-_Pomar_Boeno_(873_m) -999.9 -999.9 1015.58 1011.51 1012.5 20.1 14.1 -999.9 Rio_Grande_do_Sul WU UTC_2026-09-20_22:54 0.0 -999.9
-28.566900 -50.979500 IVACAR13 2026-09-20_19:59 20.3 -999.9 -999.9 88.0 -999.9 -999.9 18.2 -999.9 -999.9 1012.9 -999.9 -999.9 6.6 206 14.3 -999.9 0.0 11.8 27.9 27.9 27.9 30.2 25.0 14.9 95.0 72.0 42.8 Vacaria_-_Pomar_Boeno_(873_m) -999.9 -999.9 1015.58 1011.51 1012.9 20.1 14.1 -999.9 Rio_Grande_do_Sul WU UTC_2026-09-20_22:59 0.0 -999.9
-28.566900 -50.979500 IVACAR13 2026-09-20_20:04 20.3 -999.9 -999.9 87.4 -999.9 -999.9 18.2 -999.9 -999.9 1012.7 -999.9 -999.9 7.9 187 16.6 -999.9 0.0 11.8 27.9 27.9 27.9 30.2 25.0 14.9 95.0 72.0 42.8 Vacaria_-_Pomar_Boeno_(873_m) -999.9 -999.9 1015.58 1011.51 1012.7 20.1 14.1 -999.9 Rio_Grande_do_Sul WU UTC_2026-09-20_23:04 0.0 -999.9
-28.566900 -50.979500 IVACAR13 2026-09-20_20:09 20.3 -999.9 -999.9 87.6 -999.9 -999.9 18.2 -999.9 -999.9 1012.7 -999.9 -999.9 8.6 184 14.3 -999.9 0.0 11.8 27.9 27.9 27.9 30.2 25.0 14.9 95.0 72.0 42.8 Vacaria_-_Pomar_Boeno_(873_m) -999.9 -999.9 1015.58 1011.51 1012.7 20.1 14.1 -999.9 Rio_Grande_do_Sul WU UTC_2026-09-20_23:09 0.0 -999.9
-28.566900 -50.979500 IVACAR13 2026-09-20_20:14 20.2 -999.9 -999.9 88.0 -999.9 -999.9 18.2 -999.9 -999.9 1012.9 -999.9 -999.9 8.0 217 15.4 -999.9 0.0 11.8 27.9 27.9 27.9 30.2 25.0 14.9 95.0 72.0 42.8 Vacaria_-_Pomar_Boeno_(873_m) -999.9 -999.9 1015.58 1011.51 1012.9 20.1 14.1 -999.9 Rio_Grande_do_Sul WU UTC_2026-09-20_23:14 0.0 -999.9
-28.566900 -50.979500 IVACAR13 2026-09-20_20:19 20.2 -999.9 -999.9 87.4 -999.9 -999.9 18.1 -999.9 -999.9 1012.7 -999.9 -999.9 8.0 184 15.4 -999.9 0.0 11.8 27.9 27.9 27.9 30.2 25.0 14.9 95.0 72.0 42.8 Vacaria_-_Pomar_Boeno_(873_m) -999.9 -999.9 1015.58 1011.51 1012.7 20.1 14.1 -999.9 Rio_Grande_do_Sul WU UTC_2026-09-20_23:19 0.0 -999.9
-28.566900 -50.979500 IVACAR13 2026-09-20_20:24 20.2 -999.9 -999.9 87.8 -999.9 -999.9 18.1 -999.9 -999.9 1012.9 -999.9 -999.9 8.1 194 14.3 -999.9 0.0 11.8 27.9 27.9 27.9 30.2 25.0 14.9 95.0 72.0 42.8 Vacaria_-_Pomar_Boeno_(873_m) -999.9 -999.9 1015.58 1011.51 1012.9 20.1 14.1 -999.9 Rio_Grande_do_Sul WU UTC_2026-09-20_23:24 0.0 -999.9
-28.566900 -50.979500 IVACAR13 2026-09-20_20:29 20.1 -999.9 -999.9 88.0 -999.9 -999.9 18.0 -999.9 -999.9 1012.9 -999.9 -999.9 8.0 197 14.3 -999.9 0.0 11.8 27.9 27.9 27.9 30.2 25.0 14.9 95.0 72.0 42.8 Vacaria_-_Pomar_Boeno_(873_m) -999.9 -999.9 1015.58 1011.51 1012.9 20.1 14.1 -999.9 Rio_Grande_do_Sul WU UTC_2026-09-20_23:29 0.0 -999.9
-28.566900 -50.979500 IVACAR13 2026-09-20_20:34 20.1 -999.9 -999.9 88.0 -999.9 -999.9 18.0 -999.9 -999.9 1012.9 -999.9 -999.9 8.2 215 15.4 -999.9 0.0 11.8 27.9 27.9 27.9 30.2 25.0 14.9 95.0 72.0 42.8 Vacaria_-_Pomar_Boeno_(873_m) -999.9 -999.9 1015.58 1011.51 1012.9 20.1 14.1 -999.9 Rio_Grande_do_Sul WU UTC_2026-09-20_23:34 0.0 -999.9
-28.566900 -50.979500 IVACAR13 2026-09-20_20:39 20.1 -999.9 -999.9 88.0 -999.9 -999.9 18.0 -999.9 -999.9 1012.9 -999.9 -999.9 7.4 162 16.6 -999.9 0.0 11.8 27.9 27.9 27.9 30.2 25.0 14.9 95.0 72.0 42.8 Vacaria_-_Pomar_Boeno_(873_m) -999.9 -999.9 1015.58 1011.51 1012.9 20.1 14.1 -999.9 Rio_Grande_do_Sul WU UTC_2026-09-20_23:39 0.0 -999.9
-28.566900 -50.979500 IVACAR13 2026-09-20_20:44 20.0 -999.9 -999.9 88.0 -999.9 -999.9 17.9 -999.9 -999.9 1012.9 -999.9 -999.9 7.3 209 10.8 -999.9 0.0 11.8 27.9 27.9 27.9 30.2 25.0 14.9 95.0 72.0 42.8 Vacaria_-_Pomar_Boeno_(873_m) -999.9 -999.9 1015.58 1011.51 1012.9 20.1 14.1 -999.9 Rio_Grande_do_Sul WU UTC_2026-09-20_23:44 0.0 -999.9
-28.566900 -50.979500 IVACAR13 2026-09-20_20:49 19.9 -999.9 -999.9 88.0 -999.9 -999.9 17.9 -999.9 -999.9 1012.9 -999.9 -999.9 6.5 155 9.3 -999.9 0.0 11.8 27.9 27.9 27.9 30.2 25.0 14.9 95.0 72.0 42.8 Vacaria_-_Pomar_Boeno_(873_m) -999.9 -999.9 1015.58 1011.51 1012.9 20.1 14.1 -999.9 Rio_Grande_do_Sul WU UTC_2026-09-20_23:49 0.0 -999.9
-28.566900 -50.979500 IVACAR13 2026-09-20_20:54 19.9 -999.9 -999.9 88.0 -999.9 -999.9 17.8 -999.9 -999.9 1013.0 -999.9 -999.9 9.8 194 23.8 -999.9 0.0 11.8 27.9 27.9 27.9 30.2 25.0 14.9 95.0 72.0 42.8 Vacaria_-_Pomar_Boeno_(873_m) -999.9 -999.9 1015.58 1011.51 1013.0 20.1 14.1 -999.9 Rio_Grande_do_Sul WU UTC_2026-09-20_23:54 0.0 -999.9
-28.566900 -50.979500 IVACAR13 2026-09-20_20:59 19.8 -999.9 -999.9 88.0 -999.9 -999.9 17.8 -999.9 -999.9 1013.0 -999.9 -999.9 9.8 205 16.6 -999.9 0.0 11.8 27.9 27.9 27.9 30.2 25.0 14.9 95.0 72.0 42.8 Vacaria_-_Pomar_Boeno_(873_m) -999.9 -999.9 1015.58 1011.51 1013.0 20.1 14.1 -999.9 Rio_Grande_do_Sul WU UTC_2026-09-20_23:59 0.0 -999.9
-28.566900 -50.979500 IVACAR13 2026-09-20_21:04 19.9 -999.9 -999.9 88.0 -999.9 -999.9 17.8 -999.9 -999.9 1012.9 -999.9 -999.9 7.8 205 13.0 -999.9 0.0 11.8 27.9 27.9 27.9 30.2 25.0 14.9 95.0 72.0 42.8 Vacaria_-_Pomar_Boeno_(873_m) -999.9 -999.9 1015.58 1011.51 1012.9 20.1 14.1 -999.9 Rio_Grande_do_Sul WU UTC_2026-09-21_00:04 0.0 -999.9
-28.566900 -50.979500 IVACAR13 2026-09-20_21:09 19.9 -999.9 -999.9 88.0 -999.9 -999.9 17.8 -999.9 -999.9 1012.9 -999.9 -999.9 11.0 210 20.1 -999.9 0.0 11.8 27.9 27.9 27.9 30.2 25.0 14.9 95.0 72.0 42.8 Vacaria_-_Pomar_Boeno_(873_m) -999.9 -999.9 1015.58 1011.51 1012.9 20.1 14.1 -999.9 Rio_Grande_do_Sul WU UTC_2026-09-21_00:09 0.0 -999.9
-28.566900 -50.979500 IVACAR13 2026-09-20_21:14 20.0 -999.9 -999.9 87.4 -999.9 -999.9 17.9 -999.9 -999.9 1012.9 -999.9 -999.9 10.4 164 15.4 -999.9 0.0 11.8 27.9 27.9 27.9 30.2 25.0 14.9 95.0 72.0 42.8 Vacaria_-_Pomar_Boeno_(873_m) -999.9 -999.9 1015.58 1011.51 1012.9 20.1 14.1 -999.9 Rio_Grande_do_Sul WU UTC_2026-09-21_00:14 0.0 -999.9
-28.566900 -50.979500 IVACAR13 2026-09-20_21:19 20.1 -999.9 -999.9 87.0 -999.9 -999.9 17.9 -999.9 -999.9 1012.9 -999.9 -999.9 11.7 207 19.2 -999.9 0.0 11.8 27.9 27.9 27.9 30.2 25.0 14.9 95.0 72.0 42.8 Vacaria_-_Pomar_Boeno_(873_m) -999.9 -999.9 1015.58 1011.51 1012.9 20.1 14.1 -999.9 Rio_Grande_do_Sul WU UTC_2026-09-21_00:19 0.0 -999.9
-28.566900 -50.979500 IVACAR13 2026-09-20_21:24 20.4 -999.9 -999.9 86.0 -999.9 -999.9 17.9 -999.9 -999.9 1012.9 -999.9 -999.9 11.7 160 20.1 -999.9 0.0 11.8 27.9 27.9 27.9 30.2 25.0 14.9 95.0 72.0 42.8 Vacaria_-_Pomar_Boeno_(873_m) -999.9 -999.9 1015.58 1011.51 1012.9 20.1 14.1 -999.9 Rio_Grande_do_Sul WU UTC_2026-09-21_00:24 0.0 -999.9
-28.566900 -50.979500 IVACAR13 2026-09-20_21:29 20.3 -999.9 -999.9 86.0 -999.9 -999.9 17.8 -999.9 -999.9 1012.9 -999.9 -999.9 11.3 193 22.7 -999.9 0.0 11.8 27.9 27.9 27.9 30.2 25.0 14.9 95.0 72.0 42.8 Vacaria_-_Pomar_Boeno_(873_m) -999.9 -999.9 1015.58 1011.51 1012.9 20.1 14.1 -999.9 Rio_Grande_do_Sul WU UTC_2026-09-21_00:29 0.0 -999.9
-28.566900 -50.979500 IVACAR13 2026-09-20_21:34 20.3 -999.9 -999.9 86.0 -999.9 -999.9 17.9 -999.9 -999.9 1012.7 -999.9 -999.9 10.6 189 19.2 -999.9 0.0 11.8 27.9 27.9 27.9 30.2 25.0 14.9 95.0 72.0 42.8 Vacaria_-_Pomar_Boeno_(873_m) -999.9 -999.9 1015.58 1011.51 1012.7 20.1 14.1 -999.9 Rio_Grande_do_Sul WU UTC_2026-09-21_00:34 0.0 -999.9
-28.566900 -50.979500 IVACAR13 2026-09-20_21:39 20.4 -999.9 -999.9 86.0 -999.9 -999.9 18.0 -999.9 -999.9 1012.9 -999.9 -999.9 10.1 177 16.6 -999.9 0.0 11.8 27.9 27.9 27.9 30.2 25.0 14.9 95.0 72.0 42.8 Vacaria_-_Pomar_Boeno_(873_m) -999.9 -999.9 1015.58 1011.51 1012.9 20.1 14.1 -999.9 Rio_Grande_do_Sul WU UTC_2026-09-21_00:39 0.0 -999.9
-28.566900 -50.979500 IVACAR13 2026-09-20_21:44 20.4 -999.9 -999.9 86.0 -999.9 -999.9 17.9 -999.9 -999.9 1012.9 -999.9 -999.9 7.5 224 13.0 -999.9 0.0 11.8 27.9 27.9 27.9 30.2 25.0 14.9 95.0 72.0 42.8 Vacaria_-_Pomar_Boeno_(873_m) -999.9 -999.9 1015.58 1011.51 1012.9 20.1 14.1 -999.9 Rio_Grande_do_Sul WU UTC_2026-09-21_00:44 0.0 -999.9
-28.566900 -50.979500 IVACAR13 2026-09-20_21:49 20.4 -999.9 -999.9 86.0 -999.9 -999.9 17.9 -999.9 -999.9 1012.7 -999.9 -999.9 7.0 221 15.4 -999.9 0.0 11.8 27.9 27.9 27.9 30.2 25.0 14.9 95.0 72.0 42.8 Vacaria_-_Pomar_Boeno_(873_m) -999.9 -999.9 1015.58 1011.51 1012.7 20.1 14.1 -999.9 Rio_Grande_do_Sul WU UTC_2026-09-21_00:49 0.0 -999.9
-28.566900 -50.979500 IVACAR13 2026-09-20_21:54 20.2 -999.9 -999.9 86.0 -999.9 -999.9 17.8 -999.9 -999.9 1012.9 -999.9 -999.9 11.7 206 22.7 -999.9 0.0 11.8 27.9 27.9 27.9 30.2 25.0 14.9 95.0 72.0 42.8 Vacaria_-_Pomar_Boeno_(873_m) -999.9 -999.9 1015.58 1011.51 1012.9 20.1 14.1 -999.9 Rio_Grande_do_Sul WU UTC_2026-09-21_00:54 0.0 -999.9
-28.566900 -50.979500 IVACAR13 2026-09-20_21:59 20.2 -999.9 -999.9 86.2 -999.9 -999.9 17.8 -999.9 -999.9 1012.9 -999.9 -999.9 13.6 231 21.2 -999.9 0.0 11.8 27.9 27.9 27.9 30.2 25.0 14.9 95.0 72.0 42.8 Vacaria_-_Pomar_Boeno_(873_m) -999.9 -999.9 1015.58 1011.51 1012.9 20.1 14.1 -999.9 Rio_Grande_do_Sul WU UTC_2026-09-21_00:59 0.0 -999.9
-28.566900 -50.979500 IVACAR13 2026-09-20_22:04 20.0 -999.9 -999.9 86.8 -999.9 -999.9 17.8 -999.9 -999.9 1012.7 -999.9 -999.9 12.7 159 18.0 -999.9 0.0 11.8 27.9 27.9 27.9 30.2 25.0 14.9 95.0 72.0 42.8 Vacaria_-_Pomar_Boeno_(873_m) -999.9 -999.9 1015.58 1011.51 1012.7 20.1 14.1 -999.9 Rio_Grande_do_Sul WU UTC_2026-09-21_01:04 0.0 -999.9
-28.566900 -50.979500 IVACAR13 2026-09-20_22:09 19.9 -999.9 -999.9 87.0 -999.9 -999.9 17.7 -999.9 -999.9 1012.7 -999.9 -999.9 11.8 212 26.2 -999.9 0.0 11.8 27.9 27.9 27.9 30.2 25.0 14.9 95.0 72.0 42.8 Vacaria_-_Pomar_Boeno_(873_m) -999.9 -999.9 1015.58 1011.51 1012.7 20.1 14.1 -999.9 Rio_Grande_do_Sul WU UTC_2026-09-21_01:09 0.0 -999.9
-28.566900 -50.979500 IVACAR13 2026-09-20_22:14 19.9 -999.9 -999.9 87.0 -999.9 -999.9 17.7 -999.9 -999.9 1012.7 -999.9 -999.9 11.7 203 26.2 -999.9 0.0 11.8 27.9 27.9 27.9 30.2 25.0 14.9 95.0 72.0 42.8 Vacaria_-_Pomar_Boeno_(873_m) -999.9 -999.9 1015.58 1011.51 1012.7 20.1 14.1 -999.9 Rio_Grande_do_Sul WU UTC_2026-09-21_01:14 0.0 -999.9
-28.566900 -50.979500 IVACAR13 2026-09-20_22:19 19.9 -999.9 -999.9 87.0 -999.9 -999.9 17.7 -999.9 -999.9 1012.7 -999.9 -999.9 12.2 190 18.0 -999.9 0.0 11.8 27.9 27.9 27.9 30.2 25.0 14.9 95.0 72.0 42.8 Vacaria_-_Pomar_Boeno_(873_m) -999.9 -999.9 1015.58 1011.51 1012.7 20.1 14.1 -999.9 Rio_Grande_do_Sul WU UTC_2026-09-21_01:19 0.0 -999.9
-28.566900 -50.979500 IVACAR13 2026-09-20_22:24 19.9 -999.9 -999.9 86.8 -999.9 -999.9 17.7 -999.9 -999.9 1012.4 -999.9 -999.9 15.0 210 23.8 -999.9 0.0 11.8 27.9 27.9 27.9 30.2 25.0 14.9 95.0 72.0 42.8 Vacaria_-_Pomar_Boeno_(873_m) -999.9 -999.9 1015.58 1011.51 1012.4 20.1 14.1 -999.9 Rio_Grande_do_Sul WU UTC_2026-09-21_01:24 0.0 -999.9
-28.566900 -50.979500 IVACAR13 2026-09-20_22:29 20.0 -999.9 -999.9 86.2 -999.9 -999.9 17.6 -999.9 -999.9 1012.5 -999.9 -999.9 14.7 210 23.8 -999.9 0.0 11.8 27.9 27.9 27.9 30.2 25.0 14.9 95.0 72.0 42.8 Vacaria_-_Pomar_Boeno_(873_m) -999.9 -999.9 1015.58 1011.51 1012.5 20.1 14.1 -999.9 Rio_Grande_do_Sul WU UTC_2026-09-21_01:29 0.0 -999.9
-28.566900 -50.979500 IVACAR13 2026-09-20_22:34 20.1 -999.9 -999.9 86.0 -999.9 -999.9 17.6 -999.9 -999.9 1012.5 -999.9 -999.9 12.8 186 32.0 -999.9 0.0 11.8 27.9 27.9 27.9 30.2 25.0 14.9 95.0 72.0 42.8 Vacaria_-_Pomar_Boeno_(873_m) -999.9 -999.9 1015.58 1011.51 1012.5 20.1 14.1 -999.9 Rio_Grande_do_Sul WU UTC_2026-09-21_01:34 0.0 -999.9
-28.566900 -50.979500 IVACAR13 2026-09-20_22:39 20.2 -999.9 -999.9 85.8 -999.9 -999.9 17.7 -999.9 -999.9 1012.5 -999.9 -999.9 14.5 195 29.9 -999.9 0.0 11.8 27.9 27.9 27.9 30.2 25.0 14.9 95.0 72.0 42.8 Vacaria_-_Pomar_Boeno_(873_m) -999.9 -999.9 1015.58 1011.51 1012.5 20.1 14.1 -999.9 Rio_Grande_do_Sul WU UTC_2026-09-21_01:39 0.0 -999.9
-28.566900 -50.979500 IVACAR13 2026-09-20_22:44 20.3 -999.9 -999.9 85.2 -999.9 -999.9 17.8 -999.9 -999.9 1012.2 -999.9 -999.9 14.8 198 27.4 -999.9 0.0 11.8 27.9 27.9 27.9 30.2 25.0 14.9 95.0 72.0 42.8 Vacaria_-_Pomar_Boeno_(873_m) -999.9 -999.9 1015.58 1011.51 1012.2 20.1 14.1 -999.9 Rio_Grande_do_Sul WU UTC_2026-09-21_01:44 0.0 -999.9
-28.566900 -50.979500 IVACAR13 2026-09-20_22:49 20.4 -999.9 -999.9 85.0 -999.9 -999.9 17.8 -999.9 -999.9 1012.0 -999.9 -999.9 16.3 297 32.0 -999.9 0.0 11.8 27.9 27.9 27.9 30.2 25.0 14.9 95.0 72.0 42.8 Vacaria_-_Pomar_Boeno_(873_m) -999.9 -999.9 1015.58 1011.51 1012.0 20.1 14.1 -999.9 Rio_Grande_do_Sul WU UTC_2026-09-21_01:49 0.0 -999.9
-28.566900 -50.979500 IVACAR13 2026-09-20_22:54 20.5 -999.9 -999.9 85.0 -999.9 -999.9 17.8 -999.9 -999.9 1012.0 -999.9 -999.9 12.7 224 22.7 -999.9 0.0 11.8 27.9 27.9 27.9 30.2 25.0 14.9 95.0 72.0 42.8 Vacaria_-_Pomar_Boeno_(873_m) -999.9 -999.9 1015.58 1011.51 1012.0 20.1 14.1 -999.9 Rio_Grande_do_Sul WU UTC_2026-09-21_01:54 0.0 -999.9
-28.566900 -50.979500 IVACAR13 2026-09-20_22:59 20.5 -999.9 -999.9 84.4 -999.9 -999.9 17.8 -999.9 -999.9 1012.0 -999.9 -999.9 13.3 203 34.6 -999.9 0.0 11.8 27.9 27.9 27.9 30.2 25.0 14.9 95.0 72.0 42.8 Vacaria_-_Pomar_Boeno_(873_m) -999.9 -999.9 1015.58 1011.51 1012.0 20.1 14.1 -999.9 Rio_Grande_do_Sul WU UTC_2026-09-21_01:59 0.0 -999.9
-28.566900 -50.979500 IVACAR13 2026-09-20_23:04 20.6 -999.9 -999.9 84.0 -999.9 -999.9 17.8 -999.9 -999.9 1011.9 -999.9 -999.9 17.2 206 28.5 -999.9 0.0 11.8 27.9 27.9 27.9 30.2 25.0 14.9 95.0 72.0 42.8 Vacaria_-_Pomar_Boeno_(873_m) -999.9 -999.9 1015.58 1011.51 1011.9 20.1 14.1 -999.9 Rio_Grande_do_Sul WU UTC_2026-09-21_02:04 0.0 -999.9
-28.566900 -50.979500 IVACAR13 2026-09-20_23:09 20.6 -999.9 -999.9 84.0 -999.9 -999.9 17.8 -999.9 -999.9 1011.7 -999.9 -999.9 17.3 203 38.1 -999.9 0.0 11.8 27.9 27.9 27.9 30.2 25.0 14.9 95.0 72.0 42.8 Vacaria_-_Pomar_Boeno_(873_m) -999.9 -999.9 1015.58 1011.51 1011.7 20.1 14.1 -999.9 Rio_Grande_do_Sul WU UTC_2026-09-21_02:09 0.0 -999.9
-28.566900 -50.979500 IVACAR13 2026-09-20_23:14 20.6 -999.9 -999.9 84.0 -999.9 -999.9 17.9 -999.9 -999.9 1011.7 -999.9 -999.9 12.7 199 24.8 -999.9 0.0 11.8 27.9 27.9 27.9 30.2 25.0 14.9 95.0 72.0 42.8 Vacaria_-_Pomar_Boeno_(873_m) -999.9 -999.9 1015.58 1011.51 1011.7 20.1 14.1 -999.9 Rio_Grande_do_Sul WU UTC_2026-09-21_02:14 0.0 -999.9
-28.566900 -50.979500 IVACAR13 2026-09-20_23:19 20.6 -999.9 -999.9 84.0 -999.9 -999.9 17.8 -999.9 -999.9 1011.5 -999.9 -999.9 16.8 231 29.9 -999.9 0.0 11.8 27.9 27.9 27.9 30.2 25.0 14.9 95.0 72.0 42.8 Vacaria_-_Pomar_Boeno_(873_m) -999.9 -999.9 1015.58 1011.51 1011.5 20.1 14.1 -999.9 Rio_Grande_do_Sul WU UTC_2026-09-21_02:19 0.0 -999.9
-28.566900 -50.979500 IVACAR13 2026-09-20_23:24 20.6 -999.9 -999.9 84.0 -999.9 -999.9 17.8 -999.9 -999.9 1011.7 -999.9 -999.9 15.3 199 21.2 -999.9 0.0 11.8 27.9 27.9 27.9 30.2 25.0 14.9 95.0 72.0 42.8 Vacaria_-_Pomar_Boeno_(873_m) -999.9 -999.9 1015.58 1011.51 1011.7 20.1 14.1 -999.9 Rio_Grande_do_Sul WU UTC_2026-09-21_02:24 0.0 -999.9
-28.566900 -50.979500 IVACAR13 2026-09-20_23:29 20.5 -999.9 -999.9 84.0 -999.9 -999.9 17.7 -999.9 -999.9 1011.7 -999.9 -999.9 15.5 218 27.4 -999.9 0.0 11.8 27.9 27.9 27.9 30.2 25.0 14.9 95.0 72.0 42.8 Vacaria_-_Pomar_Boeno_(873_m) -999.9 -999.9 1015.58 1011.51 1011.7 20.1 14.1 -999.9 Rio_Grande_do_Sul WU UTC_2026-09-21_02:29 0.0 -999.9
-28.566900 -50.979500 IVACAR13 2026-09-20_23:34 20.5 -999.9 -999.9 85.0 -999.9 -999.9 17.9 -999.9 -999.9 1011.7 -999.9 -999.9 16.9 225 28.5 -999.9 0.0 11.8 27.9 27.9 27.9 30.2 25.0 14.9 95.0 72.0 42.8 Vacaria_-_Pomar_Boeno_(873_m) -999.9 -999.9 1015.58 1011.51 1011.7 20.1 14.1 -999.9 Rio_Grande_do_Sul WU UTC_2026-09-21_02:34 0.0 -999.9
-28.566900 -50.979500 IVACAR13 2026-09-20_23:39 20.4 -999.9 -999.9 84.8 -999.9 -999.9 17.8 -999.9 -999.9 1011.7 -999.9 -999.9 14.9 170 22.7 -999.9 0.0 11.8 27.9 27.9 27.9 30.2 25.0 14.9 95.0 72.0 42.8 Vacaria_-_Pomar_Boeno_(873_m) -999.9 -999.9 1015.58 1011.51 1011.7 20.1 14.1 -999.9 Rio_Grande_do_Sul WU UTC_2026-09-21_02:39 0.0 -999.9
-28.566900 -50.979500 IVACAR13 2026-09-20_23:44 20.3 -999.9 -999.9 85.0 -999.9 -999.9 17.7 -999.9 -999.9 1011.7 -999.9 -999.9 18.2 197 29.9 -999.9 0.0 11.8 27.9 27.9 27.9 30.2 25.0 14.9 95.0 72.0 42.8 Vacaria_-_Pomar_Boeno_(873_m) -999.9 -999.9 1015.58 1011.51 1011.7 20.1 14.1 -999.9 Rio_Grande_do_Sul WU UTC_2026-09-21_02:44 0.0 -999.9
-28.566900 -50.979500 IVACAR13 2026-09-20_23:49 20.3 -999.9 -999.9 85.0 -999.9 -999.9 17.7 -999.9 -999.9 1011.7 -999.9 -999.9 18.3 220 33.2 -999.9 0.0 11.8 27.9 27.9 27.9 30.2 25.0 14.9 95.0 72.0 42.8 Vacaria_-_Pomar_Boeno_(873_m) -999.9 -999.9 1015.58 1011.51 1011.7 20.1 14.1 -999.9 Rio_Grande_do_Sul WU UTC_2026-09-21_02:49 0.0 -999.9
-28.566900 -50.979500 IVACAR13 2026-09-20_23:57 20.3 -999.9 -999.9 85.0 -999.9 -999.9 17.7 -999.9 -999.9 1011.5 -999.9 -999.9 14.3 180 21.2 -999.9 0.0 11.8 27.9 27.9 27.9 30.2 25.0 14.9 95.0 72.0 42.8 Vacaria_-_Pomar_Boeno_(873_m) -999.9 -999.9 1015.58 1011.51 1011.5 20.1 14.1 -999.9 Rio_Grande_do_Sul WU UTC_2026-09-21_02:57 0.0 -999.9
