-29.17805 -51.73222 86472600 2026-09-11_00:00 -999.9 -999.9 -999.9 -999.9 -999.9 -999.9 -999.9 -999.9 -999.9 -999.9 -999.9 -999.9 -999.9 -999.9 -999.9 -999.9 0.2 0.2 0.4 10.0 10.0 10.0 -999.9 -999.9 -999.9 -999.9 -999.9 SGB/CPRM_-_Santa_Tereza_(74_m) -999.9 -999.9 -999.9 -999.9 -999.9 -999.9 -999.9 -999.9 Brasil SGB/CPRM -999.9 0.2 0.2 3.23 3.23 3.23 0 0 3.44 3.64 3.64 4.16
-29.17805 -51.73222 86472600 2026-09-11_00:15 -999.9 -999.9 -999.9 -999.9 -999.9 -999.9 -999.9 -999.9 -999.9 -999.9 -999.9 -999.9 -999.9 -999.9 -999.9 -999.9 0.2 0.2 0.4 10.0 10.0 10.0 -999.9 -999.9 -999.9 -999.9 -999.9 SGB/CPRM_-_Santa_Tereza_(74_m) -999.9 -999.9 -999.9 -999.9 -999.9 -999.9 -999.9 -999.9 Brasil SGB/CPRM -999.9 0.0 0.2 3.22 3.23 3.22 0 -0.01 3.44 3.64 3.64 4.16
-29.17805 -51.73222 86472600 2026-09-11_00:30 -999.9 -999.9 -999.9 -999.9 -999.9 -999.9 -999.9 -999.9 -999.9 -999.9 -999.9 -999.9 -999.9 -999.9 -999.9 -999.9 0.2 0.2 0.4 10.0 10.0 10.0 -999.9 -999.9 -999.9 -999.9 -999.9 SGB/CPRM_-_Santa_Tereza_(74_m) -999.9 -999.9 -999.9 -999.9 -999.9 -999.9 -999.9 -999.9 Brasil SGB/CPRM -999.9 0.0 0.2 3.21 3.23 3.21 0 -0.02 3.44 3.64 3.64 4.16
-29.17805 -51.73222 86472600 2026-09-11_00:45 -999.9 -999.9 -999.9 -999.9 -999.9 -999.9 -999.9 -999.9 -999.9 -999.9 -999.9 -999.9 -999.9 -999.9 -999.9 -999.9 0.2 0.2 0.4 10.0 10.0 10.0 -999.9 -999.9 -999.9 -999.9 -999.9 SGB/CPRM_-_Santa_Tereza_(74_m) -999.9 -999.9 -999.9 -999.9 -999.9 -999.9 -999.9 -999.9 Brasil SGB/CPRM -999.9 0.0 0.2 3.2 3.23 3.2 -1 -0.03 3.44 3.64 3.64 4.16
-29.17805 -51.73222 86472600 2026-09-11_01:00 -999.9 -999.9 -999.9 -999.9 -999.9 -999.9 -999.9 -999.9 -999.9 -999.9 -999.9 -999.9 -999.9 -999.9 -999.9 -999.9 0.0 0.2 0.4 10.0 10.0 10.0 -999.9 -999.9 -999.9 -999.9 -999.9 SGB/CPRM_-_Santa_Tereza_(74_m) -999.9 -999.9 -999.9 -999.9 -999.9 -999.9 -999.9 -999.9 Brasil SGB/CPRM -999.9 0.0 0.2 3.19 3.23 3.19 -1 -0.04 3.44 3.64 3.64 4.16
-29.17805 -51.73222 86472600 2026-09-11_01:15 -999.9 -999.9 -999.9 -999.9 -999.9 -999.9 -999.9 -999.9 -999.9 -999.9 -999.9 -999.9 -999.9 -999.9 -999.9 -999.9 0.0 0.2 0.4 10.0 10.0 10.0 -999.9 -999.9 -999.9 -999.9 -999.9 SGB/CPRM_-_Santa_Tereza_(74_m) -999.9 -999.9 -999.9 -999.9 -999.9 -999.9 -999.9 -999.9 Brasil SGB/CPRM -999.9 0.0 0.2 3.17 3.23 3.17 -1 -0.05 3.44 3.64 3.64 4.16
-29.17805 -51.73222 86472600 2026-09-11_01:30 -999.9 -999.9 -999.9 -999.9 -999.9 -999.9 -999.9 -999.9 -999.9 -999.9 -999.9 -999.9 -999.9 -999.9 -999.9 -999.9 0.0 0.2 0.4 10.0 10.0 10.0 -999.9 -999.9 -999.9 -999.9 -999.9 SGB/CPRM_-_Santa_Tereza_(74_m) -999.9 -999.9 -999.9 -999.9 -999.9 -999.9 -999.9 -999.9 Brasil SGB/CPRM -999.9 0.0 0.2 3.15 3.23 3.15 -1 -0.06 3.44 3.64 3.64 4.16
-29.17805 -51.73222 86472600 2026-09-11_01:45 -999.9 -999.9 -999.9 -999.9 -999.9 -999.9 -999.9 -999.9 -999.9 -999.9 -999.9 -999.9 -999.9 -999.9 -999.9 -999.9 0.0 0.2 0.4 10.0 10.0 10.0 -999.9 -999.9 -999.9 -999.9 -999.9 SGB/CPRM_-_Santa_Tereza_(74_m) -999.9 -999.9 -999.9 -999.9 -999.9 -999.9 -999.9 -999.9 Brasil SGB/CPRM -999.9 0.0 0.2 3.13 3.23 3.13 -1 -0.07 3.44 3.64 3.64 4.16
-29.17805 -51.73222 86472600 2026-09-11_02:00 -999.9 -999.9 -999.9 -999.9 -999.9 -999.9 -999.9 -999.9 -999.9 -999.9 -999.9 -999.9 -999.9 -999.9 -999.9 -999.9 0.0 0.2 0.4 10.0 10.0 10.0 -999.9 -999.9 -999.9 -999.9 -999.9 SGB/CPRM_-_Santa_Tereza_(74_m) -999.9 -999.9 -999.9 -999.9 -999.9 -999.9 -999.9 -999.9 Brasil SGB/CPRM -999.9 0.0 0.2 3.11 3.23 3.11 -1 -0.08 3.44 3.64 3.64 4.16
-29.17805 -51.73222 86472600 2026-09-11_02:15 -999.9 -999.9 -999.9 -999.9 -999.9 -999.9 -999.9 -999.9 -999.9 -999.9 -999.9 -999.9 -999.9 -999.9 -999.9 -999.9 0.0 0.2 0.4 10.0 10.0 10.0 -999.9 -999.9 -999.9 -999.9 -999.9 SGB/CPRM_-_Santa_Tereza_(74_m) -999.9 -999.9 -999.9 -999.9 -999.9 -999.9 -999.9 -999.9 Brasil SGB/CPRM -999.9 0.0 0.2 3.09 3.23 3.09 -1 -0.08 3.44 3.64 3.64 4.16
-29.17805 -51.73222 86472600 2026-09-11_02:30 -999.9 -999.9 -999.9 -999.9 -999.9 -999.9 -999.9 -999.9 -999.9 -999.9 -999.9 -999.9 -999.9 -999.9 -999.9 -999.9 0.0 0.2 0.4 10.0 10.0 10.0 -999.9 -999.9 -999.9 -999.9 -999.9 SGB/CPRM_-_Santa_Tereza_(74_m) -999.9 -999.9 -999.9 -999.9 -999.9 -999.9 -999.9 -999.9 Brasil SGB/CPRM -999.9 0.0 0.2 3.06 3.23 3.06 -1 -0.09 3.44 3.64 3.64 4.16
-29.17805 -51.73222 86472600 2026-09-11_02:45 -999.9 -999.9 -999.9 -999.9 -999.9 -999.9 -999.9 -999.9 -999.9 -999.9 -999.9 -999.9 -999.9 -999.9 -999.9 -999.9 0.0 0.2 0.4 10.0 10.0 10.0 -999.9 -999.9 -999.9 -999.9 -999.9 SGB/CPRM_-_Santa_Tereza_(74_m) -999.9 -999.9 -999.9 -999.9 -999.9 -999.9 -999.9 -999.9 Brasil SGB/CPRM -999.9 0.0 0.2 3.04 3.23 3.04 -1 -0.09 3.44 3.64 3.64 4.16
-29.17805 -51.73222 86472600 2026-09-11_03:00 -999.9 -999.9 -999.9 -999.9 -999.9 -999.9 -999.9 -999.9 -999.9 -999.9 -999.9 -999.9 -999.9 -999.9 -999.9 -999.9 0.0 0.2 0.4 10.0 10.0 10.0 -999.9 -999.9 -999.9 -999.9 -999.9 SGB/CPRM_-_Santa_Tereza_(74_m) -999.9 -999.9 -999.9 -999.9 -999.9 -999.9 -999.9 -999.9 Brasil SGB/CPRM -999.9 0.0 0.2 3.02 3.23 3.02 -1 -0.09 3.44 3.64 3.64 4.16
-29.17805 -51.73222 86472600 2026-09-11_03:15 -999.9 -999.9 -999.9 -999.9 -999.9 -999.9 -999.9 -999.9 -999.9 -999.9 -999.9 -999.9 -999.9 -999.9 -999.9 -999.9 0.0 0.2 0.4 10.0 10.0 10.0 -999.9 -999.9 -999.9 -999.9 -999.9 SGB/CPRM_-_Santa_Tereza_(74_m) -999.9 -999.9 -999.9 -999.9 -999.9 -999.9 -999.9 -999.9 Brasil SGB/CPRM -999.9 0.0 0.2 2.99 3.23 2.99 -1 -0.1 3.44 3.64 3.64 4.16
-29.17805 -51.73222 86472600 2026-09-11_03:30 -999.9 -999.9 -999.9 -999.9 -999.9 -999.9 -999.9 -999.9 -999.9 -999.9 -999.9 -999.9 -999.9 -999.9 -999.9 -999.9 0.0 0.2 0.4 10.0 10.0 10.0 -999.9 -999.9 -999.9 -999.9 -999.9 SGB/CPRM_-_Santa_Tereza_(74_m) -999.9 -999.9 -999.9 -999.9 -999.9 -999.9 -999.9 -999.9 Brasil SGB/CPRM -999.9 0.0 0.2 2.97 3.23 2.97 -1 -0.09 3.44 3.64 3.64 4.16
-29.17805 -51.73222 86472600 2026-09-11_03:45 -999.9 -999.9 -999.9 -999.9 -999.9 -999.9 -999.9 -999.9 -999.9 -999.9 -999.9 -999.9 -999.9 -999.9 -999.9 -999.9 0.0 0.2 0.4 10.0 10.0 10.0 -999.9 -999.9 -999.9 -999.9 -999.9 SGB/CPRM_-_Santa_Tereza_(74_m) -999.9 -999.9 -999.9 -999.9 -999.9 -999.9 -999.9 -999.9 Brasil SGB/CPRM -999.9 0.0 0.2 2.94 3.23 2.94 -1 -0.1 3.44 3.64 3.64 4.16
-29.17805 -51.73222 86472600 2026-09-11_04:00 -999.9 -999.9 -999.9 -999.9 -999.9 -999.9 -999.9 -999.9 -999.9 -999.9 -999.9 -999.9 -999.9 -999.9 -999.9 -999.9 0.0 0.2 0.4 10.0 10.0 10.0 -999.9 -999.9 -999.9 -999.9 -999.9 SGB/CPRM_-_Santa_Tereza_(74_m) -999.9 -999.9 -999.9 -999.9 -999.9 -999.9 -999.9 -999.9 Brasil SGB/CPRM -999.9 0.0 0.2 2.9 3.23 2.9 -1 -0.12 3.44 3.64 3.64 4.16
-29.17805 -51.73222 86472600 2026-09-11_04:15 -999.9 -999.9 -999.9 -999.9 -999.9 -999.9 -999.9 -999.9 -999.9 -999.9 -999.9 -999.9 -999.9 -999.9 -999.9 -999.9 0.0 0.2 0.4 10.0 10.0 10.0 -999.9 -999.9 -999.9 -999.9 -999.9 SGB/CPRM_-_Santa_Tereza_(74_m) -999.9 -999.9 -999.9 -999.9 -999.9 -999.9 -999.9 -999.9 Brasil SGB/CPRM -999.9 0.0 0.2 2.87 3.23 2.87 -1 -0.12 3.44 3.64 3.64 4.16
-29.17805 -51.73222 86472600 2026-09-11_04:30 -999.9 -999.9 -999.9 -999.9 -999.9 -999.9 -999.9 -999.9 -999.9 -999.9 -999.9 -999.9 -999.9 -999.9 -999.9 -999.9 0.0 0.2 0.4 10.0 10.0 10.0 -999.9 -999.9 -999.9 -999.9 -999.9 SGB/CPRM_-_Santa_Tereza_(74_m) -999.9 -999.9 -999.9 -999.9 -999.9 -999.9 -999.9 -999.9 Brasil SGB/CPRM -999.9 0.0 0.2 2.83 3.23 2.83 -1 -0.14 3.44 3.64 3.64 4.16
-29.17805 -51.73222 86472600 2026-09-11_04:45 -999.9 -999.9 -999.9 -999.9 -999.9 -999.9 -999.9 -999.9 -999.9 -999.9 -999.9 -999.9 -999.9 -999.9 -999.9 -999.9 0.0 0.2 0.4 10.0 10.0 10.0 -999.9 -999.9 -999.9 -999.9 -999.9 SGB/CPRM_-_Santa_Tereza_(74_m) -999.9 -999.9 -999.9 -999.9 -999.9 -999.9 -999.9 -999.9 Brasil SGB/CPRM -999.9 0.0 0.2 2.79 3.23 2.79 -1 -0.15 3.44 3.64 3.64 4.16
-29.17805 -51.73222 86472600 2026-09-11_05:00 -999.9 -999.9 -999.9 -999.9 -999.9 -999.9 -999.9 -999.9 -999.9 -999.9 -999.9 -999.9 -999.9 -999.9 -999.9 -999.9 1.4 1.6 1.8 11.4 11.4 11.4 -999.9 -999.9 -999.9 -999.9 -999.9 SGB/CPRM_-_Santa_Tereza_(74_m) -999.9 -999.9 -999.9 -999.9 -999.9 -999.9 -999.9 -999.9 Brasil SGB/CPRM -999.9 1.4 1.6 2.75 3.23 2.75 -1 -0.15 3.44 3.64 3.64 4.16
-29.17805 -51.73222 86472600 2026-09-11_05:15 -999.9 -999.9 -999.9 -999.9 -999.9 -999.9 -999.9 -999.9 -999.9 -999.9 -999.9 -999.9 -999.9 -999.9 -999.9 -999.9 1.4 1.6 1.8 11.4 11.4 11.4 -999.9 -999.9 -999.9 -999.9 -999.9 SGB/CPRM_-_Santa_Tereza_(74_m) -999.9 -999.9 -999.9 -999.9 -999.9 -999.9 -999.9 -999.9 Brasil SGB/CPRM -999.9 0.0 1.6 2.71 3.23 2.71 -1 -0.16 3.44 3.64 3.64 4.16
-29.17805 -51.73222 86472600 2026-09-11_05:30 -999.9 -999.9 -999.9 -999.9 -999.9 -999.9 -999.9 -999.9 -999.9 -999.9 -999.9 -999.9 -999.9 -999.9 -999.9 -999.9 1.4 1.6 1.8 11.4 11.4 11.4 -999.9 -999.9 -999.9 -999.9 -999.9 SGB/CPRM_-_Santa_Tereza_(74_m) -999.9 -999.9 -999.9 -999.9 -999.9 -999.9 -999.9 -999.9 Brasil SGB/CPRM -999.9 0.0 1.6 2.67 3.23 2.67 -1 -0.16 3.44 3.64 3.64 4.16
-29.17805 -51.73222 86472600 2026-09-11_05:45 -999.9 -999.9 -999.9 -999.9 -999.9 -999.9 -999.9 -999.9 -999.9 -999.9 -999.9 -999.9 -999.9 -999.9 -999.9 -999.9 1.4 1.6 1.8 11.4 11.4 11.4 -999.9 -999.9 -999.9 -999.9 -999.9 SGB/CPRM_-_Santa_Tereza_(74_m) -999.9 -999.9 -999.9 -999.9 -999.9 -999.9 -999.9 -999.9 Brasil SGB/CPRM -999.9 0.0 1.6 2.63 3.23 2.63 -1 -0.16 3.44 3.64 3.64 4.16
-29.17805 -51.73222 86472600 2026-09-11_06:00 -999.9 -999.9 -999.9 -999.9 -999.9 -999.9 -999.9 -999.9 -999.9 -999.9 -999.9 -999.9 -999.9 -999.9 -999.9 -999.9 0.2 1.8 2.0 11.6 11.6 11.6 -999.9 -999.9 -999.9 -999.9 -999.9 SGB/CPRM_-_Santa_Tereza_(74_m) -999.9 -999.9 -999.9 -999.9 -999.9 -999.9 -999.9 -999.9 Brasil SGB/CPRM -999.9 0.2 1.8 2.6 3.23 2.6 -1 -0.15 3.44 3.64 3.64 4.16
-29.17805 -51.73222 86472600 2026-09-11_06:15 -999.9 -999.9 -999.9 -999.9 -999.9 -999.9 -999.9 -999.9 -999.9 -999.9 -999.9 -999.9 -999.9 -999.9 -999.9 -999.9 1.0 2.6 2.8 12.4 12.4 12.4 -999.9 -999.9 -999.9 -999.9 -999.9 SGB/CPRM_-_Santa_Tereza_(74_m) -999.9 -999.9 -999.9 -999.9 -999.9 -999.9 -999.9 -999.9 Brasil SGB/CPRM -999.9 0.8 2.6 2.57 3.23 2.57 -1 -0.14 3.44 3.64 3.64 4.16
-29.17805 -51.73222 86472600 2026-09-11_06:30 -999.9 -999.9 -999.9 -999.9 -999.9 -999.9 -999.9 -999.9 -999.9 -999.9 -999.9 -999.9 -999.9 -999.9 -999.9 -999.9 1.6 3.2 3.4 13.0 13.0 13.0 -999.9 -999.9 -999.9 -999.9 -999.9 SGB/CPRM_-_Santa_Tereza_(74_m) -999.9 -999.9 -999.9 -999.9 -999.9 -999.9 -999.9 -999.9 Brasil SGB/CPRM -999.9 0.6 3.2 2.55 3.23 2.55 -1 -0.12 3.44 3.64 3.64 4.16
-29.17805 -51.73222 86472600 2026-09-11_06:45 -999.9 -999.9 -999.9 -999.9 -999.9 -999.9 -999.9 -999.9 -999.9 -999.9 -999.9 -999.9 -999.9 -999.9 -999.9 -999.9 1.6 3.2 3.4 13.0 13.0 13.0 -999.9 -999.9 -999.9 -999.9 -999.9 SGB/CPRM_-_Santa_Tereza_(74_m) -999.9 -999.9 -999.9 -999.9 -999.9 -999.9 -999.9 -999.9 Brasil SGB/CPRM -999.9 0.0 3.2 2.52 3.23 2.52 -1 -0.11 3.44 3.64 3.64 4.16
-29.17805 -51.73222 86472600 2026-09-11_07:00 -999.9 -999.9 -999.9 -999.9 -999.9 -999.9 -999.9 -999.9 -999.9 -999.9 -999.9 -999.9 -999.9 -999.9 -999.9 -999.9 1.4 3.2 3.4 13.0 13.0 13.0 -999.9 -999.9 -999.9 -999.9 -999.9 SGB/CPRM_-_Santa_Tereza_(74_m) -999.9 -999.9 -999.9 -999.9 -999.9 -999.9 -999.9 -999.9 Brasil SGB/CPRM -999.9 0.0 3.2 2.51 3.23 2.51 -1 -0.09 3.44 3.64 3.64 4.16
-29.17805 -51.73222 86472600 2026-09-11_07:15 -999.9 -999.9 -999.9 -999.9 -999.9 -999.9 -999.9 -999.9 -999.9 -999.9 -999.9 -999.9 -999.9 -999.9 -999.9 -999.9 0.6 3.2 3.4 13.0 13.0 13.0 -999.9 -999.9 -999.9 -999.9 -999.9 SGB/CPRM_-_Santa_Tereza_(74_m) -999.9 -999.9 -999.9 -999.9 -999.9 -999.9 -999.9 -999.9 Brasil SGB/CPRM -999.9 0.0 3.2 2.5 3.23 2.5 -1 -0.07 3.44 3.64 3.64 4.16
-29.17805 -51.73222 86472600 2026-09-11_07:30 -999.9 -999.9 -999.9 -999.9 -999.9 -999.9 -999.9 -999.9 -999.9 -999.9 -999.9 -999.9 -999.9 -999.9 -999.9 -999.9 0.0 3.2 3.4 13.0 13.0 13.0 -999.9 -999.9 -999.9 -999.9 -999.9 SGB/CPRM_-_Santa_Tereza_(74_m) -999.9 -999.9 -999.9 -999.9 -999.9 -999.9 -999.9 -999.9 Brasil SGB/CPRM -999.9 0.0 3.2 2.49 3.23 2.49 -1 -0.06 3.44 3.64 3.64 4.16
-29.17805 -51.73222 86472600 2026-09-11_07:45 -999.9 -999.9 -999.9 -999.9 -999.9 -999.9 -999.9 -999.9 -999.9 -999.9 -999.9 -999.9 -999.9 -999.9 -999.9 -999.9 0.2 3.4 3.6 13.2 13.2 13.2 -999.9 -999.9 -999.9 -999.9 -999.9 SGB/CPRM_-_Santa_Tereza_(74_m) -999.9 -999.9 -999.9 -999.9 -999.9 -999.9 -999.9 -999.9 Brasil SGB/CPRM -999.9 0.2 3.4 2.49 3.23 2.49 -1 -0.03 3.44 3.64 3.64 4.16
-29.17805 -51.73222 86472600 2026-09-11_08:00 -999.9 -999.9 -999.9 -999.9 -999.9 -999.9 -999.9 -999.9 -999.9 -999.9 -999.9 -999.9 -999.9 -999.9 -999.9 -999.9 0.2 3.4 3.6 13.2 13.2 13.2 -999.9 -999.9 -999.9 -999.9 -999.9 SGB/CPRM_-_Santa_Tereza_(74_m) -999.9 -999.9 -999.9 -999.9 -999.9 -999.9 -999.9 -999.9 Brasil SGB/CPRM -999.9 0.0 3.4 2.5 3.23 2.49 -1 -0.01 3.44 3.64 3.64 4.16
-29.17805 -51.73222 86472600 2026-09-11_08:15 -999.9 -999.9 -999.9 -999.9 -999.9 -999.9 -999.9 -999.9 -999.9 -999.9 -999.9 -999.9 -999.9 -999.9 -999.9 -999.9 3.0 6.2 6.4 16.0 16.0 16.0 -999.9 -999.9 -999.9 -999.9 -999.9 SGB/CPRM_-_Santa_Tereza_(74_m) -999.9 -999.9 -999.9 -999.9 -999.9 -999.9 -999.9 -999.9 Brasil SGB/CPRM -999.9 2.8 6.2 2.52 3.23 2.49 0 0.02 3.44 3.64 3.64 4.16
-29.17805 -51.73222 86472600 2026-09-11_08:30 -999.9 -999.9 -999.9 -999.9 -999.9 -999.9 -999.9 -999.9 -999.9 -999.9 -999.9 -999.9 -999.9 -999.9 -999.9 -999.9 18.0 21.2 21.4 31.0 31.0 31.0 -999.9 -999.9 -999.9 -999.9 -999.9 SGB/CPRM_-_Santa_Tereza_(74_m) -999.9 -999.9 -999.9 -999.9 -999.9 -999.9 -999.9 -999.9 Brasil SGB/CPRM -999.9 15.0 21.2 2.56 3.23 2.49 1 0.07 3.44 3.64 3.64 4.16
-29.17805 -51.73222 86472600 2026-09-11_08:45 -999.9 -999.9 -999.9 -999.9 -999.9 -999.9 -999.9 -999.9 -999.9 -999.9 -999.9 -999.9 -999.9 -999.9 -999.9 -999.9 22.0 25.4 25.6 35.2 35.2 35.2 -999.9 -999.9 -999.9 -999.9 -999.9 SGB/CPRM_-_Santa_Tereza_(74_m) -999.9 -999.9 -999.9 -999.9 -999.9 -999.9 -999.9 -999.9 Brasil SGB/CPRM -999.9 4.2 25.4 2.59 3.23 2.49 1 0.1 3.44 3.64 3.64 4.16
-29.17805 -51.73222 86472600 2026-09-11_09:00 -999.9 -999.9 -999.9 -999.9 -999.9 -999.9 -999.9 -999.9 -999.9 -999.9 -999.9 -999.9 -999.9 -999.9 -999.9 -999.9 25.0 28.4 28.6 38.2 38.2 38.2 -999.9 -999.9 -999.9 -999.9 -999.9 SGB/CPRM_-_Santa_Tereza_(74_m) -999.9 -999.9 -999.9 -999.9 -999.9 -999.9 -999.9 -999.9 Brasil SGB/CPRM -999.9 3.0 28.4 2.62 3.23 2.49 1 0.12 3.44 3.64 3.64 4.16
-29.17805 -51.73222 86472600 2026-09-11_09:15 -999.9 -999.9 -999.9 -999.9 -999.9 -999.9 -999.9 -999.9 -999.9 -999.9 -999.9 -999.9 -999.9 -999.9 -999.9 -999.9 23.8 30.0 30.2 39.8 39.8 39.8 -999.9 -999.9 -999.9 -999.9 -999.9 SGB/CPRM_-_Santa_Tereza_(74_m) -999.9 -999.9 -999.9 -999.9 -999.9 -999.9 -999.9 -999.9 Brasil SGB/CPRM -999.9 1.6 30.0 2.65 3.23 2.49 1 0.13 3.44 3.64 3.64 4.16
-29.17805 -51.73222 86472600 2026-09-11_09:30 -999.9 -999.9 -999.9 -999.9 -999.9 -999.9 -999.9 -999.9 -999.9 -999.9 -999.9 -999.9 -999.9 -999.9 -999.9 -999.9 9.6 30.8 31.0 40.6 40.6 40.6 -999.9 -999.9 -999.9 -999.9 -999.9 SGB/CPRM_-_Santa_Tereza_(74_m) -999.9 -999.9 -999.9 -999.9 -999.9 -999.9 -999.9 -999.9 Brasil SGB/CPRM -999.9 0.8 30.8 2.67 3.23 2.49 1 0.11 3.44 3.64 3.64 4.16
-29.17805 -51.73222 86472600 2026-09-11_09:45 -999.9 -999.9 -999.9 -999.9 -999.9 -999.9 -999.9 -999.9 -999.9 -999.9 -999.9 -999.9 -999.9 -999.9 -999.9 -999.9 6.2 31.6 31.8 41.4 41.4 41.4 -999.9 -999.9 -999.9 -999.9 -999.9 SGB/CPRM_-_Santa_Tereza_(74_m) -999.9 -999.9 -999.9 -999.9 -999.9 -999.9 -999.9 -999.9 Brasil SGB/CPRM -999.9 0.8 31.6 2.68 3.23 2.49 1 0.09 3.44 3.64 3.64 4.16
-29.17805 -51.73222 86472600 2026-09-11_10:00 -999.9 -999.9 -999.9 -999.9 -999.9 -999.9 -999.9 -999.9 -999.9 -999.9 -999.9 -999.9 -999.9 -999.9 -999.9 -999.9 3.8 32.2 32.4 42.0 42.0 42.0 -999.9 -999.9 -999.9 -999.9 -999.9 SGB/CPRM_-_Santa_Tereza_(74_m) -999.9 -999.9 -999.9 -999.9 -999.9 -999.9 -999.9 -999.9 Brasil SGB/CPRM -999.9 0.6 32.2 2.68 3.23 2.49 1 0.06 3.44 3.64 3.64 4.16
-29.17805 -51.73222 86472600 2026-09-11_10:15 -999.9 -999.9 -999.9 -999.9 -999.9 -999.9 -999.9 -999.9 -999.9 -999.9 -999.9 -999.9 -999.9 -999.9 -999.9 -999.9 2.8 32.8 33.0 42.6 42.6 42.6 -999.9 -999.9 -999.9 -999.9 -999.9 SGB/CPRM_-_Santa_Tereza_(74_m) -999.9 -999.9 -999.9 -999.9 -999.9 -999.9 -999.9 -999.9 Brasil SGB/CPRM -999.9 0.6 32.8 2.66 3.23 2.49 1 0.01 3.44 3.64 3.64 4.16
-29.17805 -51.73222 86472600 2026-09-11_10:30 -999.9 -999.9 -999.9 -999.9 -999.9 -999.9 -999.9 -999.9 -999.9 -999.9 -999.9 -999.9 -999.9 -999.9 -999.9 -999.9 2.8 33.6 33.8 43.4 43.4 43.4 -999.9 -999.9 -999.9 -999.9 -999.9 SGB/CPRM_-_Santa_Tereza_(74_m) -999.9 -999.9 -999.9 -999.9 -999.9 -999.9 -999.9 -999.9 Brasil SGB/CPRM -999.9 0.8 33.6 2.64 3.23 2.49 0 -0.03 3.44 3.64 3.64 4.16
-29.17805 -51.73222 86472600 2026-09-11_10:45 -999.9 -999.9 -999.9 -999.9 -999.9 -999.9 -999.9 -999.9 -999.9 -999.9 -999.9 -999.9 -999.9 -999.9 -999.9 -999.9 4.4 36.0 36.2 45.8 45.8 45.8 -999.9 -999.9 -999.9 -999.9 -999.9 SGB/CPRM_-_Santa_Tereza_(74_m) -999.9 -999.9 -999.9 -999.9 -999.9 -999.9 -999.9 -999.9 Brasil SGB/CPRM -999.9 2.4 36.0 2.61 3.23 2.49 -1 -0.07 3.44 3.64 3.64 4.16
-29.17805 -51.73222 86472600 2026-09-11_11:00 -999.9 -999.9 -999.9 -999.9 -999.9 -999.9 -999.9 -999.9 -999.9 -999.9 -999.9 -999.9 -999.9 -999.9 -999.9 -999.9 9.8 42.0 42.2 51.8 51.8 51.8 -999.9 -999.9 -999.9 -999.9 -999.9 SGB/CPRM_-_Santa_Tereza_(74_m) -999.9 -999.9 -999.9 -999.9 -999.9 -999.9 -999.9 -999.9 Brasil SGB/CPRM -999.9 6.0 42.0 2.58 3.23 2.49 -1 -0.1 3.44 3.64 3.64 4.16
-29.17805 -51.73222 86472600 2026-09-11_11:15 -999.9 -999.9 -999.9 -999.9 -999.9 -999.9 -999.9 -999.9 -999.9 -999.9 -999.9 -999.9 -999.9 -999.9 -999.9 -999.9 13.2 46.0 46.2 55.8 55.8 55.8 -999.9 -999.9 -999.9 -999.9 -999.9 SGB/CPRM_-_Santa_Tereza_(74_m) -999.9 -999.9 -999.9 -999.9 -999.9 -999.9 -999.9 -999.9 Brasil SGB/CPRM -999.9 4.0 46.0 2.55 3.23 2.49 -1 -0.11 3.44 3.64 3.64 4.16
-29.17805 -51.73222 86472600 2026-09-11_11:30 -999.9 -999.9 -999.9 -999.9 -999.9 -999.9 -999.9 -999.9 -999.9 -999.9 -999.9 -999.9 -999.9 -999.9 -999.9 -999.9 13.0 46.6 46.8 56.4 56.4 56.4 -999.9 -999.9 -999.9 -999.9 -999.9 SGB/CPRM_-_Santa_Tereza_(74_m) -999.9 -999.9 -999.9 -999.9 -999.9 -999.9 -999.9 -999.9 Brasil SGB/CPRM -999.9 0.6 46.6 2.51 3.23 2.49 -1 -0.13 3.44 3.64 3.64 4.16
-29.17805 -51.73222 86472600 2026-09-11_11:45 -999.9 -999.9 -999.9 -999.9 -999.9 -999.9 -999.9 -999.9 -999.9 -999.9 -999.9 -999.9 -999.9 -999.9 -999.9 -999.9 11.4 47.4 47.6 57.2 57.2 57.2 -999.9 -999.9 -999.9 -999.9 -999.9 SGB/CPRM_-_Santa_Tereza_(74_m) -999.9 -999.9 -999.9 -999.9 -999.9 -999.9 -999.9 -999.9 Brasil SGB/CPRM -999.9 0.8 47.4 2.48 3.23 2.48 -1 -0.13 3.44 3.64 3.64 4.16
-29.17805 -51.73222 86472600 2026-09-11_12:00 -999.9 -999.9 -999.9 -999.9 -999.9 -999.9 -999.9 -999.9 -999.9 -999.9 -999.9 -999.9 -999.9 -999.9 -999.9 -999.9 6.8 48.8 49.0 58.6 58.6 58.6 -999.9 -999.9 -999.9 -999.9 -999.9 SGB/CPRM_-_Santa_Tereza_(74_m) -999.9 -999.9 -999.9 -999.9 -999.9 -999.9 -999.9 -999.9 Brasil SGB/CPRM -999.9 1.4 48.8 2.46 3.23 2.46 -1 -0.12 3.44 3.64 3.64 4.16
-29.17805 -51.73222 86472600 2026-09-11_12:15 -999.9 -999.9 -999.9 -999.9 -999.9 -999.9 -999.9 -999.9 -999.9 -999.9 -999.9 -999.9 -999.9 -999.9 -999.9 -999.9 4.4 50.4 50.6 60.2 60.2 60.2 -999.9 -999.9 -999.9 -999.9 -999.9 SGB/CPRM_-_Santa_Tereza_(74_m) -999.9 -999.9 -999.9 -999.9 -999.9 -999.9 -999.9 -999.9 Brasil SGB/CPRM -999.9 1.6 50.4 2.44 3.23 2.44 -1 -0.11 3.44 3.64 3.64 4.16
-29.17805 -51.73222 86472600 2026-09-11_12:30 -999.9 -999.9 -999.9 -999.9 -999.9 -999.9 -999.9 -999.9 -999.9 -999.9 -999.9 -999.9 -999.9 -999.9 -999.9 -999.9 5.0 51.6 51.8 61.4 61.4 61.4 -999.9 -999.9 -999.9 -999.9 -999.9 SGB/CPRM_-_Santa_Tereza_(74_m) -999.9 -999.9 -999.9 -999.9 -999.9 -999.9 -999.9 -999.9 Brasil SGB/CPRM -999.9 1.2 51.6 2.45 3.23 2.44 -1 -0.06 3.44 3.64 3.64 4.16
-29.17805 -51.73222 86472600 2026-09-11_12:45 -999.9 -999.9 -999.9 -999.9 -999.9 -999.9 -999.9 -999.9 -999.9 -999.9 -999.9 -999.9 -999.9 -999.9 -999.9 -999.9 5.8 53.2 53.4 63.0 63.0 63.0 -999.9 -999.9 -999.9 -999.9 -999.9 SGB/CPRM_-_Santa_Tereza_(74_m) -999.9 -999.9 -999.9 -999.9 -999.9 -999.9 -999.9 -999.9 Brasil SGB/CPRM -999.9 1.6 53.2 2.45 3.23 2.44 -1 -0.03 3.44 3.64 3.64 4.16
-29.17805 -51.73222 86472600 2026-09-11_13:00 -999.9 -999.9 -999.9 -999.9 -999.9 -999.9 -999.9 -999.9 -999.9 -999.9 -999.9 -999.9 -999.9 -999.9 -999.9 -999.9 5.2 54.0 54.2 63.8 63.8 63.8 -999.9 -999.9 -999.9 -999.9 -999.9 SGB/CPRM_-_Santa_Tereza_(74_m) -999.9 -999.9 -999.9 -999.9 -999.9 -999.9 -999.9 -999.9 Brasil SGB/CPRM -999.9 0.8 54.0 2.44 3.23 2.44 -1 -0.02 3.44 3.64 3.64 4.16
-29.17805 -51.73222 86472600 2026-09-11_13:15 -999.9 -999.9 -999.9 -999.9 -999.9 -999.9 -999.9 -999.9 -999.9 -999.9 -999.9 -999.9 -999.9 -999.9 -999.9 -999.9 4.8 55.2 55.4 65.0 65.0 65.0 -999.9 -999.9 -999.9 -999.9 -999.9 SGB/CPRM_-_Santa_Tereza_(74_m) -999.9 -999.9 -999.9 -999.9 -999.9 -999.9 -999.9 -999.9 Brasil SGB/CPRM -999.9 1.2 55.2 2.43 3.23 2.43 0 -0.01 3.44 3.64 3.64 4.16
-29.17805 -51.73222 86472600 2026-09-11_13:30 -999.9 -999.9 -999.9 -999.9 -999.9 -999.9 -999.9 -999.9 -999.9 -999.9 -999.9 -999.9 -999.9 -999.9 -999.9 -999.9 4.2 55.8 56.0 65.6 65.6 65.6 -999.9 -999.9 -999.9 -999.9 -999.9 SGB/CPRM_-_Santa_Tereza_(74_m) -999.9 -999.9 -999.9 -999.9 -999.9 -999.9 -999.9 -999.9 Brasil SGB/CPRM -999.9 0.6 55.8 2.42 3.23 2.42 -1 -0.03 3.44 3.64 3.64 4.16
-29.17805 -51.73222 86472600 2026-09-11_13:45 -999.9 -999.9 -999.9 -999.9 -999.9 -999.9 -999.9 -999.9 -999.9 -999.9 -999.9 -999.9 -999.9 -999.9 -999.9 -999.9 3.6 56.8 57.0 66.6 66.6 66.6 -999.9 -999.9 -999.9 -999.9 -999.9 SGB/CPRM_-_Santa_Tereza_(74_m) -999.9 -999.9 -999.9 -999.9 -999.9 -999.9 -999.9 -999.9 Brasil SGB/CPRM -999.9 1.0 56.8 2.4 3.23 2.4 -1 -0.05 3.44 3.64 3.64 4.16
-29.17805 -51.73222 86472600 2026-09-11_14:00 -999.9 -999.9 -999.9 -999.9 -999.9 -999.9 -999.9 -999.9 -999.9 -999.9 -999.9 -999.9 -999.9 -999.9 -999.9 -999.9 4.6 58.6 58.8 68.4 68.4 68.4 -999.9 -999.9 -999.9 -999.9 -999.9 SGB/CPRM_-_Santa_Tereza_(74_m) -999.9 -999.9 -999.9 -999.9 -999.9 -999.9 -999.9 -999.9 Brasil SGB/CPRM -999.9 1.8 58.6 2.41 3.23 2.4 -1 -0.03 3.44 3.64 3.64 4.16
-29.17805 -51.73222 86472600 2026-09-11_14:15 -999.9 -999.9 -999.9 -999.9 -999.9 -999.9 -999.9 -999.9 -999.9 -999.9 -999.9 -999.9 -999.9 -999.9 -999.9 -999.9 7.2 62.4 62.6 72.2 72.2 72.2 -999.9 -999.9 -999.9 -999.9 -999.9 SGB/CPRM_-_Santa_Tereza_(74_m) -999.9 -999.9 -999.9 -999.9 -999.9 -999.9 -999.9 -999.9 Brasil SGB/CPRM -999.9 3.8 62.4 2.43 3.23 2.4 -1 0 3.44 3.64 3.64 4.16
-29.17805 -51.73222 86472600 2026-09-11_14:30 -999.9 -999.9 -999.9 -999.9 -999.9 -999.9 -999.9 -999.9 -999.9 -999.9 -999.9 -999.9 -999.9 -999.9 -999.9 -999.9 8.6 64.4 64.6 74.2 74.2 74.2 -999.9 -999.9 -999.9 -999.9 -999.9 SGB/CPRM_-_Santa_Tereza_(74_m) -999.9 -999.9 -999.9 -999.9 -999.9 -999.9 -999.9 -999.9 Brasil SGB/CPRM -999.9 2.0 64.4 2.43 3.23 2.4 0 0.01 3.44 3.64 3.64 4.16
-29.17805 -51.73222 86472600 2026-09-11_14:45 -999.9 -999.9 -999.9 -999.9 -999.9 -999.9 -999.9 -999.9 -999.9 -999.9 -999.9 -999.9 -999.9 -999.9 -999.9 -999.9 8.4 65.2 65.4 75.0 75.0 75.0 -999.9 -999.9 -999.9 -999.9 -999.9 SGB/CPRM_-_Santa_Tereza_(74_m) -999.9 -999.9 -999.9 -999.9 -999.9 -999.9 -999.9 -999.9 Brasil SGB/CPRM -999.9 0.8 65.2 2.43 3.23 2.4 1 0.03 3.44 3.64 3.64 4.16
-29.17805 -51.73222 86472600 2026-09-11_15:00 -999.9 -999.9 -999.9 -999.9 -999.9 -999.9 -999.9 -999.9 -999.9 -999.9 -999.9 -999.9 -999.9 -999.9 -999.9 -999.9 6.8 65.4 65.6 75.2 75.2 75.2 -999.9 -999.9 -999.9 -999.9 -999.9 SGB/CPRM_-_Santa_Tereza_(74_m) -999.9 -999.9 -999.9 -999.9 -999.9 -999.9 -999.9 -999.9 Brasil SGB/CPRM -999.9 0.2 65.4 2.42 3.23 2.4 1 0.01 3.44 3.64 3.64 4.16
-29.17805 -51.73222 86472600 2026-09-11_15:15 -999.9 -999.9 -999.9 -999.9 -999.9 -999.9 -999.9 -999.9 -999.9 -999.9 -999.9 -999.9 -999.9 -999.9 -999.9 -999.9 3.2 65.6 65.8 75.4 75.4 75.4 -999.9 -999.9 -999.9 -999.9 -999.9 SGB/CPRM_-_Santa_Tereza_(74_m) -999.9 -999.9 -999.9 -999.9 -999.9 -999.9 -999.9 -999.9 Brasil SGB/CPRM -999.9 0.2 65.6 2.42 3.23 2.4 0 -0.01 3.44 3.64 3.64 4.16
-29.17805 -51.73222 86472600 2026-09-11_15:30 -999.9 -999.9 -999.9 -999.9 -999.9 -999.9 -999.9 -999.9 -999.9 -999.9 -999.9 -999.9 -999.9 -999.9 -999.9 -999.9 1.2 65.6 65.8 75.4 75.4 75.4 -999.9 -999.9 -999.9 -999.9 -999.9 SGB/CPRM_-_Santa_Tereza_(74_m) -999.9 -999.9 -999.9 -999.9 -999.9 -999.9 -999.9 -999.9 Brasil SGB/CPRM -999.9 0.0 65.6 2.42 3.23 2.4 -1 -0.01 3.44 3.64 3.64 4.16
-29.17805 -51.73222 86472600 2026-09-11_15:45 -999.9 -999.9 -999.9 -999.9 -999.9 -999.9 -999.9 -999.9 -999.9 -999.9 -999.9 -999.9 -999.9 -999.9 -999.9 -999.9 0.4 65.6 65.8 75.4 75.4 75.4 -999.9 -999.9 -999.9 -999.9 -999.9 SGB/CPRM_-_Santa_Tereza_(74_m) -999.9 -999.9 -999.9 -999.9 -999.9 -999.9 -999.9 -999.9 Brasil SGB/CPRM -999.9 0.0 65.6 2.43 3.23 2.4 0 0 3.44 3.64 3.64 4.16
-29.17805 -51.73222 86472600 2026-09-11_16:00 -999.9 -999.9 -999.9 -999.9 -999.9 -999.9 -999.9 -999.9 -999.9 -999.9 -999.9 -999.9 -999.9 -999.9 -999.9 -999.9 0.2 65.6 65.8 75.4 75.4 75.4 -999.9 -999.9 -999.9 -999.9 -999.9 SGB/CPRM_-_Santa_Tereza_(74_m) -999.9 -999.9 -999.9 -999.9 -999.9 -999.9 -999.9 -999.9 Brasil SGB/CPRM -999.9 0.0 65.6 2.43 3.23 2.4 0 0.01 3.44 3.64 3.64 4.16
-29.17805 -51.73222 86472600 2026-09-11_16:15 -999.9 -999.9 -999.9 -999.9 -999.9 -999.9 -999.9 -999.9 -999.9 -999.9 -999.9 -999.9 -999.9 -999.9 -999.9 -999.9 0.0 65.6 65.8 75.4 75.4 75.4 -999.9 -999.9 -999.9 -999.9 -999.9 SGB/CPRM_-_Santa_Tereza_(74_m) -999.9 -999.9 -999.9 -999.9 -999.9 -999.9 -999.9 -999.9 Brasil SGB/CPRM -999.9 0.0 65.6 2.44 3.23 2.4 1 0.02 3.44 3.64 3.64 4.16
-29.17805 -51.73222 86472600 2026-09-11_16:30 -999.9 -999.9 -999.9 -999.9 -999.9 -999.9 -999.9 -999.9 -999.9 -999.9 -999.9 -999.9 -999.9 -999.9 -999.9 -999.9 0.0 65.6 65.8 75.4 75.4 75.4 -999.9 -999.9 -999.9 -999.9 -999.9 SGB/CPRM_-_Santa_Tereza_(74_m) -999.9 -999.9 -999.9 -999.9 -999.9 -999.9 -999.9 -999.9 Brasil SGB/CPRM -999.9 0.0 65.6 2.46 3.23 2.4 1 0.04 3.44 3.64 3.64 4.16
-29.17805 -51.73222 86472600 2026-09-11_16:45 -999.9 -999.9 -999.9 -999.9 -999.9 -999.9 -999.9 -999.9 -999.9 -999.9 -999.9 -999.9 -999.9 -999.9 -999.9 -999.9 0.0 65.6 65.8 75.4 75.4 75.4 -999.9 -999.9 -999.9 -999.9 -999.9 SGB/CPRM_-_Santa_Tereza_(74_m) -999.9 -999.9 -999.9 -999.9 -999.9 -999.9 -999.9 -999.9 Brasil SGB/CPRM -999.9 0.0 65.6 2.47 3.23 2.4 1 0.04 3.44 3.64 3.64 4.16
-29.17805 -51.73222 86472600 2026-09-11_17:00 -999.9 -999.9 -999.9 -999.9 -999.9 -999.9 -999.9 -999.9 -999.9 -999.9 -999.9 -999.9 -999.9 -999.9 -999.9 -999.9 0.0 65.6 65.8 75.4 75.4 75.4 -999.9 -999.9 -999.9 -999.9 -999.9 SGB/CPRM_-_Santa_Tereza_(74_m) -999.9 -999.9 -999.9 -999.9 -999.9 -999.9 -999.9 -999.9 Brasil SGB/CPRM -999.9 0.0 65.6 2.49 3.23 2.4 1 0.06 3.44 3.64 3.64 4.16
-29.17805 -51.73222 86472600 2026-09-11_17:15 -999.9 -999.9 -999.9 -999.9 -999.9 -999.9 -999.9 -999.9 -999.9 -999.9 -999.9 -999.9 -999.9 -999.9 -999.9 -999.9 0.0 65.6 65.8 75.4 75.4 75.4 -999.9 -999.9 -999.9 -999.9 -999.9 SGB/CPRM_-_Santa_Tereza_(74_m) -999.9 -999.9 -999.9 -999.9 -999.9 -999.9 -999.9 -999.9 Brasil SGB/CPRM -999.9 0.0 65.6 2.52 3.23 2.4 1 0.08 3.44 3.64 3.64 4.16
-29.17805 -51.73222 86472600 2026-09-11_17:30 -999.9 -999.9 -999.9 -999.9 -999.9 -999.9 -999.9 -999.9 -999.9 -999.9 -999.9 -999.9 -999.9 -999.9 -999.9 -999.9 0.0 65.6 65.8 75.4 75.4 75.4 -999.9 -999.9 -999.9 -999.9 -999.9 SGB/CPRM_-_Santa_Tereza_(74_m) -999.9 -999.9 -999.9 -999.9 -999.9 -999.9 -999.9 -999.9 Brasil SGB/CPRM -999.9 0.0 65.6 2.55 3.23 2.4 1 0.09 3.44 3.64 3.64 4.16
-29.17805 -51.73222 86472600 2026-09-11_17:45 -999.9 -999.9 -999.9 -999.9 -999.9 -999.9 -999.9 -999.9 -999.9 -999.9 -999.9 -999.9 -999.9 -999.9 -999.9 -999.9 0.0 65.6 65.8 75.4 75.4 75.4 -999.9 -999.9 -999.9 -999.9 -999.9 SGB/CPRM_-_Santa_Tereza_(74_m) -999.9 -999.9 -999.9 -999.9 -999.9 -999.9 -999.9 -999.9 Brasil SGB/CPRM -999.9 0.0 65.6 2.59 3.23 2.4 1 0.12 3.44 3.64 3.64 4.16
-29.17805 -51.73222 86472600 2026-09-11_18:00 -999.9 -999.9 -999.9 -999.9 -999.9 -999.9 -999.9 -999.9 -999.9 -999.9 -999.9 -999.9 -999.9 -999.9 -999.9 -999.9 0.0 65.6 65.8 75.4 75.4 75.4 -999.9 -999.9 -999.9 -999.9 -999.9 SGB/CPRM_-_Santa_Tereza_(74_m) -999.9 -999.9 -999.9 -999.9 -999.9 -999.9 -999.9 -999.9 Brasil SGB/CPRM -999.9 0.0 65.6 2.65 3.23 2.4 1 0.16 3.44 3.64 3.64 4.16
-29.17805 -51.73222 86472600 2026-09-11_18:15 -999.9 -999.9 -999.9 -999.9 -999.9 -999.9 -999.9 -999.9 -999.9 -999.9 -999.9 -999.9 -999.9 -999.9 -999.9 -999.9 0.0 65.6 65.8 75.4 75.4 75.4 -999.9 -999.9 -999.9 -999.9 -999.9 SGB/CPRM_-_Santa_Tereza_(74_m) -999.9 -999.9 -999.9 -999.9 -999.9 -999.9 -999.9 -999.9 Brasil SGB/CPRM -999.9 0.0 65.6 2.75 3.23 2.4 1 0.23 3.44 3.64 3.64 4.16
-29.17805 -51.73222 86472600 2026-09-11_18:30 -999.9 -999.9 -999.9 -999.9 -999.9 -999.9 -999.9 -999.9 -999.9 -999.9 -999.9 -999.9 -999.9 -999.9 -999.9 -999.9 0.0 65.6 65.8 75.4 75.4 75.4 -999.9 -999.9 -999.9 -999.9 -999.9 SGB/CPRM_-_Santa_Tereza_(74_m) -999.9 -999.9 -999.9 -999.9 -999.9 -999.9 -999.9 -999.9 Brasil SGB/CPRM -999.9 0.0 65.6 2.87 3.23 2.4 1 0.32 3.44 3.64 3.64 4.16
-29.17805 -51.73222 86472600 2026-09-11_18:45 -999.9 -999.9 -999.9 -999.9 -999.9 -999.9 -999.9 -999.9 -999.9 -999.9 -999.9 -999.9 -999.9 -999.9 -999.9 -999.9 0.0 65.6 65.8 75.4 75.4 75.4 -999.9 -999.9 -999.9 -999.9 -999.9 SGB/CPRM_-_Santa_Tereza_(74_m) -999.9 -999.9 -999.9 -999.9 -999.9 -999.9 -999.9 -999.9 Brasil SGB/CPRM -999.9 0.0 65.6 3.04 3.23 2.4 1 0.45 3.44 3.64 3.64 4.16
-29.17805 -51.73222 86472600 2026-09-11_19:00 -999.9 -999.9 -999.9 -999.9 -999.9 -999.9 -999.9 -999.9 -999.9 -999.9 -999.9 -999.9 -999.9 -999.9 -999.9 -999.9 0.0 65.6 65.8 75.4 75.4 75.4 -999.9 -999.9 -999.9 -999.9 -999.9 SGB/CPRM_-_Santa_Tereza_(74_m) -999.9 -999.9 -999.9 -999.9 -999.9 -999.9 -999.9 -999.9 Brasil SGB/CPRM -999.9 0.0 65.6 3.23 3.23 2.4 1 0.58 3.44 3.64 3.64 4.16
-29.17805 -51.73222 86472600 2026-09-11_19:15 -999.9 -999.9 -999.9 -999.9 -999.9 -999.9 -999.9 -999.9 -999.9 -999.9 -999.9 -999.9 -999.9 -999.9 -999.9 -999.9 0.0 65.6 65.8 75.4 75.4 75.4 -999.9 -999.9 -999.9 -999.9 -999.9 SGB/CPRM_-_Santa_Tereza_(74_m) -999.9 -999.9 -999.9 -999.9 -999.9 -999.9 -999.9 -999.9 Brasil SGB/CPRM -999.9 0.0 65.6 3.43 3.43 2.4 1 0.68 3.44 3.64 3.64 4.16
-29.17805 -51.73222 86472600 2026-09-11_19:30 -999.9 -999.9 -999.9 -999.9 -999.9 -999.9 -999.9 -999.9 -999.9 -999.9 -999.9 -999.9 -999.9 -999.9 -999.9 -999.9 0.0 65.6 65.8 75.4 75.4 75.4 -999.9 -999.9 -999.9 -999.9 -999.9 SGB/CPRM_-_Santa_Tereza_(74_m) -999.9 -999.9 -999.9 -999.9 -999.9 -999.9 -999.9 -999.9 Brasil SGB/CPRM -999.9 0.0 65.6 3.61 3.61 2.4 1 0.74 3.61 3.64 3.64 4.16
-29.17805 -51.73222 86472600 2026-09-11_19:45 -999.9 -999.9 -999.9 -999.9 -999.9 -999.9 -999.9 -999.9 -999.9 -999.9 -999.9 -999.9 -999.9 -999.9 -999.9 -999.9 0.0 65.6 65.8 75.4 75.4 75.4 -999.9 -999.9 -999.9 -999.9 -999.9 SGB/CPRM_-_Santa_Tereza_(74_m) -999.9 -999.9 -999.9 -999.9 -999.9 -999.9 -999.9 -999.9 Brasil SGB/CPRM -999.9 0.0 65.6 3.77 3.77 2.4 1 0.73 3.77 3.77 3.77 4.16
-29.17805 -51.73222 86472600 2026-09-11_20:00 -999.9 -999.9 -999.9 -999.9 -999.9 -999.9 -999.9 -999.9 -999.9 -999.9 -999.9 -999.9 -999.9 -999.9 -999.9 -999.9 0.0 65.6 65.8 75.4 75.4 75.4 -999.9 -999.9 -999.9 -999.9 -999.9 SGB/CPRM_-_Santa_Tereza_(74_m) -999.9 -999.9 -999.9 -999.9 -999.9 -999.9 -999.9 -999.9 Brasil SGB/CPRM -999.9 0.0 65.6 3.9 3.9 2.4 1 0.67 3.9 3.9 3.9 4.16
-29.17805 -51.73222 86472600 2026-09-11_20:15 -999.9 -999.9 -999.9 -999.9 -999.9 -999.9 -999.9 -999.9 -999.9 -999.9 -999.9 -999.9 -999.9 -999.9 -999.9 -999.9 0.0 65.6 65.8 75.4 75.4 75.4 -999.9 -999.9 -999.9 -999.9 -999.9 SGB/CPRM_-_Santa_Tereza_(74_m) -999.9 -999.9 -999.9 -999.9 -999.9 -999.9 -999.9 -999.9 Brasil SGB/CPRM -999.9 0.0 65.6 4 4 2.4 1 0.57 4 4 4 4.16
-29.17805 -51.73222 86472600 2026-09-11_20:30 -999.9 -999.9 -999.9 -999.9 -999.9 -999.9 -999.9 -999.9 -999.9 -999.9 -999.9 -999.9 -999.9 -999.9 -999.9 -999.9 0.0 65.6 65.8 75.4 75.4 75.4 -999.9 -999.9 -999.9 -999.9 -999.9 SGB/CPRM_-_Santa_Tereza_(74_m) -999.9 -999.9 -999.9 -999.9 -999.9 -999.9 -999.9 -999.9 Brasil SGB/CPRM -999.9 0.0 65.6 4.07 4.07 2.4 1 0.46 4.07 4.07 4.07 4.16
-29.17805 -51.73222 86472600 2026-09-11_20:45 -999.9 -999.9 -999.9 -999.9 -999.9 -999.9 -999.9 -999.9 -999.9 -999.9 -999.9 -999.9 -999.9 -999.9 -999.9 -999.9 0.0 65.6 65.8 75.4 75.4 75.4 -999.9 -999.9 -999.9 -999.9 -999.9 SGB/CPRM_-_Santa_Tereza_(74_m) -999.9 -999.9 -999.9 -999.9 -999.9 -999.9 -999.9 -999.9 Brasil SGB/CPRM -999.9 0.0 65.6 4.13 4.13 2.4 1 0.36 4.13 4.13 4.13 4.16
-29.17805 -51.73222 86472600 2026-09-11_21:00 -999.9 -999.9 -999.9 -999.9 -999.9 -999.9 -999.9 -999.9 -999.9 -999.9 -999.9 -999.9 -999.9 -999.9 -999.9 -999.9 0.0 65.6 65.8 75.4 75.4 75.4 -999.9 -999.9 -999.9 -999.9 -999.9 SGB/CPRM_-_Santa_Tereza_(74_m) -999.9 -999.9 -999.9 -999.9 -999.9 -999.9 -999.9 -999.9 Brasil SGB/CPRM -999.9 0.0 65.6 4.17 4.17 2.4 1 0.27 4.17 4.17 4.17 4.17
-29.17805 -51.73222 86472600 2026-09-11_21:15 -999.9 -999.9 -999.9 -999.9 -999.9 -999.9 -999.9 -999.9 -999.9 -999.9 -999.9 -999.9 -999.9 -999.9 -999.9 -999.9 0.0 65.6 65.8 75.4 75.4 75.4 -999.9 -999.9 -999.9 -999.9 -999.9 SGB/CPRM_-_Santa_Tereza_(74_m) -999.9 -999.9 -999.9 -999.9 -999.9 -999.9 -999.9 -999.9 Brasil SGB/CPRM -999.9 0.0 65.6 4.2 4.2 2.4 1 0.2 4.2 4.2 4.2 4.2
-29.17805 -51.73222 86472600 2026-09-11_21:30 -999.9 -999.9 -999.9 -999.9 -999.9 -999.9 -999.9 -999.9 -999.9 -999.9 -999.9 -999.9 -999.9 -999.9 -999.9 -999.9 0.0 65.6 65.8 75.4 75.4 75.4 -999.9 -999.9 -999.9 -999.9 -999.9 SGB/CPRM_-_Santa_Tereza_(74_m) -999.9 -999.9 -999.9 -999.9 -999.9 -999.9 -999.9 -999.9 Brasil SGB/CPRM -999.9 0.0 65.6 4.22 4.22 2.4 1 0.15 4.22 4.22 4.22 4.22
-29.17805 -51.73222 86472600 2026-09-11_21:45 -999.9 -999.9 -999.9 -999.9 -999.9 -999.9 -999.9 -999.9 -999.9 -999.9 -999.9 -999.9 -999.9 -999.9 -999.9 -999.9 0.0 65.6 65.8 75.4 75.4 75.4 -999.9 -999.9 -999.9 -999.9 -999.9 SGB/CPRM_-_Santa_Tereza_(74_m) -999.9 -999.9 -999.9 -999.9 -999.9 -999.9 -999.9 -999.9 Brasil SGB/CPRM -999.9 0.0 65.6 4.24 4.24 2.4 1 0.11 4.24 4.24 4.24 4.24
-29.17805 -51.73222 86472600 2026-09-11_22:00 -999.9 -999.9 -999.9 -999.9 -999.9 -999.9 -999.9 -999.9 -999.9 -999.9 -999.9 -999.9 -999.9 -999.9 -999.9 -999.9 0.0 65.6 65.8 75.4 75.4 75.4 -999.9 -999.9 -999.9 -999.9 -999.9 SGB/CPRM_-_Santa_Tereza_(74_m) -999.9 -999.9 -999.9 -999.9 -999.9 -999.9 -999.9 -999.9 Brasil SGB/CPRM -999.9 0.0 65.6 4.25 4.25 2.4 1 0.08 4.25 4.25 4.25 4.25
-29.17805 -51.73222 86472600 2026-09-11_22:15 -999.9 -999.9 -999.9 -999.9 -999.9 -999.9 -999.9 -999.9 -999.9 -999.9 -999.9 -999.9 -999.9 -999.9 -999.9 -999.9 0.0 65.6 65.8 75.4 75.4 75.4 -999.9 -999.9 -999.9 -999.9 -999.9 SGB/CPRM_-_Santa_Tereza_(74_m) -999.9 -999.9 -999.9 -999.9 -999.9 -999.9 -999.9 -999.9 Brasil SGB/CPRM -999.9 0.0 65.6 4.26 4.26 2.4 1 0.06 4.26 4.26 4.26 4.26
-29.17805 -51.73222 86472600 2026-09-11_22:30 -999.9 -999.9 -999.9 -999.9 -999.9 -999.9 -999.9 -999.9 -999.9 -999.9 -999.9 -999.9 -999.9 -999.9 -999.9 -999.9 0.2 65.8 66.0 75.6 75.6 75.6 -999.9 -999.9 -999.9 -999.9 -999.9 SGB/CPRM_-_Santa_Tereza_(74_m) -999.9 -999.9 -999.9 -999.9 -999.9 -999.9 -999.9 -999.9 Brasil SGB/CPRM -999.9 0.2 65.8 4.27 4.27 2.4 1 0.05 4.27 4.27 4.27 4.27
-29.17805 -51.73222 86472600 2026-09-11_22:45 -999.9 -999.9 -999.9 -999.9 -999.9 -999.9 -999.9 -999.9 -999.9 -999.9 -999.9 -999.9 -999.9 -999.9 -999.9 -999.9 0.6 66.2 66.4 76.0 76.0 76.0 -999.9 -999.9 -999.9 -999.9 -999.9 SGB/CPRM_-_Santa_Tereza_(74_m) -999.9 -999.9 -999.9 -999.9 -999.9 -999.9 -999.9 -999.9 Brasil SGB/CPRM -999.9 0.4 66.2 4.27 4.27 2.4 1 0.03 4.27 4.27 4.27 4.27
