-29.17805 -51.73222 86472600 2026-08-14_00:00 -999.9 -999.9 -999.9 -999.9 -999.9 -999.9 -999.9 -999.9 -999.9 -999.9 -999.9 -999.9 -999.9 -999.9 -999.9 -999.9 0.0 0.0 34.6 82.6 84.4 84.8 -999.9 -999.9 -999.9 -999.9 -999.9 SGB/CPRM_-_Santa_Tereza_(74_m) -999.9 -999.9 -999.9 -999.9 -999.9 -999.9 -999.9 -999.9 Brasil SGB/CPRM -999.9 0.0 0.0 8.86 8.86 8.86 0 0 8.86 8.86 8.86 8.86
-29.17805 -51.73222 86472600 2026-08-14_00:15 -999.9 -999.9 -999.9 -999.9 -999.9 -999.9 -999.9 -999.9 -999.9 -999.9 -999.9 -999.9 -999.9 -999.9 -999.9 -999.9 0.0 0.0 34.6 82.6 84.4 84.8 -999.9 -999.9 -999.9 -999.9 -999.9 SGB/CPRM_-_Santa_Tereza_(74_m) -999.9 -999.9 -999.9 -999.9 -999.9 -999.9 -999.9 -999.9 Brasil SGB/CPRM -999.9 0.0 0.0 8.86 8.86 8.86 0 0 8.86 8.86 8.86 8.86
-29.17805 -51.73222 86472600 2026-08-14_00:30 -999.9 -999.9 -999.9 -999.9 -999.9 -999.9 -999.9 -999.9 -999.9 -999.9 -999.9 -999.9 -999.9 -999.9 -999.9 -999.9 0.0 0.0 34.6 82.6 84.4 84.8 -999.9 -999.9 -999.9 -999.9 -999.9 SGB/CPRM_-_Santa_Tereza_(74_m) -999.9 -999.9 -999.9 -999.9 -999.9 -999.9 -999.9 -999.9 Brasil SGB/CPRM -999.9 0.0 0.0 8.87 8.87 8.86 0 0.01 8.87 8.87 8.87 8.87
-29.17805 -51.73222 86472600 2026-08-14_00:45 -999.9 -999.9 -999.9 -999.9 -999.9 -999.9 -999.9 -999.9 -999.9 -999.9 -999.9 -999.9 -999.9 -999.9 -999.9 -999.9 0.0 0.0 34.6 82.6 84.4 84.8 -999.9 -999.9 -999.9 -999.9 -999.9 SGB/CPRM_-_Santa_Tereza_(74_m) -999.9 -999.9 -999.9 -999.9 -999.9 -999.9 -999.9 -999.9 Brasil SGB/CPRM -999.9 0.0 0.0 8.87 8.87 8.86 0 0.01 8.87 8.87 8.87 8.87
-29.17805 -51.73222 86472600 2026-08-14_01:00 -999.9 -999.9 -999.9 -999.9 -999.9 -999.9 -999.9 -999.9 -999.9 -999.9 -999.9 -999.9 -999.9 -999.9 -999.9 -999.9 0.0 0.0 34.6 82.6 84.4 84.8 -999.9 -999.9 -999.9 -999.9 -999.9 SGB/CPRM_-_Santa_Tereza_(74_m) -999.9 -999.9 -999.9 -999.9 -999.9 -999.9 -999.9 -999.9 Brasil SGB/CPRM -999.9 0.0 0.0 8.87 8.87 8.86 1 0.01 8.87 8.87 8.87 8.87
-29.17805 -51.73222 86472600 2026-08-14_01:15 -999.9 -999.9 -999.9 -999.9 -999.9 -999.9 -999.9 -999.9 -999.9 -999.9 -999.9 -999.9 -999.9 -999.9 -999.9 -999.9 0.0 0.0 34.6 82.6 84.4 84.8 -999.9 -999.9 -999.9 -999.9 -999.9 SGB/CPRM_-_Santa_Tereza_(74_m) -999.9 -999.9 -999.9 -999.9 -999.9 -999.9 -999.9 -999.9 Brasil SGB/CPRM -999.9 0.0 0.0 8.89 8.89 8.86 1 0.03 8.89 8.89 8.89 8.89
-29.17805 -51.73222 86472600 2026-08-14_01:30 -999.9 -999.9 -999.9 -999.9 -999.9 -999.9 -999.9 -999.9 -999.9 -999.9 -999.9 -999.9 -999.9 -999.9 -999.9 -999.9 0.0 0.0 34.6 82.6 84.4 84.8 -999.9 -999.9 -999.9 -999.9 -999.9 SGB/CPRM_-_Santa_Tereza_(74_m) -999.9 -999.9 -999.9 -999.9 -999.9 -999.9 -999.9 -999.9 Brasil SGB/CPRM -999.9 0.0 0.0 8.89 8.89 8.86 1 0.02 8.89 8.89 8.89 8.89
-29.17805 -51.73222 86472600 2026-08-14_01:45 -999.9 -999.9 -999.9 -999.9 -999.9 -999.9 -999.9 -999.9 -999.9 -999.9 -999.9 -999.9 -999.9 -999.9 -999.9 -999.9 0.0 0.0 34.6 82.6 84.4 84.8 -999.9 -999.9 -999.9 -999.9 -999.9 SGB/CPRM_-_Santa_Tereza_(74_m) -999.9 -999.9 -999.9 -999.9 -999.9 -999.9 -999.9 -999.9 Brasil SGB/CPRM -999.9 0.0 0.0 8.88 8.89 8.86 1 0.01 8.89 8.89 8.89 8.89
-29.17805 -51.73222 86472600 2026-08-14_02:00 -999.9 -999.9 -999.9 -999.9 -999.9 -999.9 -999.9 -999.9 -999.9 -999.9 -999.9 -999.9 -999.9 -999.9 -999.9 -999.9 0.0 0.0 34.6 82.6 84.4 84.8 -999.9 -999.9 -999.9 -999.9 -999.9 SGB/CPRM_-_Santa_Tereza_(74_m) -999.9 -999.9 -999.9 -999.9 -999.9 -999.9 -999.9 -999.9 Brasil SGB/CPRM -999.9 0.0 0.0 8.87 8.89 8.86 1 0 8.89 8.89 8.89 8.89
-29.17805 -51.73222 86472600 2026-08-14_02:15 -999.9 -999.9 -999.9 -999.9 -999.9 -999.9 -999.9 -999.9 -999.9 -999.9 -999.9 -999.9 -999.9 -999.9 -999.9 -999.9 0.0 0.0 34.6 82.6 84.4 84.8 -999.9 -999.9 -999.9 -999.9 -999.9 SGB/CPRM_-_Santa_Tereza_(74_m) -999.9 -999.9 -999.9 -999.9 -999.9 -999.9 -999.9 -999.9 Brasil SGB/CPRM -999.9 0.0 0.0 8.88 8.89 8.86 -1 -0.01 8.89 8.89 8.89 8.89
-29.17805 -51.73222 86472600 2026-08-14_02:30 -999.9 -999.9 -999.9 -999.9 -999.9 -999.9 -999.9 -999.9 -999.9 -999.9 -999.9 -999.9 -999.9 -999.9 -999.9 -999.9 0.0 0.0 34.6 82.6 84.4 84.8 -999.9 -999.9 -999.9 -999.9 -999.9 SGB/CPRM_-_Santa_Tereza_(74_m) -999.9 -999.9 -999.9 -999.9 -999.9 -999.9 -999.9 -999.9 Brasil SGB/CPRM -999.9 0.0 0.0 8.87 8.89 8.86 -1 -0.02 8.89 8.89 8.89 8.89
-29.17805 -51.73222 86472600 2026-08-14_02:45 -999.9 -999.9 -999.9 -999.9 -999.9 -999.9 -999.9 -999.9 -999.9 -999.9 -999.9 -999.9 -999.9 -999.9 -999.9 -999.9 0.0 0.0 34.6 82.6 84.4 84.8 -999.9 -999.9 -999.9 -999.9 -999.9 SGB/CPRM_-_Santa_Tereza_(74_m) -999.9 -999.9 -999.9 -999.9 -999.9 -999.9 -999.9 -999.9 Brasil SGB/CPRM -999.9 0.0 0.0 8.85 8.89 8.85 -1 -0.03 8.89 8.89 8.89 8.89
-29.17805 -51.73222 86472600 2026-08-14_03:00 -999.9 -999.9 -999.9 -999.9 -999.9 -999.9 -999.9 -999.9 -999.9 -999.9 -999.9 -999.9 -999.9 -999.9 -999.9 -999.9 0.0 0.0 34.6 82.6 84.4 84.8 -999.9 -999.9 -999.9 -999.9 -999.9 SGB/CPRM_-_Santa_Tereza_(74_m) -999.9 -999.9 -999.9 -999.9 -999.9 -999.9 -999.9 -999.9 Brasil SGB/CPRM -999.9 0.0 0.0 8.84 8.89 8.84 -1 -0.03 8.89 8.89 8.89 8.89
-29.17805 -51.73222 86472600 2026-08-14_03:15 -999.9 -999.9 -999.9 -999.9 -999.9 -999.9 -999.9 -999.9 -999.9 -999.9 -999.9 -999.9 -999.9 -999.9 -999.9 -999.9 0.0 0.0 34.6 82.6 84.4 84.8 -999.9 -999.9 -999.9 -999.9 -999.9 SGB/CPRM_-_Santa_Tereza_(74_m) -999.9 -999.9 -999.9 -999.9 -999.9 -999.9 -999.9 -999.9 Brasil SGB/CPRM -999.9 0.0 0.0 8.83 8.89 8.83 -1 -0.05 8.89 8.89 8.89 8.89
-29.17805 -51.73222 86472600 2026-08-14_03:30 -999.9 -999.9 -999.9 -999.9 -999.9 -999.9 -999.9 -999.9 -999.9 -999.9 -999.9 -999.9 -999.9 -999.9 -999.9 -999.9 0.0 0.0 34.6 82.6 84.4 84.8 -999.9 -999.9 -999.9 -999.9 -999.9 SGB/CPRM_-_Santa_Tereza_(74_m) -999.9 -999.9 -999.9 -999.9 -999.9 -999.9 -999.9 -999.9 Brasil SGB/CPRM -999.9 0.0 0.0 8.82 8.89 8.82 -1 -0.05 8.89 8.89 8.89 8.89
-29.17805 -51.73222 86472600 2026-08-14_03:45 -999.9 -999.9 -999.9 -999.9 -999.9 -999.9 -999.9 -999.9 -999.9 -999.9 -999.9 -999.9 -999.9 -999.9 -999.9 -999.9 0.0 0.0 34.6 82.6 84.4 84.8 -999.9 -999.9 -999.9 -999.9 -999.9 SGB/CPRM_-_Santa_Tereza_(74_m) -999.9 -999.9 -999.9 -999.9 -999.9 -999.9 -999.9 -999.9 Brasil SGB/CPRM -999.9 0.0 0.0 8.81 8.89 8.81 -1 -0.04 8.89 8.89 8.89 8.89
-29.17805 -51.73222 86472600 2026-08-14_04:00 -999.9 -999.9 -999.9 -999.9 -999.9 -999.9 -999.9 -999.9 -999.9 -999.9 -999.9 -999.9 -999.9 -999.9 -999.9 -999.9 0.0 0.0 34.6 82.6 84.4 84.8 -999.9 -999.9 -999.9 -999.9 -999.9 SGB/CPRM_-_Santa_Tereza_(74_m) -999.9 -999.9 -999.9 -999.9 -999.9 -999.9 -999.9 -999.9 Brasil SGB/CPRM -999.9 0.0 0.0 8.78 8.89 8.78 -1 -0.06 8.89 8.89 8.89 8.89
-29.17805 -51.73222 86472600 2026-08-14_04:15 -999.9 -999.9 -999.9 -999.9 -999.9 -999.9 -999.9 -999.9 -999.9 -999.9 -999.9 -999.9 -999.9 -999.9 -999.9 -999.9 0.0 0.0 34.6 82.6 84.4 84.8 -999.9 -999.9 -999.9 -999.9 -999.9 SGB/CPRM_-_Santa_Tereza_(74_m) -999.9 -999.9 -999.9 -999.9 -999.9 -999.9 -999.9 -999.9 Brasil SGB/CPRM -999.9 0.0 0.0 8.77 8.89 8.77 -1 -0.06 8.89 8.89 8.89 8.89
-29.17805 -51.73222 86472600 2026-08-14_04:30 -999.9 -999.9 -999.9 -999.9 -999.9 -999.9 -999.9 -999.9 -999.9 -999.9 -999.9 -999.9 -999.9 -999.9 -999.9 -999.9 0.0 0.0 34.6 82.6 84.4 84.8 -999.9 -999.9 -999.9 -999.9 -999.9 SGB/CPRM_-_Santa_Tereza_(74_m) -999.9 -999.9 -999.9 -999.9 -999.9 -999.9 -999.9 -999.9 Brasil SGB/CPRM -999.9 0.0 0.0 8.76 8.89 8.76 -1 -0.06 8.89 8.89 8.89 8.89
-29.17805 -51.73222 86472600 2026-08-14_04:45 -999.9 -999.9 -999.9 -999.9 -999.9 -999.9 -999.9 -999.9 -999.9 -999.9 -999.9 -999.9 -999.9 -999.9 -999.9 -999.9 0.0 0.0 34.6 82.6 84.4 84.8 -999.9 -999.9 -999.9 -999.9 -999.9 SGB/CPRM_-_Santa_Tereza_(74_m) -999.9 -999.9 -999.9 -999.9 -999.9 -999.9 -999.9 -999.9 Brasil SGB/CPRM -999.9 0.0 0.0 8.74 8.89 8.74 -1 -0.07 8.89 8.89 8.89 8.89
-29.17805 -51.73222 86472600 2026-08-14_05:00 -999.9 -999.9 -999.9 -999.9 -999.9 -999.9 -999.9 -999.9 -999.9 -999.9 -999.9 -999.9 -999.9 -999.9 -999.9 -999.9 0.0 0.0 34.6 82.6 84.4 84.8 -999.9 -999.9 -999.9 -999.9 -999.9 SGB/CPRM_-_Santa_Tereza_(74_m) -999.9 -999.9 -999.9 -999.9 -999.9 -999.9 -999.9 -999.9 Brasil SGB/CPRM -999.9 0.0 0.0 8.72 8.89 8.72 -1 -0.06 8.89 8.89 8.89 8.89
-29.17805 -51.73222 86472600 2026-08-14_05:15 -999.9 -999.9 -999.9 -999.9 -999.9 -999.9 -999.9 -999.9 -999.9 -999.9 -999.9 -999.9 -999.9 -999.9 -999.9 -999.9 0.0 0.0 34.6 82.6 84.4 84.8 -999.9 -999.9 -999.9 -999.9 -999.9 SGB/CPRM_-_Santa_Tereza_(74_m) -999.9 -999.9 -999.9 -999.9 -999.9 -999.9 -999.9 -999.9 Brasil SGB/CPRM -999.9 0.0 0.0 8.69 8.89 8.69 -1 -0.08 8.89 8.89 8.89 8.89
-29.17805 -51.73222 86472600 2026-08-14_05:30 -999.9 -999.9 -999.9 -999.9 -999.9 -999.9 -999.9 -999.9 -999.9 -999.9 -999.9 -999.9 -999.9 -999.9 -999.9 -999.9 0.0 0.0 34.6 82.6 84.4 84.8 -999.9 -999.9 -999.9 -999.9 -999.9 SGB/CPRM_-_Santa_Tereza_(74_m) -999.9 -999.9 -999.9 -999.9 -999.9 -999.9 -999.9 -999.9 Brasil SGB/CPRM -999.9 0.0 0.0 8.68 8.89 8.68 -1 -0.08 8.89 8.89 8.89 8.89
-29.17805 -51.73222 86472600 2026-08-14_05:45 -999.9 -999.9 -999.9 -999.9 -999.9 -999.9 -999.9 -999.9 -999.9 -999.9 -999.9 -999.9 -999.9 -999.9 -999.9 -999.9 0.0 0.0 34.6 82.6 84.4 84.8 -999.9 -999.9 -999.9 -999.9 -999.9 SGB/CPRM_-_Santa_Tereza_(74_m) -999.9 -999.9 -999.9 -999.9 -999.9 -999.9 -999.9 -999.9 Brasil SGB/CPRM -999.9 0.0 0.0 8.67 8.89 8.67 -1 -0.07 8.89 8.89 8.89 8.89
-29.17805 -51.73222 86472600 2026-08-14_06:00 -999.9 -999.9 -999.9 -999.9 -999.9 -999.9 -999.9 -999.9 -999.9 -999.9 -999.9 -999.9 -999.9 -999.9 -999.9 -999.9 0.0 0.0 34.6 82.6 84.4 84.8 -999.9 -999.9 -999.9 -999.9 -999.9 SGB/CPRM_-_Santa_Tereza_(74_m) -999.9 -999.9 -999.9 -999.9 -999.9 -999.9 -999.9 -999.9 Brasil SGB/CPRM -999.9 0.0 0.0 8.65 8.89 8.65 -1 -0.07 8.89 8.89 8.89 8.89
-29.17805 -51.73222 86472600 2026-08-14_06:15 -999.9 -999.9 -999.9 -999.9 -999.9 -999.9 -999.9 -999.9 -999.9 -999.9 -999.9 -999.9 -999.9 -999.9 -999.9 -999.9 0.0 0.0 34.6 82.6 84.4 84.8 -999.9 -999.9 -999.9 -999.9 -999.9 SGB/CPRM_-_Santa_Tereza_(74_m) -999.9 -999.9 -999.9 -999.9 -999.9 -999.9 -999.9 -999.9 Brasil SGB/CPRM -999.9 0.0 0.0 8.64 8.89 8.64 -1 -0.05 8.89 8.89 8.89 8.89
-29.17805 -51.73222 86472600 2026-08-14_06:30 -999.9 -999.9 -999.9 -999.9 -999.9 -999.9 -999.9 -999.9 -999.9 -999.9 -999.9 -999.9 -999.9 -999.9 -999.9 -999.9 0.0 0.0 34.6 82.6 84.4 84.8 -999.9 -999.9 -999.9 -999.9 -999.9 SGB/CPRM_-_Santa_Tereza_(74_m) -999.9 -999.9 -999.9 -999.9 -999.9 -999.9 -999.9 -999.9 Brasil SGB/CPRM -999.9 0.0 0.0 8.62 8.89 8.62 -1 -0.06 8.89 8.89 8.89 8.89
-29.17805 -51.73222 86472600 2026-08-14_06:45 -999.9 -999.9 -999.9 -999.9 -999.9 -999.9 -999.9 -999.9 -999.9 -999.9 -999.9 -999.9 -999.9 -999.9 -999.9 -999.9 0.0 0.0 34.6 82.6 84.4 84.8 -999.9 -999.9 -999.9 -999.9 -999.9 SGB/CPRM_-_Santa_Tereza_(74_m) -999.9 -999.9 -999.9 -999.9 -999.9 -999.9 -999.9 -999.9 Brasil SGB/CPRM -999.9 0.0 0.0 8.6 8.89 8.6 -1 -0.07 8.89 8.89 8.89 8.89
-29.17805 -51.73222 86472600 2026-08-14_07:00 -999.9 -999.9 -999.9 -999.9 -999.9 -999.9 -999.9 -999.9 -999.9 -999.9 -999.9 -999.9 -999.9 -999.9 -999.9 -999.9 0.0 0.0 34.6 82.6 84.4 84.8 -999.9 -999.9 -999.9 -999.9 -999.9 SGB/CPRM_-_Santa_Tereza_(74_m) -999.9 -999.9 -999.9 -999.9 -999.9 -999.9 -999.9 -999.9 Brasil SGB/CPRM -999.9 0.0 0.0 8.59 8.89 8.59 -1 -0.06 8.89 8.89 8.89 8.89
-29.17805 -51.73222 86472600 2026-08-14_07:15 -999.9 -999.9 -999.9 -999.9 -999.9 -999.9 -999.9 -999.9 -999.9 -999.9 -999.9 -999.9 -999.9 -999.9 -999.9 -999.9 0.0 0.0 34.6 82.6 84.4 84.8 -999.9 -999.9 -999.9 -999.9 -999.9 SGB/CPRM_-_Santa_Tereza_(74_m) -999.9 -999.9 -999.9 -999.9 -999.9 -999.9 -999.9 -999.9 Brasil SGB/CPRM -999.9 0.0 0.0 8.56 8.89 8.56 -1 -0.08 8.89 8.89 8.89 8.89
-29.17805 -51.73222 86472600 2026-08-14_07:30 -999.9 -999.9 -999.9 -999.9 -999.9 -999.9 -999.9 -999.9 -999.9 -999.9 -999.9 -999.9 -999.9 -999.9 -999.9 -999.9 0.0 0.0 34.6 82.6 84.4 84.8 -999.9 -999.9 -999.9 -999.9 -999.9 SGB/CPRM_-_Santa_Tereza_(74_m) -999.9 -999.9 -999.9 -999.9 -999.9 -999.9 -999.9 -999.9 Brasil SGB/CPRM -999.9 0.0 0.0 8.56 8.89 8.56 -1 -0.06 8.89 8.89 8.89 8.89
-29.17805 -51.73222 86472600 2026-08-14_07:45 -999.9 -999.9 -999.9 -999.9 -999.9 -999.9 -999.9 -999.9 -999.9 -999.9 -999.9 -999.9 -999.9 -999.9 -999.9 -999.9 0.0 0.0 34.6 82.6 84.4 84.8 -999.9 -999.9 -999.9 -999.9 -999.9 SGB/CPRM_-_Santa_Tereza_(74_m) -999.9 -999.9 -999.9 -999.9 -999.9 -999.9 -999.9 -999.9 Brasil SGB/CPRM -999.9 0.0 0.0 8.53 8.89 8.53 -1 -0.07 8.89 8.89 8.89 8.89
-29.17805 -51.73222 86472600 2026-08-14_08:00 -999.9 -999.9 -999.9 -999.9 -999.9 -999.9 -999.9 -999.9 -999.9 -999.9 -999.9 -999.9 -999.9 -999.9 -999.9 -999.9 0.0 0.0 34.6 82.6 84.4 84.8 -999.9 -999.9 -999.9 -999.9 -999.9 SGB/CPRM_-_Santa_Tereza_(74_m) -999.9 -999.9 -999.9 -999.9 -999.9 -999.9 -999.9 -999.9 Brasil SGB/CPRM -999.9 0.0 0.0 8.49 8.89 8.49 -1 -0.1 8.89 8.89 8.89 8.89
-29.17805 -51.73222 86472600 2026-08-14_08:15 -999.9 -999.9 -999.9 -999.9 -999.9 -999.9 -999.9 -999.9 -999.9 -999.9 -999.9 -999.9 -999.9 -999.9 -999.9 -999.9 0.0 0.0 34.6 82.6 84.4 84.8 -999.9 -999.9 -999.9 -999.9 -999.9 SGB/CPRM_-_Santa_Tereza_(74_m) -999.9 -999.9 -999.9 -999.9 -999.9 -999.9 -999.9 -999.9 Brasil SGB/CPRM -999.9 0.0 0.0 8.43 8.89 8.43 -1 -0.13 8.89 8.89 8.89 8.89
-29.17805 -51.73222 86472600 2026-08-14_08:30 -999.9 -999.9 -999.9 -999.9 -999.9 -999.9 -999.9 -999.9 -999.9 -999.9 -999.9 -999.9 -999.9 -999.9 -999.9 -999.9 0.0 0.0 34.6 82.6 84.4 84.8 -999.9 -999.9 -999.9 -999.9 -999.9 SGB/CPRM_-_Santa_Tereza_(74_m) -999.9 -999.9 -999.9 -999.9 -999.9 -999.9 -999.9 -999.9 Brasil SGB/CPRM -999.9 0.0 0.0 8.36 8.89 8.36 -1 -0.2 8.89 8.89 8.89 8.89
-29.17805 -51.73222 86472600 2026-08-14_08:45 -999.9 -999.9 -999.9 -999.9 -999.9 -999.9 -999.9 -999.9 -999.9 -999.9 -999.9 -999.9 -999.9 -999.9 -999.9 -999.9 0.0 0.0 34.6 82.6 84.4 84.8 -999.9 -999.9 -999.9 -999.9 -999.9 SGB/CPRM_-_Santa_Tereza_(74_m) -999.9 -999.9 -999.9 -999.9 -999.9 -999.9 -999.9 -999.9 Brasil SGB/CPRM -999.9 0.0 0.0 8.28 8.89 8.28 -1 -0.25 8.89 8.89 8.89 8.89
-29.17805 -51.73222 86472600 2026-08-14_09:00 -999.9 -999.9 -999.9 -999.9 -999.9 -999.9 -999.9 -999.9 -999.9 -999.9 -999.9 -999.9 -999.9 -999.9 -999.9 -999.9 0.0 0.0 34.6 82.6 84.4 84.8 -999.9 -999.9 -999.9 -999.9 -999.9 SGB/CPRM_-_Santa_Tereza_(74_m) -999.9 -999.9 -999.9 -999.9 -999.9 -999.9 -999.9 -999.9 Brasil SGB/CPRM -999.9 0.0 0.0 8.23 8.89 8.23 -1 -0.26 8.89 8.89 8.89 8.89
-29.17805 -51.73222 86472600 2026-08-14_09:15 -999.9 -999.9 -999.9 -999.9 -999.9 -999.9 -999.9 -999.9 -999.9 -999.9 -999.9 -999.9 -999.9 -999.9 -999.9 -999.9 0.0 0.0 34.6 82.6 84.4 84.8 -999.9 -999.9 -999.9 -999.9 -999.9 SGB/CPRM_-_Santa_Tereza_(74_m) -999.9 -999.9 -999.9 -999.9 -999.9 -999.9 -999.9 -999.9 Brasil SGB/CPRM -999.9 0.0 0.0 8.18 8.89 8.18 -1 -0.25 8.89 8.89 8.89 8.89
-29.17805 -51.73222 86472600 2026-08-14_09:30 -999.9 -999.9 -999.9 -999.9 -999.9 -999.9 -999.9 -999.9 -999.9 -999.9 -999.9 -999.9 -999.9 -999.9 -999.9 -999.9 0.0 0.0 34.6 82.6 84.4 84.8 -999.9 -999.9 -999.9 -999.9 -999.9 SGB/CPRM_-_Santa_Tereza_(74_m) -999.9 -999.9 -999.9 -999.9 -999.9 -999.9 -999.9 -999.9 Brasil SGB/CPRM -999.9 0.0 0.0 8.14 8.89 8.14 -1 -0.22 8.89 8.89 8.89 8.89
-29.17805 -51.73222 86472600 2026-08-14_09:45 -999.9 -999.9 -999.9 -999.9 -999.9 -999.9 -999.9 -999.9 -999.9 -999.9 -999.9 -999.9 -999.9 -999.9 -999.9 -999.9 0.0 0.0 34.6 82.6 84.4 84.8 -999.9 -999.9 -999.9 -999.9 -999.9 SGB/CPRM_-_Santa_Tereza_(74_m) -999.9 -999.9 -999.9 -999.9 -999.9 -999.9 -999.9 -999.9 Brasil SGB/CPRM -999.9 0.0 0.0 8.09 8.89 8.09 -1 -0.19 8.89 8.89 8.89 8.89
-29.17805 -51.73222 86472600 2026-08-14_10:00 -999.9 -999.9 -999.9 -999.9 -999.9 -999.9 -999.9 -999.9 -999.9 -999.9 -999.9 -999.9 -999.9 -999.9 -999.9 -999.9 0.0 0.0 34.6 82.6 84.4 84.8 -999.9 -999.9 -999.9 -999.9 -999.9 SGB/CPRM_-_Santa_Tereza_(74_m) -999.9 -999.9 -999.9 -999.9 -999.9 -999.9 -999.9 -999.9 Brasil SGB/CPRM -999.9 0.0 0.0 8.07 8.89 8.07 -1 -0.16 8.89 8.89 8.89 8.89
-29.17805 -51.73222 86472600 2026-08-14_10:15 -999.9 -999.9 -999.9 -999.9 -999.9 -999.9 -999.9 -999.9 -999.9 -999.9 -999.9 -999.9 -999.9 -999.9 -999.9 -999.9 0.0 0.0 34.6 82.6 84.4 84.8 -999.9 -999.9 -999.9 -999.9 -999.9 SGB/CPRM_-_Santa_Tereza_(74_m) -999.9 -999.9 -999.9 -999.9 -999.9 -999.9 -999.9 -999.9 Brasil SGB/CPRM -999.9 0.0 0.0 8.04 8.89 8.04 -1 -0.14 8.89 8.89 8.89 8.89
-29.17805 -51.73222 86472600 2026-08-14_10:30 -999.9 -999.9 -999.9 -999.9 -999.9 -999.9 -999.9 -999.9 -999.9 -999.9 -999.9 -999.9 -999.9 -999.9 -999.9 -999.9 0.0 0.0 34.6 82.6 84.4 84.8 -999.9 -999.9 -999.9 -999.9 -999.9 SGB/CPRM_-_Santa_Tereza_(74_m) -999.9 -999.9 -999.9 -999.9 -999.9 -999.9 -999.9 -999.9 Brasil SGB/CPRM -999.9 0.0 0.0 8.01 8.89 8.01 -1 -0.13 8.89 8.89 8.89 8.89
-29.17805 -51.73222 86472600 2026-08-14_10:45 -999.9 -999.9 -999.9 -999.9 -999.9 -999.9 -999.9 -999.9 -999.9 -999.9 -999.9 -999.9 -999.9 -999.9 -999.9 -999.9 0.0 0.0 34.6 82.6 84.4 84.8 -999.9 -999.9 -999.9 -999.9 -999.9 SGB/CPRM_-_Santa_Tereza_(74_m) -999.9 -999.9 -999.9 -999.9 -999.9 -999.9 -999.9 -999.9 Brasil SGB/CPRM -999.9 0.0 0.0 7.98 8.89 7.98 -1 -0.11 8.89 8.89 8.89 8.89
-29.17805 -51.73222 86472600 2026-08-14_11:00 -999.9 -999.9 -999.9 -999.9 -999.9 -999.9 -999.9 -999.9 -999.9 -999.9 -999.9 -999.9 -999.9 -999.9 -999.9 -999.9 0.0 0.0 34.6 82.6 84.4 84.8 -999.9 -999.9 -999.9 -999.9 -999.9 SGB/CPRM_-_Santa_Tereza_(74_m) -999.9 -999.9 -999.9 -999.9 -999.9 -999.9 -999.9 -999.9 Brasil SGB/CPRM -999.9 0.0 0.0 7.97 8.89 7.97 -1 -0.1 8.89 8.89 8.89 8.89
-29.17805 -51.73222 86472600 2026-08-14_11:15 -999.9 -999.9 -999.9 -999.9 -999.9 -999.9 -999.9 -999.9 -999.9 -999.9 -999.9 -999.9 -999.9 -999.9 -999.9 -999.9 0.0 0.0 34.6 82.6 84.4 84.8 -999.9 -999.9 -999.9 -999.9 -999.9 SGB/CPRM_-_Santa_Tereza_(74_m) -999.9 -999.9 -999.9 -999.9 -999.9 -999.9 -999.9 -999.9 Brasil SGB/CPRM -999.9 0.0 0.0 7.97 8.89 7.97 -1 -0.07 8.89 8.89 8.89 8.89
-29.17805 -51.73222 86472600 2026-08-14_11:30 -999.9 -999.9 -999.9 -999.9 -999.9 -999.9 -999.9 -999.9 -999.9 -999.9 -999.9 -999.9 -999.9 -999.9 -999.9 -999.9 0.0 0.0 34.6 82.6 84.4 84.8 -999.9 -999.9 -999.9 -999.9 -999.9 SGB/CPRM_-_Santa_Tereza_(74_m) -999.9 -999.9 -999.9 -999.9 -999.9 -999.9 -999.9 -999.9 Brasil SGB/CPRM -999.9 0.0 0.0 7.95 8.89 7.95 -1 -0.06 8.89 8.89 8.89 8.89
-29.17805 -51.73222 86472600 2026-08-14_11:45 -999.9 -999.9 -999.9 -999.9 -999.9 -999.9 -999.9 -999.9 -999.9 -999.9 -999.9 -999.9 -999.9 -999.9 -999.9 -999.9 0.0 0.0 34.6 82.6 84.4 84.8 -999.9 -999.9 -999.9 -999.9 -999.9 SGB/CPRM_-_Santa_Tereza_(74_m) -999.9 -999.9 -999.9 -999.9 -999.9 -999.9 -999.9 -999.9 Brasil SGB/CPRM -999.9 0.0 0.0 7.96 8.89 7.95 -1 -0.02 8.89 8.89 8.89 8.89
-29.17805 -51.73222 86472600 2026-08-14_12:00 -999.9 -999.9 -999.9 -999.9 -999.9 -999.9 -999.9 -999.9 -999.9 -999.9 -999.9 -999.9 -999.9 -999.9 -999.9 -999.9 0.0 0.0 34.6 82.6 84.4 84.8 -999.9 -999.9 -999.9 -999.9 -999.9 SGB/CPRM_-_Santa_Tereza_(74_m) -999.9 -999.9 -999.9 -999.9 -999.9 -999.9 -999.9 -999.9 Brasil SGB/CPRM -999.9 0.0 0.0 7.96 8.89 7.95 -1 -0.01 8.89 8.89 8.89 8.89
-29.17805 -51.73222 86472600 2026-08-14_12:15 -999.9 -999.9 -999.9 -999.9 -999.9 -999.9 -999.9 -999.9 -999.9 -999.9 -999.9 -999.9 -999.9 -999.9 -999.9 -999.9 0.0 0.0 34.6 82.6 84.4 84.8 -999.9 -999.9 -999.9 -999.9 -999.9 SGB/CPRM_-_Santa_Tereza_(74_m) -999.9 -999.9 -999.9 -999.9 -999.9 -999.9 -999.9 -999.9 Brasil SGB/CPRM -999.9 0.0 0.0 7.96 8.89 7.95 0 -0.01 8.89 8.89 8.89 8.89
-29.17805 -51.73222 86472600 2026-08-14_12:30 -999.9 -999.9 -999.9 -999.9 -999.9 -999.9 -999.9 -999.9 -999.9 -999.9 -999.9 -999.9 -999.9 -999.9 -999.9 -999.9 0.0 0.0 34.6 82.6 84.4 84.8 -999.9 -999.9 -999.9 -999.9 -999.9 SGB/CPRM_-_Santa_Tereza_(74_m) -999.9 -999.9 -999.9 -999.9 -999.9 -999.9 -999.9 -999.9 Brasil SGB/CPRM -999.9 0.0 0.0 7.96 8.89 7.95 1 0.01 8.89 8.89 8.89 8.89
-29.17805 -51.73222 86472600 2026-08-14_12:45 -999.9 -999.9 -999.9 -999.9 -999.9 -999.9 -999.9 -999.9 -999.9 -999.9 -999.9 -999.9 -999.9 -999.9 -999.9 -999.9 0.0 0.0 34.6 82.6 84.4 84.8 -999.9 -999.9 -999.9 -999.9 -999.9 SGB/CPRM_-_Santa_Tereza_(74_m) -999.9 -999.9 -999.9 -999.9 -999.9 -999.9 -999.9 -999.9 Brasil SGB/CPRM -999.9 0.0 0.0 7.96 8.89 7.95 0 0 8.89 8.89 8.89 8.89
-29.17805 -51.73222 86472600 2026-08-14_13:00 -999.9 -999.9 -999.9 -999.9 -999.9 -999.9 -999.9 -999.9 -999.9 -999.9 -999.9 -999.9 -999.9 -999.9 -999.9 -999.9 0.0 0.0 34.6 82.6 84.4 84.8 -999.9 -999.9 -999.9 -999.9 -999.9 SGB/CPRM_-_Santa_Tereza_(74_m) -999.9 -999.9 -999.9 -999.9 -999.9 -999.9 -999.9 -999.9 Brasil SGB/CPRM -999.9 0.0 0.0 7.96 8.89 7.95 0 0 8.89 8.89 8.89 8.89
-29.17805 -51.73222 86472600 2026-08-14_13:15 -999.9 -999.9 -999.9 -999.9 -999.9 -999.9 -999.9 -999.9 -999.9 -999.9 -999.9 -999.9 -999.9 -999.9 -999.9 -999.9 0.0 0.0 34.6 82.6 84.4 84.8 -999.9 -999.9 -999.9 -999.9 -999.9 SGB/CPRM_-_Santa_Tereza_(74_m) -999.9 -999.9 -999.9 -999.9 -999.9 -999.9 -999.9 -999.9 Brasil SGB/CPRM -999.9 0.0 0.0 7.97 8.89 7.95 0 0.01 8.89 8.89 8.89 8.89
-29.17805 -51.73222 86472600 2026-08-14_13:30 -999.9 -999.9 -999.9 -999.9 -999.9 -999.9 -999.9 -999.9 -999.9 -999.9 -999.9 -999.9 -999.9 -999.9 -999.9 -999.9 0.0 0.0 34.6 82.6 84.4 84.8 -999.9 -999.9 -999.9 -999.9 -999.9 SGB/CPRM_-_Santa_Tereza_(74_m) -999.9 -999.9 -999.9 -999.9 -999.9 -999.9 -999.9 -999.9 Brasil SGB/CPRM -999.9 0.0 0.0 7.97 8.89 7.95 0 0.01 8.89 8.89 8.89 8.89
-29.17805 -51.73222 86472600 2026-08-14_13:45 -999.9 -999.9 -999.9 -999.9 -999.9 -999.9 -999.9 -999.9 -999.9 -999.9 -999.9 -999.9 -999.9 -999.9 -999.9 -999.9 0.0 0.0 34.6 82.6 84.4 84.8 -999.9 -999.9 -999.9 -999.9 -999.9 SGB/CPRM_-_Santa_Tereza_(74_m) -999.9 -999.9 -999.9 -999.9 -999.9 -999.9 -999.9 -999.9 Brasil SGB/CPRM -999.9 0.0 0.0 7.97 8.89 7.95 1 0.01 8.89 8.89 8.89 8.89
-29.17805 -51.73222 86472600 2026-08-14_14:00 -999.9 -999.9 -999.9 -999.9 -999.9 -999.9 -999.9 -999.9 -999.9 -999.9 -999.9 -999.9 -999.9 -999.9 -999.9 -999.9 0.0 0.0 34.6 82.6 84.4 84.8 -999.9 -999.9 -999.9 -999.9 -999.9 SGB/CPRM_-_Santa_Tereza_(74_m) -999.9 -999.9 -999.9 -999.9 -999.9 -999.9 -999.9 -999.9 Brasil SGB/CPRM -999.9 0.0 0.0 7.96 8.89 7.95 0 0 8.89 8.89 8.89 8.89
-29.17805 -51.73222 86472600 2026-08-14_14:15 -999.9 -999.9 -999.9 -999.9 -999.9 -999.9 -999.9 -999.9 -999.9 -999.9 -999.9 -999.9 -999.9 -999.9 -999.9 -999.9 0.0 0.0 34.6 82.6 84.4 84.8 -999.9 -999.9 -999.9 -999.9 -999.9 SGB/CPRM_-_Santa_Tereza_(74_m) -999.9 -999.9 -999.9 -999.9 -999.9 -999.9 -999.9 -999.9 Brasil SGB/CPRM -999.9 0.0 0.0 7.96 8.89 7.95 0 -0.01 8.89 8.89 8.89 8.89
-29.17805 -51.73222 86472600 2026-08-14_14:30 -999.9 -999.9 -999.9 -999.9 -999.9 -999.9 -999.9 -999.9 -999.9 -999.9 -999.9 -999.9 -999.9 -999.9 -999.9 -999.9 0.0 0.0 34.6 82.6 84.4 84.8 -999.9 -999.9 -999.9 -999.9 -999.9 SGB/CPRM_-_Santa_Tereza_(74_m) -999.9 -999.9 -999.9 -999.9 -999.9 -999.9 -999.9 -999.9 Brasil SGB/CPRM -999.9 0.0 0.0 7.95 8.89 7.95 -1 -0.02 8.89 8.89 8.89 8.89
-29.17805 -51.73222 86472600 2026-08-14_14:45 -999.9 -999.9 -999.9 -999.9 -999.9 -999.9 -999.9 -999.9 -999.9 -999.9 -999.9 -999.9 -999.9 -999.9 -999.9 -999.9 0.0 0.0 34.6 82.6 84.4 84.8 -999.9 -999.9 -999.9 -999.9 -999.9 SGB/CPRM_-_Santa_Tereza_(74_m) -999.9 -999.9 -999.9 -999.9 -999.9 -999.9 -999.9 -999.9 Brasil SGB/CPRM -999.9 0.0 0.0 7.94 8.89 7.94 -1 -0.03 8.89 8.89 8.89 8.89
-29.17805 -51.73222 86472600 2026-08-14_15:00 -999.9 -999.9 -999.9 -999.9 -999.9 -999.9 -999.9 -999.9 -999.9 -999.9 -999.9 -999.9 -999.9 -999.9 -999.9 -999.9 0.0 0.0 34.6 82.6 84.4 84.8 -999.9 -999.9 -999.9 -999.9 -999.9 SGB/CPRM_-_Santa_Tereza_(74_m) -999.9 -999.9 -999.9 -999.9 -999.9 -999.9 -999.9 -999.9 Brasil SGB/CPRM -999.9 0.0 0.0 7.91 8.89 7.91 -1 -0.05 8.89 8.89 8.89 8.89
-29.17805 -51.73222 86472600 2026-08-14_15:15 -999.9 -999.9 -999.9 -999.9 -999.9 -999.9 -999.9 -999.9 -999.9 -999.9 -999.9 -999.9 -999.9 -999.9 -999.9 -999.9 0.0 0.0 34.6 82.6 84.4 84.8 -999.9 -999.9 -999.9 -999.9 -999.9 SGB/CPRM_-_Santa_Tereza_(74_m) -999.9 -999.9 -999.9 -999.9 -999.9 -999.9 -999.9 -999.9 Brasil SGB/CPRM -999.9 0.0 0.0 7.9 8.89 7.9 -1 -0.06 8.89 8.89 8.89 8.89
-29.17805 -51.73222 86472600 2026-08-14_15:30 -999.9 -999.9 -999.9 -999.9 -999.9 -999.9 -999.9 -999.9 -999.9 -999.9 -999.9 -999.9 -999.9 -999.9 -999.9 -999.9 0.0 0.0 34.6 82.6 84.4 84.8 -999.9 -999.9 -999.9 -999.9 -999.9 SGB/CPRM_-_Santa_Tereza_(74_m) -999.9 -999.9 -999.9 -999.9 -999.9 -999.9 -999.9 -999.9 Brasil SGB/CPRM -999.9 0.0 0.0 7.9 8.89 7.9 -1 -0.05 8.89 8.89 8.89 8.89
-29.17805 -51.73222 86472600 2026-08-14_15:45 -999.9 -999.9 -999.9 -999.9 -999.9 -999.9 -999.9 -999.9 -999.9 -999.9 -999.9 -999.9 -999.9 -999.9 -999.9 -999.9 0.0 0.0 34.6 82.6 84.4 84.8 -999.9 -999.9 -999.9 -999.9 -999.9 SGB/CPRM_-_Santa_Tereza_(74_m) -999.9 -999.9 -999.9 -999.9 -999.9 -999.9 -999.9 -999.9 Brasil SGB/CPRM -999.9 0.0 0.0 7.91 8.89 7.9 -1 -0.03 8.89 8.89 8.89 8.89
-29.17805 -51.73222 86472600 2026-08-14_16:00 -999.9 -999.9 -999.9 -999.9 -999.9 -999.9 -999.9 -999.9 -999.9 -999.9 -999.9 -999.9 -999.9 -999.9 -999.9 -999.9 0.0 0.0 34.6 82.6 84.4 84.8 -999.9 -999.9 -999.9 -999.9 -999.9 SGB/CPRM_-_Santa_Tereza_(74_m) -999.9 -999.9 -999.9 -999.9 -999.9 -999.9 -999.9 -999.9 Brasil SGB/CPRM -999.9 0.0 0.0 7.94 8.89 7.9 0 0.03 8.89 8.89 8.89 8.89
-29.17805 -51.73222 86472600 2026-08-14_16:15 -999.9 -999.9 -999.9 -999.9 -999.9 -999.9 -999.9 -999.9 -999.9 -999.9 -999.9 -999.9 -999.9 -999.9 -999.9 -999.9 0.0 0.0 34.6 82.6 84.4 84.8 -999.9 -999.9 -999.9 -999.9 -999.9 SGB/CPRM_-_Santa_Tereza_(74_m) -999.9 -999.9 -999.9 -999.9 -999.9 -999.9 -999.9 -999.9 Brasil SGB/CPRM -999.9 0.0 0.0 7.95 8.89 7.9 1 0.05 8.89 8.89 8.89 8.89
-29.17805 -51.73222 86472600 2026-08-14_16:30 -999.9 -999.9 -999.9 -999.9 -999.9 -999.9 -999.9 -999.9 -999.9 -999.9 -999.9 -999.9 -999.9 -999.9 -999.9 -999.9 0.0 0.0 34.6 82.6 84.4 84.8 -999.9 -999.9 -999.9 -999.9 -999.9 SGB/CPRM_-_Santa_Tereza_(74_m) -999.9 -999.9 -999.9 -999.9 -999.9 -999.9 -999.9 -999.9 Brasil SGB/CPRM -999.9 0.0 0.0 7.96 8.89 7.9 1 0.06 8.89 8.89 8.89 8.89
-29.17805 -51.73222 86472600 2026-08-14_16:45 -999.9 -999.9 -999.9 -999.9 -999.9 -999.9 -999.9 -999.9 -999.9 -999.9 -999.9 -999.9 -999.9 -999.9 -999.9 -999.9 0.0 0.0 34.6 82.6 84.4 84.8 -999.9 -999.9 -999.9 -999.9 -999.9 SGB/CPRM_-_Santa_Tereza_(74_m) -999.9 -999.9 -999.9 -999.9 -999.9 -999.9 -999.9 -999.9 Brasil SGB/CPRM -999.9 0.0 0.0 7.96 8.89 7.9 1 0.05 8.89 8.89 8.89 8.89
-29.17805 -51.73222 86472600 2026-08-14_17:00 -999.9 -999.9 -999.9 -999.9 -999.9 -999.9 -999.9 -999.9 -999.9 -999.9 -999.9 -999.9 -999.9 -999.9 -999.9 -999.9 0.0 0.0 34.6 82.6 84.4 84.8 -999.9 -999.9 -999.9 -999.9 -999.9 SGB/CPRM_-_Santa_Tereza_(74_m) -999.9 -999.9 -999.9 -999.9 -999.9 -999.9 -999.9 -999.9 Brasil SGB/CPRM -999.9 0.0 0.0 7.95 8.89 7.9 1 0.01 8.89 8.89 8.89 8.89
-29.17805 -51.73222 86472600 2026-08-14_17:15 -999.9 -999.9 -999.9 -999.9 -999.9 -999.9 -999.9 -999.9 -999.9 -999.9 -999.9 -999.9 -999.9 -999.9 -999.9 -999.9 0.0 0.0 34.6 82.6 84.4 84.8 -999.9 -999.9 -999.9 -999.9 -999.9 SGB/CPRM_-_Santa_Tereza_(74_m) -999.9 -999.9 -999.9 -999.9 -999.9 -999.9 -999.9 -999.9 Brasil SGB/CPRM -999.9 0.0 0.0 7.95 8.89 7.9 0 0 8.89 8.89 8.89 8.89
-29.17805 -51.73222 86472600 2026-08-14_17:30 -999.9 -999.9 -999.9 -999.9 -999.9 -999.9 -999.9 -999.9 -999.9 -999.9 -999.9 -999.9 -999.9 -999.9 -999.9 -999.9 0.0 0.0 34.6 82.6 84.4 84.8 -999.9 -999.9 -999.9 -999.9 -999.9 SGB/CPRM_-_Santa_Tereza_(74_m) -999.9 -999.9 -999.9 -999.9 -999.9 -999.9 -999.9 -999.9 Brasil SGB/CPRM -999.9 0.0 0.0 7.93 8.89 7.9 -1 -0.03 8.89 8.89 8.89 8.89
-29.17805 -51.73222 86472600 2026-08-14_17:45 -999.9 -999.9 -999.9 -999.9 -999.9 -999.9 -999.9 -999.9 -999.9 -999.9 -999.9 -999.9 -999.9 -999.9 -999.9 -999.9 0.0 0.0 34.6 82.6 84.4 84.8 -999.9 -999.9 -999.9 -999.9 -999.9 SGB/CPRM_-_Santa_Tereza_(74_m) -999.9 -999.9 -999.9 -999.9 -999.9 -999.9 -999.9 -999.9 Brasil SGB/CPRM -999.9 0.0 0.0 7.93 8.89 7.9 -1 -0.03 8.89 8.89 8.89 8.89
-29.17805 -51.73222 86472600 2026-08-14_18:00 -999.9 -999.9 -999.9 -999.9 -999.9 -999.9 -999.9 -999.9 -999.9 -999.9 -999.9 -999.9 -999.9 -999.9 -999.9 -999.9 0.0 0.0 34.6 82.6 84.4 84.8 -999.9 -999.9 -999.9 -999.9 -999.9 SGB/CPRM_-_Santa_Tereza_(74_m) -999.9 -999.9 -999.9 -999.9 -999.9 -999.9 -999.9 -999.9 Brasil SGB/CPRM -999.9 0.0 0.0 7.92 8.89 7.9 -1 -0.03 8.89 8.89 8.89 8.89
-29.17805 -51.73222 86472600 2026-08-14_18:15 -999.9 -999.9 -999.9 -999.9 -999.9 -999.9 -999.9 -999.9 -999.9 -999.9 -999.9 -999.9 -999.9 -999.9 -999.9 -999.9 0.0 0.0 34.6 82.6 84.4 84.8 -999.9 -999.9 -999.9 -999.9 -999.9 SGB/CPRM_-_Santa_Tereza_(74_m) -999.9 -999.9 -999.9 -999.9 -999.9 -999.9 -999.9 -999.9 Brasil SGB/CPRM -999.9 0.0 0.0 7.89 8.89 7.89 -1 -0.06 8.89 8.89 8.89 8.89
-29.17805 -51.73222 86472600 2026-08-14_18:30 -999.9 -999.9 -999.9 -999.9 -999.9 -999.9 -999.9 -999.9 -999.9 -999.9 -999.9 -999.9 -999.9 -999.9 -999.9 -999.9 0.0 0.0 34.6 82.6 84.4 84.8 -999.9 -999.9 -999.9 -999.9 -999.9 SGB/CPRM_-_Santa_Tereza_(74_m) -999.9 -999.9 -999.9 -999.9 -999.9 -999.9 -999.9 -999.9 Brasil SGB/CPRM -999.9 0.0 0.0 7.89 8.89 7.89 -1 -0.04 8.89 8.89 8.89 8.89
-29.17805 -51.73222 86472600 2026-08-14_18:45 -999.9 -999.9 -999.9 -999.9 -999.9 -999.9 -999.9 -999.9 -999.9 -999.9 -999.9 -999.9 -999.9 -999.9 -999.9 -999.9 0.0 0.0 34.6 82.6 84.4 84.8 -999.9 -999.9 -999.9 -999.9 -999.9 SGB/CPRM_-_Santa_Tereza_(74_m) -999.9 -999.9 -999.9 -999.9 -999.9 -999.9 -999.9 -999.9 Brasil SGB/CPRM -999.9 0.0 0.0 7.86 8.89 7.86 -1 -0.07 8.89 8.89 8.89 8.89
-29.17805 -51.73222 86472600 2026-08-14_19:00 -999.9 -999.9 -999.9 -999.9 -999.9 -999.9 -999.9 -999.9 -999.9 -999.9 -999.9 -999.9 -999.9 -999.9 -999.9 -999.9 0.0 0.0 34.6 82.6 84.4 84.8 -999.9 -999.9 -999.9 -999.9 -999.9 SGB/CPRM_-_Santa_Tereza_(74_m) -999.9 -999.9 -999.9 -999.9 -999.9 -999.9 -999.9 -999.9 Brasil SGB/CPRM -999.9 0.0 0.0 7.85 8.89 7.85 -1 -0.07 8.89 8.89 8.89 8.89
-29.17805 -51.73222 86472600 2026-08-14_19:15 -999.9 -999.9 -999.9 -999.9 -999.9 -999.9 -999.9 -999.9 -999.9 -999.9 -999.9 -999.9 -999.9 -999.9 -999.9 -999.9 0.0 0.0 34.6 82.6 84.4 84.8 -999.9 -999.9 -999.9 -999.9 -999.9 SGB/CPRM_-_Santa_Tereza_(74_m) -999.9 -999.9 -999.9 -999.9 -999.9 -999.9 -999.9 -999.9 Brasil SGB/CPRM -999.9 0.0 0.0 7.82 8.89 7.82 -1 -0.07 8.89 8.89 8.89 8.89
-29.17805 -51.73222 86472600 2026-08-14_19:30 -999.9 -999.9 -999.9 -999.9 -999.9 -999.9 -999.9 -999.9 -999.9 -999.9 -999.9 -999.9 -999.9 -999.9 -999.9 -999.9 0.0 0.0 34.6 82.6 84.4 84.8 -999.9 -999.9 -999.9 -999.9 -999.9 SGB/CPRM_-_Santa_Tereza_(74_m) -999.9 -999.9 -999.9 -999.9 -999.9 -999.9 -999.9 -999.9 Brasil SGB/CPRM -999.9 0.0 0.0 7.8 8.89 7.8 -1 -0.09 8.89 8.89 8.89 8.89
-29.17805 -51.73222 86472600 2026-08-14_19:45 -999.9 -999.9 -999.9 -999.9 -999.9 -999.9 -999.9 -999.9 -999.9 -999.9 -999.9 -999.9 -999.9 -999.9 -999.9 -999.9 0.0 0.0 34.6 82.6 84.4 84.8 -999.9 -999.9 -999.9 -999.9 -999.9 SGB/CPRM_-_Santa_Tereza_(74_m) -999.9 -999.9 -999.9 -999.9 -999.9 -999.9 -999.9 -999.9 Brasil SGB/CPRM -999.9 0.0 0.0 7.77 8.89 7.77 -1 -0.09 8.89 8.89 8.89 8.89
-29.17805 -51.73222 86472600 2026-08-14_20:00 -999.9 -999.9 -999.9 -999.9 -999.9 -999.9 -999.9 -999.9 -999.9 -999.9 -999.9 -999.9 -999.9 -999.9 -999.9 -999.9 0.0 0.0 34.6 82.6 84.4 84.8 -999.9 -999.9 -999.9 -999.9 -999.9 SGB/CPRM_-_Santa_Tereza_(74_m) -999.9 -999.9 -999.9 -999.9 -999.9 -999.9 -999.9 -999.9 Brasil SGB/CPRM -999.9 0.0 0.0 7.74 8.89 7.74 -1 -0.11 8.89 8.89 8.89 8.89
-29.17805 -51.73222 86472600 2026-08-14_20:15 -999.9 -999.9 -999.9 -999.9 -999.9 -999.9 -999.9 -999.9 -999.9 -999.9 -999.9 -999.9 -999.9 -999.9 -999.9 -999.9 0.0 0.0 34.6 82.6 84.4 84.8 -999.9 -999.9 -999.9 -999.9 -999.9 SGB/CPRM_-_Santa_Tereza_(74_m) -999.9 -999.9 -999.9 -999.9 -999.9 -999.9 -999.9 -999.9 Brasil SGB/CPRM -999.9 0.0 0.0 7.7 8.89 7.7 -1 -0.12 8.89 8.89 8.89 8.89
-29.17805 -51.73222 86472600 2026-08-14_20:30 -999.9 -999.9 -999.9 -999.9 -999.9 -999.9 -999.9 -999.9 -999.9 -999.9 -999.9 -999.9 -999.9 -999.9 -999.9 -999.9 0.0 0.0 34.6 82.6 84.4 84.8 -999.9 -999.9 -999.9 -999.9 -999.9 SGB/CPRM_-_Santa_Tereza_(74_m) -999.9 -999.9 -999.9 -999.9 -999.9 -999.9 -999.9 -999.9 Brasil SGB/CPRM -999.9 0.0 0.0 7.66 8.89 7.66 -1 -0.14 8.89 8.89 8.89 8.89
-29.17805 -51.73222 86472600 2026-08-14_20:45 -999.9 -999.9 -999.9 -999.9 -999.9 -999.9 -999.9 -999.9 -999.9 -999.9 -999.9 -999.9 -999.9 -999.9 -999.9 -999.9 0.0 0.0 34.6 82.6 84.4 84.8 -999.9 -999.9 -999.9 -999.9 -999.9 SGB/CPRM_-_Santa_Tereza_(74_m) -999.9 -999.9 -999.9 -999.9 -999.9 -999.9 -999.9 -999.9 Brasil SGB/CPRM -999.9 0.0 0.0 7.61 8.89 7.61 -1 -0.16 8.89 8.89 8.89 8.89
-29.17805 -51.73222 86472600 2026-08-14_21:00 -999.9 -999.9 -999.9 -999.9 -999.9 -999.9 -999.9 -999.9 -999.9 -999.9 -999.9 -999.9 -999.9 -999.9 -999.9 -999.9 0.0 0.0 34.6 82.6 84.4 84.8 -999.9 -999.9 -999.9 -999.9 -999.9 SGB/CPRM_-_Santa_Tereza_(74_m) -999.9 -999.9 -999.9 -999.9 -999.9 -999.9 -999.9 -999.9 Brasil SGB/CPRM -999.9 0.0 0.0 7.55 8.89 7.55 -1 -0.19 8.89 8.89 8.89 8.89
-29.17805 -51.73222 86472600 2026-08-14_21:15 -999.9 -999.9 -999.9 -999.9 -999.9 -999.9 -999.9 -999.9 -999.9 -999.9 -999.9 -999.9 -999.9 -999.9 -999.9 -999.9 0.0 0.0 34.6 82.6 84.4 84.8 -999.9 -999.9 -999.9 -999.9 -999.9 SGB/CPRM_-_Santa_Tereza_(74_m) -999.9 -999.9 -999.9 -999.9 -999.9 -999.9 -999.9 -999.9 Brasil SGB/CPRM -999.9 0.0 0.0 7.51 8.89 7.51 -1 -0.19 8.89 8.89 8.89 8.89
-29.17805 -51.73222 86472600 2026-08-14_21:30 -999.9 -999.9 -999.9 -999.9 -999.9 -999.9 -999.9 -999.9 -999.9 -999.9 -999.9 -999.9 -999.9 -999.9 -999.9 -999.9 0.0 0.0 34.6 82.6 84.4 84.8 -999.9 -999.9 -999.9 -999.9 -999.9 SGB/CPRM_-_Santa_Tereza_(74_m) -999.9 -999.9 -999.9 -999.9 -999.9 -999.9 -999.9 -999.9 Brasil SGB/CPRM -999.9 0.0 0.0 7.47 8.89 7.47 -1 -0.19 8.89 8.89 8.89 8.89
-29.17805 -51.73222 86472600 2026-08-14_21:45 -999.9 -999.9 -999.9 -999.9 -999.9 -999.9 -999.9 -999.9 -999.9 -999.9 -999.9 -999.9 -999.9 -999.9 -999.9 -999.9 0.0 0.0 34.6 82.6 84.4 84.8 -999.9 -999.9 -999.9 -999.9 -999.9 SGB/CPRM_-_Santa_Tereza_(74_m) -999.9 -999.9 -999.9 -999.9 -999.9 -999.9 -999.9 -999.9 Brasil SGB/CPRM -999.9 0.0 0.0 7.41 8.89 7.41 -1 -0.2 8.89 8.89 8.89 8.89
-29.17805 -51.73222 86472600 2026-08-14_22:00 -999.9 -999.9 -999.9 -999.9 -999.9 -999.9 -999.9 -999.9 -999.9 -999.9 -999.9 -999.9 -999.9 -999.9 -999.9 -999.9 0.0 0.0 34.6 82.6 84.4 84.8 -999.9 -999.9 -999.9 -999.9 -999.9 SGB/CPRM_-_Santa_Tereza_(74_m) -999.9 -999.9 -999.9 -999.9 -999.9 -999.9 -999.9 -999.9 Brasil SGB/CPRM -999.9 0.0 0.0 7.35 8.89 7.35 -1 -0.2 8.89 8.89 8.89 8.89
-29.17805 -51.73222 86472600 2026-08-14_22:15 -999.9 -999.9 -999.9 -999.9 -999.9 -999.9 -999.9 -999.9 -999.9 -999.9 -999.9 -999.9 -999.9 -999.9 -999.9 -999.9 0.0 0.0 34.6 82.6 84.4 84.8 -999.9 -999.9 -999.9 -999.9 -999.9 SGB/CPRM_-_Santa_Tereza_(74_m) -999.9 -999.9 -999.9 -999.9 -999.9 -999.9 -999.9 -999.9 Brasil SGB/CPRM -999.9 0.0 0.0 7.29 8.89 7.29 -1 -0.22 8.89 8.89 8.89 8.89
-29.17805 -51.73222 86472600 2026-08-14_22:30 -999.9 -999.9 -999.9 -999.9 -999.9 -999.9 -999.9 -999.9 -999.9 -999.9 -999.9 -999.9 -999.9 -999.9 -999.9 -999.9 0.0 0.0 34.6 82.6 84.4 84.8 -999.9 -999.9 -999.9 -999.9 -999.9 SGB/CPRM_-_Santa_Tereza_(74_m) -999.9 -999.9 -999.9 -999.9 -999.9 -999.9 -999.9 -999.9 Brasil SGB/CPRM -999.9 0.0 0.0 7.22 8.89 7.22 -1 -0.25 8.89 8.89 8.89 8.89
-29.17805 -51.73222 86472600 2026-08-14_22:45 -999.9 -999.9 -999.9 -999.9 -999.9 -999.9 -999.9 -999.9 -999.9 -999.9 -999.9 -999.9 -999.9 -999.9 -999.9 -999.9 0.0 0.0 34.6 82.6 84.4 84.8 -999.9 -999.9 -999.9 -999.9 -999.9 SGB/CPRM_-_Santa_Tereza_(74_m) -999.9 -999.9 -999.9 -999.9 -999.9 -999.9 -999.9 -999.9 Brasil SGB/CPRM -999.9 0.0 0.0 7.15 8.89 7.15 -1 -0.26 8.89 8.89 8.89 8.89
