-28.86805 -50.45611 86160000 2026-09-06_00:00 -999.9 -999.9 -999.9 -999.9 -999.9 -999.9 -999.9 -999.9 -999.9 -999.9 -999.9 -999.9 -999.9 -999.9 -999.9 -999.9 0.0 0.0 0.0 0.0 0.2 9.4 -999.9 -999.9 -999.9 -999.9 -999.9 SGB/CPRM_-_Passo_Tainhas_(634_m) -999.9 -999.9 -999.9 -999.9 -999.9 -999.9 -999.9 -999.9 Brasil SGB/CPRM -999.9 0.0 0.0 1.07 1.07 1.07 0 0 1.19 1.31 1.52 2.77
-28.86805 -50.45611 86160000 2026-09-06_00:15 -999.9 -999.9 -999.9 -999.9 -999.9 -999.9 -999.9 -999.9 -999.9 -999.9 -999.9 -999.9 -999.9 -999.9 -999.9 -999.9 0.0 0.0 0.0 0.0 0.2 9.4 -999.9 -999.9 -999.9 -999.9 -999.9 SGB/CPRM_-_Passo_Tainhas_(634_m) -999.9 -999.9 -999.9 -999.9 -999.9 -999.9 -999.9 -999.9 Brasil SGB/CPRM -999.9 0.0 0.0 1.07 1.07 1.07 0 0 1.19 1.31 1.52 2.77
-28.86805 -50.45611 86160000 2026-09-06_00:30 -999.9 -999.9 -999.9 -999.9 -999.9 -999.9 -999.9 -999.9 -999.9 -999.9 -999.9 -999.9 -999.9 -999.9 -999.9 -999.9 0.0 0.0 0.0 0.0 0.2 9.4 -999.9 -999.9 -999.9 -999.9 -999.9 SGB/CPRM_-_Passo_Tainhas_(634_m) -999.9 -999.9 -999.9 -999.9 -999.9 -999.9 -999.9 -999.9 Brasil SGB/CPRM -999.9 0.0 0.0 1.07 1.07 1.07 0 0 1.19 1.31 1.52 2.77
-28.86805 -50.45611 86160000 2026-09-06_00:45 -999.9 -999.9 -999.9 -999.9 -999.9 -999.9 -999.9 -999.9 -999.9 -999.9 -999.9 -999.9 -999.9 -999.9 -999.9 -999.9 0.0 0.0 0.0 0.0 0.2 9.4 -999.9 -999.9 -999.9 -999.9 -999.9 SGB/CPRM_-_Passo_Tainhas_(634_m) -999.9 -999.9 -999.9 -999.9 -999.9 -999.9 -999.9 -999.9 Brasil SGB/CPRM -999.9 0.0 0.0 1.08 1.08 1.07 0 0.01 1.19 1.31 1.52 2.77
-28.86805 -50.45611 86160000 2026-09-06_01:00 -999.9 -999.9 -999.9 -999.9 -999.9 -999.9 -999.9 -999.9 -999.9 -999.9 -999.9 -999.9 -999.9 -999.9 -999.9 -999.9 0.0 0.0 0.0 0.0 0.2 9.4 -999.9 -999.9 -999.9 -999.9 -999.9 SGB/CPRM_-_Passo_Tainhas_(634_m) -999.9 -999.9 -999.9 -999.9 -999.9 -999.9 -999.9 -999.9 Brasil SGB/CPRM -999.9 0.0 0.0 1.07 1.08 1.07 0 0 1.19 1.31 1.52 2.77
-28.86805 -50.45611 86160000 2026-09-06_01:15 -999.9 -999.9 -999.9 -999.9 -999.9 -999.9 -999.9 -999.9 -999.9 -999.9 -999.9 -999.9 -999.9 -999.9 -999.9 -999.9 0.0 0.0 0.0 0.0 0.2 9.4 -999.9 -999.9 -999.9 -999.9 -999.9 SGB/CPRM_-_Passo_Tainhas_(634_m) -999.9 -999.9 -999.9 -999.9 -999.9 -999.9 -999.9 -999.9 Brasil SGB/CPRM -999.9 0.0 0.0 1.07 1.08 1.07 0 0 1.19 1.31 1.52 2.77
-28.86805 -50.45611 86160000 2026-09-06_01:30 -999.9 -999.9 -999.9 -999.9 -999.9 -999.9 -999.9 -999.9 -999.9 -999.9 -999.9 -999.9 -999.9 -999.9 -999.9 -999.9 0.0 0.0 0.0 0.0 0.2 9.4 -999.9 -999.9 -999.9 -999.9 -999.9 SGB/CPRM_-_Passo_Tainhas_(634_m) -999.9 -999.9 -999.9 -999.9 -999.9 -999.9 -999.9 -999.9 Brasil SGB/CPRM -999.9 0.0 0.0 1.07 1.08 1.07 0 0 1.19 1.31 1.52 2.77
-28.86805 -50.45611 86160000 2026-09-06_01:45 -999.9 -999.9 -999.9 -999.9 -999.9 -999.9 -999.9 -999.9 -999.9 -999.9 -999.9 -999.9 -999.9 -999.9 -999.9 -999.9 0.0 0.0 0.0 0.0 0.2 9.4 -999.9 -999.9 -999.9 -999.9 -999.9 SGB/CPRM_-_Passo_Tainhas_(634_m) -999.9 -999.9 -999.9 -999.9 -999.9 -999.9 -999.9 -999.9 Brasil SGB/CPRM -999.9 0.0 0.0 1.07 1.08 1.07 -1 -0.01 1.19 1.31 1.52 2.77
-28.86805 -50.45611 86160000 2026-09-06_02:00 -999.9 -999.9 -999.9 -999.9 -999.9 -999.9 -999.9 -999.9 -999.9 -999.9 -999.9 -999.9 -999.9 -999.9 -999.9 -999.9 0.0 0.0 0.0 0.0 0.2 9.4 -999.9 -999.9 -999.9 -999.9 -999.9 SGB/CPRM_-_Passo_Tainhas_(634_m) -999.9 -999.9 -999.9 -999.9 -999.9 -999.9 -999.9 -999.9 Brasil SGB/CPRM -999.9 0.0 0.0 1.07 1.08 1.07 0 0 1.19 1.31 1.52 2.77
-28.86805 -50.45611 86160000 2026-09-06_02:15 -999.9 -999.9 -999.9 -999.9 -999.9 -999.9 -999.9 -999.9 -999.9 -999.9 -999.9 -999.9 -999.9 -999.9 -999.9 -999.9 0.0 0.0 0.0 0.0 0.2 9.4 -999.9 -999.9 -999.9 -999.9 -999.9 SGB/CPRM_-_Passo_Tainhas_(634_m) -999.9 -999.9 -999.9 -999.9 -999.9 -999.9 -999.9 -999.9 Brasil SGB/CPRM -999.9 0.0 0.0 1.08 1.08 1.07 0 0.01 1.19 1.31 1.52 2.77
-28.86805 -50.45611 86160000 2026-09-06_02:30 -999.9 -999.9 -999.9 -999.9 -999.9 -999.9 -999.9 -999.9 -999.9 -999.9 -999.9 -999.9 -999.9 -999.9 -999.9 -999.9 0.0 0.0 0.0 0.0 0.2 9.4 -999.9 -999.9 -999.9 -999.9 -999.9 SGB/CPRM_-_Passo_Tainhas_(634_m) -999.9 -999.9 -999.9 -999.9 -999.9 -999.9 -999.9 -999.9 Brasil SGB/CPRM -999.9 0.0 0.0 1.05 1.08 1.05 0 -0.02 1.19 1.31 1.52 2.77
-28.86805 -50.45611 86160000 2026-09-06_02:45 -999.9 -999.9 -999.9 -999.9 -999.9 -999.9 -999.9 -999.9 -999.9 -999.9 -999.9 -999.9 -999.9 -999.9 -999.9 -999.9 0.0 0.0 0.0 0.0 0.2 9.4 -999.9 -999.9 -999.9 -999.9 -999.9 SGB/CPRM_-_Passo_Tainhas_(634_m) -999.9 -999.9 -999.9 -999.9 -999.9 -999.9 -999.9 -999.9 Brasil SGB/CPRM -999.9 0.0 0.0 1.08 1.08 1.05 0 0.01 1.19 1.31 1.52 2.77
-28.86805 -50.45611 86160000 2026-09-06_03:00 -999.9 -999.9 -999.9 -999.9 -999.9 -999.9 -999.9 -999.9 -999.9 -999.9 -999.9 -999.9 -999.9 -999.9 -999.9 -999.9 0.0 0.0 0.0 0.0 0.2 9.4 -999.9 -999.9 -999.9 -999.9 -999.9 SGB/CPRM_-_Passo_Tainhas_(634_m) -999.9 -999.9 -999.9 -999.9 -999.9 -999.9 -999.9 -999.9 Brasil SGB/CPRM -999.9 0.0 0.0 1.03 1.08 1.03 -1 -0.04 1.19 1.31 1.52 2.77
-28.86805 -50.45611 86160000 2026-09-06_03:15 -999.9 -999.9 -999.9 -999.9 -999.9 -999.9 -999.9 -999.9 -999.9 -999.9 -999.9 -999.9 -999.9 -999.9 -999.9 -999.9 0.0 0.0 0.0 0.0 0.2 9.4 -999.9 -999.9 -999.9 -999.9 -999.9 SGB/CPRM_-_Passo_Tainhas_(634_m) -999.9 -999.9 -999.9 -999.9 -999.9 -999.9 -999.9 -999.9 Brasil SGB/CPRM -999.9 0.0 0.0 1.07 1.08 1.03 -1 -0.01 1.19 1.31 1.52 2.77
-28.86805 -50.45611 86160000 2026-09-06_03:30 -999.9 -999.9 -999.9 -999.9 -999.9 -999.9 -999.9 -999.9 -999.9 -999.9 -999.9 -999.9 -999.9 -999.9 -999.9 -999.9 0.0 0.0 0.0 0.0 0.2 9.4 -999.9 -999.9 -999.9 -999.9 -999.9 SGB/CPRM_-_Passo_Tainhas_(634_m) -999.9 -999.9 -999.9 -999.9 -999.9 -999.9 -999.9 -999.9 Brasil SGB/CPRM -999.9 0.0 0.0 1.08 1.08 1.03 0 0.03 1.19 1.31 1.52 2.77
-28.86805 -50.45611 86160000 2026-09-06_03:45 -999.9 -999.9 -999.9 -999.9 -999.9 -999.9 -999.9 -999.9 -999.9 -999.9 -999.9 -999.9 -999.9 -999.9 -999.9 -999.9 0.0 0.0 0.0 0.0 0.2 9.4 -999.9 -999.9 -999.9 -999.9 -999.9 SGB/CPRM_-_Passo_Tainhas_(634_m) -999.9 -999.9 -999.9 -999.9 -999.9 -999.9 -999.9 -999.9 Brasil SGB/CPRM -999.9 0.0 0.0 1.06 1.08 1.03 0 -0.02 1.19 1.31 1.52 2.77
-28.86805 -50.45611 86160000 2026-09-06_04:00 -999.9 -999.9 -999.9 -999.9 -999.9 -999.9 -999.9 -999.9 -999.9 -999.9 -999.9 -999.9 -999.9 -999.9 -999.9 -999.9 0.0 0.0 0.0 0.0 0.2 9.4 -999.9 -999.9 -999.9 -999.9 -999.9 SGB/CPRM_-_Passo_Tainhas_(634_m) -999.9 -999.9 -999.9 -999.9 -999.9 -999.9 -999.9 -999.9 Brasil SGB/CPRM -999.9 0.0 0.0 1.22 1.22 1.03 1 0.19 1.22 1.31 1.52 2.77
-28.86805 -50.45611 86160000 2026-09-06_04:15 -999.9 -999.9 -999.9 -999.9 -999.9 -999.9 -999.9 -999.9 -999.9 -999.9 -999.9 -999.9 -999.9 -999.9 -999.9 -999.9 0.0 0.0 0.0 0.0 0.2 9.4 -999.9 -999.9 -999.9 -999.9 -999.9 SGB/CPRM_-_Passo_Tainhas_(634_m) -999.9 -999.9 -999.9 -999.9 -999.9 -999.9 -999.9 -999.9 Brasil SGB/CPRM -999.9 0.0 0.0 1.22 1.22 1.03 1 0.15 1.22 1.31 1.52 2.77
-28.86805 -50.45611 86160000 2026-09-06_04:30 -999.9 -999.9 -999.9 -999.9 -999.9 -999.9 -999.9 -999.9 -999.9 -999.9 -999.9 -999.9 -999.9 -999.9 -999.9 -999.9 0.0 0.0 0.0 0.0 0.2 9.4 -999.9 -999.9 -999.9 -999.9 -999.9 SGB/CPRM_-_Passo_Tainhas_(634_m) -999.9 -999.9 -999.9 -999.9 -999.9 -999.9 -999.9 -999.9 Brasil SGB/CPRM -999.9 0.0 0.0 1.22 1.22 1.03 1 0.14 1.22 1.31 1.52 2.77
-28.86805 -50.45611 86160000 2026-09-06_04:45 -999.9 -999.9 -999.9 -999.9 -999.9 -999.9 -999.9 -999.9 -999.9 -999.9 -999.9 -999.9 -999.9 -999.9 -999.9 -999.9 0.0 0.0 0.0 0.0 0.2 9.4 -999.9 -999.9 -999.9 -999.9 -999.9 SGB/CPRM_-_Passo_Tainhas_(634_m) -999.9 -999.9 -999.9 -999.9 -999.9 -999.9 -999.9 -999.9 Brasil SGB/CPRM -999.9 0.0 0.0 1.21 1.22 1.03 1 0.15 1.22 1.31 1.52 2.77
-28.86805 -50.45611 86160000 2026-09-06_05:00 -999.9 -999.9 -999.9 -999.9 -999.9 -999.9 -999.9 -999.9 -999.9 -999.9 -999.9 -999.9 -999.9 -999.9 -999.9 -999.9 0.0 0.0 0.0 0.0 0.2 9.4 -999.9 -999.9 -999.9 -999.9 -999.9 SGB/CPRM_-_Passo_Tainhas_(634_m) -999.9 -999.9 -999.9 -999.9 -999.9 -999.9 -999.9 -999.9 Brasil SGB/CPRM -999.9 0.0 0.0 1.21 1.22 1.03 0 -0.01 1.22 1.31 1.52 2.77
-28.86805 -50.45611 86160000 2026-09-06_05:15 -999.9 -999.9 -999.9 -999.9 -999.9 -999.9 -999.9 -999.9 -999.9 -999.9 -999.9 -999.9 -999.9 -999.9 -999.9 -999.9 0.0 0.0 0.0 0.0 0.2 9.4 -999.9 -999.9 -999.9 -999.9 -999.9 SGB/CPRM_-_Passo_Tainhas_(634_m) -999.9 -999.9 -999.9 -999.9 -999.9 -999.9 -999.9 -999.9 Brasil SGB/CPRM -999.9 0.0 0.0 1.21 1.22 1.03 -1 -0.01 1.22 1.31 1.52 2.77
-28.86805 -50.45611 86160000 2026-09-06_05:30 -999.9 -999.9 -999.9 -999.9 -999.9 -999.9 -999.9 -999.9 -999.9 -999.9 -999.9 -999.9 -999.9 -999.9 -999.9 -999.9 0.0 0.0 0.0 0.0 0.2 9.4 -999.9 -999.9 -999.9 -999.9 -999.9 SGB/CPRM_-_Passo_Tainhas_(634_m) -999.9 -999.9 -999.9 -999.9 -999.9 -999.9 -999.9 -999.9 Brasil SGB/CPRM -999.9 0.0 0.0 1.21 1.22 1.03 -1 -0.01 1.22 1.31 1.52 2.77
-28.86805 -50.45611 86160000 2026-09-06_05:45 -999.9 -999.9 -999.9 -999.9 -999.9 -999.9 -999.9 -999.9 -999.9 -999.9 -999.9 -999.9 -999.9 -999.9 -999.9 -999.9 0.0 0.0 0.0 0.0 0.2 9.4 -999.9 -999.9 -999.9 -999.9 -999.9 SGB/CPRM_-_Passo_Tainhas_(634_m) -999.9 -999.9 -999.9 -999.9 -999.9 -999.9 -999.9 -999.9 Brasil SGB/CPRM -999.9 0.0 0.0 1.21 1.22 1.03 0 0 1.22 1.31 1.52 2.77
-28.86805 -50.45611 86160000 2026-09-06_06:00 -999.9 -999.9 -999.9 -999.9 -999.9 -999.9 -999.9 -999.9 -999.9 -999.9 -999.9 -999.9 -999.9 -999.9 -999.9 -999.9 0.0 0.0 0.0 0.0 0.2 9.4 -999.9 -999.9 -999.9 -999.9 -999.9 SGB/CPRM_-_Passo_Tainhas_(634_m) -999.9 -999.9 -999.9 -999.9 -999.9 -999.9 -999.9 -999.9 Brasil SGB/CPRM -999.9 0.0 0.0 1.21 1.22 1.03 0 0 1.22 1.31 1.52 2.77
-28.86805 -50.45611 86160000 2026-09-06_06:15 -999.9 -999.9 -999.9 -999.9 -999.9 -999.9 -999.9 -999.9 -999.9 -999.9 -999.9 -999.9 -999.9 -999.9 -999.9 -999.9 0.0 0.0 0.0 0.0 0.2 9.4 -999.9 -999.9 -999.9 -999.9 -999.9 SGB/CPRM_-_Passo_Tainhas_(634_m) -999.9 -999.9 -999.9 -999.9 -999.9 -999.9 -999.9 -999.9 Brasil SGB/CPRM -999.9 0.0 0.0 1.21 1.22 1.03 0 0 1.22 1.31 1.52 2.77
-28.86805 -50.45611 86160000 2026-09-06_06:30 -999.9 -999.9 -999.9 -999.9 -999.9 -999.9 -999.9 -999.9 -999.9 -999.9 -999.9 -999.9 -999.9 -999.9 -999.9 -999.9 0.0 0.0 0.0 0.0 0.2 9.4 -999.9 -999.9 -999.9 -999.9 -999.9 SGB/CPRM_-_Passo_Tainhas_(634_m) -999.9 -999.9 -999.9 -999.9 -999.9 -999.9 -999.9 -999.9 Brasil SGB/CPRM -999.9 0.0 0.0 1.2 1.22 1.03 0 -0.01 1.22 1.31 1.52 2.77
-28.86805 -50.45611 86160000 2026-09-06_06:45 -999.9 -999.9 -999.9 -999.9 -999.9 -999.9 -999.9 -999.9 -999.9 -999.9 -999.9 -999.9 -999.9 -999.9 -999.9 -999.9 0.0 0.0 0.0 0.0 0.2 9.4 -999.9 -999.9 -999.9 -999.9 -999.9 SGB/CPRM_-_Passo_Tainhas_(634_m) -999.9 -999.9 -999.9 -999.9 -999.9 -999.9 -999.9 -999.9 Brasil SGB/CPRM -999.9 0.0 0.0 1.19 1.22 1.03 0 -0.02 1.22 1.31 1.52 2.77
-28.86805 -50.45611 86160000 2026-09-06_07:00 -999.9 -999.9 -999.9 -999.9 -999.9 -999.9 -999.9 -999.9 -999.9 -999.9 -999.9 -999.9 -999.9 -999.9 -999.9 -999.9 0.0 0.0 0.0 0.0 0.2 9.4 -999.9 -999.9 -999.9 -999.9 -999.9 SGB/CPRM_-_Passo_Tainhas_(634_m) -999.9 -999.9 -999.9 -999.9 -999.9 -999.9 -999.9 -999.9 Brasil SGB/CPRM -999.9 0.0 0.0 1.19 1.22 1.03 -1 -0.02 1.22 1.31 1.52 2.77
-28.86805 -50.45611 86160000 2026-09-06_07:15 -999.9 -999.9 -999.9 -999.9 -999.9 -999.9 -999.9 -999.9 -999.9 -999.9 -999.9 -999.9 -999.9 -999.9 -999.9 -999.9 0.0 0.0 0.0 0.0 0.2 9.4 -999.9 -999.9 -999.9 -999.9 -999.9 SGB/CPRM_-_Passo_Tainhas_(634_m) -999.9 -999.9 -999.9 -999.9 -999.9 -999.9 -999.9 -999.9 Brasil SGB/CPRM -999.9 0.0 0.0 1.19 1.22 1.03 -1 -0.02 1.22 1.31 1.52 2.77
-28.86805 -50.45611 86160000 2026-09-06_07:30 -999.9 -999.9 -999.9 -999.9 -999.9 -999.9 -999.9 -999.9 -999.9 -999.9 -999.9 -999.9 -999.9 -999.9 -999.9 -999.9 0.0 0.0 0.0 0.0 0.2 9.4 -999.9 -999.9 -999.9 -999.9 -999.9 SGB/CPRM_-_Passo_Tainhas_(634_m) -999.9 -999.9 -999.9 -999.9 -999.9 -999.9 -999.9 -999.9 Brasil SGB/CPRM -999.9 0.0 0.0 1.18 1.22 1.03 -1 -0.02 1.22 1.31 1.52 2.77
-28.86805 -50.45611 86160000 2026-09-06_07:45 -999.9 -999.9 -999.9 -999.9 -999.9 -999.9 -999.9 -999.9 -999.9 -999.9 -999.9 -999.9 -999.9 -999.9 -999.9 -999.9 0.0 0.0 0.0 0.0 0.2 9.4 -999.9 -999.9 -999.9 -999.9 -999.9 SGB/CPRM_-_Passo_Tainhas_(634_m) -999.9 -999.9 -999.9 -999.9 -999.9 -999.9 -999.9 -999.9 Brasil SGB/CPRM -999.9 0.0 0.0 1.18 1.22 1.03 0 -0.01 1.22 1.31 1.52 2.77
-28.86805 -50.45611 86160000 2026-09-06_08:00 -999.9 -999.9 -999.9 -999.9 -999.9 -999.9 -999.9 -999.9 -999.9 -999.9 -999.9 -999.9 -999.9 -999.9 -999.9 -999.9 0.0 0.0 0.0 0.0 0.2 9.4 -999.9 -999.9 -999.9 -999.9 -999.9 SGB/CPRM_-_Passo_Tainhas_(634_m) -999.9 -999.9 -999.9 -999.9 -999.9 -999.9 -999.9 -999.9 Brasil SGB/CPRM -999.9 0.0 0.0 1.18 1.22 1.03 -1 -0.01 1.22 1.31 1.52 2.77
-28.86805 -50.45611 86160000 2026-09-06_08:15 -999.9 -999.9 -999.9 -999.9 -999.9 -999.9 -999.9 -999.9 -999.9 -999.9 -999.9 -999.9 -999.9 -999.9 -999.9 -999.9 0.0 0.0 0.0 0.0 0.2 9.4 -999.9 -999.9 -999.9 -999.9 -999.9 SGB/CPRM_-_Passo_Tainhas_(634_m) -999.9 -999.9 -999.9 -999.9 -999.9 -999.9 -999.9 -999.9 Brasil SGB/CPRM -999.9 0.0 0.0 1.18 1.22 1.03 0 -0.01 1.22 1.31 1.52 2.77
-28.86805 -50.45611 86160000 2026-09-06_08:30 -999.9 -999.9 -999.9 -999.9 -999.9 -999.9 -999.9 -999.9 -999.9 -999.9 -999.9 -999.9 -999.9 -999.9 -999.9 -999.9 0.0 0.0 0.0 0.0 0.2 9.4 -999.9 -999.9 -999.9 -999.9 -999.9 SGB/CPRM_-_Passo_Tainhas_(634_m) -999.9 -999.9 -999.9 -999.9 -999.9 -999.9 -999.9 -999.9 Brasil SGB/CPRM -999.9 0.0 0.0 1.18 1.22 1.03 0 0 1.22 1.31 1.52 2.77
-28.86805 -50.45611 86160000 2026-09-06_08:45 -999.9 -999.9 -999.9 -999.9 -999.9 -999.9 -999.9 -999.9 -999.9 -999.9 -999.9 -999.9 -999.9 -999.9 -999.9 -999.9 0.0 0.0 0.0 0.0 0.2 9.4 -999.9 -999.9 -999.9 -999.9 -999.9 SGB/CPRM_-_Passo_Tainhas_(634_m) -999.9 -999.9 -999.9 -999.9 -999.9 -999.9 -999.9 -999.9 Brasil SGB/CPRM -999.9 0.0 0.0 1.17 1.22 1.03 0 -0.01 1.22 1.31 1.52 2.77
-28.86805 -50.45611 86160000 2026-09-06_09:00 -999.9 -999.9 -999.9 -999.9 -999.9 -999.9 -999.9 -999.9 -999.9 -999.9 -999.9 -999.9 -999.9 -999.9 -999.9 -999.9 0.0 0.0 0.0 0.0 0.2 9.4 -999.9 -999.9 -999.9 -999.9 -999.9 SGB/CPRM_-_Passo_Tainhas_(634_m) -999.9 -999.9 -999.9 -999.9 -999.9 -999.9 -999.9 -999.9 Brasil SGB/CPRM -999.9 0.0 0.0 1.01 1.22 1.01 -1 -0.17 1.22 1.31 1.52 2.77
-28.86805 -50.45611 86160000 2026-09-06_09:15 -999.9 -999.9 -999.9 -999.9 -999.9 -999.9 -999.9 -999.9 -999.9 -999.9 -999.9 -999.9 -999.9 -999.9 -999.9 -999.9 0.0 0.0 0.0 0.0 0.2 9.4 -999.9 -999.9 -999.9 -999.9 -999.9 SGB/CPRM_-_Passo_Tainhas_(634_m) -999.9 -999.9 -999.9 -999.9 -999.9 -999.9 -999.9 -999.9 Brasil SGB/CPRM -999.9 0.0 0.0 1.05 1.22 1.01 -1 -0.13 1.22 1.31 1.52 2.77
-28.86805 -50.45611 86160000 2026-09-06_09:30 -999.9 -999.9 -999.9 -999.9 -999.9 -999.9 -999.9 -999.9 -999.9 -999.9 -999.9 -999.9 -999.9 -999.9 -999.9 -999.9 0.0 0.0 0.0 0.0 0.2 9.4 -999.9 -999.9 -999.9 -999.9 -999.9 SGB/CPRM_-_Passo_Tainhas_(634_m) -999.9 -999.9 -999.9 -999.9 -999.9 -999.9 -999.9 -999.9 Brasil SGB/CPRM -999.9 0.0 0.0 1.05 1.22 1.01 -1 -0.13 1.22 1.31 1.52 2.77
-28.86805 -50.45611 86160000 2026-09-06_09:45 -999.9 -999.9 -999.9 -999.9 -999.9 -999.9 -999.9 -999.9 -999.9 -999.9 -999.9 -999.9 -999.9 -999.9 -999.9 -999.9 0.0 0.0 0.0 0.0 0.2 9.4 -999.9 -999.9 -999.9 -999.9 -999.9 SGB/CPRM_-_Passo_Tainhas_(634_m) -999.9 -999.9 -999.9 -999.9 -999.9 -999.9 -999.9 -999.9 Brasil SGB/CPRM -999.9 0.0 0.0 1.05 1.22 1.01 -1 -0.12 1.22 1.31 1.52 2.77
-28.86805 -50.45611 86160000 2026-09-06_10:00 -999.9 -999.9 -999.9 -999.9 -999.9 -999.9 -999.9 -999.9 -999.9 -999.9 -999.9 -999.9 -999.9 -999.9 -999.9 -999.9 0.0 0.0 0.0 0.0 0.2 9.4 -999.9 -999.9 -999.9 -999.9 -999.9 SGB/CPRM_-_Passo_Tainhas_(634_m) -999.9 -999.9 -999.9 -999.9 -999.9 -999.9 -999.9 -999.9 Brasil SGB/CPRM -999.9 0.0 0.0 1.04 1.22 1.01 1 0.03 1.22 1.31 1.52 2.77
-28.86805 -50.45611 86160000 2026-09-06_10:15 -999.9 -999.9 -999.9 -999.9 -999.9 -999.9 -999.9 -999.9 -999.9 -999.9 -999.9 -999.9 -999.9 -999.9 -999.9 -999.9 0.0 0.0 0.0 0.0 0.2 9.4 -999.9 -999.9 -999.9 -999.9 -999.9 SGB/CPRM_-_Passo_Tainhas_(634_m) -999.9 -999.9 -999.9 -999.9 -999.9 -999.9 -999.9 -999.9 Brasil SGB/CPRM -999.9 0.0 0.0 1.05 1.22 1.01 0 0 1.22 1.31 1.52 2.77
-28.86805 -50.45611 86160000 2026-09-06_10:30 -999.9 -999.9 -999.9 -999.9 -999.9 -999.9 -999.9 -999.9 -999.9 -999.9 -999.9 -999.9 -999.9 -999.9 -999.9 -999.9 0.0 0.0 0.0 0.0 0.2 9.4 -999.9 -999.9 -999.9 -999.9 -999.9 SGB/CPRM_-_Passo_Tainhas_(634_m) -999.9 -999.9 -999.9 -999.9 -999.9 -999.9 -999.9 -999.9 Brasil SGB/CPRM -999.9 0.0 0.0 1 1.22 1 -1 -0.05 1.22 1.31 1.52 2.77
-28.86805 -50.45611 86160000 2026-09-06_10:45 -999.9 -999.9 -999.9 -999.9 -999.9 -999.9 -999.9 -999.9 -999.9 -999.9 -999.9 -999.9 -999.9 -999.9 -999.9 -999.9 0.0 0.0 0.0 0.0 0.2 9.4 -999.9 -999.9 -999.9 -999.9 -999.9 SGB/CPRM_-_Passo_Tainhas_(634_m) -999.9 -999.9 -999.9 -999.9 -999.9 -999.9 -999.9 -999.9 Brasil SGB/CPRM -999.9 0.0 0.0 1.01 1.22 1 -1 -0.04 1.22 1.31 1.52 2.77
-28.86805 -50.45611 86160000 2026-09-06_11:00 -999.9 -999.9 -999.9 -999.9 -999.9 -999.9 -999.9 -999.9 -999.9 -999.9 -999.9 -999.9 -999.9 -999.9 -999.9 -999.9 0.0 0.0 0.0 0.0 0.2 9.4 -999.9 -999.9 -999.9 -999.9 -999.9 SGB/CPRM_-_Passo_Tainhas_(634_m) -999.9 -999.9 -999.9 -999.9 -999.9 -999.9 -999.9 -999.9 Brasil SGB/CPRM -999.9 0.0 0.0 1.03 1.22 1 -1 -0.01 1.22 1.31 1.52 2.77
-28.86805 -50.45611 86160000 2026-09-06_11:15 -999.9 -999.9 -999.9 -999.9 -999.9 -999.9 -999.9 -999.9 -999.9 -999.9 -999.9 -999.9 -999.9 -999.9 -999.9 -999.9 0.0 0.0 0.0 0.0 0.2 9.4 -999.9 -999.9 -999.9 -999.9 -999.9 SGB/CPRM_-_Passo_Tainhas_(634_m) -999.9 -999.9 -999.9 -999.9 -999.9 -999.9 -999.9 -999.9 Brasil SGB/CPRM -999.9 0.0 0.0 1.06 1.22 1 -1 0.01 1.22 1.31 1.52 2.77
-28.86805 -50.45611 86160000 2026-09-06_11:30 -999.9 -999.9 -999.9 -999.9 -999.9 -999.9 -999.9 -999.9 -999.9 -999.9 -999.9 -999.9 -999.9 -999.9 -999.9 -999.9 0.0 0.0 0.0 0.0 0.2 9.4 -999.9 -999.9 -999.9 -999.9 -999.9 SGB/CPRM_-_Passo_Tainhas_(634_m) -999.9 -999.9 -999.9 -999.9 -999.9 -999.9 -999.9 -999.9 Brasil SGB/CPRM -999.9 0.0 0.0 1.06 1.22 1 1 0.06 1.22 1.31 1.52 2.77
-28.86805 -50.45611 86160000 2026-09-06_11:45 -999.9 -999.9 -999.9 -999.9 -999.9 -999.9 -999.9 -999.9 -999.9 -999.9 -999.9 -999.9 -999.9 -999.9 -999.9 -999.9 0.0 0.0 0.0 0.0 0.2 9.4 -999.9 -999.9 -999.9 -999.9 -999.9 SGB/CPRM_-_Passo_Tainhas_(634_m) -999.9 -999.9 -999.9 -999.9 -999.9 -999.9 -999.9 -999.9 Brasil SGB/CPRM -999.9 0.0 0.0 1.03 1.22 1 1 0.02 1.22 1.31 1.52 2.77
-28.86805 -50.45611 86160000 2026-09-06_12:00 -999.9 -999.9 -999.9 -999.9 -999.9 -999.9 -999.9 -999.9 -999.9 -999.9 -999.9 -999.9 -999.9 -999.9 -999.9 -999.9 0.0 0.0 0.0 0.0 0.2 9.4 -999.9 -999.9 -999.9 -999.9 -999.9 SGB/CPRM_-_Passo_Tainhas_(634_m) -999.9 -999.9 -999.9 -999.9 -999.9 -999.9 -999.9 -999.9 Brasil SGB/CPRM -999.9 0.0 0.0 1.04 1.22 1 1 0.01 1.22 1.31 1.52 2.77
-28.86805 -50.45611 86160000 2026-09-06_12:15 -999.9 -999.9 -999.9 -999.9 -999.9 -999.9 -999.9 -999.9 -999.9 -999.9 -999.9 -999.9 -999.9 -999.9 -999.9 -999.9 0.0 0.0 0.0 0.0 0.2 9.4 -999.9 -999.9 -999.9 -999.9 -999.9 SGB/CPRM_-_Passo_Tainhas_(634_m) -999.9 -999.9 -999.9 -999.9 -999.9 -999.9 -999.9 -999.9 Brasil SGB/CPRM -999.9 0.0 0.0 1.02 1.22 1 -1 -0.04 1.22 1.31 1.52 2.77
-28.86805 -50.45611 86160000 2026-09-06_12:30 -999.9 -999.9 -999.9 -999.9 -999.9 -999.9 -999.9 -999.9 -999.9 -999.9 -999.9 -999.9 -999.9 -999.9 -999.9 -999.9 0.0 0.0 0.0 0.0 0.2 9.4 -999.9 -999.9 -999.9 -999.9 -999.9 SGB/CPRM_-_Passo_Tainhas_(634_m) -999.9 -999.9 -999.9 -999.9 -999.9 -999.9 -999.9 -999.9 Brasil SGB/CPRM -999.9 0.0 0.0 1.03 1.22 1 -1 -0.03 1.22 1.31 1.52 2.77
-28.86805 -50.45611 86160000 2026-09-06_12:45 -999.9 -999.9 -999.9 -999.9 -999.9 -999.9 -999.9 -999.9 -999.9 -999.9 -999.9 -999.9 -999.9 -999.9 -999.9 -999.9 0.0 0.0 0.0 0.0 0.2 9.4 -999.9 -999.9 -999.9 -999.9 -999.9 SGB/CPRM_-_Passo_Tainhas_(634_m) -999.9 -999.9 -999.9 -999.9 -999.9 -999.9 -999.9 -999.9 Brasil SGB/CPRM -999.9 0.0 0.0 1.04 1.22 1 0 0.01 1.22 1.31 1.52 2.77
-28.86805 -50.45611 86160000 2026-09-06_13:00 -999.9 -999.9 -999.9 -999.9 -999.9 -999.9 -999.9 -999.9 -999.9 -999.9 -999.9 -999.9 -999.9 -999.9 -999.9 -999.9 0.0 0.0 0.0 0.0 0.2 9.4 -999.9 -999.9 -999.9 -999.9 -999.9 SGB/CPRM_-_Passo_Tainhas_(634_m) -999.9 -999.9 -999.9 -999.9 -999.9 -999.9 -999.9 -999.9 Brasil SGB/CPRM -999.9 0.0 0.0 1.02 1.22 1 0 -0.02 1.22 1.31 1.52 2.77
-28.86805 -50.45611 86160000 2026-09-06_13:15 -999.9 -999.9 -999.9 -999.9 -999.9 -999.9 -999.9 -999.9 -999.9 -999.9 -999.9 -999.9 -999.9 -999.9 -999.9 -999.9 0.0 0.0 0.0 0.0 0.2 9.4 -999.9 -999.9 -999.9 -999.9 -999.9 SGB/CPRM_-_Passo_Tainhas_(634_m) -999.9 -999.9 -999.9 -999.9 -999.9 -999.9 -999.9 -999.9 Brasil SGB/CPRM -999.9 0.0 0.0 1.03 1.22 1 1 0.01 1.22 1.31 1.52 2.77
-28.86805 -50.45611 86160000 2026-09-06_13:30 -999.9 -999.9 -999.9 -999.9 -999.9 -999.9 -999.9 -999.9 -999.9 -999.9 -999.9 -999.9 -999.9 -999.9 -999.9 -999.9 0.0 0.0 0.0 0.0 0.2 9.4 -999.9 -999.9 -999.9 -999.9 -999.9 SGB/CPRM_-_Passo_Tainhas_(634_m) -999.9 -999.9 -999.9 -999.9 -999.9 -999.9 -999.9 -999.9 Brasil SGB/CPRM -999.9 0.0 0.0 1.03 1.22 1 0 0 1.22 1.31 1.52 2.77
-28.86805 -50.45611 86160000 2026-09-06_13:45 -999.9 -999.9 -999.9 -999.9 -999.9 -999.9 -999.9 -999.9 -999.9 -999.9 -999.9 -999.9 -999.9 -999.9 -999.9 -999.9 0.0 0.0 0.0 0.0 0.2 9.4 -999.9 -999.9 -999.9 -999.9 -999.9 SGB/CPRM_-_Passo_Tainhas_(634_m) -999.9 -999.9 -999.9 -999.9 -999.9 -999.9 -999.9 -999.9 Brasil SGB/CPRM -999.9 0.0 0.0 1.03 1.22 1 0 -0.01 1.22 1.31 1.52 2.77
-28.86805 -50.45611 86160000 2026-09-06_14:00 -999.9 -999.9 -999.9 -999.9 -999.9 -999.9 -999.9 -999.9 -999.9 -999.9 -999.9 -999.9 -999.9 -999.9 -999.9 -999.9 0.0 0.0 0.0 0.0 0.2 9.4 -999.9 -999.9 -999.9 -999.9 -999.9 SGB/CPRM_-_Passo_Tainhas_(634_m) -999.9 -999.9 -999.9 -999.9 -999.9 -999.9 -999.9 -999.9 Brasil SGB/CPRM -999.9 0.0 0.0 1.03 1.22 1 1 0.01 1.22 1.31 1.52 2.77
-28.86805 -50.45611 86160000 2026-09-06_14:15 -999.9 -999.9 -999.9 -999.9 -999.9 -999.9 -999.9 -999.9 -999.9 -999.9 -999.9 -999.9 -999.9 -999.9 -999.9 -999.9 0.0 0.0 0.0 0.0 0.2 9.4 -999.9 -999.9 -999.9 -999.9 -999.9 SGB/CPRM_-_Passo_Tainhas_(634_m) -999.9 -999.9 -999.9 -999.9 -999.9 -999.9 -999.9 -999.9 Brasil SGB/CPRM -999.9 0.0 0.0 1.03 1.22 1 0 0 1.22 1.31 1.52 2.77
-28.86805 -50.45611 86160000 2026-09-06_14:30 -999.9 -999.9 -999.9 -999.9 -999.9 -999.9 -999.9 -999.9 -999.9 -999.9 -999.9 -999.9 -999.9 -999.9 -999.9 -999.9 0.0 0.0 0.0 0.0 0.2 9.4 -999.9 -999.9 -999.9 -999.9 -999.9 SGB/CPRM_-_Passo_Tainhas_(634_m) -999.9 -999.9 -999.9 -999.9 -999.9 -999.9 -999.9 -999.9 Brasil SGB/CPRM -999.9 0.0 0.0 1.03 1.22 1 0 0 1.22 1.31 1.52 2.77
-28.86805 -50.45611 86160000 2026-09-06_14:45 -999.9 -999.9 -999.9 -999.9 -999.9 -999.9 -999.9 -999.9 -999.9 -999.9 -999.9 -999.9 -999.9 -999.9 -999.9 -999.9 0.0 0.0 0.0 0.0 0.2 9.4 -999.9 -999.9 -999.9 -999.9 -999.9 SGB/CPRM_-_Passo_Tainhas_(634_m) -999.9 -999.9 -999.9 -999.9 -999.9 -999.9 -999.9 -999.9 Brasil SGB/CPRM -999.9 0.0 0.0 1.03 1.22 1 0 0 1.22 1.31 1.52 2.77
-28.86805 -50.45611 86160000 2026-09-06_15:00 -999.9 -999.9 -999.9 -999.9 -999.9 -999.9 -999.9 -999.9 -999.9 -999.9 -999.9 -999.9 -999.9 -999.9 -999.9 -999.9 0.0 0.0 0.0 0.0 0.2 9.4 -999.9 -999.9 -999.9 -999.9 -999.9 SGB/CPRM_-_Passo_Tainhas_(634_m) -999.9 -999.9 -999.9 -999.9 -999.9 -999.9 -999.9 -999.9 Brasil SGB/CPRM -999.9 0.0 0.0 1.03 1.22 1 0 0 1.22 1.31 1.52 2.77
-28.86805 -50.45611 86160000 2026-09-06_15:15 -999.9 -999.9 -999.9 -999.9 -999.9 -999.9 -999.9 -999.9 -999.9 -999.9 -999.9 -999.9 -999.9 -999.9 -999.9 -999.9 0.0 0.0 0.0 0.0 0.2 9.4 -999.9 -999.9 -999.9 -999.9 -999.9 SGB/CPRM_-_Passo_Tainhas_(634_m) -999.9 -999.9 -999.9 -999.9 -999.9 -999.9 -999.9 -999.9 Brasil SGB/CPRM -999.9 0.0 0.0 1.03 1.22 1 0 0 1.22 1.31 1.52 2.77
-28.86805 -50.45611 86160000 2026-09-06_15:30 -999.9 -999.9 -999.9 -999.9 -999.9 -999.9 -999.9 -999.9 -999.9 -999.9 -999.9 -999.9 -999.9 -999.9 -999.9 -999.9 0.0 0.0 0.0 0.0 0.2 9.4 -999.9 -999.9 -999.9 -999.9 -999.9 SGB/CPRM_-_Passo_Tainhas_(634_m) -999.9 -999.9 -999.9 -999.9 -999.9 -999.9 -999.9 -999.9 Brasil SGB/CPRM -999.9 0.0 0.0 1.03 1.22 1 0 0 1.22 1.31 1.52 2.77
-28.86805 -50.45611 86160000 2026-09-06_15:45 -999.9 -999.9 -999.9 -999.9 -999.9 -999.9 -999.9 -999.9 -999.9 -999.9 -999.9 -999.9 -999.9 -999.9 -999.9 -999.9 0.0 0.0 0.0 0.0 0.2 9.4 -999.9 -999.9 -999.9 -999.9 -999.9 SGB/CPRM_-_Passo_Tainhas_(634_m) -999.9 -999.9 -999.9 -999.9 -999.9 -999.9 -999.9 -999.9 Brasil SGB/CPRM -999.9 0.0 0.0 1.03 1.22 1 0 0 1.22 1.31 1.52 2.77
-28.86805 -50.45611 86160000 2026-09-06_16:00 -999.9 -999.9 -999.9 -999.9 -999.9 -999.9 -999.9 -999.9 -999.9 -999.9 -999.9 -999.9 -999.9 -999.9 -999.9 -999.9 0.0 0.0 0.0 0.0 0.2 9.4 -999.9 -999.9 -999.9 -999.9 -999.9 SGB/CPRM_-_Passo_Tainhas_(634_m) -999.9 -999.9 -999.9 -999.9 -999.9 -999.9 -999.9 -999.9 Brasil SGB/CPRM -999.9 0.0 0.0 1.02 1.22 1 0 -0.01 1.22 1.31 1.52 2.77
-28.86805 -50.45611 86160000 2026-09-06_16:15 -999.9 -999.9 -999.9 -999.9 -999.9 -999.9 -999.9 -999.9 -999.9 -999.9 -999.9 -999.9 -999.9 -999.9 -999.9 -999.9 0.0 0.0 0.0 0.0 0.2 9.4 -999.9 -999.9 -999.9 -999.9 -999.9 SGB/CPRM_-_Passo_Tainhas_(634_m) -999.9 -999.9 -999.9 -999.9 -999.9 -999.9 -999.9 -999.9 Brasil SGB/CPRM -999.9 0.0 0.0 1.02 1.22 1 0 -0.01 1.22 1.31 1.52 2.77
-28.86805 -50.45611 86160000 2026-09-06_16:30 -999.9 -999.9 -999.9 -999.9 -999.9 -999.9 -999.9 -999.9 -999.9 -999.9 -999.9 -999.9 -999.9 -999.9 -999.9 -999.9 0.0 0.0 0.0 0.0 0.2 9.4 -999.9 -999.9 -999.9 -999.9 -999.9 SGB/CPRM_-_Passo_Tainhas_(634_m) -999.9 -999.9 -999.9 -999.9 -999.9 -999.9 -999.9 -999.9 Brasil SGB/CPRM -999.9 0.0 0.0 1.03 1.22 1 0 0 1.22 1.31 1.52 2.77
-28.86805 -50.45611 86160000 2026-09-06_16:45 -999.9 -999.9 -999.9 -999.9 -999.9 -999.9 -999.9 -999.9 -999.9 -999.9 -999.9 -999.9 -999.9 -999.9 -999.9 -999.9 0.0 0.0 0.0 0.0 0.2 9.4 -999.9 -999.9 -999.9 -999.9 -999.9 SGB/CPRM_-_Passo_Tainhas_(634_m) -999.9 -999.9 -999.9 -999.9 -999.9 -999.9 -999.9 -999.9 Brasil SGB/CPRM -999.9 0.0 0.0 1.03 1.22 1 0 0 1.22 1.31 1.52 2.77
-28.86805 -50.45611 86160000 2026-09-06_17:00 -999.9 -999.9 -999.9 -999.9 -999.9 -999.9 -999.9 -999.9 -999.9 -999.9 -999.9 -999.9 -999.9 -999.9 -999.9 -999.9 0.0 0.0 0.0 0.0 0.2 9.4 -999.9 -999.9 -999.9 -999.9 -999.9 SGB/CPRM_-_Passo_Tainhas_(634_m) -999.9 -999.9 -999.9 -999.9 -999.9 -999.9 -999.9 -999.9 Brasil SGB/CPRM -999.9 0.0 0.0 1.03 1.22 1 1 0.01 1.22 1.31 1.52 2.77
-28.86805 -50.45611 86160000 2026-09-06_17:15 -999.9 -999.9 -999.9 -999.9 -999.9 -999.9 -999.9 -999.9 -999.9 -999.9 -999.9 -999.9 -999.9 -999.9 -999.9 -999.9 0.0 0.0 0.0 0.0 0.2 9.4 -999.9 -999.9 -999.9 -999.9 -999.9 SGB/CPRM_-_Passo_Tainhas_(634_m) -999.9 -999.9 -999.9 -999.9 -999.9 -999.9 -999.9 -999.9 Brasil SGB/CPRM -999.9 0.0 0.0 1.03 1.22 1 1 0.01 1.22 1.31 1.52 2.77
-28.86805 -50.45611 86160000 2026-09-06_17:30 -999.9 -999.9 -999.9 -999.9 -999.9 -999.9 -999.9 -999.9 -999.9 -999.9 -999.9 -999.9 -999.9 -999.9 -999.9 -999.9 0.0 0.0 0.0 0.0 0.2 9.4 -999.9 -999.9 -999.9 -999.9 -999.9 SGB/CPRM_-_Passo_Tainhas_(634_m) -999.9 -999.9 -999.9 -999.9 -999.9 -999.9 -999.9 -999.9 Brasil SGB/CPRM -999.9 0.0 0.0 1.02 1.22 1 0 -0.01 1.22 1.31 1.52 2.77
-28.86805 -50.45611 86160000 2026-09-06_17:45 -999.9 -999.9 -999.9 -999.9 -999.9 -999.9 -999.9 -999.9 -999.9 -999.9 -999.9 -999.9 -999.9 -999.9 -999.9 -999.9 0.0 0.0 0.0 0.0 0.2 9.4 -999.9 -999.9 -999.9 -999.9 -999.9 SGB/CPRM_-_Passo_Tainhas_(634_m) -999.9 -999.9 -999.9 -999.9 -999.9 -999.9 -999.9 -999.9 Brasil SGB/CPRM -999.9 0.0 0.0 1.02 1.22 1 0 -0.01 1.22 1.31 1.52 2.77
-28.86805 -50.45611 86160000 2026-09-06_18:00 -999.9 -999.9 -999.9 -999.9 -999.9 -999.9 -999.9 -999.9 -999.9 -999.9 -999.9 -999.9 -999.9 -999.9 -999.9 -999.9 0.0 0.0 0.0 0.0 0.2 9.4 -999.9 -999.9 -999.9 -999.9 -999.9 SGB/CPRM_-_Passo_Tainhas_(634_m) -999.9 -999.9 -999.9 -999.9 -999.9 -999.9 -999.9 -999.9 Brasil SGB/CPRM -999.9 0.0 0.0 1.02 1.22 1 -1 -0.01 1.22 1.31 1.52 2.77
-28.86805 -50.45611 86160000 2026-09-06_18:15 -999.9 -999.9 -999.9 -999.9 -999.9 -999.9 -999.9 -999.9 -999.9 -999.9 -999.9 -999.9 -999.9 -999.9 -999.9 -999.9 0.0 0.0 0.0 0.0 0.2 9.4 -999.9 -999.9 -999.9 -999.9 -999.9 SGB/CPRM_-_Passo_Tainhas_(634_m) -999.9 -999.9 -999.9 -999.9 -999.9 -999.9 -999.9 -999.9 Brasil SGB/CPRM -999.9 0.0 0.0 1.02 1.22 1 -1 -0.01 1.22 1.31 1.52 2.77
-28.86805 -50.45611 86160000 2026-09-06_18:30 -999.9 -999.9 -999.9 -999.9 -999.9 -999.9 -999.9 -999.9 -999.9 -999.9 -999.9 -999.9 -999.9 -999.9 -999.9 -999.9 0.0 0.0 0.0 0.0 0.2 9.4 -999.9 -999.9 -999.9 -999.9 -999.9 SGB/CPRM_-_Passo_Tainhas_(634_m) -999.9 -999.9 -999.9 -999.9 -999.9 -999.9 -999.9 -999.9 Brasil SGB/CPRM -999.9 0.0 0.0 1.02 1.22 1 0 0 1.22 1.31 1.52 2.77
-28.86805 -50.45611 86160000 2026-09-06_18:45 -999.9 -999.9 -999.9 -999.9 -999.9 -999.9 -999.9 -999.9 -999.9 -999.9 -999.9 -999.9 -999.9 -999.9 -999.9 -999.9 0.0 0.0 0.0 0.0 0.2 9.4 -999.9 -999.9 -999.9 -999.9 -999.9 SGB/CPRM_-_Passo_Tainhas_(634_m) -999.9 -999.9 -999.9 -999.9 -999.9 -999.9 -999.9 -999.9 Brasil SGB/CPRM -999.9 0.0 0.0 1.01 1.22 1 0 -0.01 1.22 1.31 1.52 2.77
-28.86805 -50.45611 86160000 2026-09-06_19:00 -999.9 -999.9 -999.9 -999.9 -999.9 -999.9 -999.9 -999.9 -999.9 -999.9 -999.9 -999.9 -999.9 -999.9 -999.9 -999.9 0.0 0.0 0.0 0.0 0.2 9.4 -999.9 -999.9 -999.9 -999.9 -999.9 SGB/CPRM_-_Passo_Tainhas_(634_m) -999.9 -999.9 -999.9 -999.9 -999.9 -999.9 -999.9 -999.9 Brasil SGB/CPRM -999.9 0.0 0.0 1.01 1.22 1 0 -0.01 1.22 1.31 1.52 2.77
-28.86805 -50.45611 86160000 2026-09-06_19:15 -999.9 -999.9 -999.9 -999.9 -999.9 -999.9 -999.9 -999.9 -999.9 -999.9 -999.9 -999.9 -999.9 -999.9 -999.9 -999.9 0.0 0.0 0.0 0.0 0.2 9.4 -999.9 -999.9 -999.9 -999.9 -999.9 SGB/CPRM_-_Passo_Tainhas_(634_m) -999.9 -999.9 -999.9 -999.9 -999.9 -999.9 -999.9 -999.9 Brasil SGB/CPRM -999.9 0.0 0.0 1.02 1.22 1 0 0 1.22 1.31 1.52 2.77
-28.86805 -50.45611 86160000 2026-09-06_19:30 -999.9 -999.9 -999.9 -999.9 -999.9 -999.9 -999.9 -999.9 -999.9 -999.9 -999.9 -999.9 -999.9 -999.9 -999.9 -999.9 0.0 0.0 0.0 0.0 0.2 9.4 -999.9 -999.9 -999.9 -999.9 -999.9 SGB/CPRM_-_Passo_Tainhas_(634_m) -999.9 -999.9 -999.9 -999.9 -999.9 -999.9 -999.9 -999.9 Brasil SGB/CPRM -999.9 0.0 0.0 1.02 1.22 1 0 0 1.22 1.31 1.52 2.77
-28.86805 -50.45611 86160000 2026-09-06_19:45 -999.9 -999.9 -999.9 -999.9 -999.9 -999.9 -999.9 -999.9 -999.9 -999.9 -999.9 -999.9 -999.9 -999.9 -999.9 -999.9 0.0 0.0 0.0 0.0 0.2 9.4 -999.9 -999.9 -999.9 -999.9 -999.9 SGB/CPRM_-_Passo_Tainhas_(634_m) -999.9 -999.9 -999.9 -999.9 -999.9 -999.9 -999.9 -999.9 Brasil SGB/CPRM -999.9 0.0 0.0 1.02 1.22 1 1 0.01 1.22 1.31 1.52 2.77
-28.86805 -50.45611 86160000 2026-09-06_20:15 -999.9 -999.9 -999.9 -999.9 -999.9 -999.9 -999.9 -999.9 -999.9 -999.9 -999.9 -999.9 -999.9 -999.9 -999.9 -999.9 0.0 0.0 0.0 0.0 0.2 9.4 -999.9 -999.9 -999.9 -999.9 -999.9 SGB/CPRM_-_Passo_Tainhas_(634_m) -999.9 -999.9 -999.9 -999.9 -999.9 -999.9 -999.9 -999.9 Brasil SGB/CPRM -999.9 0.0 0.0 -999.9 1.22 1 0 0 1.22 1.31 1.52 2.77
-28.86805 -50.45611 86160000 2026-09-06_20:30 -999.9 -999.9 -999.9 -999.9 -999.9 -999.9 -999.9 -999.9 -999.9 -999.9 -999.9 -999.9 -999.9 -999.9 -999.9 -999.9 0.0 0.0 0.0 0.0 0.2 9.4 -999.9 -999.9 -999.9 -999.9 -999.9 SGB/CPRM_-_Passo_Tainhas_(634_m) -999.9 -999.9 -999.9 -999.9 -999.9 -999.9 -999.9 -999.9 Brasil SGB/CPRM -999.9 0.0 0.0 -999.9 1.22 1 0 0 1.22 1.31 1.52 2.77
-28.86805 -50.45611 86160000 2026-09-06_20:45 -999.9 -999.9 -999.9 -999.9 -999.9 -999.9 -999.9 -999.9 -999.9 -999.9 -999.9 -999.9 -999.9 -999.9 -999.9 -999.9 0.0 0.0 0.0 0.0 0.2 9.4 -999.9 -999.9 -999.9 -999.9 -999.9 SGB/CPRM_-_Passo_Tainhas_(634_m) -999.9 -999.9 -999.9 -999.9 -999.9 -999.9 -999.9 -999.9 Brasil SGB/CPRM -999.9 0.0 0.0 -999.9 1.22 1 0 0 1.22 1.31 1.52 2.77
-28.86805 -50.45611 86160000 2026-09-06_21:00 -999.9 -999.9 -999.9 -999.9 -999.9 -999.9 -999.9 -999.9 -999.9 -999.9 -999.9 -999.9 -999.9 -999.9 -999.9 -999.9 0.0 0.0 0.0 0.0 0.2 9.4 -999.9 -999.9 -999.9 -999.9 -999.9 SGB/CPRM_-_Passo_Tainhas_(634_m) -999.9 -999.9 -999.9 -999.9 -999.9 -999.9 -999.9 -999.9 Brasil SGB/CPRM -999.9 0.0 0.0 1.01 1.22 1 0 0 1.22 1.31 1.52 2.77
-28.86805 -50.45611 86160000 2026-09-06_21:15 -999.9 -999.9 -999.9 -999.9 -999.9 -999.9 -999.9 -999.9 -999.9 -999.9 -999.9 -999.9 -999.9 -999.9 -999.9 -999.9 0.0 0.0 0.0 0.0 0.2 9.4 -999.9 -999.9 -999.9 -999.9 -999.9 SGB/CPRM_-_Passo_Tainhas_(634_m) -999.9 -999.9 -999.9 -999.9 -999.9 -999.9 -999.9 -999.9 Brasil SGB/CPRM -999.9 0.0 0.0 1.01 1.22 1 0 0 1.22 1.31 1.52 2.77
-28.86805 -50.45611 86160000 2026-09-06_21:30 -999.9 -999.9 -999.9 -999.9 -999.9 -999.9 -999.9 -999.9 -999.9 -999.9 -999.9 -999.9 -999.9 -999.9 -999.9 -999.9 0.0 0.0 0.0 0.0 0.2 9.4 -999.9 -999.9 -999.9 -999.9 -999.9 SGB/CPRM_-_Passo_Tainhas_(634_m) -999.9 -999.9 -999.9 -999.9 -999.9 -999.9 -999.9 -999.9 Brasil SGB/CPRM -999.9 0.0 0.0 1.01 1.22 1 0 0 1.22 1.31 1.52 2.77
-28.86805 -50.45611 86160000 2026-09-06_21:45 -999.9 -999.9 -999.9 -999.9 -999.9 -999.9 -999.9 -999.9 -999.9 -999.9 -999.9 -999.9 -999.9 -999.9 -999.9 -999.9 0.0 0.0 0.0 0.0 0.2 9.4 -999.9 -999.9 -999.9 -999.9 -999.9 SGB/CPRM_-_Passo_Tainhas_(634_m) -999.9 -999.9 -999.9 -999.9 -999.9 -999.9 -999.9 -999.9 Brasil SGB/CPRM -999.9 0.0 0.0 1.01 1.22 1 0 0 1.22 1.31 1.52 2.77
