-28.62942 -51.57527 17819 2026-09-15_00:10 -999.9 -999.9 -999.9 -999.9 -999.9 -999.9 -999.9 -999.9 -999.9 -999.9 -999.9 -999.9 -999.9 -999.9 -999.9 -999.9 -999.9 0.0 -999.9 1.2 52.4 105.4 -999.9 -999.9 -999.9 -999.9 -999.9 CEMADEN_-_André_da_Rocha_-_G2-430066101A_(707_m) -999.9 -999.9 -999.9 -999.9 -999.9 -999.9 -999.9 -999.9 Rio_Grande_do_Sul CEMADEN -999.9 0.0 -999.9
-28.62942 -51.57527 17819 2026-09-15_01:10 -999.9 -999.9 -999.9 -999.9 -999.9 -999.9 -999.9 -999.9 -999.9 -999.9 -999.9 -999.9 -999.9 -999.9 -999.9 -999.9 -999.9 0.0 -999.9 1.2 52.4 105.4 -999.9 -999.9 -999.9 -999.9 -999.9 CEMADEN_-_André_da_Rocha_-_G2-430066101A_(707_m) -999.9 -999.9 -999.9 -999.9 -999.9 -999.9 -999.9 -999.9 Rio_Grande_do_Sul CEMADEN -999.9 0.0 -999.9
-28.62942 -51.57527 17819 2026-09-15_02:10 -999.9 -999.9 -999.9 -999.9 -999.9 -999.9 -999.9 -999.9 -999.9 -999.9 -999.9 -999.9 -999.9 -999.9 -999.9 -999.9 -999.9 -2.2 -999.9 1.0 50.2 103.2 -999.9 -999.9 -999.9 -999.9 -999.9 CEMADEN_-_André_da_Rocha_-_G2-430066101A_(707_m) -999.9 -999.9 -999.9 -999.9 -999.9 -999.9 -999.9 -999.9 Rio_Grande_do_Sul CEMADEN -999.9 -2.2 -999.9
-28.62942 -51.57527 17819 2026-09-15_03:10 -999.9 -999.9 -999.9 -999.9 -999.9 -999.9 -999.9 -999.9 -999.9 -999.9 -999.9 -999.9 -999.9 -999.9 -999.9 -999.9 -999.9 -8.2 -999.9 0.6 44.2 97.2 -999.9 -999.9 -999.9 -999.9 -999.9 CEMADEN_-_André_da_Rocha_-_G2-430066101A_(707_m) -999.9 -999.9 -999.9 -999.9 -999.9 -999.9 -999.9 -999.9 Rio_Grande_do_Sul CEMADEN -999.9 -6.0 -999.9
-28.62942 -51.57527 17819 2026-09-15_04:10 -999.9 -999.9 -999.9 -999.9 -999.9 -999.9 -999.9 -999.9 -999.9 -999.9 -999.9 -999.9 -999.9 -999.9 -999.9 -999.9 -999.9 -8.4 -999.9 0.4 44.0 97.0 -999.9 -999.9 -999.9 -999.9 -999.9 CEMADEN_-_André_da_Rocha_-_G2-430066101A_(707_m) -999.9 -999.9 -999.9 -999.9 -999.9 -999.9 -999.9 -999.9 Rio_Grande_do_Sul CEMADEN -999.9 -0.2 -999.9
-28.62942 -51.57527 17819 2026-09-15_05:10 -999.9 -999.9 -999.9 -999.9 -999.9 -999.9 -999.9 -999.9 -999.9 -999.9 -999.9 -999.9 -999.9 -999.9 -999.9 -999.9 -999.9 -12.8 -999.9 0.4 39.6 92.6 -999.9 -999.9 -999.9 -999.9 -999.9 CEMADEN_-_André_da_Rocha_-_G2-430066101A_(707_m) -999.9 -999.9 -999.9 -999.9 -999.9 -999.9 -999.9 -999.9 Rio_Grande_do_Sul CEMADEN -999.9 -4.4 -999.9
-28.62942 -51.57527 17819 2026-09-15_06:10 -999.9 -999.9 -999.9 -999.9 -999.9 -999.9 -999.9 -999.9 -999.9 -999.9 -999.9 -999.9 -999.9 -999.9 -999.9 -999.9 -999.9 -13.0 -999.9 0.4 39.4 92.4 -999.9 -999.9 -999.9 -999.9 -999.9 CEMADEN_-_André_da_Rocha_-_G2-430066101A_(707_m) -999.9 -999.9 -999.9 -999.9 -999.9 -999.9 -999.9 -999.9 Rio_Grande_do_Sul CEMADEN -999.9 -0.2 -999.9
-28.62942 -51.57527 17819 2026-09-15_07:10 -999.9 -999.9 -999.9 -999.9 -999.9 -999.9 -999.9 -999.9 -999.9 -999.9 -999.9 -999.9 -999.9 -999.9 -999.9 -999.9 -999.9 -13.0 -999.9 0.4 39.4 92.4 -999.9 -999.9 -999.9 -999.9 -999.9 CEMADEN_-_André_da_Rocha_-_G2-430066101A_(707_m) -999.9 -999.9 -999.9 -999.9 -999.9 -999.9 -999.9 -999.9 Rio_Grande_do_Sul CEMADEN -999.9 0.0 -999.9
-28.62942 -51.57527 17819 2026-09-15_08:10 -999.9 -999.9 -999.9 -999.9 -999.9 -999.9 -999.9 -999.9 -999.9 -999.9 -999.9 -999.9 -999.9 -999.9 -999.9 -999.9 -999.9 -14.4 -999.9 0.4 38.0 91.0 -999.9 -999.9 -999.9 -999.9 -999.9 CEMADEN_-_André_da_Rocha_-_G2-430066101A_(707_m) -999.9 -999.9 -999.9 -999.9 -999.9 -999.9 -999.9 -999.9 Rio_Grande_do_Sul CEMADEN -999.9 -1.4 -999.9
-28.62942 -51.57527 17819 2026-09-15_09:10 -999.9 -999.9 -999.9 -999.9 -999.9 -999.9 -999.9 -999.9 -999.9 -999.9 -999.9 -999.9 -999.9 -999.9 -999.9 -999.9 -999.9 -16.8 -999.9 0.2 35.6 88.6 -999.9 -999.9 -999.9 -999.9 -999.9 CEMADEN_-_André_da_Rocha_-_G2-430066101A_(707_m) -999.9 -999.9 -999.9 -999.9 -999.9 -999.9 -999.9 -999.9 Rio_Grande_do_Sul CEMADEN -999.9 -2.4 -999.9
-28.62942 -51.57527 17819 2026-09-15_10:10 -999.9 -999.9 -999.9 -999.9 -999.9 -999.9 -999.9 -999.9 -999.9 -999.9 -999.9 -999.9 -999.9 -999.9 -999.9 -999.9 -999.9 -22.4 -999.9 0.2 30.0 83.0 -999.9 -999.9 -999.9 -999.9 -999.9 CEMADEN_-_André_da_Rocha_-_G2-430066101A_(707_m) -999.9 -999.9 -999.9 -999.9 -999.9 -999.9 -999.9 -999.9 Rio_Grande_do_Sul CEMADEN -999.9 -5.6 -999.9
-28.62942 -51.57527 17819 2026-09-15_11:10 -999.9 -999.9 -999.9 -999.9 -999.9 -999.9 -999.9 -999.9 -999.9 -999.9 -999.9 -999.9 -999.9 -999.9 -999.9 -999.9 -999.9 -27.0 -999.9 0.2 25.4 78.4 -999.9 -999.9 -999.9 -999.9 -999.9 CEMADEN_-_André_da_Rocha_-_G2-430066101A_(707_m) -999.9 -999.9 -999.9 -999.9 -999.9 -999.9 -999.9 -999.9 Rio_Grande_do_Sul CEMADEN -999.9 -4.6 -999.9
-28.62942 -51.57527 17819 2026-09-15_12:10 -999.9 -999.9 -999.9 -999.9 -999.9 -999.9 -999.9 -999.9 -999.9 -999.9 -999.9 -999.9 -999.9 -999.9 -999.9 -999.9 -999.9 -34.0 -999.9 0.2 18.4 71.4 -999.9 -999.9 -999.9 -999.9 -999.9 CEMADEN_-_André_da_Rocha_-_G2-430066101A_(707_m) -999.9 -999.9 -999.9 -999.9 -999.9 -999.9 -999.9 -999.9 Rio_Grande_do_Sul CEMADEN -999.9 -7.0 -999.9
-28.62942 -51.57527 17819 2026-09-15_13:10 -999.9 -999.9 -999.9 -999.9 -999.9 -999.9 -999.9 -999.9 -999.9 -999.9 -999.9 -999.9 -999.9 -999.9 -999.9 -999.9 -999.9 -43.4 -999.9 0.2 9.0 62.0 -999.9 -999.9 -999.9 -999.9 -999.9 CEMADEN_-_André_da_Rocha_-_G2-430066101A_(707_m) -999.9 -999.9 -999.9 -999.9 -999.9 -999.9 -999.9 -999.9 Rio_Grande_do_Sul CEMADEN -999.9 -9.4 -999.9
-28.62942 -51.57527 17819 2026-09-15_14:10 -999.9 -999.9 -999.9 -999.9 -999.9 -999.9 -999.9 -999.9 -999.9 -999.9 -999.9 -999.9 -999.9 -999.9 -999.9 -999.9 -999.9 -50.2 -999.9 0.2 2.2 55.2 -999.9 -999.9 -999.9 -999.9 -999.9 CEMADEN_-_André_da_Rocha_-_G2-430066101A_(707_m) -999.9 -999.9 -999.9 -999.9 -999.9 -999.9 -999.9 -999.9 Rio_Grande_do_Sul CEMADEN -999.9 -6.8 -999.9
-28.62942 -51.57527 17819 2026-09-15_15:10 -999.9 -999.9 -999.9 -999.9 -999.9 -999.9 -999.9 -999.9 -999.9 -999.9 -999.9 -999.9 -999.9 -999.9 -999.9 -999.9 -999.9 -50.8 -999.9 0.2 1.6 54.6 -999.9 -999.9 -999.9 -999.9 -999.9 CEMADEN_-_André_da_Rocha_-_G2-430066101A_(707_m) -999.9 -999.9 -999.9 -999.9 -999.9 -999.9 -999.9 -999.9 Rio_Grande_do_Sul CEMADEN -999.9 -0.6 -999.9
-28.62942 -51.57527 17819 2026-09-15_16:10 -999.9 -999.9 -999.9 -999.9 -999.9 -999.9 -999.9 -999.9 -999.9 -999.9 -999.9 -999.9 -999.9 -999.9 -999.9 -999.9 -999.9 -50.8 -999.9 -999.9 1.6 54.6 -999.9 -999.9 -999.9 -999.9 -999.9 CEMADEN_-_André_da_Rocha_-_G2-430066101A_(707_m) -999.9 -999.9 -999.9 -999.9 -999.9 -999.9 -999.9 -999.9 Rio_Grande_do_Sul CEMADEN -999.9 0.0 -999.9
-28.62942 -51.57527 17819 2026-09-15_17:10 -999.9 -999.9 -999.9 -999.9 -999.9 -999.9 -999.9 -999.9 -999.9 -999.9 -999.9 -999.9 -999.9 -999.9 -999.9 -999.9 -999.9 -50.8 -999.9 -999.9 1.6 54.6 -999.9 -999.9 -999.9 -999.9 -999.9 CEMADEN_-_André_da_Rocha_-_G2-430066101A_(707_m) -999.9 -999.9 -999.9 -999.9 -999.9 -999.9 -999.9 -999.9 Rio_Grande_do_Sul CEMADEN -999.9 0.0 -999.9
-28.62942 -51.57527 17819 2026-09-15_18:10 -999.9 -999.9 -999.9 -999.9 -999.9 -999.9 -999.9 -999.9 -999.9 -999.9 -999.9 -999.9 -999.9 -999.9 -999.9 -999.9 -999.9 -50.8 -999.9 -999.9 1.6 54.6 -999.9 -999.9 -999.9 -999.9 -999.9 CEMADEN_-_André_da_Rocha_-_G2-430066101A_(707_m) -999.9 -999.9 -999.9 -999.9 -999.9 -999.9 -999.9 -999.9 Rio_Grande_do_Sul CEMADEN -999.9 0.0 -999.9
-28.62942 -51.57527 17819 2026-09-15_19:10 -999.9 -999.9 -999.9 -999.9 -999.9 -999.9 -999.9 -999.9 -999.9 -999.9 -999.9 -999.9 -999.9 -999.9 -999.9 -999.9 -999.9 -50.8 -999.9 -999.9 1.6 54.6 -999.9 -999.9 -999.9 -999.9 -999.9 CEMADEN_-_André_da_Rocha_-_G2-430066101A_(707_m) -999.9 -999.9 -999.9 -999.9 -999.9 -999.9 -999.9 -999.9 Rio_Grande_do_Sul CEMADEN -999.9 0.0 -999.9
-28.62942 -51.57527 17819 2026-09-15_20:10 -999.9 -999.9 -999.9 -999.9 -999.9 -999.9 -999.9 -999.9 -999.9 -999.9 -999.9 -999.9 -999.9 -999.9 -999.9 -999.9 -999.9 -50.8 -999.9 -999.9 1.6 54.6 -999.9 -999.9 -999.9 -999.9 -999.9 CEMADEN_-_André_da_Rocha_-_G2-430066101A_(707_m) -999.9 -999.9 -999.9 -999.9 -999.9 -999.9 -999.9 -999.9 Rio_Grande_do_Sul CEMADEN -999.9 0.0 -999.9
-28.62942 -51.57527 17819 2026-09-15_21:10 -999.9 -999.9 -999.9 -999.9 -999.9 -999.9 -999.9 -999.9 -999.9 -999.9 -999.9 -999.9 -999.9 -999.9 -999.9 -999.9 -999.9 -50.8 -999.9 -999.9 1.6 54.6 -999.9 -999.9 -999.9 -999.9 -999.9 CEMADEN_-_André_da_Rocha_-_G2-430066101A_(707_m) -999.9 -999.9 -999.9 -999.9 -999.9 -999.9 -999.9 -999.9 Rio_Grande_do_Sul CEMADEN -999.9 0.0 -999.9
-28.62942 -51.57527 17819 2026-09-15_22:10 -999.9 -999.9 -999.9 -999.9 -999.9 -999.9 -999.9 -999.9 -999.9 -999.9 -999.9 -999.9 -999.9 -999.9 -999.9 -999.9 -999.9 -50.8 -999.9 -999.9 1.6 54.6 -999.9 -999.9 -999.9 -999.9 -999.9 CEMADEN_-_André_da_Rocha_-_G2-430066101A_(707_m) -999.9 -999.9 -999.9 -999.9 -999.9 -999.9 -999.9 -999.9 Rio_Grande_do_Sul CEMADEN -999.9 0.0 -999.9
-28.62942 -51.57527 17819 2026-09-15_23:10 -999.9 -999.9 -999.9 -999.9 -999.9 -999.9 -999.9 -999.9 -999.9 -999.9 -999.9 -999.9 -999.9 -999.9 -999.9 -999.9 -999.9 -51.0 -999.9 -999.9 1.4 54.4 -999.9 -999.9 -999.9 -999.9 -999.9 CEMADEN_-_André_da_Rocha_-_G2-430066101A_(707_m) -999.9 -999.9 -999.9 -999.9 -999.9 -999.9 -999.9 -999.9 Rio_Grande_do_Sul CEMADEN -999.9 -0.2 -999.9
