-29.12927 -51.159296 EPAGRI-2417 2026-08-23_00:00 2.0 2.3 1.8 97.4 98.6 96.7 1.6 -999.9 -999.9 -999.9 -999.9 -999.9 -999.9 -999.9 -999.9 -999.9 0.0 0.0 0.0 1.3 9.2 19.1 13.8 -0.4 100.0 46.1 -999.9 EPAGRI_-_Caxias_do_Sul_-_BASF_(830_m) -999.9 -999.9 -999.9 -999.9 -999.9 -999.9 -999.9 -999.9 Rio_Grande_do_Sul EPAGRI -999.9 -999.9 -999.9
-29.12927 -51.159296 EPAGRI-2417 2026-08-23_01:00 2.3 2.5 2.0 91.3 97.5 90.0 1.0 -999.9 -999.9 -999.9 -999.9 -999.9 -999.9 -999.9 -999.9 -999.9 0.0 0.0 0.0 1.3 9.2 19.1 13.8 -0.4 100.0 46.1 -999.9 EPAGRI_-_Caxias_do_Sul_-_BASF_(830_m) -999.9 -999.9 -999.9 -999.9 -999.9 -999.9 -999.9 -999.9 Rio_Grande_do_Sul EPAGRI -999.9 -999.9 -999.9
-29.12927 -51.159296 EPAGRI-2417 2026-08-23_02:00 0.6 2.5 0.6 98.2 98.2 91.1 0.4 -999.9 -999.9 -999.9 -999.9 -999.9 -999.9 -999.9 -999.9 -999.9 0.0 0.0 0.0 1.3 9.2 19.1 13.8 -0.4 100.0 46.1 -999.9 EPAGRI_-_Caxias_do_Sul_-_BASF_(830_m) -999.9 -999.9 -999.9 -999.9 -999.9 -999.9 -999.9 -999.9 Rio_Grande_do_Sul EPAGRI -999.9 -999.9 -999.9
-29.12927 -51.159296 EPAGRI-2417 2026-08-23_03:00 0.6 0.9 0.3 100.0 100.0 98.2 0.6 -999.9 -999.9 -999.9 -999.9 -999.9 -999.9 -999.9 -999.9 -999.9 0.0 0.0 0.0 1.3 9.2 19.1 13.8 -0.4 100.0 46.1 -999.9 EPAGRI_-_Caxias_do_Sul_-_BASF_(830_m) -999.9 -999.9 -999.9 -999.9 -999.9 -999.9 -999.9 -999.9 Rio_Grande_do_Sul EPAGRI -999.9 -999.9 -999.9
-29.12927 -51.159296 EPAGRI-2417 2026-08-23_04:00 0.6 1.0 0.3 100.0 100.0 100.0 0.6 -999.9 -999.9 -999.9 -999.9 -999.9 -999.9 -999.9 -999.9 -999.9 0.0 0.0 0.0 1.3 9.2 19.1 13.8 -0.4 100.0 46.1 -999.9 EPAGRI_-_Caxias_do_Sul_-_BASF_(830_m) -999.9 -999.9 -999.9 -999.9 -999.9 -999.9 -999.9 -999.9 Rio_Grande_do_Sul EPAGRI -999.9 -999.9 -999.9
-29.12927 -51.159296 EPAGRI-2417 2026-08-23_05:00 0.7 1.1 0.6 99.6 100.0 99.1 0.7 -999.9 -999.9 -999.9 -999.9 -999.9 -999.9 -999.9 -999.9 -999.9 0.0 0.0 0.0 1.3 9.2 19.1 13.8 -0.4 100.0 46.1 -999.9 EPAGRI_-_Caxias_do_Sul_-_BASF_(830_m) -999.9 -999.9 -999.9 -999.9 -999.9 -999.9 -999.9 -999.9 Rio_Grande_do_Sul EPAGRI -999.9 -999.9 -999.9
-29.12927 -51.159296 EPAGRI-2417 2026-08-23_06:00 0.7 0.8 0.6 100.0 100.0 99.4 0.7 -999.9 -999.9 -999.9 -999.9 -999.9 -999.9 -999.9 -999.9 -999.9 0.0 0.0 0.0 1.3 9.2 19.1 13.8 -0.4 100.0 46.1 -999.9 EPAGRI_-_Caxias_do_Sul_-_BASF_(830_m) -999.9 -999.9 -999.9 -999.9 -999.9 -999.9 -999.9 -999.9 Rio_Grande_do_Sul EPAGRI -999.9 -999.9 -999.9
-29.12927 -51.159296 EPAGRI-2417 2026-08-23_07:00 -0.2 0.7 -0.4 100.0 100.0 99.5 -0.2 -999.9 -999.9 -999.9 -999.9 -999.9 -999.9 -999.9 -999.9 -999.9 0.0 0.0 0.0 1.3 9.2 19.1 13.8 -0.4 100.0 46.1 -999.9 EPAGRI_-_Caxias_do_Sul_-_BASF_(830_m) -999.9 -999.9 -999.9 -999.9 -999.9 -999.9 -999.9 -999.9 Rio_Grande_do_Sul EPAGRI -999.9 -999.9 -999.9
-29.12927 -51.159296 EPAGRI-2417 2026-08-23_08:00 5.2 5.3 -0.4 93.5 100.0 93.5 4.2 -999.9 -999.9 -999.9 -999.9 -999.9 -999.9 -999.9 -999.9 -999.9 0.0 0.0 0.0 1.3 9.2 19.1 13.8 -0.4 100.0 46.1 -999.9 EPAGRI_-_Caxias_do_Sul_-_BASF_(830_m) -999.9 -999.9 -999.9 -999.9 -999.9 -999.9 -999.9 -999.9 Rio_Grande_do_Sul EPAGRI -999.9 -999.9 -999.9
-29.12927 -51.159296 EPAGRI-2417 2026-08-23_09:00 5.5 5.7 4.7 86.1 93.5 85.8 3.3 -999.9 -999.9 -999.9 -999.9 -999.9 -999.9 -999.9 -999.9 -999.9 0.0 0.0 0.0 1.3 9.2 19.1 13.8 -0.4 100.0 46.1 -999.9 EPAGRI_-_Caxias_do_Sul_-_BASF_(830_m) -999.9 -999.9 -999.9 -999.9 -999.9 -999.9 -999.9 -999.9 Rio_Grande_do_Sul EPAGRI -999.9 -999.9 -999.9
-29.12927 -51.159296 EPAGRI-2417 2026-08-23_10:00 6.6 7.3 5.3 77.3 87.1 77.1 2.9 -999.9 -999.9 -999.9 -999.9 -999.9 -999.9 -999.9 -999.9 -999.9 0.0 0.0 0.0 1.3 9.2 19.1 13.8 -0.4 100.0 46.1 -999.9 EPAGRI_-_Caxias_do_Sul_-_BASF_(830_m) -999.9 -999.9 -999.9 -999.9 -999.9 -999.9 -999.9 -999.9 Rio_Grande_do_Sul EPAGRI -999.9 -999.9 -999.9
-29.12927 -51.159296 EPAGRI-2417 2026-08-23_11:00 8.6 8.6 6.5 69.3 79.2 65.9 3.2 -999.9 -999.9 -999.9 -999.9 -999.9 -999.9 -999.9 -999.9 -999.9 0.0 0.0 0.0 1.3 9.2 19.1 13.8 -0.4 100.0 46.1 -999.9 EPAGRI_-_Caxias_do_Sul_-_BASF_(830_m) -999.9 -999.9 -999.9 -999.9 -999.9 -999.9 -999.9 -999.9 Rio_Grande_do_Sul EPAGRI -999.9 -999.9 -999.9
-29.12927 -51.159296 EPAGRI-2417 2026-08-23_12:00 9.9 11.0 8.2 52.2 70.2 49.4 0.4 -999.9 -999.9 -999.9 -999.9 -999.9 -999.9 -999.9 -999.9 -999.9 0.0 0.0 0.0 1.3 9.2 19.1 13.8 -0.4 100.0 46.1 -999.9 EPAGRI_-_Caxias_do_Sul_-_BASF_(830_m) -999.9 -999.9 -999.9 -999.9 -999.9 -999.9 -999.9 -999.9 Rio_Grande_do_Sul EPAGRI -999.9 -999.9 -999.9
-29.12927 -51.159296 EPAGRI-2417 2026-08-23_13:00 10.8 11.4 9.7 51.2 56.8 46.1 1.0 -999.9 -999.9 -999.9 -999.9 -999.9 -999.9 -999.9 -999.9 -999.9 0.0 0.0 0.0 1.3 9.2 19.1 13.8 -0.4 100.0 46.1 -999.9 EPAGRI_-_Caxias_do_Sul_-_BASF_(830_m) -999.9 -999.9 -999.9 -999.9 -999.9 -999.9 -999.9 -999.9 Rio_Grande_do_Sul EPAGRI -999.9 -999.9 -999.9
-29.12927 -51.159296 EPAGRI-2417 2026-08-23_14:00 12.4 13.4 10.6 50.2 54.4 46.8 2.2 -999.9 -999.9 -999.9 -999.9 -999.9 -999.9 -999.9 -999.9 -999.9 0.0 0.0 0.0 1.3 9.2 19.1 13.8 -0.4 100.0 46.1 -999.9 EPAGRI_-_Caxias_do_Sul_-_BASF_(830_m) -999.9 -999.9 -999.9 -999.9 -999.9 -999.9 -999.9 -999.9 Rio_Grande_do_Sul EPAGRI -999.9 -999.9 -999.9
-29.12927 -51.159296 EPAGRI-2417 2026-08-23_15:00 12.1 13.8 11.9 54.7 55.3 47.1 3.2 -999.9 -999.9 -999.9 -999.9 -999.9 -999.9 -999.9 -999.9 -999.9 0.0 0.0 0.0 1.3 9.2 19.1 13.8 -0.4 100.0 46.1 -999.9 EPAGRI_-_Caxias_do_Sul_-_BASF_(830_m) -999.9 -999.9 -999.9 -999.9 -999.9 -999.9 -999.9 -999.9 Rio_Grande_do_Sul EPAGRI -999.9 -999.9 -999.9
-29.12927 -51.159296 EPAGRI-2417 2026-08-23_16:00 11.5 12.4 11.4 55.9 59.9 54.1 2.9 -999.9 -999.9 -999.9 -999.9 -999.9 -999.9 -999.9 -999.9 -999.9 0.0 0.0 0.0 1.3 9.2 19.1 13.8 -0.4 100.0 46.1 -999.9 EPAGRI_-_Caxias_do_Sul_-_BASF_(830_m) -999.9 -999.9 -999.9 -999.9 -999.9 -999.9 -999.9 -999.9 Rio_Grande_do_Sul EPAGRI -999.9 -999.9 -999.9
-29.12927 -51.159296 EPAGRI-2417 2026-08-23_17:00 9.6 11.5 9.6 62.4 62.6 54.3 2.7 -999.9 -999.9 -999.9 -999.9 -999.9 -999.9 -999.9 -999.9 -999.9 0.0 0.0 0.0 1.3 9.2 19.1 13.8 -0.4 100.0 46.1 -999.9 EPAGRI_-_Caxias_do_Sul_-_BASF_(830_m) -999.9 -999.9 -999.9 -999.9 -999.9 -999.9 -999.9 -999.9 Rio_Grande_do_Sul EPAGRI -999.9 -999.9 -999.9
-29.12927 -51.159296 EPAGRI-2417 2026-08-23_18:00 7.1 9.7 7.1 69.6 69.6 62.4 1.9 -999.9 -999.9 -999.9 -999.9 -999.9 -999.9 -999.9 -999.9 -999.9 0.0 0.0 0.0 1.3 9.2 19.1 13.8 -0.4 100.0 46.1 -999.9 EPAGRI_-_Caxias_do_Sul_-_BASF_(830_m) -999.9 -999.9 -999.9 -999.9 -999.9 -999.9 -999.9 -999.9 Rio_Grande_do_Sul EPAGRI -999.9 -999.9 -999.9
-29.12927 -51.159296 EPAGRI-2417 2026-08-23_19:00 5.7 7.2 5.6 77.7 77.7 69.6 2.0 -999.9 -999.9 -999.9 -999.9 -999.9 -999.9 -999.9 -999.9 -999.9 0.0 0.0 0.0 1.3 9.2 19.1 13.8 -0.4 100.0 46.1 -999.9 EPAGRI_-_Caxias_do_Sul_-_BASF_(830_m) -999.9 -999.9 -999.9 -999.9 -999.9 -999.9 -999.9 -999.9 Rio_Grande_do_Sul EPAGRI -999.9 -999.9 -999.9
-29.12927 -51.159296 EPAGRI-2417 2026-08-23_20:00 4.6 5.7 4.6 83.0 83.6 77.7 1.9 -999.9 -999.9 -999.9 -999.9 -999.9 -999.9 -999.9 -999.9 -999.9 0.0 0.0 0.0 1.3 9.2 19.1 13.8 -0.4 100.0 46.1 -999.9 EPAGRI_-_Caxias_do_Sul_-_BASF_(830_m) -999.9 -999.9 -999.9 -999.9 -999.9 -999.9 -999.9 -999.9 Rio_Grande_do_Sul EPAGRI -999.9 -999.9 -999.9
-29.12927 -51.159296 EPAGRI-2417 2026-08-23_21:00 4.2 4.7 4.0 82.8 87.9 81.5 1.5 -999.9 -999.9 -999.9 -999.9 -999.9 -999.9 -999.9 -999.9 -999.9 0.0 0.0 0.0 1.3 9.2 19.1 13.8 -0.4 100.0 46.1 -999.9 EPAGRI_-_Caxias_do_Sul_-_BASF_(830_m) -999.9 -999.9 -999.9 -999.9 -999.9 -999.9 -999.9 -999.9 Rio_Grande_do_Sul EPAGRI -999.9 -999.9 -999.9
-29.12927 -51.159296 EPAGRI-2417 2026-08-23_23:00 2.7 3.3 2.7 89.0 89.0 82.4 1.1 -999.9 -999.9 -999.9 -999.9 -999.9 -999.9 -999.9 -999.9 -999.9 0.0 0.0 0.0 1.3 9.2 19.1 13.8 -0.4 100.0 46.1 -999.9 EPAGRI_-_Caxias_do_Sul_-_BASF_(830_m) -999.9 -999.9 -999.9 -999.9 -999.9 -999.9 -999.9 -999.9 Rio_Grande_do_Sul EPAGRI -999.9 -999.9 -999.9
