-29.153611 -51.865278 B859 2026-08-14_00:00 14.3 14.4 14.2 95 98 95 13.5 -999.9 -999.9 -999.9 -999.9 -999.9 3.6 249 7.2 -999.9 0.0 0.0 27.7 70.7 72.1 72.1 19.0 13.6 98.0 74.0 15.1 INMET_-_MUCUM_(197_m) -999.9 -999.9 -999.9 -999.9 -999.9 -999.9 -999.9 -999.9 Rio_Grande_do_Sul INMET -999.9 -999.9 -999.9
-29.153611 -51.865278 B859 2026-08-14_01:00 14.3 14.4 14.3 97 97 95 13.8 -999.9 -999.9 -999.9 -999.9 -999.9 1.4 194 5.0 -999.9 0.0 0.0 27.7 70.7 72.1 72.1 19.0 13.6 98.0 74.0 15.1 INMET_-_MUCUM_(197_m) -999.9 -999.9 -999.9 -999.9 -999.9 -999.9 -999.9 -999.9 Rio_Grande_do_Sul INMET -999.9 -999.9 -999.9
-29.153611 -51.865278 B859 2026-08-14_02:00 14.1 14.3 14.1 96 97 96 13.5 -999.9 -999.9 -999.9 -999.9 -999.9 2.5 218 7.2 -999.9 0.0 0.0 27.7 70.7 72.1 72.1 19.0 13.6 98.0 74.0 15.1 INMET_-_MUCUM_(197_m) -999.9 -999.9 -999.9 -999.9 -999.9 -999.9 -999.9 -999.9 Rio_Grande_do_Sul INMET -999.9 -999.9 -999.9
-29.153611 -51.865278 B859 2026-08-14_03:00 13.9 14.1 13.9 98 98 96 13.6 -999.9 -999.9 -999.9 -999.9 -999.9 2.2 228 10.8 -999.9 0.0 0.0 27.7 70.7 72.1 72.1 19.0 13.6 98.0 74.0 15.1 INMET_-_MUCUM_(197_m) -999.9 -999.9 -999.9 -999.9 -999.9 -999.9 -999.9 -999.9 Rio_Grande_do_Sul INMET -999.9 -999.9 -999.9
-29.153611 -51.865278 B859 2026-08-14_04:00 13.9 13.9 13.8 98 98 97 13.6 -999.9 -999.9 -999.9 -999.9 -999.9 1.8 236 6.1 -999.9 0.0 0.0 27.7 70.7 72.1 72.1 19.0 13.6 98.0 74.0 15.1 INMET_-_MUCUM_(197_m) -999.9 -999.9 -999.9 -999.9 -999.9 -999.9 -999.9 -999.9 Rio_Grande_do_Sul INMET -999.9 -999.9 -999.9
-29.153611 -51.865278 B859 2026-08-14_05:00 13.8 13.9 13.8 97 98 97 13.3 -999.9 -999.9 -999.9 -999.9 -999.9 0.7 241 5.0 -999.9 0.0 0.0 27.7 70.7 72.1 72.1 19.0 13.6 98.0 74.0 15.1 INMET_-_MUCUM_(197_m) -999.9 -999.9 -999.9 -999.9 -999.9 -999.9 -999.9 -999.9 Rio_Grande_do_Sul INMET -999.9 -999.9 -999.9
-29.153611 -51.865278 B859 2026-08-14_06:00 13.8 13.9 13.8 96 98 96 13.2 -999.9 -999.9 -999.9 -999.9 -999.9 1.8 157 8.6 -999.9 0.0 0.0 27.7 70.7 72.1 72.1 19.0 13.6 98.0 74.0 15.1 INMET_-_MUCUM_(197_m) -999.9 -999.9 -999.9 -999.9 -999.9 -999.9 -999.9 -999.9 Rio_Grande_do_Sul INMET -999.9 -999.9 -999.9
-29.153611 -51.865278 B859 2026-08-14_07:00 13.6 13.8 13.6 96 97 96 13.0 -999.9 -999.9 -999.9 -999.9 -999.9 2.9 210 11.5 -999.9 0.0 0.0 27.7 70.7 72.1 72.1 19.0 13.6 98.0 74.0 15.1 INMET_-_MUCUM_(197_m) -999.9 -999.9 -999.9 -999.9 -999.9 -999.9 -999.9 -999.9 Rio_Grande_do_Sul INMET -999.9 -999.9 -999.9
-29.153611 -51.865278 B859 2026-08-14_08:00 13.9 13.9 13.6 94 97 94 12.9 -999.9 -999.9 -999.9 -999.9 -999.9 3.2 252 7.2 -999.9 0.0 0.0 27.7 70.7 72.1 72.1 19.0 13.6 98.0 74.0 15.1 INMET_-_MUCUM_(197_m) -999.9 -999.9 -999.9 -999.9 -999.9 -999.9 -999.9 -999.9 Rio_Grande_do_Sul INMET -999.9 -999.9 -999.9
-29.153611 -51.865278 B859 2026-08-14_09:00 15.3 15.3 13.9 90 95 88 13.7 -999.9 -999.9 -999.9 -999.9 -999.9 2.5 256 7.9 -999.9 0.0 0.0 27.7 70.7 72.1 72.1 19.0 13.6 98.0 74.0 15.1 INMET_-_MUCUM_(197_m) -999.9 -999.9 -999.9 -999.9 -999.9 -999.9 -999.9 -999.9 Rio_Grande_do_Sul INMET -999.9 -999.9 -999.9
-29.153611 -51.865278 B859 2026-08-14_10:00 15.9 15.9 15.1 85 89 82 13.4 -999.9 -999.9 -999.9 -999.9 -999.9 3.6 110 11.5 -999.9 0.0 0.0 27.7 70.7 72.1 72.1 19.0 13.6 98.0 74.0 15.1 INMET_-_MUCUM_(197_m) -999.9 -999.9 -999.9 -999.9 -999.9 -999.9 -999.9 -999.9 Rio_Grande_do_Sul INMET -999.9 -999.9 -999.9
-29.153611 -51.865278 B859 2026-08-14_11:00 16.4 16.4 15.8 83 87 81 13.5 -999.9 -999.9 -999.9 -999.9 -999.9 4.0 125 10.1 -999.9 0.0 0.0 27.7 70.7 72.1 72.1 19.0 13.6 98.0 74.0 15.1 INMET_-_MUCUM_(197_m) -999.9 -999.9 -999.9 -999.9 -999.9 -999.9 -999.9 -999.9 Rio_Grande_do_Sul INMET -999.9 -999.9 -999.9
-29.153611 -51.865278 B859 2026-08-14_12:00 17.2 17.2 16.4 80 84 80 13.7 -999.9 -999.9 -999.9 -999.9 -999.9 2.9 115 12.6 -999.9 0.0 0.0 27.7 70.7 72.1 72.1 19.0 13.6 98.0 74.0 15.1 INMET_-_MUCUM_(197_m) -999.9 -999.9 -999.9 -999.9 -999.9 -999.9 -999.9 -999.9 Rio_Grande_do_Sul INMET -999.9 -999.9 -999.9
-29.153611 -51.865278 B859 2026-08-14_13:00 17.7 17.7 17.2 79 84 77 14.0 -999.9 -999.9 -999.9 -999.9 -999.9 4.0 129 14.0 -999.9 0.0 0.0 27.7 70.7 72.1 72.1 19.0 13.6 98.0 74.0 15.1 INMET_-_MUCUM_(197_m) -999.9 -999.9 -999.9 -999.9 -999.9 -999.9 -999.9 -999.9 Rio_Grande_do_Sul INMET -999.9 -999.9 -999.9
-29.153611 -51.865278 B859 2026-08-14_14:00 18.4 18.6 17.8 80 82 75 14.9 -999.9 -999.9 -999.9 -999.9 -999.9 3.2 235 15.1 -999.9 0.0 0.0 27.7 70.7 72.1 72.1 19.0 13.6 98.0 74.0 15.1 INMET_-_MUCUM_(197_m) -999.9 -999.9 -999.9 -999.9 -999.9 -999.9 -999.9 -999.9 Rio_Grande_do_Sul INMET -999.9 -999.9 -999.9
-29.153611 -51.865278 B859 2026-08-14_15:00 18.1 19 18.1 80 81 74 14.6 -999.9 -999.9 -999.9 -999.9 -999.9 4.3 248 15.1 -999.9 0.0 0.0 27.7 70.7 72.1 72.1 19.0 13.6 98.0 74.0 15.1 INMET_-_MUCUM_(197_m) -999.9 -999.9 -999.9 -999.9 -999.9 -999.9 -999.9 -999.9 Rio_Grande_do_Sul INMET -999.9 -999.9 -999.9
-29.153611 -51.865278 B859 2026-08-14_16:00 17.8 18.4 17.8 82 83 79 14.7 -999.9 -999.9 -999.9 -999.9 -999.9 2.9 65 11.9 -999.9 0.0 0.0 27.7 70.7 72.1 72.1 19.0 13.6 98.0 74.0 15.1 INMET_-_MUCUM_(197_m) -999.9 -999.9 -999.9 -999.9 -999.9 -999.9 -999.9 -999.9 Rio_Grande_do_Sul INMET -999.9 -999.9 -999.9
-29.153611 -51.865278 B859 2026-08-14_17:00 17.3 17.8 17.3 86 88 81 14.9 -999.9 -999.9 -999.9 -999.9 -999.9 2.9 250 8.6 -999.9 0.0 0.0 27.7 70.7 72.1 72.1 19.0 13.6 98.0 74.0 15.1 INMET_-_MUCUM_(197_m) -999.9 -999.9 -999.9 -999.9 -999.9 -999.9 -999.9 -999.9 Rio_Grande_do_Sul INMET -999.9 -999.9 -999.9
-29.153611 -51.865278 B859 2026-08-14_18:00 17.1 17.3 17.1 86 90 85 14.7 -999.9 -999.9 -999.9 -999.9 -999.9 2.9 258 7.6 -999.9 0.0 0.0 27.7 70.7 72.1 72.1 19.0 13.6 98.0 74.0 15.1 INMET_-_MUCUM_(197_m) -999.9 -999.9 -999.9 -999.9 -999.9 -999.9 -999.9 -999.9 Rio_Grande_do_Sul INMET -999.9 -999.9 -999.9
-29.153611 -51.865278 B859 2026-08-14_19:00 16.3 17.1 16.1 94 95 86 15.3 -999.9 -999.9 -999.9 -999.9 -999.9 4.0 185 7.6 -999.9 0.0 0.0 27.7 70.7 72.1 72.1 19.0 13.6 98.0 74.0 15.1 INMET_-_MUCUM_(197_m) -999.9 -999.9 -999.9 -999.9 -999.9 -999.9 -999.9 -999.9 Rio_Grande_do_Sul INMET -999.9 -999.9 -999.9
-29.153611 -51.865278 B859 2026-08-14_20:00 16.2 16.6 16.2 95 96 90 15.4 -999.9 -999.9 -999.9 -999.9 -999.9 3.2 343 7.6 -999.9 0.0 0.0 27.7 70.7 72.1 72.1 19.0 13.6 98.0 74.0 15.1 INMET_-_MUCUM_(197_m) -999.9 -999.9 -999.9 -999.9 -999.9 -999.9 -999.9 -999.9 Rio_Grande_do_Sul INMET -999.9 -999.9 -999.9
-29.153611 -51.865278 B859 2026-08-14_21:00 15.8 16.3 15.8 96 97 93 15.2 -999.9 -999.9 -999.9 -999.9 -999.9 1.8 239 7.6 -999.9 0.0 0.0 27.7 70.7 72.1 72.1 19.0 13.6 98.0 74.0 15.1 INMET_-_MUCUM_(197_m) -999.9 -999.9 -999.9 -999.9 -999.9 -999.9 -999.9 -999.9 Rio_Grande_do_Sul INMET -999.9 -999.9 -999.9
-29.153611 -51.865278 B859 2026-08-14_22:00 15.6 16 15.6 98 98 95 15.3 -999.9 -999.9 -999.9 -999.9 -999.9 6.5 198 11.5 -999.9 0.0 0.0 27.7 70.7 72.1 72.1 19.0 13.6 98.0 74.0 15.1 INMET_-_MUCUM_(197_m) -999.9 -999.9 -999.9 -999.9 -999.9 -999.9 -999.9 -999.9 Rio_Grande_do_Sul INMET -999.9 -999.9 -999.9
-29.153611 -51.865278 B859 2026-08-14_23:00 16 16.1 15.6 96 98 95 15.4 -999.9 -999.9 -999.9 -999.9 -999.9 4.0 251 11.9 -999.9 0.0 0.0 27.7 70.7 72.1 72.1 19.0 13.6 98.0 74.0 15.1 INMET_-_MUCUM_(197_m) -999.9 -999.9 -999.9 -999.9 -999.9 -999.9 -999.9 -999.9 Rio_Grande_do_Sul INMET -999.9 -999.9 -999.9
