-28.748611 -50.057778 A829 2026-07-24_00:00 6.6 6.9 6.4 96 99 93 6.0 -999.9 -999.9 -999.9 -999.9 -999.9 13.3 94 23.0 -999.9 0.0 0.0 3.6 21.2 51.2 62.0 10.3 6.4 100.0 92.0 30.6 INMET_-_SAO_JOSE_DOS_AUSENTES_(1229_m) -999.9 -999.9 -999.9 -999.9 -999.9 -999.9 -999.9 -999.9 Rio_Grande_do_Sul INMET -999.9 -999.9 -999.9
-28.748611 -50.057778 A829 2026-07-24_01:00 6.8 7 6.6 93 95 92 5.7 -999.9 -999.9 -999.9 -999.9 -999.9 19.1 76 25.2 -999.9 0.0 0.0 3.6 21.2 51.2 62.0 10.3 6.4 100.0 92.0 30.6 INMET_-_SAO_JOSE_DOS_AUSENTES_(1229_m) -999.9 -999.9 -999.9 -999.9 -999.9 -999.9 -999.9 -999.9 Rio_Grande_do_Sul INMET -999.9 -999.9 -999.9
-28.748611 -50.057778 A829 2026-07-24_02:00 6.8 7 6.5 95 100 92 6.0 -999.9 -999.9 -999.9 -999.9 -999.9 20.2 72 26.3 -999.9 0.0 0.0 3.6 21.2 51.2 62.0 10.3 6.4 100.0 92.0 30.6 INMET_-_SAO_JOSE_DOS_AUSENTES_(1229_m) -999.9 -999.9 -999.9 -999.9 -999.9 -999.9 -999.9 -999.9 Rio_Grande_do_Sul INMET -999.9 -999.9 -999.9
-28.748611 -50.057778 A829 2026-07-24_03:00 6.9 7.2 6.6 100 100 98 6.9 -999.9 -999.9 -999.9 -999.9 -999.9 21.6 89 30.6 -999.9 0.0 0.0 3.6 21.2 51.2 62.0 10.3 6.4 100.0 92.0 30.6 INMET_-_SAO_JOSE_DOS_AUSENTES_(1229_m) -999.9 -999.9 -999.9 -999.9 -999.9 -999.9 -999.9 -999.9 Rio_Grande_do_Sul INMET -999.9 -999.9 -999.9
-28.748611 -50.057778 A829 2026-07-24_04:00 7 7.2 6.7 99 100 97 6.9 -999.9 -999.9 -999.9 -999.9 -999.9 19.8 81 24.8 -999.9 0.0 0.0 3.6 21.2 51.2 62.0 10.3 6.4 100.0 92.0 30.6 INMET_-_SAO_JOSE_DOS_AUSENTES_(1229_m) -999.9 -999.9 -999.9 -999.9 -999.9 -999.9 -999.9 -999.9 Rio_Grande_do_Sul INMET -999.9 -999.9 -999.9
-28.748611 -50.057778 A829 2026-07-24_05:00 7.1 7.3 7 98 100 97 6.8 -999.9 -999.9 -999.9 -999.9 -999.9 -999.9 -999.9 -999.9 -999.9 0.0 0.0 3.6 21.2 51.2 62.0 10.3 6.4 100.0 92.0 30.6 INMET_-_SAO_JOSE_DOS_AUSENTES_(1229_m) -999.9 -999.9 -999.9 -999.9 -999.9 -999.9 -999.9 -999.9 Rio_Grande_do_Sul INMET -999.9 -999.9 -999.9
-28.748611 -50.057778 A829 2026-07-24_06:00 7.1 7.3 7 97 99 96 6.7 -999.9 -999.9 -999.9 -999.9 -999.9 -999.9 -999.9 -999.9 -999.9 0.0 0.0 3.6 21.2 51.2 62.0 10.3 6.4 100.0 92.0 30.6 INMET_-_SAO_JOSE_DOS_AUSENTES_(1229_m) -999.9 -999.9 -999.9 -999.9 -999.9 -999.9 -999.9 -999.9 Rio_Grande_do_Sul INMET -999.9 -999.9 -999.9
-28.748611 -50.057778 A829 2026-07-24_07:00 7 7.2 6.8 99 100 98 6.9 -999.9 -999.9 -999.9 -999.9 -999.9 19.4 74 23.8 -999.9 0.0 0.0 3.6 21.2 51.2 62.0 10.3 6.4 100.0 92.0 30.6 INMET_-_SAO_JOSE_DOS_AUSENTES_(1229_m) -999.9 -999.9 -999.9 -999.9 -999.9 -999.9 -999.9 -999.9 Rio_Grande_do_Sul INMET -999.9 -999.9 -999.9
-28.748611 -50.057778 A829 2026-07-24_08:00 7.3 8 7.1 99 100 96 7.2 -999.9 -999.9 -999.9 -999.9 -999.9 -999.9 -999.9 -999.9 -999.9 0.0 0.0 3.6 21.2 51.2 62.0 10.3 6.4 100.0 92.0 30.6 INMET_-_SAO_JOSE_DOS_AUSENTES_(1229_m) -999.9 -999.9 -999.9 -999.9 -999.9 -999.9 -999.9 -999.9 Rio_Grande_do_Sul INMET -999.9 -999.9 -999.9
-28.748611 -50.057778 A829 2026-07-24_09:00 8.4 9 7.9 96 99 94 7.8 -999.9 -999.9 -999.9 -999.9 -999.9 16.9 71 22.7 -999.9 0.0 0.0 3.6 21.2 51.2 62.0 10.3 6.4 100.0 92.0 30.6 INMET_-_SAO_JOSE_DOS_AUSENTES_(1229_m) -999.9 -999.9 -999.9 -999.9 -999.9 -999.9 -999.9 -999.9 Rio_Grande_do_Sul INMET -999.9 -999.9 -999.9
-28.748611 -50.057778 A829 2026-07-24_10:00 8.7 9 8.4 99 99 -999.9 8.5 -999.9 -999.9 -999.9 -999.9 -999.9 14.8 87 20.2 -999.9 0.0 0.0 3.6 21.2 51.2 62.0 10.3 6.4 100.0 92.0 30.6 INMET_-_SAO_JOSE_DOS_AUSENTES_(1229_m) -999.9 -999.9 -999.9 -999.9 -999.9 -999.9 -999.9 -999.9 Rio_Grande_do_Sul INMET -999.9 -999.9 -999.9
-28.748611 -50.057778 A829 2026-07-24_11:00 9.6 10.3 8.9 96 99 92 9.0 -999.9 -999.9 -999.9 -999.9 -999.9 16.9 100 22.3 -999.9 0.0 0.0 3.6 21.2 51.2 62.0 10.3 6.4 100.0 92.0 30.6 INMET_-_SAO_JOSE_DOS_AUSENTES_(1229_m) -999.9 -999.9 -999.9 -999.9 -999.9 -999.9 -999.9 -999.9 Rio_Grande_do_Sul INMET -999.9 -999.9 -999.9
-28.748611 -50.057778 A829 2026-07-24_18:00 9.1 9.2 9 100 100 100 9.1 -999.9 -999.9 -999.9 -999.9 -999.9 -999.9 -999.9 -999.9 -999.9 0.0 0.0 3.6 21.2 51.2 62.0 10.3 6.4 100.0 92.0 30.6 INMET_-_SAO_JOSE_DOS_AUSENTES_(1229_m) -999.9 -999.9 -999.9 -999.9 -999.9 -999.9 -999.9 -999.9 Rio_Grande_do_Sul INMET -999.9 -999.9 -999.9
-28.748611 -50.057778 A829 2026-07-24_21:00 9.2 9.4 9.1 100 100 100 9.2 -999.9 -999.9 -999.9 -999.9 -999.9 -999.9 -999.9 -999.9 -999.9 0.0 0.0 3.6 21.2 51.2 62.0 10.3 6.4 100.0 92.0 30.6 INMET_-_SAO_JOSE_DOS_AUSENTES_(1229_m) -999.9 -999.9 -999.9 -999.9 -999.9 -999.9 -999.9 -999.9 Rio_Grande_do_Sul INMET -999.9 -999.9 -999.9
-28.748611 -50.057778 A829 2026-07-24_22:00 9.2 9.5 8.7 100 100 100 9.2 -999.9 -999.9 -999.9 -999.9 -999.9 -999.9 -999.9 -999.9 -999.9 0.0 0.0 3.6 21.2 51.2 62.0 10.3 6.4 100.0 92.0 30.6 INMET_-_SAO_JOSE_DOS_AUSENTES_(1229_m) -999.9 -999.9 -999.9 -999.9 -999.9 -999.9 -999.9 -999.9 Rio_Grande_do_Sul INMET -999.9 -999.9 -999.9
-28.748611 -50.057778 A829 2026-07-24_23:00 8.8 9.3 8.3 100 100 100 8.8 -999.9 -999.9 -999.9 -999.9 -999.9 -999.9 -999.9 -999.9 -999.9 0.0 0.0 3.6 21.2 51.2 62.0 10.3 6.4 100.0 92.0 30.6 INMET_-_SAO_JOSE_DOS_AUSENTES_(1229_m) -999.9 -999.9 -999.9 -999.9 -999.9 -999.9 -999.9 -999.9 Rio_Grande_do_Sul INMET -999.9 -999.9 -999.9
