-28.748611 -50.057778 A829 2026-07-14_00:00 4.9 5 4.8 100 100 99 4.9 -999.9 -999.9 -999.9 -999.9 -999.9 19.1 81 25.6 -999.9 0.0 0.0 0.0 0.2 9.0 10.6 13.4 1.8 100.0 62.0 39.6 INMET_-_SAO_JOSE_DOS_AUSENTES_(1229_m) -999.9 -999.9 -999.9 -999.9 -999.9 -999.9 -999.9 -999.9 Rio_Grande_do_Sul INMET -999.9 -999.9 -999.9
-28.748611 -50.057778 A829 2026-07-14_01:00 5.2 5.4 5 99 100 99 5.1 -999.9 -999.9 -999.9 -999.9 -999.9 15.5 45 22.0 -999.9 0.0 0.0 0.0 0.2 9.0 10.6 13.4 1.8 100.0 62.0 39.6 INMET_-_SAO_JOSE_DOS_AUSENTES_(1229_m) -999.9 -999.9 -999.9 -999.9 -999.9 -999.9 -999.9 -999.9 Rio_Grande_do_Sul INMET -999.9 -999.9 -999.9
-28.748611 -50.057778 A829 2026-07-14_02:00 4.1 5 3.3 100 100 99 4.1 -999.9 -999.9 -999.9 -999.9 -999.9 15.8 14 19.1 -999.9 0.0 0.0 0.0 0.2 9.0 10.6 13.4 1.8 100.0 62.0 39.6 INMET_-_SAO_JOSE_DOS_AUSENTES_(1229_m) -999.9 -999.9 -999.9 -999.9 -999.9 -999.9 -999.9 -999.9 Rio_Grande_do_Sul INMET -999.9 -999.9 -999.9
-28.748611 -50.057778 A829 2026-07-14_03:00 3 3.8 2.3 99 100 97 2.9 -999.9 -999.9 -999.9 -999.9 -999.9 15.5 33 19.1 -999.9 0.0 0.0 0.0 0.2 9.0 10.6 13.4 1.8 100.0 62.0 39.6 INMET_-_SAO_JOSE_DOS_AUSENTES_(1229_m) -999.9 -999.9 -999.9 -999.9 -999.9 -999.9 -999.9 -999.9 Rio_Grande_do_Sul INMET -999.9 -999.9 -999.9
-28.748611 -50.057778 A829 2026-07-14_04:00 3.8 4.6 3 96 99 94 3.2 -999.9 -999.9 -999.9 -999.9 -999.9 -999.9 -999.9 -999.9 -999.9 0.0 0.0 0.0 0.2 9.0 10.6 13.4 1.8 100.0 62.0 39.6 INMET_-_SAO_JOSE_DOS_AUSENTES_(1229_m) -999.9 -999.9 -999.9 -999.9 -999.9 -999.9 -999.9 -999.9 Rio_Grande_do_Sul INMET -999.9 -999.9 -999.9
-28.748611 -50.057778 A829 2026-07-14_06:00 4.3 5 3.5 94 97 92 3.4 -999.9 -999.9 -999.9 -999.9 -999.9 15.8 68 18.0 -999.9 0.0 0.0 0.0 0.2 9.0 10.6 13.4 1.8 100.0 62.0 39.6 INMET_-_SAO_JOSE_DOS_AUSENTES_(1229_m) -999.9 -999.9 -999.9 -999.9 -999.9 -999.9 -999.9 -999.9 Rio_Grande_do_Sul INMET -999.9 -999.9 -999.9
-28.748611 -50.057778 A829 2026-07-14_07:00 2.9 4.9 1.8 98 100 93 2.6 -999.9 -999.9 -999.9 -999.9 -999.9 8.3 25 13.0 -999.9 0.0 0.0 0.0 0.2 9.0 10.6 13.4 1.8 100.0 62.0 39.6 INMET_-_SAO_JOSE_DOS_AUSENTES_(1229_m) -999.9 -999.9 -999.9 -999.9 -999.9 -999.9 -999.9 -999.9 Rio_Grande_do_Sul INMET -999.9 -999.9 -999.9
-28.748611 -50.057778 A829 2026-07-14_08:00 4 4.7 2.4 100 100 98 4.0 -999.9 -999.9 -999.9 -999.9 -999.9 20.9 46 26.6 -999.9 0.0 0.0 0.0 0.2 9.0 10.6 13.4 1.8 100.0 62.0 39.6 INMET_-_SAO_JOSE_DOS_AUSENTES_(1229_m) -999.9 -999.9 -999.9 -999.9 -999.9 -999.9 -999.9 -999.9 Rio_Grande_do_Sul INMET -999.9 -999.9 -999.9
-28.748611 -50.057778 A829 2026-07-14_09:00 6.6 8.3 4.8 96 100 87 6.0 -999.9 -999.9 -999.9 -999.9 -999.9 15.8 77 24.1 -999.9 0.0 0.0 0.0 0.2 9.0 10.6 13.4 1.8 100.0 62.0 39.6 INMET_-_SAO_JOSE_DOS_AUSENTES_(1229_m) -999.9 -999.9 -999.9 -999.9 -999.9 -999.9 -999.9 -999.9 Rio_Grande_do_Sul INMET -999.9 -999.9 -999.9
-28.748611 -50.057778 A829 2026-07-14_10:00 9 10.4 7.6 87 93 79 6.9 -999.9 -999.9 -999.9 -999.9 -999.9 16.6 59 27.7 -999.9 0.0 0.0 0.0 0.2 9.0 10.6 13.4 1.8 100.0 62.0 39.6 INMET_-_SAO_JOSE_DOS_AUSENTES_(1229_m) -999.9 -999.9 -999.9 -999.9 -999.9 -999.9 -999.9 -999.9 Rio_Grande_do_Sul INMET -999.9 -999.9 -999.9
-28.748611 -50.057778 A829 2026-07-14_11:00 11.4 12.8 9.5 73 86 65 6.7 -999.9 -999.9 -999.9 -999.9 -999.9 19.1 34 39.6 -999.9 0.0 0.0 0.0 0.2 9.0 10.6 13.4 1.8 100.0 62.0 39.6 INMET_-_SAO_JOSE_DOS_AUSENTES_(1229_m) -999.9 -999.9 -999.9 -999.9 -999.9 -999.9 -999.9 -999.9 Rio_Grande_do_Sul INMET -999.9 -999.9 -999.9
-28.748611 -50.057778 A829 2026-07-14_12:00 12.2 13.4 10.8 69 82 62 6.6 -999.9 -999.9 -999.9 -999.9 -999.9 13.7 98 19.8 -999.9 0.0 0.0 0.0 0.2 9.0 10.6 13.4 1.8 100.0 62.0 39.6 INMET_-_SAO_JOSE_DOS_AUSENTES_(1229_m) -999.9 -999.9 -999.9 -999.9 -999.9 -999.9 -999.9 -999.9 Rio_Grande_do_Sul INMET -999.9 -999.9 -999.9
-28.748611 -50.057778 A829 2026-07-14_17:00 10.4 10.7 9.9 88 90 76 8.5 -999.9 -999.9 -999.9 -999.9 -999.9 7.2 92 13.7 -999.9 0.0 0.0 0.0 0.2 9.0 10.6 13.4 1.8 100.0 62.0 39.6 INMET_-_SAO_JOSE_DOS_AUSENTES_(1229_m) -999.9 -999.9 -999.9 -999.9 -999.9 -999.9 -999.9 -999.9 Rio_Grande_do_Sul INMET -999.9 -999.9 -999.9
-28.748611 -50.057778 A829 2026-07-14_19:00 6.9 7.9 6.3 87 90 84 4.9 -999.9 -999.9 -999.9 -999.9 -999.9 16.6 345 21.6 -999.9 0.0 0.0 0.0 0.2 9.0 10.6 13.4 1.8 100.0 62.0 39.6 INMET_-_SAO_JOSE_DOS_AUSENTES_(1229_m) -999.9 -999.9 -999.9 -999.9 -999.9 -999.9 -999.9 -999.9 Rio_Grande_do_Sul INMET -999.9 -999.9 -999.9
-28.748611 -50.057778 A829 2026-07-14_20:00 6.4 6.9 5.7 88 91 87 4.5 -999.9 -999.9 -999.9 -999.9 -999.9 21.6 332 26.6 -999.9 0.0 0.0 0.0 0.2 9.0 10.6 13.4 1.8 100.0 62.0 39.6 INMET_-_SAO_JOSE_DOS_AUSENTES_(1229_m) -999.9 -999.9 -999.9 -999.9 -999.9 -999.9 -999.9 -999.9 Rio_Grande_do_Sul INMET -999.9 -999.9 -999.9
-28.748611 -50.057778 A829 2026-07-14_22:00 4.8 5.8 3.8 95 98 92 4.1 -999.9 -999.9 -999.9 -999.9 -999.9 20.2 273 22.7 -999.9 0.0 0.0 0.0 0.2 9.0 10.6 13.4 1.8 100.0 62.0 39.6 INMET_-_SAO_JOSE_DOS_AUSENTES_(1229_m) -999.9 -999.9 -999.9 -999.9 -999.9 -999.9 -999.9 -999.9 Rio_Grande_do_Sul INMET -999.9 -999.9 -999.9
-28.748611 -50.057778 A829 2026-07-14_23:00 4.7 5.2 4.4 95 97 94 4.0 -999.9 -999.9 -999.9 -999.9 -999.9 -999.9 -999.9 -999.9 -999.9 0.0 0.0 0.0 0.2 9.0 10.6 13.4 1.8 100.0 62.0 39.6 INMET_-_SAO_JOSE_DOS_AUSENTES_(1229_m) -999.9 -999.9 -999.9 -999.9 -999.9 -999.9 -999.9 -999.9 Rio_Grande_do_Sul INMET -999.9 -999.9 -999.9
