-28.669444 -50.441944 B856 2026-07-29_00:00 13.5 13.6 13.2 85 88 84 11.0 -999.9 -999.9 -999.9 -999.9 -999.9 18.7 49 28.1 -999.9 0.0 0.0 68.7 91.4 91.6 91.8 15.4 10.1 100.0 79.0 51.8 INMET_-_BOM_JESUS_(INMET)_(1054_m) -999.9 -999.9 -999.9 -999.9 -999.9 -999.9 -999.9 -999.9 Rio_Grande_do_Sul INMET -999.9 -999.9 -999.9
-28.669444 -50.441944 B856 2026-07-29_01:00 13.9 14.2 13.5 83 85 80 11.0 -999.9 -999.9 -999.9 -999.9 -999.9 22.3 39 41.4 -999.9 0.2 0.2 68.7 91.4 91.6 91.8 15.4 10.1 100.0 79.0 51.8 INMET_-_BOM_JESUS_(INMET)_(1054_m) -999.9 -999.9 -999.9 -999.9 -999.9 -999.9 -999.9 -999.9 Rio_Grande_do_Sul INMET -999.9 -999.9 -999.9
-28.669444 -50.441944 B856 2026-07-29_02:00 14.5 14.5 13.9 85 86 82 12.0 -999.9 -999.9 -999.9 -999.9 -999.9 16.9 18 37.1 -999.9 0.2 0.4 68.7 91.4 91.6 91.8 15.4 10.1 100.0 79.0 51.8 INMET_-_BOM_JESUS_(INMET)_(1054_m) -999.9 -999.9 -999.9 -999.9 -999.9 -999.9 -999.9 -999.9 Rio_Grande_do_Sul INMET -999.9 -999.9 -999.9
-28.669444 -50.441944 B856 2026-07-29_03:00 11.8 15 11.8 100 100 83 11.8 -999.9 -999.9 -999.9 -999.9 -999.9 30.2 228 51.8 -999.9 19.3 19.7 68.7 91.4 91.6 91.8 15.4 10.1 100.0 79.0 51.8 INMET_-_BOM_JESUS_(INMET)_(1054_m) -999.9 -999.9 -999.9 -999.9 -999.9 -999.9 -999.9 -999.9 Rio_Grande_do_Sul INMET -999.9 -999.9 -999.9
-28.669444 -50.441944 B856 2026-07-29_04:00 12.1 12.1 11.8 100 100 100 12.1 -999.9 -999.9 -999.9 -999.9 -999.9 5.8 200 31.7 -999.9 4.3 24.0 68.7 91.4 91.6 91.8 15.4 10.1 100.0 79.0 51.8 INMET_-_BOM_JESUS_(INMET)_(1054_m) -999.9 -999.9 -999.9 -999.9 -999.9 -999.9 -999.9 -999.9 Rio_Grande_do_Sul INMET -999.9 -999.9 -999.9
-28.669444 -50.441944 B856 2026-07-29_05:00 11.2 12.1 11.2 99 100 98 11.0 -999.9 -999.9 -999.9 -999.9 -999.9 8.6 169 26.3 -999.9 7.1 31.1 68.7 91.4 91.6 91.8 15.4 10.1 100.0 79.0 51.8 INMET_-_BOM_JESUS_(INMET)_(1054_m) -999.9 -999.9 -999.9 -999.9 -999.9 -999.9 -999.9 -999.9 Rio_Grande_do_Sul INMET -999.9 -999.9 -999.9
-28.669444 -50.441944 B856 2026-07-29_06:00 10.7 11.2 10.7 100 100 99 10.7 -999.9 -999.9 -999.9 -999.9 -999.9 9.0 87 25.6 -999.9 5.9 37.0 68.7 91.4 91.6 91.8 15.4 10.1 100.0 79.0 51.8 INMET_-_BOM_JESUS_(INMET)_(1054_m) -999.9 -999.9 -999.9 -999.9 -999.9 -999.9 -999.9 -999.9 Rio_Grande_do_Sul INMET -999.9 -999.9 -999.9
-28.669444 -50.441944 B856 2026-07-29_07:00 11.5 11.6 10.7 99 100 98 11.3 -999.9 -999.9 -999.9 -999.9 -999.9 5.0 343 19.1 -999.9 7.1 44.1 68.7 91.4 91.6 91.8 15.4 10.1 100.0 79.0 51.8 INMET_-_BOM_JESUS_(INMET)_(1054_m) -999.9 -999.9 -999.9 -999.9 -999.9 -999.9 -999.9 -999.9 Rio_Grande_do_Sul INMET -999.9 -999.9 -999.9
-28.669444 -50.441944 B856 2026-07-29_10:00 11.9 11.9 11.5 95 98 94 11.1 -999.9 -999.9 -999.9 -999.9 -999.9 5.8 343 19.1 -999.9 0.0 44.1 68.7 91.4 91.6 91.8 15.4 10.1 100.0 79.0 51.8 INMET_-_BOM_JESUS_(INMET)_(1054_m) -999.9 -999.9 -999.9 -999.9 -999.9 -999.9 -999.9 -999.9 Rio_Grande_do_Sul INMET -999.9 -999.9 -999.9
-28.669444 -50.441944 B856 2026-07-29_12:00 15.4 15.4 13.9 79 90 79 11.7 -999.9 -999.9 -999.9 -999.9 -999.9 8.3 324 19.8 -999.9 0.0 44.1 68.7 91.4 91.6 91.8 15.4 10.1 100.0 79.0 51.8 INMET_-_BOM_JESUS_(INMET)_(1054_m) -999.9 -999.9 -999.9 -999.9 -999.9 -999.9 -999.9 -999.9 Rio_Grande_do_Sul INMET -999.9 -999.9 -999.9
-28.669444 -50.441944 B856 2026-07-29_21:00 11.5 12.4 11.4 96 97 91 10.9 -999.9 -999.9 -999.9 -999.9 -999.9 4.3 130 15.1 -999.9 0.0 44.1 68.7 91.4 91.6 91.8 15.4 10.1 100.0 79.0 51.8 INMET_-_BOM_JESUS_(INMET)_(1054_m) -999.9 -999.9 -999.9 -999.9 -999.9 -999.9 -999.9 -999.9 Rio_Grande_do_Sul INMET -999.9 -999.9 -999.9
-28.669444 -50.441944 B856 2026-07-29_22:00 11.1 11.5 10.9 96 98 95 10.5 -999.9 -999.9 -999.9 -999.9 -999.9 3.6 163 10.1 -999.9 0.0 44.1 68.7 91.4 91.6 91.8 15.4 10.1 100.0 79.0 51.8 INMET_-_BOM_JESUS_(INMET)_(1054_m) -999.9 -999.9 -999.9 -999.9 -999.9 -999.9 -999.9 -999.9 Rio_Grande_do_Sul INMET -999.9 -999.9 -999.9
-28.669444 -50.441944 B856 2026-07-29_23:00 10.2 11.1 10.1 100 100 95 10.2 -999.9 -999.9 -999.9 -999.9 -999.9 5.0 112 7.9 -999.9 0.0 44.1 68.7 91.4 91.6 91.8 15.4 10.1 100.0 79.0 51.8 INMET_-_BOM_JESUS_(INMET)_(1054_m) -999.9 -999.9 -999.9 -999.9 -999.9 -999.9 -999.9 -999.9 Rio_Grande_do_Sul INMET -999.9 -999.9 -999.9
