-29.15467 -51.86221 17718 2026-09-20_00:00 -999.9 -999.9 -999.9 -999.9 -999.9 -999.9 -999.9 -999.9 -999.9 -999.9 -999.9 -999.9 -999.9 -999.9 -999.9 -999.9 3.0 0.0 18.6 18.6 18.6 -999.9 -999.9 -999.9 -999.9 -999.9 -999.9 CEMADEN_-_Muçum_-_G2-431260902A_(136_m) -999.9 -999.9 -999.9 -999.9 -999.9 -999.9 -999.9 -999.9 Rio_Grande_do_Sul CEMADEN -999.9 0.0 -999.9
-29.15467 -51.86221 17718 2026-09-20_00:10 -999.9 -999.9 -999.9 -999.9 -999.9 -999.9 -999.9 -999.9 -999.9 -999.9 -999.9 -999.9 -999.9 -999.9 -999.9 -999.9 1.2 0.6 19.2 19.2 19.2 -999.9 -999.9 -999.9 -999.9 -999.9 -999.9 CEMADEN_-_Muçum_-_G2-431260902A_(136_m) -999.9 -999.9 -999.9 -999.9 -999.9 -999.9 -999.9 -999.9 Rio_Grande_do_Sul CEMADEN -999.9 0.6 -999.9
-29.15467 -51.86221 17718 2026-09-20_01:10 -999.9 -999.9 -999.9 -999.9 -999.9 -999.9 -999.9 -999.9 -999.9 -999.9 -999.9 -999.9 -999.9 -999.9 -999.9 -999.9 -999.9 0.6 19.2 19.2 19.2 -999.9 -999.9 -999.9 -999.9 -999.9 -999.9 CEMADEN_-_Muçum_-_G2-431260902A_(136_m) -999.9 -999.9 -999.9 -999.9 -999.9 -999.9 -999.9 -999.9 Rio_Grande_do_Sul CEMADEN -999.9 0.0 -999.9
-29.15467 -51.86221 17718 2026-09-20_02:10 -999.9 -999.9 -999.9 -999.9 -999.9 -999.9 -999.9 -999.9 -999.9 -999.9 -999.9 -999.9 -999.9 -999.9 -999.9 -999.9 0.2 0.8 19.4 19.4 19.4 -999.9 -999.9 -999.9 -999.9 -999.9 -999.9 CEMADEN_-_Muçum_-_G2-431260902A_(136_m) -999.9 -999.9 -999.9 -999.9 -999.9 -999.9 -999.9 -999.9 Rio_Grande_do_Sul CEMADEN -999.9 0.2 -999.9
-29.15467 -51.86221 17718 2026-09-20_03:10 -999.9 -999.9 -999.9 -999.9 -999.9 -999.9 -999.9 -999.9 -999.9 -999.9 -999.9 -999.9 -999.9 -999.9 -999.9 -999.9 -999.9 0.8 19.4 19.4 19.4 -999.9 -999.9 -999.9 -999.9 -999.9 -999.9 CEMADEN_-_Muçum_-_G2-431260902A_(136_m) -999.9 -999.9 -999.9 -999.9 -999.9 -999.9 -999.9 -999.9 Rio_Grande_do_Sul CEMADEN -999.9 0.0 -999.9
-29.15467 -51.86221 17718 2026-09-20_04:10 -999.9 -999.9 -999.9 -999.9 -999.9 -999.9 -999.9 -999.9 -999.9 -999.9 -999.9 -999.9 -999.9 -999.9 -999.9 -999.9 -999.9 0.8 19.4 19.4 19.4 -999.9 -999.9 -999.9 -999.9 -999.9 -999.9 CEMADEN_-_Muçum_-_G2-431260902A_(136_m) -999.9 -999.9 -999.9 -999.9 -999.9 -999.9 -999.9 -999.9 Rio_Grande_do_Sul CEMADEN -999.9 0.0 -999.9
-29.15467 -51.86221 17718 2026-09-20_05:10 -999.9 -999.9 -999.9 -999.9 -999.9 -999.9 -999.9 -999.9 -999.9 -999.9 -999.9 -999.9 -999.9 -999.9 -999.9 -999.9 -999.9 0.8 19.4 19.4 19.4 -999.9 -999.9 -999.9 -999.9 -999.9 -999.9 CEMADEN_-_Muçum_-_G2-431260902A_(136_m) -999.9 -999.9 -999.9 -999.9 -999.9 -999.9 -999.9 -999.9 Rio_Grande_do_Sul CEMADEN -999.9 0.0 -999.9
-29.15467 -51.86221 17718 2026-09-20_06:10 -999.9 -999.9 -999.9 -999.9 -999.9 -999.9 -999.9 -999.9 -999.9 -999.9 -999.9 -999.9 -999.9 -999.9 -999.9 -999.9 -999.9 0.8 19.4 19.4 19.4 -999.9 -999.9 -999.9 -999.9 -999.9 -999.9 CEMADEN_-_Muçum_-_G2-431260902A_(136_m) -999.9 -999.9 -999.9 -999.9 -999.9 -999.9 -999.9 -999.9 Rio_Grande_do_Sul CEMADEN -999.9 0.0 -999.9
-29.15467 -51.86221 17718 2026-09-20_07:10 -999.9 -999.9 -999.9 -999.9 -999.9 -999.9 -999.9 -999.9 -999.9 -999.9 -999.9 -999.9 -999.9 -999.9 -999.9 -999.9 -999.9 0.8 19.4 19.4 19.4 -999.9 -999.9 -999.9 -999.9 -999.9 -999.9 CEMADEN_-_Muçum_-_G2-431260902A_(136_m) -999.9 -999.9 -999.9 -999.9 -999.9 -999.9 -999.9 -999.9 Rio_Grande_do_Sul CEMADEN -999.9 0.0 -999.9
-29.15467 -51.86221 17718 2026-09-20_08:10 -999.9 -999.9 -999.9 -999.9 -999.9 -999.9 -999.9 -999.9 -999.9 -999.9 -999.9 -999.9 -999.9 -999.9 -999.9 -999.9 -999.9 0.8 19.4 19.4 19.4 -999.9 -999.9 -999.9 -999.9 -999.9 -999.9 CEMADEN_-_Muçum_-_G2-431260902A_(136_m) -999.9 -999.9 -999.9 -999.9 -999.9 -999.9 -999.9 -999.9 Rio_Grande_do_Sul CEMADEN -999.9 0.0 -999.9
-29.15467 -51.86221 17718 2026-09-20_09:10 -999.9 -999.9 -999.9 -999.9 -999.9 -999.9 -999.9 -999.9 -999.9 -999.9 -999.9 -999.9 -999.9 -999.9 -999.9 -999.9 -999.9 0.8 19.4 19.4 19.4 -999.9 -999.9 -999.9 -999.9 -999.9 -999.9 CEMADEN_-_Muçum_-_G2-431260902A_(136_m) -999.9 -999.9 -999.9 -999.9 -999.9 -999.9 -999.9 -999.9 Rio_Grande_do_Sul CEMADEN -999.9 0.0 -999.9
-29.15467 -51.86221 17718 2026-09-20_09:50 -999.9 -999.9 -999.9 -999.9 -999.9 -999.9 -999.9 -999.9 -999.9 -999.9 -999.9 -999.9 -999.9 -999.9 -999.9 -999.9 0.4 1.2 19.8 19.8 19.8 -999.9 -999.9 -999.9 -999.9 -999.9 -999.9 CEMADEN_-_Muçum_-_G2-431260902A_(136_m) -999.9 -999.9 -999.9 -999.9 -999.9 -999.9 -999.9 -999.9 Rio_Grande_do_Sul CEMADEN -999.9 0.4 -999.9
-29.15467 -51.86221 17718 2026-09-20_10:10 -999.9 -999.9 -999.9 -999.9 -999.9 -999.9 -999.9 -999.9 -999.9 -999.9 -999.9 -999.9 -999.9 -999.9 -999.9 -999.9 -999.9 1.2 19.8 19.8 19.8 -999.9 -999.9 -999.9 -999.9 -999.9 -999.9 CEMADEN_-_Muçum_-_G2-431260902A_(136_m) -999.9 -999.9 -999.9 -999.9 -999.9 -999.9 -999.9 -999.9 Rio_Grande_do_Sul CEMADEN -999.9 0.0 -999.9
-29.15467 -51.86221 17718 2026-09-20_13:10 -999.9 -999.9 -999.9 -999.9 -999.9 -999.9 -999.9 -999.9 -999.9 -999.9 -999.9 -999.9 -999.9 -999.9 -999.9 -999.9 -999.9 1.2 19.8 19.8 19.8 -999.9 -999.9 -999.9 -999.9 -999.9 -999.9 CEMADEN_-_Muçum_-_G2-431260902A_(136_m) -999.9 -999.9 -999.9 -999.9 -999.9 -999.9 -999.9 -999.9 Rio_Grande_do_Sul CEMADEN -999.9 0.0 -999.9
-29.15467 -51.86221 17718 2026-09-20_13:50 -999.9 -999.9 -999.9 -999.9 -999.9 -999.9 -999.9 -999.9 -999.9 -999.9 -999.9 -999.9 -999.9 -999.9 -999.9 -999.9 0.2 1.4 20.0 20.0 20.0 -999.9 -999.9 -999.9 -999.9 -999.9 -999.9 CEMADEN_-_Muçum_-_G2-431260902A_(136_m) -999.9 -999.9 -999.9 -999.9 -999.9 -999.9 -999.9 -999.9 Rio_Grande_do_Sul CEMADEN -999.9 0.2 -999.9
-29.15467 -51.86221 17718 2026-09-20_14:10 -999.9 -999.9 -999.9 -999.9 -999.9 -999.9 -999.9 -999.9 -999.9 -999.9 -999.9 -999.9 -999.9 -999.9 -999.9 -999.9 -999.9 1.4 20.0 20.0 20.0 -999.9 -999.9 -999.9 -999.9 -999.9 -999.9 CEMADEN_-_Muçum_-_G2-431260902A_(136_m) -999.9 -999.9 -999.9 -999.9 -999.9 -999.9 -999.9 -999.9 Rio_Grande_do_Sul CEMADEN -999.9 0.0 -999.9
-29.15467 -51.86221 17718 2026-09-20_15:10 -999.9 -999.9 -999.9 -999.9 -999.9 -999.9 -999.9 -999.9 -999.9 -999.9 -999.9 -999.9 -999.9 -999.9 -999.9 -999.9 -999.9 1.4 20.0 20.0 20.0 -999.9 -999.9 -999.9 -999.9 -999.9 -999.9 CEMADEN_-_Muçum_-_G2-431260902A_(136_m) -999.9 -999.9 -999.9 -999.9 -999.9 -999.9 -999.9 -999.9 Rio_Grande_do_Sul CEMADEN -999.9 0.0 -999.9
-29.15467 -51.86221 17718 2026-09-20_16:10 -999.9 -999.9 -999.9 -999.9 -999.9 -999.9 -999.9 -999.9 -999.9 -999.9 -999.9 -999.9 -999.9 -999.9 -999.9 -999.9 -999.9 1.4 20.0 20.0 20.0 -999.9 -999.9 -999.9 -999.9 -999.9 -999.9 CEMADEN_-_Muçum_-_G2-431260902A_(136_m) -999.9 -999.9 -999.9 -999.9 -999.9 -999.9 -999.9 -999.9 Rio_Grande_do_Sul CEMADEN -999.9 0.0 -999.9
-29.15467 -51.86221 17718 2026-09-20_17:10 -999.9 -999.9 -999.9 -999.9 -999.9 -999.9 -999.9 -999.9 -999.9 -999.9 -999.9 -999.9 -999.9 -999.9 -999.9 -999.9 -999.9 1.4 20.0 20.0 20.0 -999.9 -999.9 -999.9 -999.9 -999.9 -999.9 CEMADEN_-_Muçum_-_G2-431260902A_(136_m) -999.9 -999.9 -999.9 -999.9 -999.9 -999.9 -999.9 -999.9 Rio_Grande_do_Sul CEMADEN -999.9 0.0 -999.9
-29.15467 -51.86221 17718 2026-09-20_18:10 -999.9 -999.9 -999.9 -999.9 -999.9 -999.9 -999.9 -999.9 -999.9 -999.9 -999.9 -999.9 -999.9 -999.9 -999.9 -999.9 -999.9 1.4 20.0 20.0 20.0 -999.9 -999.9 -999.9 -999.9 -999.9 -999.9 CEMADEN_-_Muçum_-_G2-431260902A_(136_m) -999.9 -999.9 -999.9 -999.9 -999.9 -999.9 -999.9 -999.9 Rio_Grande_do_Sul CEMADEN -999.9 0.0 -999.9
-29.15467 -51.86221 17718 2026-09-20_19:10 -999.9 -999.9 -999.9 -999.9 -999.9 -999.9 -999.9 -999.9 -999.9 -999.9 -999.9 -999.9 -999.9 -999.9 -999.9 -999.9 -999.9 1.4 20.0 20.0 20.0 -999.9 -999.9 -999.9 -999.9 -999.9 -999.9 CEMADEN_-_Muçum_-_G2-431260902A_(136_m) -999.9 -999.9 -999.9 -999.9 -999.9 -999.9 -999.9 -999.9 Rio_Grande_do_Sul CEMADEN -999.9 0.0 -999.9
-29.15467 -51.86221 17718 2026-09-20_20:10 -999.9 -999.9 -999.9 -999.9 -999.9 -999.9 -999.9 -999.9 -999.9 -999.9 -999.9 -999.9 -999.9 -999.9 -999.9 -999.9 -999.9 1.4 20.0 20.0 20.0 -999.9 -999.9 -999.9 -999.9 -999.9 -999.9 CEMADEN_-_Muçum_-_G2-431260902A_(136_m) -999.9 -999.9 -999.9 -999.9 -999.9 -999.9 -999.9 -999.9 Rio_Grande_do_Sul CEMADEN -999.9 0.0 -999.9
-29.15467 -51.86221 17718 2026-09-20_21:10 -999.9 -999.9 -999.9 -999.9 -999.9 -999.9 -999.9 -999.9 -999.9 -999.9 -999.9 -999.9 -999.9 -999.9 -999.9 -999.9 -999.9 1.4 20.0 20.0 20.0 -999.9 -999.9 -999.9 -999.9 -999.9 -999.9 CEMADEN_-_Muçum_-_G2-431260902A_(136_m) -999.9 -999.9 -999.9 -999.9 -999.9 -999.9 -999.9 -999.9 Rio_Grande_do_Sul CEMADEN -999.9 0.0 -999.9
-29.15467 -51.86221 17718 2026-09-20_22:10 -999.9 -999.9 -999.9 -999.9 -999.9 -999.9 -999.9 -999.9 -999.9 -999.9 -999.9 -999.9 -999.9 -999.9 -999.9 -999.9 -999.9 1.4 20.0 20.0 20.0 -999.9 -999.9 -999.9 -999.9 -999.9 -999.9 CEMADEN_-_Muçum_-_G2-431260902A_(136_m) -999.9 -999.9 -999.9 -999.9 -999.9 -999.9 -999.9 -999.9 Rio_Grande_do_Sul CEMADEN -999.9 0.0 -999.9
-29.15467 -51.86221 17718 2026-09-20_23:10 -999.9 -999.9 -999.9 -999.9 -999.9 -999.9 -999.9 -999.9 -999.9 -999.9 -999.9 -999.9 -999.9 -999.9 -999.9 -999.9 -999.9 1.4 20.0 20.0 20.0 -999.9 -999.9 -999.9 -999.9 -999.9 -999.9 CEMADEN_-_Muçum_-_G2-431260902A_(136_m) -999.9 -999.9 -999.9 -999.9 -999.9 -999.9 -999.9 -999.9 Rio_Grande_do_Sul CEMADEN -999.9 0.0 -999.9
