-28.98363 -50.0686 17896 2026-09-20_00:00 -999.9 -999.9 -999.9 -999.9 -999.9 -999.9 -999.9 -999.9 -999.9 -999.9 -999.9 -999.9 -999.9 -999.9 -999.9 -999.9 1.0 0.0 21.0 21.0 21.0 21.2 -999.9 -999.9 -999.9 -999.9 -999.9 CEMADEN_-_Cambará_do_Sul_-_G2-430360802A_(1045_m) -999.9 -999.9 -999.9 -999.9 -999.9 -999.9 -999.9 -999.9 Rio_Grande_do_Sul CEMADEN -999.9 0.0 -999.9
-28.98363 -50.0686 17896 2026-09-20_00:10 -999.9 -999.9 -999.9 -999.9 -999.9 -999.9 -999.9 -999.9 -999.9 -999.9 -999.9 -999.9 -999.9 -999.9 -999.9 -999.9 1.2 0.2 21.2 21.2 21.2 21.4 -999.9 -999.9 -999.9 -999.9 -999.9 CEMADEN_-_Cambará_do_Sul_-_G2-430360802A_(1045_m) -999.9 -999.9 -999.9 -999.9 -999.9 -999.9 -999.9 -999.9 Rio_Grande_do_Sul CEMADEN -999.9 0.2 -999.9
-28.98363 -50.0686 17896 2026-09-20_00:40 -999.9 -999.9 -999.9 -999.9 -999.9 -999.9 -999.9 -999.9 -999.9 -999.9 -999.9 -999.9 -999.9 -999.9 -999.9 -999.9 2.6 2.0 23.0 23.0 23.0 23.2 -999.9 -999.9 -999.9 -999.9 -999.9 CEMADEN_-_Cambará_do_Sul_-_G2-430360802A_(1045_m) -999.9 -999.9 -999.9 -999.9 -999.9 -999.9 -999.9 -999.9 Rio_Grande_do_Sul CEMADEN -999.9 1.8 -999.9
-28.98363 -50.0686 17896 2026-09-20_01:00 -999.9 -999.9 -999.9 -999.9 -999.9 -999.9 -999.9 -999.9 -999.9 -999.9 -999.9 -999.9 -999.9 -999.9 -999.9 -999.9 4.8 5.0 26.0 26.0 26.0 26.2 -999.9 -999.9 -999.9 -999.9 -999.9 CEMADEN_-_Cambará_do_Sul_-_G2-430360802A_(1045_m) -999.9 -999.9 -999.9 -999.9 -999.9 -999.9 -999.9 -999.9 Rio_Grande_do_Sul CEMADEN -999.9 3.0 -999.9
-28.98363 -50.0686 17896 2026-09-20_01:30 -999.9 -999.9 -999.9 -999.9 -999.9 -999.9 -999.9 -999.9 -999.9 -999.9 -999.9 -999.9 -999.9 -999.9 -999.9 -999.9 6.4 7.4 28.4 28.4 28.4 28.6 -999.9 -999.9 -999.9 -999.9 -999.9 CEMADEN_-_Cambará_do_Sul_-_G2-430360802A_(1045_m) -999.9 -999.9 -999.9 -999.9 -999.9 -999.9 -999.9 -999.9 Rio_Grande_do_Sul CEMADEN -999.9 2.4 -999.9
-28.98363 -50.0686 17896 2026-09-20_01:40 -999.9 -999.9 -999.9 -999.9 -999.9 -999.9 -999.9 -999.9 -999.9 -999.9 -999.9 -999.9 -999.9 -999.9 -999.9 -999.9 6.0 8.0 29.0 29.0 29.0 29.2 -999.9 -999.9 -999.9 -999.9 -999.9 CEMADEN_-_Cambará_do_Sul_-_G2-430360802A_(1045_m) -999.9 -999.9 -999.9 -999.9 -999.9 -999.9 -999.9 -999.9 Rio_Grande_do_Sul CEMADEN -999.9 0.6 -999.9
-28.98363 -50.0686 17896 2026-09-20_01:50 -999.9 -999.9 -999.9 -999.9 -999.9 -999.9 -999.9 -999.9 -999.9 -999.9 -999.9 -999.9 -999.9 -999.9 -999.9 -999.9 5.0 8.6 29.6 29.6 29.6 29.8 -999.9 -999.9 -999.9 -999.9 -999.9 CEMADEN_-_Cambará_do_Sul_-_G2-430360802A_(1045_m) -999.9 -999.9 -999.9 -999.9 -999.9 -999.9 -999.9 -999.9 Rio_Grande_do_Sul CEMADEN -999.9 0.6 -999.9
-28.98363 -50.0686 17896 2026-09-20_02:10 -999.9 -999.9 -999.9 -999.9 -999.9 -999.9 -999.9 -999.9 -999.9 -999.9 -999.9 -999.9 -999.9 -999.9 -999.9 -999.9 4.0 10.2 31.2 31.2 31.2 31.4 -999.9 -999.9 -999.9 -999.9 -999.9 CEMADEN_-_Cambará_do_Sul_-_G2-430360802A_(1045_m) -999.9 -999.9 -999.9 -999.9 -999.9 -999.9 -999.9 -999.9 Rio_Grande_do_Sul CEMADEN -999.9 1.6 -999.9
-28.98363 -50.0686 17896 2026-09-20_02:20 -999.9 -999.9 -999.9 -999.9 -999.9 -999.9 -999.9 -999.9 -999.9 -999.9 -999.9 -999.9 -999.9 -999.9 -999.9 -999.9 3.8 10.8 31.8 31.8 31.8 32.0 -999.9 -999.9 -999.9 -999.9 -999.9 CEMADEN_-_Cambará_do_Sul_-_G2-430360802A_(1045_m) -999.9 -999.9 -999.9 -999.9 -999.9 -999.9 -999.9 -999.9 Rio_Grande_do_Sul CEMADEN -999.9 0.6 -999.9
-28.98363 -50.0686 17896 2026-09-20_02:30 -999.9 -999.9 -999.9 -999.9 -999.9 -999.9 -999.9 -999.9 -999.9 -999.9 -999.9 -999.9 -999.9 -999.9 -999.9 -999.9 3.0 11.0 32.0 32.0 32.0 32.2 -999.9 -999.9 -999.9 -999.9 -999.9 CEMADEN_-_Cambará_do_Sul_-_G2-430360802A_(1045_m) -999.9 -999.9 -999.9 -999.9 -999.9 -999.9 -999.9 -999.9 Rio_Grande_do_Sul CEMADEN -999.9 0.2 -999.9
-28.98363 -50.0686 17896 2026-09-20_02:50 -999.9 -999.9 -999.9 -999.9 -999.9 -999.9 -999.9 -999.9 -999.9 -999.9 -999.9 -999.9 -999.9 -999.9 -999.9 -999.9 2.6 11.2 32.2 32.2 32.2 32.4 -999.9 -999.9 -999.9 -999.9 -999.9 CEMADEN_-_Cambará_do_Sul_-_G2-430360802A_(1045_m) -999.9 -999.9 -999.9 -999.9 -999.9 -999.9 -999.9 -999.9 Rio_Grande_do_Sul CEMADEN -999.9 0.2 -999.9
-28.98363 -50.0686 17896 2026-09-20_03:00 -999.9 -999.9 -999.9 -999.9 -999.9 -999.9 -999.9 -999.9 -999.9 -999.9 -999.9 -999.9 -999.9 -999.9 -999.9 -999.9 1.8 11.4 32.4 32.4 32.4 32.6 -999.9 -999.9 -999.9 -999.9 -999.9 CEMADEN_-_Cambará_do_Sul_-_G2-430360802A_(1045_m) -999.9 -999.9 -999.9 -999.9 -999.9 -999.9 -999.9 -999.9 Rio_Grande_do_Sul CEMADEN -999.9 0.2 -999.9
-28.98363 -50.0686 17896 2026-09-20_03:10 -999.9 -999.9 -999.9 -999.9 -999.9 -999.9 -999.9 -999.9 -999.9 -999.9 -999.9 -999.9 -999.9 -999.9 -999.9 -999.9 0.8 11.6 32.6 32.6 32.6 32.8 -999.9 -999.9 -999.9 -999.9 -999.9 CEMADEN_-_Cambará_do_Sul_-_G2-430360802A_(1045_m) -999.9 -999.9 -999.9 -999.9 -999.9 -999.9 -999.9 -999.9 Rio_Grande_do_Sul CEMADEN -999.9 0.2 -999.9
-28.98363 -50.0686 17896 2026-09-20_03:30 -999.9 -999.9 -999.9 -999.9 -999.9 -999.9 -999.9 -999.9 -999.9 -999.9 -999.9 -999.9 -999.9 -999.9 -999.9 -999.9 0.6 11.8 32.8 32.8 32.8 33.0 -999.9 -999.9 -999.9 -999.9 -999.9 CEMADEN_-_Cambará_do_Sul_-_G2-430360802A_(1045_m) -999.9 -999.9 -999.9 -999.9 -999.9 -999.9 -999.9 -999.9 Rio_Grande_do_Sul CEMADEN -999.9 0.2 -999.9
-28.98363 -50.0686 17896 2026-09-20_04:10 -999.9 -999.9 -999.9 -999.9 -999.9 -999.9 -999.9 -999.9 -999.9 -999.9 -999.9 -999.9 -999.9 -999.9 -999.9 -999.9 -999.9 11.8 32.8 32.8 32.8 33.0 -999.9 -999.9 -999.9 -999.9 -999.9 CEMADEN_-_Cambará_do_Sul_-_G2-430360802A_(1045_m) -999.9 -999.9 -999.9 -999.9 -999.9 -999.9 -999.9 -999.9 Rio_Grande_do_Sul CEMADEN -999.9 0.0 -999.9
-28.98363 -50.0686 17896 2026-09-20_05:10 -999.9 -999.9 -999.9 -999.9 -999.9 -999.9 -999.9 -999.9 -999.9 -999.9 -999.9 -999.9 -999.9 -999.9 -999.9 -999.9 -999.9 11.8 32.6 32.8 32.8 33.0 -999.9 -999.9 -999.9 -999.9 -999.9 CEMADEN_-_Cambará_do_Sul_-_G2-430360802A_(1045_m) -999.9 -999.9 -999.9 -999.9 -999.9 -999.9 -999.9 -999.9 Rio_Grande_do_Sul CEMADEN -999.9 0.0 -999.9
-28.98363 -50.0686 17896 2026-09-20_06:10 -999.9 -999.9 -999.9 -999.9 -999.9 -999.9 -999.9 -999.9 -999.9 -999.9 -999.9 -999.9 -999.9 -999.9 -999.9 -999.9 -999.9 11.8 32.6 32.8 32.8 33.0 -999.9 -999.9 -999.9 -999.9 -999.9 CEMADEN_-_Cambará_do_Sul_-_G2-430360802A_(1045_m) -999.9 -999.9 -999.9 -999.9 -999.9 -999.9 -999.9 -999.9 Rio_Grande_do_Sul CEMADEN -999.9 0.0 -999.9
-28.98363 -50.0686 17896 2026-09-20_07:10 -999.9 -999.9 -999.9 -999.9 -999.9 -999.9 -999.9 -999.9 -999.9 -999.9 -999.9 -999.9 -999.9 -999.9 -999.9 -999.9 -999.9 11.8 32.6 32.8 32.8 33.0 -999.9 -999.9 -999.9 -999.9 -999.9 CEMADEN_-_Cambará_do_Sul_-_G2-430360802A_(1045_m) -999.9 -999.9 -999.9 -999.9 -999.9 -999.9 -999.9 -999.9 Rio_Grande_do_Sul CEMADEN -999.9 0.0 -999.9
-28.98363 -50.0686 17896 2026-09-20_08:10 -999.9 -999.9 -999.9 -999.9 -999.9 -999.9 -999.9 -999.9 -999.9 -999.9 -999.9 -999.9 -999.9 -999.9 -999.9 -999.9 -999.9 11.8 32.6 32.8 32.8 33.0 -999.9 -999.9 -999.9 -999.9 -999.9 CEMADEN_-_Cambará_do_Sul_-_G2-430360802A_(1045_m) -999.9 -999.9 -999.9 -999.9 -999.9 -999.9 -999.9 -999.9 Rio_Grande_do_Sul CEMADEN -999.9 0.0 -999.9
-28.98363 -50.0686 17896 2026-09-20_09:10 -999.9 -999.9 -999.9 -999.9 -999.9 -999.9 -999.9 -999.9 -999.9 -999.9 -999.9 -999.9 -999.9 -999.9 -999.9 -999.9 -999.9 11.8 32.6 32.8 32.8 33.0 -999.9 -999.9 -999.9 -999.9 -999.9 CEMADEN_-_Cambará_do_Sul_-_G2-430360802A_(1045_m) -999.9 -999.9 -999.9 -999.9 -999.9 -999.9 -999.9 -999.9 Rio_Grande_do_Sul CEMADEN -999.9 0.0 -999.9
-28.98363 -50.0686 17896 2026-09-20_10:10 -999.9 -999.9 -999.9 -999.9 -999.9 -999.9 -999.9 -999.9 -999.9 -999.9 -999.9 -999.9 -999.9 -999.9 -999.9 -999.9 -999.9 11.8 32.6 32.8 32.8 33.0 -999.9 -999.9 -999.9 -999.9 -999.9 CEMADEN_-_Cambará_do_Sul_-_G2-430360802A_(1045_m) -999.9 -999.9 -999.9 -999.9 -999.9 -999.9 -999.9 -999.9 Rio_Grande_do_Sul CEMADEN -999.9 0.0 -999.9
-28.98363 -50.0686 17896 2026-09-20_11:10 -999.9 -999.9 -999.9 -999.9 -999.9 -999.9 -999.9 -999.9 -999.9 -999.9 -999.9 -999.9 -999.9 -999.9 -999.9 -999.9 -999.9 11.8 32.6 32.8 32.8 33.0 -999.9 -999.9 -999.9 -999.9 -999.9 CEMADEN_-_Cambará_do_Sul_-_G2-430360802A_(1045_m) -999.9 -999.9 -999.9 -999.9 -999.9 -999.9 -999.9 -999.9 Rio_Grande_do_Sul CEMADEN -999.9 0.0 -999.9
-28.98363 -50.0686 17896 2026-09-20_12:10 -999.9 -999.9 -999.9 -999.9 -999.9 -999.9 -999.9 -999.9 -999.9 -999.9 -999.9 -999.9 -999.9 -999.9 -999.9 -999.9 -999.9 11.8 32.6 32.8 32.8 33.0 -999.9 -999.9 -999.9 -999.9 -999.9 CEMADEN_-_Cambará_do_Sul_-_G2-430360802A_(1045_m) -999.9 -999.9 -999.9 -999.9 -999.9 -999.9 -999.9 -999.9 Rio_Grande_do_Sul CEMADEN -999.9 0.0 -999.9
-28.98363 -50.0686 17896 2026-09-20_13:10 -999.9 -999.9 -999.9 -999.9 -999.9 -999.9 -999.9 -999.9 -999.9 -999.9 -999.9 -999.9 -999.9 -999.9 -999.9 -999.9 -999.9 11.8 32.6 32.8 32.8 33.0 -999.9 -999.9 -999.9 -999.9 -999.9 CEMADEN_-_Cambará_do_Sul_-_G2-430360802A_(1045_m) -999.9 -999.9 -999.9 -999.9 -999.9 -999.9 -999.9 -999.9 Rio_Grande_do_Sul CEMADEN -999.9 0.0 -999.9
-28.98363 -50.0686 17896 2026-09-20_14:10 -999.9 -999.9 -999.9 -999.9 -999.9 -999.9 -999.9 -999.9 -999.9 -999.9 -999.9 -999.9 -999.9 -999.9 -999.9 -999.9 -999.9 11.8 32.6 32.8 32.8 33.0 -999.9 -999.9 -999.9 -999.9 -999.9 CEMADEN_-_Cambará_do_Sul_-_G2-430360802A_(1045_m) -999.9 -999.9 -999.9 -999.9 -999.9 -999.9 -999.9 -999.9 Rio_Grande_do_Sul CEMADEN -999.9 0.0 -999.9
-28.98363 -50.0686 17896 2026-09-20_15:10 -999.9 -999.9 -999.9 -999.9 -999.9 -999.9 -999.9 -999.9 -999.9 -999.9 -999.9 -999.9 -999.9 -999.9 -999.9 -999.9 -999.9 11.8 32.6 32.8 32.8 33.0 -999.9 -999.9 -999.9 -999.9 -999.9 CEMADEN_-_Cambará_do_Sul_-_G2-430360802A_(1045_m) -999.9 -999.9 -999.9 -999.9 -999.9 -999.9 -999.9 -999.9 Rio_Grande_do_Sul CEMADEN -999.9 0.0 -999.9
-28.98363 -50.0686 17896 2026-09-20_16:10 -999.9 -999.9 -999.9 -999.9 -999.9 -999.9 -999.9 -999.9 -999.9 -999.9 -999.9 -999.9 -999.9 -999.9 -999.9 -999.9 -999.9 11.8 32.6 32.8 32.8 33.0 -999.9 -999.9 -999.9 -999.9 -999.9 CEMADEN_-_Cambará_do_Sul_-_G2-430360802A_(1045_m) -999.9 -999.9 -999.9 -999.9 -999.9 -999.9 -999.9 -999.9 Rio_Grande_do_Sul CEMADEN -999.9 0.0 -999.9
-28.98363 -50.0686 17896 2026-09-20_17:10 -999.9 -999.9 -999.9 -999.9 -999.9 -999.9 -999.9 -999.9 -999.9 -999.9 -999.9 -999.9 -999.9 -999.9 -999.9 -999.9 -999.9 11.8 32.6 32.8 32.8 33.0 -999.9 -999.9 -999.9 -999.9 -999.9 CEMADEN_-_Cambará_do_Sul_-_G2-430360802A_(1045_m) -999.9 -999.9 -999.9 -999.9 -999.9 -999.9 -999.9 -999.9 Rio_Grande_do_Sul CEMADEN -999.9 0.0 -999.9
-28.98363 -50.0686 17896 2026-09-20_18:10 -999.9 -999.9 -999.9 -999.9 -999.9 -999.9 -999.9 -999.9 -999.9 -999.9 -999.9 -999.9 -999.9 -999.9 -999.9 -999.9 -999.9 11.8 32.6 32.8 32.8 33.0 -999.9 -999.9 -999.9 -999.9 -999.9 CEMADEN_-_Cambará_do_Sul_-_G2-430360802A_(1045_m) -999.9 -999.9 -999.9 -999.9 -999.9 -999.9 -999.9 -999.9 Rio_Grande_do_Sul CEMADEN -999.9 0.0 -999.9
-28.98363 -50.0686 17896 2026-09-20_19:10 -999.9 -999.9 -999.9 -999.9 -999.9 -999.9 -999.9 -999.9 -999.9 -999.9 -999.9 -999.9 -999.9 -999.9 -999.9 -999.9 -999.9 11.8 32.6 32.8 32.8 33.0 -999.9 -999.9 -999.9 -999.9 -999.9 CEMADEN_-_Cambará_do_Sul_-_G2-430360802A_(1045_m) -999.9 -999.9 -999.9 -999.9 -999.9 -999.9 -999.9 -999.9 Rio_Grande_do_Sul CEMADEN -999.9 0.0 -999.9
-28.98363 -50.0686 17896 2026-09-20_20:10 -999.9 -999.9 -999.9 -999.9 -999.9 -999.9 -999.9 -999.9 -999.9 -999.9 -999.9 -999.9 -999.9 -999.9 -999.9 -999.9 -999.9 11.8 32.6 32.8 32.8 33.0 -999.9 -999.9 -999.9 -999.9 -999.9 CEMADEN_-_Cambará_do_Sul_-_G2-430360802A_(1045_m) -999.9 -999.9 -999.9 -999.9 -999.9 -999.9 -999.9 -999.9 Rio_Grande_do_Sul CEMADEN -999.9 0.0 -999.9
-28.98363 -50.0686 17896 2026-09-20_21:10 -999.9 -999.9 -999.9 -999.9 -999.9 -999.9 -999.9 -999.9 -999.9 -999.9 -999.9 -999.9 -999.9 -999.9 -999.9 -999.9 -999.9 11.8 32.6 32.8 32.8 33.0 -999.9 -999.9 -999.9 -999.9 -999.9 CEMADEN_-_Cambará_do_Sul_-_G2-430360802A_(1045_m) -999.9 -999.9 -999.9 -999.9 -999.9 -999.9 -999.9 -999.9 Rio_Grande_do_Sul CEMADEN -999.9 0.0 -999.9
-28.98363 -50.0686 17896 2026-09-20_22:10 -999.9 -999.9 -999.9 -999.9 -999.9 -999.9 -999.9 -999.9 -999.9 -999.9 -999.9 -999.9 -999.9 -999.9 -999.9 -999.9 -999.9 11.8 32.6 32.8 32.8 33.0 -999.9 -999.9 -999.9 -999.9 -999.9 CEMADEN_-_Cambará_do_Sul_-_G2-430360802A_(1045_m) -999.9 -999.9 -999.9 -999.9 -999.9 -999.9 -999.9 -999.9 Rio_Grande_do_Sul CEMADEN -999.9 0.0 -999.9
-28.98363 -50.0686 17896 2026-09-20_23:10 -999.9 -999.9 -999.9 -999.9 -999.9 -999.9 -999.9 -999.9 -999.9 -999.9 -999.9 -999.9 -999.9 -999.9 -999.9 -999.9 -999.9 11.8 32.6 32.8 32.8 33.0 -999.9 -999.9 -999.9 -999.9 -999.9 CEMADEN_-_Cambará_do_Sul_-_G2-430360802A_(1045_m) -999.9 -999.9 -999.9 -999.9 -999.9 -999.9 -999.9 -999.9 Rio_Grande_do_Sul CEMADEN -999.9 0.0 -999.9
