-29.16722 -51.86861 86510000 2026-08-19_00:00 -999.9 -999.9 -999.9 -999.9 -999.9 -999.9 -999.9 -999.9 -999.9 -999.9 -999.9 -999.9 -999.9 -999.9 -999.9 -999.9 0.0 0.0 0.0 0.0 0.2 25.2 -999.9 -999.9 -999.9 -999.9 -999.9 SGB/CPRM_-_Muçum_(57_m) -999.9 -999.9 -999.9 -999.9 -999.9 -999.9 -999.9 -999.9 Brasil SGB/CPRM -999.9 0.0 0.0 4.44 4.44 4.44 1 0.15 4.87 5.41 5.94 9.74
-29.16722 -51.86861 86510000 2026-08-19_00:15 -999.9 -999.9 -999.9 -999.9 -999.9 -999.9 -999.9 -999.9 -999.9 -999.9 -999.9 -999.9 -999.9 -999.9 -999.9 -999.9 0.0 0.0 0.0 0.0 0.2 25.2 -999.9 -999.9 -999.9 -999.9 -999.9 SGB/CPRM_-_Muçum_(57_m) -999.9 -999.9 -999.9 -999.9 -999.9 -999.9 -999.9 -999.9 Brasil SGB/CPRM -999.9 0.0 0.0 4.45 4.45 4.44 1 0.1 4.87 5.41 5.94 9.74
-29.16722 -51.86861 86510000 2026-08-19_00:30 -999.9 -999.9 -999.9 -999.9 -999.9 -999.9 -999.9 -999.9 -999.9 -999.9 -999.9 -999.9 -999.9 -999.9 -999.9 -999.9 0.0 0.0 0.0 0.0 0.2 25.2 -999.9 -999.9 -999.9 -999.9 -999.9 SGB/CPRM_-_Muçum_(57_m) -999.9 -999.9 -999.9 -999.9 -999.9 -999.9 -999.9 -999.9 Brasil SGB/CPRM -999.9 0.0 0.0 4.46 4.46 4.44 1 0.07 4.87 5.41 5.94 9.74
-29.16722 -51.86861 86510000 2026-08-19_00:45 -999.9 -999.9 -999.9 -999.9 -999.9 -999.9 -999.9 -999.9 -999.9 -999.9 -999.9 -999.9 -999.9 -999.9 -999.9 -999.9 0.0 0.0 0.0 0.0 0.2 25.2 -999.9 -999.9 -999.9 -999.9 -999.9 SGB/CPRM_-_Muçum_(57_m) -999.9 -999.9 -999.9 -999.9 -999.9 -999.9 -999.9 -999.9 Brasil SGB/CPRM -999.9 0.0 0.0 4.47 4.47 4.44 1 0.03 4.87 5.41 5.94 9.74
-29.16722 -51.86861 86510000 2026-08-19_01:00 -999.9 -999.9 -999.9 -999.9 -999.9 -999.9 -999.9 -999.9 -999.9 -999.9 -999.9 -999.9 -999.9 -999.9 -999.9 -999.9 0.0 0.0 0.0 0.0 0.2 25.2 -999.9 -999.9 -999.9 -999.9 -999.9 SGB/CPRM_-_Muçum_(57_m) -999.9 -999.9 -999.9 -999.9 -999.9 -999.9 -999.9 -999.9 Brasil SGB/CPRM -999.9 0.0 0.0 4.47 4.47 4.44 1 0.03 4.87 5.41 5.94 9.74
-29.16722 -51.86861 86510000 2026-08-19_01:15 -999.9 -999.9 -999.9 -999.9 -999.9 -999.9 -999.9 -999.9 -999.9 -999.9 -999.9 -999.9 -999.9 -999.9 -999.9 -999.9 0.0 0.0 0.0 0.0 0.2 25.2 -999.9 -999.9 -999.9 -999.9 -999.9 SGB/CPRM_-_Muçum_(57_m) -999.9 -999.9 -999.9 -999.9 -999.9 -999.9 -999.9 -999.9 Brasil SGB/CPRM -999.9 0.0 0.0 4.47 4.47 4.44 1 0.02 4.87 5.41 5.94 9.74
-29.16722 -51.86861 86510000 2026-08-19_01:30 -999.9 -999.9 -999.9 -999.9 -999.9 -999.9 -999.9 -999.9 -999.9 -999.9 -999.9 -999.9 -999.9 -999.9 -999.9 -999.9 0.0 0.0 0.0 0.0 0.2 25.2 -999.9 -999.9 -999.9 -999.9 -999.9 SGB/CPRM_-_Muçum_(57_m) -999.9 -999.9 -999.9 -999.9 -999.9 -999.9 -999.9 -999.9 Brasil SGB/CPRM -999.9 0.0 0.0 4.45 4.47 4.44 0 -0.01 4.87 5.41 5.94 9.74
-29.16722 -51.86861 86510000 2026-08-19_01:45 -999.9 -999.9 -999.9 -999.9 -999.9 -999.9 -999.9 -999.9 -999.9 -999.9 -999.9 -999.9 -999.9 -999.9 -999.9 -999.9 0.0 0.0 0.0 0.0 0.2 25.2 -999.9 -999.9 -999.9 -999.9 -999.9 SGB/CPRM_-_Muçum_(57_m) -999.9 -999.9 -999.9 -999.9 -999.9 -999.9 -999.9 -999.9 Brasil SGB/CPRM -999.9 0.0 0.0 4.44 4.47 4.44 -1 -0.03 4.87 5.41 5.94 9.74
-29.16722 -51.86861 86510000 2026-08-19_02:00 -999.9 -999.9 -999.9 -999.9 -999.9 -999.9 -999.9 -999.9 -999.9 -999.9 -999.9 -999.9 -999.9 -999.9 -999.9 -999.9 0.0 0.0 0.0 0.0 0.2 25.2 -999.9 -999.9 -999.9 -999.9 -999.9 SGB/CPRM_-_Muçum_(57_m) -999.9 -999.9 -999.9 -999.9 -999.9 -999.9 -999.9 -999.9 Brasil SGB/CPRM -999.9 0.0 0.0 4.43 4.47 4.43 -1 -0.04 4.87 5.41 5.94 9.74
-29.16722 -51.86861 86510000 2026-08-19_02:15 -999.9 -999.9 -999.9 -999.9 -999.9 -999.9 -999.9 -999.9 -999.9 -999.9 -999.9 -999.9 -999.9 -999.9 -999.9 -999.9 0.0 0.0 0.0 0.0 0.2 25.2 -999.9 -999.9 -999.9 -999.9 -999.9 SGB/CPRM_-_Muçum_(57_m) -999.9 -999.9 -999.9 -999.9 -999.9 -999.9 -999.9 -999.9 Brasil SGB/CPRM -999.9 0.0 0.0 4.41 4.47 4.41 -1 -0.06 4.87 5.41 5.94 9.74
-29.16722 -51.86861 86510000 2026-08-19_02:30 -999.9 -999.9 -999.9 -999.9 -999.9 -999.9 -999.9 -999.9 -999.9 -999.9 -999.9 -999.9 -999.9 -999.9 -999.9 -999.9 0.0 0.0 0.0 0.0 0.2 25.2 -999.9 -999.9 -999.9 -999.9 -999.9 SGB/CPRM_-_Muçum_(57_m) -999.9 -999.9 -999.9 -999.9 -999.9 -999.9 -999.9 -999.9 Brasil SGB/CPRM -999.9 0.0 0.0 4.39 4.47 4.39 -1 -0.06 4.87 5.41 5.94 9.74
-29.16722 -51.86861 86510000 2026-08-19_02:45 -999.9 -999.9 -999.9 -999.9 -999.9 -999.9 -999.9 -999.9 -999.9 -999.9 -999.9 -999.9 -999.9 -999.9 -999.9 -999.9 0.0 0.0 0.0 0.0 0.2 25.2 -999.9 -999.9 -999.9 -999.9 -999.9 SGB/CPRM_-_Muçum_(57_m) -999.9 -999.9 -999.9 -999.9 -999.9 -999.9 -999.9 -999.9 Brasil SGB/CPRM -999.9 0.0 0.0 4.37 4.47 4.37 -1 -0.07 4.87 5.41 5.94 9.74
-29.16722 -51.86861 86510000 2026-08-19_03:00 -999.9 -999.9 -999.9 -999.9 -999.9 -999.9 -999.9 -999.9 -999.9 -999.9 -999.9 -999.9 -999.9 -999.9 -999.9 -999.9 0.0 0.0 0.0 0.0 0.2 25.2 -999.9 -999.9 -999.9 -999.9 -999.9 SGB/CPRM_-_Muçum_(57_m) -999.9 -999.9 -999.9 -999.9 -999.9 -999.9 -999.9 -999.9 Brasil SGB/CPRM -999.9 0.0 0.0 4.35 4.47 4.35 -1 -0.08 4.87 5.41 5.94 9.74
-29.16722 -51.86861 86510000 2026-08-19_03:15 -999.9 -999.9 -999.9 -999.9 -999.9 -999.9 -999.9 -999.9 -999.9 -999.9 -999.9 -999.9 -999.9 -999.9 -999.9 -999.9 0.0 0.0 0.0 0.0 0.2 25.2 -999.9 -999.9 -999.9 -999.9 -999.9 SGB/CPRM_-_Muçum_(57_m) -999.9 -999.9 -999.9 -999.9 -999.9 -999.9 -999.9 -999.9 Brasil SGB/CPRM -999.9 0.0 0.0 4.32 4.47 4.32 -1 -0.09 4.87 5.41 5.94 9.74
-29.16722 -51.86861 86510000 2026-08-19_03:30 -999.9 -999.9 -999.9 -999.9 -999.9 -999.9 -999.9 -999.9 -999.9 -999.9 -999.9 -999.9 -999.9 -999.9 -999.9 -999.9 0.0 0.0 0.0 0.0 0.2 25.2 -999.9 -999.9 -999.9 -999.9 -999.9 SGB/CPRM_-_Muçum_(57_m) -999.9 -999.9 -999.9 -999.9 -999.9 -999.9 -999.9 -999.9 Brasil SGB/CPRM -999.9 0.0 0.0 4.3 4.47 4.3 -1 -0.09 4.87 5.41 5.94 9.74
-29.16722 -51.86861 86510000 2026-08-19_03:45 -999.9 -999.9 -999.9 -999.9 -999.9 -999.9 -999.9 -999.9 -999.9 -999.9 -999.9 -999.9 -999.9 -999.9 -999.9 -999.9 0.0 0.0 0.0 0.0 0.2 25.2 -999.9 -999.9 -999.9 -999.9 -999.9 SGB/CPRM_-_Muçum_(57_m) -999.9 -999.9 -999.9 -999.9 -999.9 -999.9 -999.9 -999.9 Brasil SGB/CPRM -999.9 0.0 0.0 4.27 4.47 4.27 -1 -0.1 4.87 5.41 5.94 9.74
-29.16722 -51.86861 86510000 2026-08-19_04:00 -999.9 -999.9 -999.9 -999.9 -999.9 -999.9 -999.9 -999.9 -999.9 -999.9 -999.9 -999.9 -999.9 -999.9 -999.9 -999.9 0.0 0.0 0.0 0.0 0.2 25.2 -999.9 -999.9 -999.9 -999.9 -999.9 SGB/CPRM_-_Muçum_(57_m) -999.9 -999.9 -999.9 -999.9 -999.9 -999.9 -999.9 -999.9 Brasil SGB/CPRM -999.9 0.0 0.0 4.25 4.47 4.25 -1 -0.1 4.87 5.41 5.94 9.74
-29.16722 -51.86861 86510000 2026-08-19_04:15 -999.9 -999.9 -999.9 -999.9 -999.9 -999.9 -999.9 -999.9 -999.9 -999.9 -999.9 -999.9 -999.9 -999.9 -999.9 -999.9 0.0 0.0 0.0 0.0 0.2 25.2 -999.9 -999.9 -999.9 -999.9 -999.9 SGB/CPRM_-_Muçum_(57_m) -999.9 -999.9 -999.9 -999.9 -999.9 -999.9 -999.9 -999.9 Brasil SGB/CPRM -999.9 0.0 0.0 4.22 4.47 4.22 -1 -0.1 4.87 5.41 5.94 9.74
-29.16722 -51.86861 86510000 2026-08-19_04:30 -999.9 -999.9 -999.9 -999.9 -999.9 -999.9 -999.9 -999.9 -999.9 -999.9 -999.9 -999.9 -999.9 -999.9 -999.9 -999.9 0.0 0.0 0.0 0.0 0.2 25.2 -999.9 -999.9 -999.9 -999.9 -999.9 SGB/CPRM_-_Muçum_(57_m) -999.9 -999.9 -999.9 -999.9 -999.9 -999.9 -999.9 -999.9 Brasil SGB/CPRM -999.9 0.0 0.0 4.2 4.47 4.2 -1 -0.1 4.87 5.41 5.94 9.74
-29.16722 -51.86861 86510000 2026-08-19_04:45 -999.9 -999.9 -999.9 -999.9 -999.9 -999.9 -999.9 -999.9 -999.9 -999.9 -999.9 -999.9 -999.9 -999.9 -999.9 -999.9 0.0 0.0 0.0 0.0 0.2 25.2 -999.9 -999.9 -999.9 -999.9 -999.9 SGB/CPRM_-_Muçum_(57_m) -999.9 -999.9 -999.9 -999.9 -999.9 -999.9 -999.9 -999.9 Brasil SGB/CPRM -999.9 0.0 0.0 4.17 4.47 4.17 -1 -0.1 4.87 5.41 5.94 9.74
-29.16722 -51.86861 86510000 2026-08-19_05:00 -999.9 -999.9 -999.9 -999.9 -999.9 -999.9 -999.9 -999.9 -999.9 -999.9 -999.9 -999.9 -999.9 -999.9 -999.9 -999.9 0.0 0.0 0.0 0.0 0.2 25.2 -999.9 -999.9 -999.9 -999.9 -999.9 SGB/CPRM_-_Muçum_(57_m) -999.9 -999.9 -999.9 -999.9 -999.9 -999.9 -999.9 -999.9 Brasil SGB/CPRM -999.9 0.0 0.0 4.12 4.47 4.12 -1 -0.13 4.87 5.41 5.94 9.74
-29.16722 -51.86861 86510000 2026-08-19_05:15 -999.9 -999.9 -999.9 -999.9 -999.9 -999.9 -999.9 -999.9 -999.9 -999.9 -999.9 -999.9 -999.9 -999.9 -999.9 -999.9 0.0 0.0 0.0 0.0 0.2 25.2 -999.9 -999.9 -999.9 -999.9 -999.9 SGB/CPRM_-_Muçum_(57_m) -999.9 -999.9 -999.9 -999.9 -999.9 -999.9 -999.9 -999.9 Brasil SGB/CPRM -999.9 0.0 0.0 4.12 4.47 4.12 -1 -0.1 4.87 5.41 5.94 9.74
-29.16722 -51.86861 86510000 2026-08-19_05:30 -999.9 -999.9 -999.9 -999.9 -999.9 -999.9 -999.9 -999.9 -999.9 -999.9 -999.9 -999.9 -999.9 -999.9 -999.9 -999.9 0.0 0.0 0.0 0.0 0.2 25.2 -999.9 -999.9 -999.9 -999.9 -999.9 SGB/CPRM_-_Muçum_(57_m) -999.9 -999.9 -999.9 -999.9 -999.9 -999.9 -999.9 -999.9 Brasil SGB/CPRM -999.9 0.0 0.0 4.1 4.47 4.1 -1 -0.1 4.87 5.41 5.94 9.74
-29.16722 -51.86861 86510000 2026-08-19_05:45 -999.9 -999.9 -999.9 -999.9 -999.9 -999.9 -999.9 -999.9 -999.9 -999.9 -999.9 -999.9 -999.9 -999.9 -999.9 -999.9 0.0 0.0 0.0 0.0 0.2 25.2 -999.9 -999.9 -999.9 -999.9 -999.9 SGB/CPRM_-_Muçum_(57_m) -999.9 -999.9 -999.9 -999.9 -999.9 -999.9 -999.9 -999.9 Brasil SGB/CPRM -999.9 0.0 0.0 4.08 4.47 4.08 -1 -0.09 4.87 5.41 5.94 9.74
-29.16722 -51.86861 86510000 2026-08-19_06:00 -999.9 -999.9 -999.9 -999.9 -999.9 -999.9 -999.9 -999.9 -999.9 -999.9 -999.9 -999.9 -999.9 -999.9 -999.9 -999.9 0.0 0.0 0.0 0.0 0.2 25.2 -999.9 -999.9 -999.9 -999.9 -999.9 SGB/CPRM_-_Muçum_(57_m) -999.9 -999.9 -999.9 -999.9 -999.9 -999.9 -999.9 -999.9 Brasil SGB/CPRM -999.9 0.0 0.0 4.05 4.47 4.05 -1 -0.07 4.87 5.41 5.94 9.74
-29.16722 -51.86861 86510000 2026-08-19_06:15 -999.9 -999.9 -999.9 -999.9 -999.9 -999.9 -999.9 -999.9 -999.9 -999.9 -999.9 -999.9 -999.9 -999.9 -999.9 -999.9 0.0 0.0 0.0 0.0 0.2 25.2 -999.9 -999.9 -999.9 -999.9 -999.9 SGB/CPRM_-_Muçum_(57_m) -999.9 -999.9 -999.9 -999.9 -999.9 -999.9 -999.9 -999.9 Brasil SGB/CPRM -999.9 0.0 0.0 4.03 4.47 4.03 -1 -0.09 4.87 5.41 5.94 9.74
-29.16722 -51.86861 86510000 2026-08-19_06:30 -999.9 -999.9 -999.9 -999.9 -999.9 -999.9 -999.9 -999.9 -999.9 -999.9 -999.9 -999.9 -999.9 -999.9 -999.9 -999.9 0.0 0.0 0.0 0.0 0.2 25.2 -999.9 -999.9 -999.9 -999.9 -999.9 SGB/CPRM_-_Muçum_(57_m) -999.9 -999.9 -999.9 -999.9 -999.9 -999.9 -999.9 -999.9 Brasil SGB/CPRM -999.9 0.0 0.0 4.01 4.47 4.01 -1 -0.09 4.87 5.41 5.94 9.74
-29.16722 -51.86861 86510000 2026-08-19_06:45 -999.9 -999.9 -999.9 -999.9 -999.9 -999.9 -999.9 -999.9 -999.9 -999.9 -999.9 -999.9 -999.9 -999.9 -999.9 -999.9 0.0 0.0 0.0 0.0 0.2 25.2 -999.9 -999.9 -999.9 -999.9 -999.9 SGB/CPRM_-_Muçum_(57_m) -999.9 -999.9 -999.9 -999.9 -999.9 -999.9 -999.9 -999.9 Brasil SGB/CPRM -999.9 0.0 0.0 3.99 4.47 3.99 -1 -0.09 4.87 5.41 5.94 9.74
-29.16722 -51.86861 86510000 2026-08-19_07:00 -999.9 -999.9 -999.9 -999.9 -999.9 -999.9 -999.9 -999.9 -999.9 -999.9 -999.9 -999.9 -999.9 -999.9 -999.9 -999.9 0.0 0.0 0.0 0.0 0.2 25.2 -999.9 -999.9 -999.9 -999.9 -999.9 SGB/CPRM_-_Muçum_(57_m) -999.9 -999.9 -999.9 -999.9 -999.9 -999.9 -999.9 -999.9 Brasil SGB/CPRM -999.9 0.0 0.0 3.97 4.47 3.97 -1 -0.08 4.87 5.41 5.94 9.74
-29.16722 -51.86861 86510000 2026-08-19_07:15 -999.9 -999.9 -999.9 -999.9 -999.9 -999.9 -999.9 -999.9 -999.9 -999.9 -999.9 -999.9 -999.9 -999.9 -999.9 -999.9 0.0 0.0 0.0 0.0 0.2 25.2 -999.9 -999.9 -999.9 -999.9 -999.9 SGB/CPRM_-_Muçum_(57_m) -999.9 -999.9 -999.9 -999.9 -999.9 -999.9 -999.9 -999.9 Brasil SGB/CPRM -999.9 0.0 0.0 3.95 4.47 3.95 -1 -0.08 4.87 5.41 5.94 9.74
-29.16722 -51.86861 86510000 2026-08-19_07:30 -999.9 -999.9 -999.9 -999.9 -999.9 -999.9 -999.9 -999.9 -999.9 -999.9 -999.9 -999.9 -999.9 -999.9 -999.9 -999.9 0.0 0.0 0.0 0.0 0.2 25.2 -999.9 -999.9 -999.9 -999.9 -999.9 SGB/CPRM_-_Muçum_(57_m) -999.9 -999.9 -999.9 -999.9 -999.9 -999.9 -999.9 -999.9 Brasil SGB/CPRM -999.9 0.0 0.0 3.94 4.47 3.94 -1 -0.07 4.87 5.41 5.94 9.74
-29.16722 -51.86861 86510000 2026-08-19_07:45 -999.9 -999.9 -999.9 -999.9 -999.9 -999.9 -999.9 -999.9 -999.9 -999.9 -999.9 -999.9 -999.9 -999.9 -999.9 -999.9 0.0 0.0 0.0 0.0 0.2 25.2 -999.9 -999.9 -999.9 -999.9 -999.9 SGB/CPRM_-_Muçum_(57_m) -999.9 -999.9 -999.9 -999.9 -999.9 -999.9 -999.9 -999.9 Brasil SGB/CPRM -999.9 0.0 0.0 3.92 4.47 3.92 -1 -0.07 4.87 5.41 5.94 9.74
-29.16722 -51.86861 86510000 2026-08-19_08:00 -999.9 -999.9 -999.9 -999.9 -999.9 -999.9 -999.9 -999.9 -999.9 -999.9 -999.9 -999.9 -999.9 -999.9 -999.9 -999.9 0.0 0.0 0.0 0.0 0.2 25.2 -999.9 -999.9 -999.9 -999.9 -999.9 SGB/CPRM_-_Muçum_(57_m) -999.9 -999.9 -999.9 -999.9 -999.9 -999.9 -999.9 -999.9 Brasil SGB/CPRM -999.9 0.0 0.0 3.91 4.47 3.91 -1 -0.06 4.87 5.41 5.94 9.74
-29.16722 -51.86861 86510000 2026-08-19_08:15 -999.9 -999.9 -999.9 -999.9 -999.9 -999.9 -999.9 -999.9 -999.9 -999.9 -999.9 -999.9 -999.9 -999.9 -999.9 -999.9 0.0 0.0 0.0 0.0 0.2 25.2 -999.9 -999.9 -999.9 -999.9 -999.9 SGB/CPRM_-_Muçum_(57_m) -999.9 -999.9 -999.9 -999.9 -999.9 -999.9 -999.9 -999.9 Brasil SGB/CPRM -999.9 0.0 0.0 3.9 4.47 3.9 -1 -0.05 4.87 5.41 5.94 9.74
-29.16722 -51.86861 86510000 2026-08-19_08:30 -999.9 -999.9 -999.9 -999.9 -999.9 -999.9 -999.9 -999.9 -999.9 -999.9 -999.9 -999.9 -999.9 -999.9 -999.9 -999.9 0.0 0.0 0.0 0.0 0.2 25.2 -999.9 -999.9 -999.9 -999.9 -999.9 SGB/CPRM_-_Muçum_(57_m) -999.9 -999.9 -999.9 -999.9 -999.9 -999.9 -999.9 -999.9 Brasil SGB/CPRM -999.9 0.0 0.0 3.89 4.47 3.89 -1 -0.05 4.87 5.41 5.94 9.74
-29.16722 -51.86861 86510000 2026-08-19_08:45 -999.9 -999.9 -999.9 -999.9 -999.9 -999.9 -999.9 -999.9 -999.9 -999.9 -999.9 -999.9 -999.9 -999.9 -999.9 -999.9 0.0 0.0 0.0 0.0 0.2 25.2 -999.9 -999.9 -999.9 -999.9 -999.9 SGB/CPRM_-_Muçum_(57_m) -999.9 -999.9 -999.9 -999.9 -999.9 -999.9 -999.9 -999.9 Brasil SGB/CPRM -999.9 0.0 0.0 3.87 4.47 3.87 -1 -0.05 4.87 5.41 5.94 9.74
-29.16722 -51.86861 86510000 2026-08-19_09:00 -999.9 -999.9 -999.9 -999.9 -999.9 -999.9 -999.9 -999.9 -999.9 -999.9 -999.9 -999.9 -999.9 -999.9 -999.9 -999.9 0.0 0.0 0.0 0.0 0.2 25.2 -999.9 -999.9 -999.9 -999.9 -999.9 SGB/CPRM_-_Muçum_(57_m) -999.9 -999.9 -999.9 -999.9 -999.9 -999.9 -999.9 -999.9 Brasil SGB/CPRM -999.9 0.0 0.0 3.86 4.47 3.86 -1 -0.05 4.87 5.41 5.94 9.74
-29.16722 -51.86861 86510000 2026-08-19_09:15 -999.9 -999.9 -999.9 -999.9 -999.9 -999.9 -999.9 -999.9 -999.9 -999.9 -999.9 -999.9 -999.9 -999.9 -999.9 -999.9 0.0 0.0 0.0 0.0 0.2 25.2 -999.9 -999.9 -999.9 -999.9 -999.9 SGB/CPRM_-_Muçum_(57_m) -999.9 -999.9 -999.9 -999.9 -999.9 -999.9 -999.9 -999.9 Brasil SGB/CPRM -999.9 0.0 0.0 3.86 4.47 3.86 -1 -0.04 4.87 5.41 5.94 9.74
-29.16722 -51.86861 86510000 2026-08-19_09:30 -999.9 -999.9 -999.9 -999.9 -999.9 -999.9 -999.9 -999.9 -999.9 -999.9 -999.9 -999.9 -999.9 -999.9 -999.9 -999.9 0.0 0.0 0.0 0.0 0.2 25.2 -999.9 -999.9 -999.9 -999.9 -999.9 SGB/CPRM_-_Muçum_(57_m) -999.9 -999.9 -999.9 -999.9 -999.9 -999.9 -999.9 -999.9 Brasil SGB/CPRM -999.9 0.0 0.0 3.85 4.47 3.85 -1 -0.04 4.87 5.41 5.94 9.74
-29.16722 -51.86861 86510000 2026-08-19_09:45 -999.9 -999.9 -999.9 -999.9 -999.9 -999.9 -999.9 -999.9 -999.9 -999.9 -999.9 -999.9 -999.9 -999.9 -999.9 -999.9 0.0 0.0 0.0 0.0 0.2 25.2 -999.9 -999.9 -999.9 -999.9 -999.9 SGB/CPRM_-_Muçum_(57_m) -999.9 -999.9 -999.9 -999.9 -999.9 -999.9 -999.9 -999.9 Brasil SGB/CPRM -999.9 0.0 0.0 3.84 4.47 3.84 -1 -0.03 4.87 5.41 5.94 9.74
-29.16722 -51.86861 86510000 2026-08-19_10:00 -999.9 -999.9 -999.9 -999.9 -999.9 -999.9 -999.9 -999.9 -999.9 -999.9 -999.9 -999.9 -999.9 -999.9 -999.9 -999.9 0.0 0.0 0.0 0.0 0.2 25.2 -999.9 -999.9 -999.9 -999.9 -999.9 SGB/CPRM_-_Muçum_(57_m) -999.9 -999.9 -999.9 -999.9 -999.9 -999.9 -999.9 -999.9 Brasil SGB/CPRM -999.9 0.0 0.0 3.83 4.47 3.83 -1 -0.03 4.87 5.41 5.94 9.74
-29.16722 -51.86861 86510000 2026-08-19_10:15 -999.9 -999.9 -999.9 -999.9 -999.9 -999.9 -999.9 -999.9 -999.9 -999.9 -999.9 -999.9 -999.9 -999.9 -999.9 -999.9 0.0 0.0 0.0 0.0 0.2 25.2 -999.9 -999.9 -999.9 -999.9 -999.9 SGB/CPRM_-_Muçum_(57_m) -999.9 -999.9 -999.9 -999.9 -999.9 -999.9 -999.9 -999.9 Brasil SGB/CPRM -999.9 0.0 0.0 3.83 4.47 3.83 -1 -0.03 4.87 5.41 5.94 9.74
-29.16722 -51.86861 86510000 2026-08-19_10:30 -999.9 -999.9 -999.9 -999.9 -999.9 -999.9 -999.9 -999.9 -999.9 -999.9 -999.9 -999.9 -999.9 -999.9 -999.9 -999.9 0.0 0.0 0.0 0.0 0.2 25.2 -999.9 -999.9 -999.9 -999.9 -999.9 SGB/CPRM_-_Muçum_(57_m) -999.9 -999.9 -999.9 -999.9 -999.9 -999.9 -999.9 -999.9 Brasil SGB/CPRM -999.9 0.0 0.0 3.82 4.47 3.82 -1 -0.03 4.87 5.41 5.94 9.74
-29.16722 -51.86861 86510000 2026-08-19_10:45 -999.9 -999.9 -999.9 -999.9 -999.9 -999.9 -999.9 -999.9 -999.9 -999.9 -999.9 -999.9 -999.9 -999.9 -999.9 -999.9 0.0 0.0 0.0 0.0 0.2 25.2 -999.9 -999.9 -999.9 -999.9 -999.9 SGB/CPRM_-_Muçum_(57_m) -999.9 -999.9 -999.9 -999.9 -999.9 -999.9 -999.9 -999.9 Brasil SGB/CPRM -999.9 0.0 0.0 3.81 4.47 3.81 -1 -0.03 4.87 5.41 5.94 9.74
-29.16722 -51.86861 86510000 2026-08-19_11:00 -999.9 -999.9 -999.9 -999.9 -999.9 -999.9 -999.9 -999.9 -999.9 -999.9 -999.9 -999.9 -999.9 -999.9 -999.9 -999.9 0.0 0.0 0.0 0.0 0.2 25.2 -999.9 -999.9 -999.9 -999.9 -999.9 SGB/CPRM_-_Muçum_(57_m) -999.9 -999.9 -999.9 -999.9 -999.9 -999.9 -999.9 -999.9 Brasil SGB/CPRM -999.9 0.0 0.0 3.81 4.47 3.81 -1 -0.02 4.87 5.41 5.94 9.74
-29.16722 -51.86861 86510000 2026-08-19_11:15 -999.9 -999.9 -999.9 -999.9 -999.9 -999.9 -999.9 -999.9 -999.9 -999.9 -999.9 -999.9 -999.9 -999.9 -999.9 -999.9 0.0 0.0 0.0 0.0 0.2 25.2 -999.9 -999.9 -999.9 -999.9 -999.9 SGB/CPRM_-_Muçum_(57_m) -999.9 -999.9 -999.9 -999.9 -999.9 -999.9 -999.9 -999.9 Brasil SGB/CPRM -999.9 0.0 0.0 3.8 4.47 3.8 -1 -0.03 4.87 5.41 5.94 9.74
-29.16722 -51.86861 86510000 2026-08-19_11:30 -999.9 -999.9 -999.9 -999.9 -999.9 -999.9 -999.9 -999.9 -999.9 -999.9 -999.9 -999.9 -999.9 -999.9 -999.9 -999.9 0.0 0.0 0.0 0.0 0.2 25.2 -999.9 -999.9 -999.9 -999.9 -999.9 SGB/CPRM_-_Muçum_(57_m) -999.9 -999.9 -999.9 -999.9 -999.9 -999.9 -999.9 -999.9 Brasil SGB/CPRM -999.9 0.0 0.0 3.79 4.47 3.79 -1 -0.03 4.87 5.41 5.94 9.74
-29.16722 -51.86861 86510000 2026-08-19_11:45 -999.9 -999.9 -999.9 -999.9 -999.9 -999.9 -999.9 -999.9 -999.9 -999.9 -999.9 -999.9 -999.9 -999.9 -999.9 -999.9 0.0 0.0 0.0 0.0 0.2 25.2 -999.9 -999.9 -999.9 -999.9 -999.9 SGB/CPRM_-_Muçum_(57_m) -999.9 -999.9 -999.9 -999.9 -999.9 -999.9 -999.9 -999.9 Brasil SGB/CPRM -999.9 0.0 0.0 3.77 4.47 3.77 -1 -0.04 4.87 5.41 5.94 9.74
-29.16722 -51.86861 86510000 2026-08-19_12:00 -999.9 -999.9 -999.9 -999.9 -999.9 -999.9 -999.9 -999.9 -999.9 -999.9 -999.9 -999.9 -999.9 -999.9 -999.9 -999.9 0.0 0.0 0.0 0.0 0.2 25.2 -999.9 -999.9 -999.9 -999.9 -999.9 SGB/CPRM_-_Muçum_(57_m) -999.9 -999.9 -999.9 -999.9 -999.9 -999.9 -999.9 -999.9 Brasil SGB/CPRM -999.9 0.0 0.0 3.75 4.47 3.75 -1 -0.06 4.87 5.41 5.94 9.74
-29.16722 -51.86861 86510000 2026-08-19_12:15 -999.9 -999.9 -999.9 -999.9 -999.9 -999.9 -999.9 -999.9 -999.9 -999.9 -999.9 -999.9 -999.9 -999.9 -999.9 -999.9 0.0 0.0 0.0 0.0 0.2 25.2 -999.9 -999.9 -999.9 -999.9 -999.9 SGB/CPRM_-_Muçum_(57_m) -999.9 -999.9 -999.9 -999.9 -999.9 -999.9 -999.9 -999.9 Brasil SGB/CPRM -999.9 0.0 0.0 3.72 4.47 3.72 -1 -0.08 4.87 5.41 5.94 9.74
-29.16722 -51.86861 86510000 2026-08-19_12:30 -999.9 -999.9 -999.9 -999.9 -999.9 -999.9 -999.9 -999.9 -999.9 -999.9 -999.9 -999.9 -999.9 -999.9 -999.9 -999.9 0.0 0.0 0.0 0.0 0.2 25.2 -999.9 -999.9 -999.9 -999.9 -999.9 SGB/CPRM_-_Muçum_(57_m) -999.9 -999.9 -999.9 -999.9 -999.9 -999.9 -999.9 -999.9 Brasil SGB/CPRM -999.9 0.0 0.0 3.68 4.47 3.68 -1 -0.11 4.87 5.41 5.94 9.74
-29.16722 -51.86861 86510000 2026-08-19_12:45 -999.9 -999.9 -999.9 -999.9 -999.9 -999.9 -999.9 -999.9 -999.9 -999.9 -999.9 -999.9 -999.9 -999.9 -999.9 -999.9 0.0 0.0 0.0 0.0 0.2 25.2 -999.9 -999.9 -999.9 -999.9 -999.9 SGB/CPRM_-_Muçum_(57_m) -999.9 -999.9 -999.9 -999.9 -999.9 -999.9 -999.9 -999.9 Brasil SGB/CPRM -999.9 0.0 0.0 3.64 4.47 3.64 -1 -0.13 4.87 5.41 5.94 9.74
-29.16722 -51.86861 86510000 2026-08-19_13:00 -999.9 -999.9 -999.9 -999.9 -999.9 -999.9 -999.9 -999.9 -999.9 -999.9 -999.9 -999.9 -999.9 -999.9 -999.9 -999.9 0.0 0.0 0.0 0.0 0.2 25.2 -999.9 -999.9 -999.9 -999.9 -999.9 SGB/CPRM_-_Muçum_(57_m) -999.9 -999.9 -999.9 -999.9 -999.9 -999.9 -999.9 -999.9 Brasil SGB/CPRM -999.9 0.0 0.0 3.6 4.47 3.6 -1 -0.15 4.87 5.41 5.94 9.74
-29.16722 -51.86861 86510000 2026-08-19_13:15 -999.9 -999.9 -999.9 -999.9 -999.9 -999.9 -999.9 -999.9 -999.9 -999.9 -999.9 -999.9 -999.9 -999.9 -999.9 -999.9 0.0 0.0 0.0 0.0 0.2 25.2 -999.9 -999.9 -999.9 -999.9 -999.9 SGB/CPRM_-_Muçum_(57_m) -999.9 -999.9 -999.9 -999.9 -999.9 -999.9 -999.9 -999.9 Brasil SGB/CPRM -999.9 0.0 0.0 3.54 4.47 3.54 -1 -0.18 4.87 5.41 5.94 9.74
-29.16722 -51.86861 86510000 2026-08-19_13:30 -999.9 -999.9 -999.9 -999.9 -999.9 -999.9 -999.9 -999.9 -999.9 -999.9 -999.9 -999.9 -999.9 -999.9 -999.9 -999.9 0.0 0.0 0.0 0.0 0.2 25.2 -999.9 -999.9 -999.9 -999.9 -999.9 SGB/CPRM_-_Muçum_(57_m) -999.9 -999.9 -999.9 -999.9 -999.9 -999.9 -999.9 -999.9 Brasil SGB/CPRM -999.9 0.0 0.0 3.49 4.47 3.49 -1 -0.19 4.87 5.41 5.94 9.74
-29.16722 -51.86861 86510000 2026-08-19_13:45 -999.9 -999.9 -999.9 -999.9 -999.9 -999.9 -999.9 -999.9 -999.9 -999.9 -999.9 -999.9 -999.9 -999.9 -999.9 -999.9 0.0 0.0 0.0 0.0 0.2 25.2 -999.9 -999.9 -999.9 -999.9 -999.9 SGB/CPRM_-_Muçum_(57_m) -999.9 -999.9 -999.9 -999.9 -999.9 -999.9 -999.9 -999.9 Brasil SGB/CPRM -999.9 0.0 0.0 3.43 4.47 3.43 -1 -0.21 4.87 5.41 5.94 9.74
-29.16722 -51.86861 86510000 2026-08-19_14:00 -999.9 -999.9 -999.9 -999.9 -999.9 -999.9 -999.9 -999.9 -999.9 -999.9 -999.9 -999.9 -999.9 -999.9 -999.9 -999.9 0.0 0.0 0.0 0.0 0.2 25.2 -999.9 -999.9 -999.9 -999.9 -999.9 SGB/CPRM_-_Muçum_(57_m) -999.9 -999.9 -999.9 -999.9 -999.9 -999.9 -999.9 -999.9 Brasil SGB/CPRM -999.9 0.0 0.0 3.37 4.47 3.37 -1 -0.23 4.87 5.41 5.94 9.74
-29.16722 -51.86861 86510000 2026-08-19_14:15 -999.9 -999.9 -999.9 -999.9 -999.9 -999.9 -999.9 -999.9 -999.9 -999.9 -999.9 -999.9 -999.9 -999.9 -999.9 -999.9 0.0 0.0 0.0 0.0 0.2 25.2 -999.9 -999.9 -999.9 -999.9 -999.9 SGB/CPRM_-_Muçum_(57_m) -999.9 -999.9 -999.9 -999.9 -999.9 -999.9 -999.9 -999.9 Brasil SGB/CPRM -999.9 0.0 0.0 3.31 4.47 3.31 -1 -0.23 4.87 5.41 5.94 9.74
-29.16722 -51.86861 86510000 2026-08-19_14:30 -999.9 -999.9 -999.9 -999.9 -999.9 -999.9 -999.9 -999.9 -999.9 -999.9 -999.9 -999.9 -999.9 -999.9 -999.9 -999.9 1.2 1.2 1.2 1.2 1.4 26.4 -999.9 -999.9 -999.9 -999.9 -999.9 SGB/CPRM_-_Muçum_(57_m) -999.9 -999.9 -999.9 -999.9 -999.9 -999.9 -999.9 -999.9 Brasil SGB/CPRM -999.9 1.2 1.2 3.24 4.47 3.24 -1 -0.25 4.87 5.41 5.94 9.74
-29.16722 -51.86861 86510000 2026-08-19_14:45 -999.9 -999.9 -999.9 -999.9 -999.9 -999.9 -999.9 -999.9 -999.9 -999.9 -999.9 -999.9 -999.9 -999.9 -999.9 -999.9 1.2 1.2 1.2 1.2 1.4 26.4 -999.9 -999.9 -999.9 -999.9 -999.9 SGB/CPRM_-_Muçum_(57_m) -999.9 -999.9 -999.9 -999.9 -999.9 -999.9 -999.9 -999.9 Brasil SGB/CPRM -999.9 0.0 1.2 3.19 4.47 3.19 -1 -0.24 4.87 5.41 5.94 9.74
-29.16722 -51.86861 86510000 2026-08-19_15:00 -999.9 -999.9 -999.9 -999.9 -999.9 -999.9 -999.9 -999.9 -999.9 -999.9 -999.9 -999.9 -999.9 -999.9 -999.9 -999.9 1.2 1.2 1.2 1.2 1.4 26.4 -999.9 -999.9 -999.9 -999.9 -999.9 SGB/CPRM_-_Muçum_(57_m) -999.9 -999.9 -999.9 -999.9 -999.9 -999.9 -999.9 -999.9 Brasil SGB/CPRM -999.9 0.0 1.2 3.12 4.47 3.12 -1 -0.25 4.87 5.41 5.94 9.74
-29.16722 -51.86861 86510000 2026-08-19_15:15 -999.9 -999.9 -999.9 -999.9 -999.9 -999.9 -999.9 -999.9 -999.9 -999.9 -999.9 -999.9 -999.9 -999.9 -999.9 -999.9 1.2 1.2 1.2 1.2 1.4 26.4 -999.9 -999.9 -999.9 -999.9 -999.9 SGB/CPRM_-_Muçum_(57_m) -999.9 -999.9 -999.9 -999.9 -999.9 -999.9 -999.9 -999.9 Brasil SGB/CPRM -999.9 0.0 1.2 3.07 4.47 3.07 -1 -0.24 4.87 5.41 5.94 9.74
-29.16722 -51.86861 86510000 2026-08-19_15:30 -999.9 -999.9 -999.9 -999.9 -999.9 -999.9 -999.9 -999.9 -999.9 -999.9 -999.9 -999.9 -999.9 -999.9 -999.9 -999.9 0.0 1.2 1.2 1.2 1.4 26.4 -999.9 -999.9 -999.9 -999.9 -999.9 SGB/CPRM_-_Muçum_(57_m) -999.9 -999.9 -999.9 -999.9 -999.9 -999.9 -999.9 -999.9 Brasil SGB/CPRM -999.9 0.0 1.2 3.01 4.47 3.01 -1 -0.23 4.87 5.41 5.94 9.74
-29.16722 -51.86861 86510000 2026-08-19_15:45 -999.9 -999.9 -999.9 -999.9 -999.9 -999.9 -999.9 -999.9 -999.9 -999.9 -999.9 -999.9 -999.9 -999.9 -999.9 -999.9 0.0 1.2 1.2 1.2 1.4 26.4 -999.9 -999.9 -999.9 -999.9 -999.9 SGB/CPRM_-_Muçum_(57_m) -999.9 -999.9 -999.9 -999.9 -999.9 -999.9 -999.9 -999.9 Brasil SGB/CPRM -999.9 0.0 1.2 2.96 4.47 2.96 -1 -0.23 4.87 5.41 5.94 9.74
-29.16722 -51.86861 86510000 2026-08-19_16:00 -999.9 -999.9 -999.9 -999.9 -999.9 -999.9 -999.9 -999.9 -999.9 -999.9 -999.9 -999.9 -999.9 -999.9 -999.9 -999.9 0.0 1.2 1.2 1.2 1.4 26.4 -999.9 -999.9 -999.9 -999.9 -999.9 SGB/CPRM_-_Muçum_(57_m) -999.9 -999.9 -999.9 -999.9 -999.9 -999.9 -999.9 -999.9 Brasil SGB/CPRM -999.9 0.0 1.2 2.91 4.47 2.91 -1 -0.21 4.87 5.41 5.94 9.74
-29.16722 -51.86861 86510000 2026-08-19_16:15 -999.9 -999.9 -999.9 -999.9 -999.9 -999.9 -999.9 -999.9 -999.9 -999.9 -999.9 -999.9 -999.9 -999.9 -999.9 -999.9 0.0 1.2 1.2 1.2 1.4 26.4 -999.9 -999.9 -999.9 -999.9 -999.9 SGB/CPRM_-_Muçum_(57_m) -999.9 -999.9 -999.9 -999.9 -999.9 -999.9 -999.9 -999.9 Brasil SGB/CPRM -999.9 0.0 1.2 2.87 4.47 2.87 -1 -0.2 4.87 5.41 5.94 9.74
-29.16722 -51.86861 86510000 2026-08-19_16:30 -999.9 -999.9 -999.9 -999.9 -999.9 -999.9 -999.9 -999.9 -999.9 -999.9 -999.9 -999.9 -999.9 -999.9 -999.9 -999.9 0.0 1.2 1.2 1.2 1.4 26.4 -999.9 -999.9 -999.9 -999.9 -999.9 SGB/CPRM_-_Muçum_(57_m) -999.9 -999.9 -999.9 -999.9 -999.9 -999.9 -999.9 -999.9 Brasil SGB/CPRM -999.9 0.0 1.2 2.83 4.47 2.83 -1 -0.18 4.87 5.41 5.94 9.74
-29.16722 -51.86861 86510000 2026-08-19_16:45 -999.9 -999.9 -999.9 -999.9 -999.9 -999.9 -999.9 -999.9 -999.9 -999.9 -999.9 -999.9 -999.9 -999.9 -999.9 -999.9 0.0 1.2 1.2 1.2 1.4 26.4 -999.9 -999.9 -999.9 -999.9 -999.9 SGB/CPRM_-_Muçum_(57_m) -999.9 -999.9 -999.9 -999.9 -999.9 -999.9 -999.9 -999.9 Brasil SGB/CPRM -999.9 0.0 1.2 2.79 4.47 2.79 -1 -0.17 4.87 5.41 5.94 9.74
-29.16722 -51.86861 86510000 2026-08-19_17:00 -999.9 -999.9 -999.9 -999.9 -999.9 -999.9 -999.9 -999.9 -999.9 -999.9 -999.9 -999.9 -999.9 -999.9 -999.9 -999.9 0.0 1.2 1.2 1.2 1.4 26.4 -999.9 -999.9 -999.9 -999.9 -999.9 SGB/CPRM_-_Muçum_(57_m) -999.9 -999.9 -999.9 -999.9 -999.9 -999.9 -999.9 -999.9 Brasil SGB/CPRM -999.9 0.0 1.2 2.75 4.47 2.75 -1 -0.16 4.87 5.41 5.94 9.74
-29.16722 -51.86861 86510000 2026-08-19_17:15 -999.9 -999.9 -999.9 -999.9 -999.9 -999.9 -999.9 -999.9 -999.9 -999.9 -999.9 -999.9 -999.9 -999.9 -999.9 -999.9 0.0 1.2 1.2 1.2 1.4 26.4 -999.9 -999.9 -999.9 -999.9 -999.9 SGB/CPRM_-_Muçum_(57_m) -999.9 -999.9 -999.9 -999.9 -999.9 -999.9 -999.9 -999.9 Brasil SGB/CPRM -999.9 0.0 1.2 2.72 4.47 2.72 -1 -0.15 4.87 5.41 5.94 9.74
-29.16722 -51.86861 86510000 2026-08-19_17:30 -999.9 -999.9 -999.9 -999.9 -999.9 -999.9 -999.9 -999.9 -999.9 -999.9 -999.9 -999.9 -999.9 -999.9 -999.9 -999.9 0.0 1.2 1.2 1.2 1.4 26.4 -999.9 -999.9 -999.9 -999.9 -999.9 SGB/CPRM_-_Muçum_(57_m) -999.9 -999.9 -999.9 -999.9 -999.9 -999.9 -999.9 -999.9 Brasil SGB/CPRM -999.9 0.0 1.2 2.69 4.47 2.69 -1 -0.14 4.87 5.41 5.94 9.74
-29.16722 -51.86861 86510000 2026-08-19_17:45 -999.9 -999.9 -999.9 -999.9 -999.9 -999.9 -999.9 -999.9 -999.9 -999.9 -999.9 -999.9 -999.9 -999.9 -999.9 -999.9 0.0 1.2 1.2 1.2 1.4 26.4 -999.9 -999.9 -999.9 -999.9 -999.9 SGB/CPRM_-_Muçum_(57_m) -999.9 -999.9 -999.9 -999.9 -999.9 -999.9 -999.9 -999.9 Brasil SGB/CPRM -999.9 0.0 1.2 2.66 4.47 2.66 -1 -0.13 4.87 5.41 5.94 9.74
-29.16722 -51.86861 86510000 2026-08-19_18:00 -999.9 -999.9 -999.9 -999.9 -999.9 -999.9 -999.9 -999.9 -999.9 -999.9 -999.9 -999.9 -999.9 -999.9 -999.9 -999.9 0.0 1.2 1.2 1.2 1.4 26.4 -999.9 -999.9 -999.9 -999.9 -999.9 SGB/CPRM_-_Muçum_(57_m) -999.9 -999.9 -999.9 -999.9 -999.9 -999.9 -999.9 -999.9 Brasil SGB/CPRM -999.9 0.0 1.2 2.64 4.47 2.64 -1 -0.11 4.87 5.41 5.94 9.74
-29.16722 -51.86861 86510000 2026-08-19_18:15 -999.9 -999.9 -999.9 -999.9 -999.9 -999.9 -999.9 -999.9 -999.9 -999.9 -999.9 -999.9 -999.9 -999.9 -999.9 -999.9 0.0 1.2 1.2 1.2 1.4 26.4 -999.9 -999.9 -999.9 -999.9 -999.9 SGB/CPRM_-_Muçum_(57_m) -999.9 -999.9 -999.9 -999.9 -999.9 -999.9 -999.9 -999.9 Brasil SGB/CPRM -999.9 0.0 1.2 2.61 4.47 2.61 -1 -0.11 4.87 5.41 5.94 9.74
-29.16722 -51.86861 86510000 2026-08-19_18:30 -999.9 -999.9 -999.9 -999.9 -999.9 -999.9 -999.9 -999.9 -999.9 -999.9 -999.9 -999.9 -999.9 -999.9 -999.9 -999.9 0.0 1.2 1.2 1.2 1.4 26.4 -999.9 -999.9 -999.9 -999.9 -999.9 SGB/CPRM_-_Muçum_(57_m) -999.9 -999.9 -999.9 -999.9 -999.9 -999.9 -999.9 -999.9 Brasil SGB/CPRM -999.9 0.0 1.2 2.6 4.47 2.6 -1 -0.09 4.87 5.41 5.94 9.74
-29.16722 -51.86861 86510000 2026-08-19_18:45 -999.9 -999.9 -999.9 -999.9 -999.9 -999.9 -999.9 -999.9 -999.9 -999.9 -999.9 -999.9 -999.9 -999.9 -999.9 -999.9 0.0 1.2 1.2 1.2 1.4 26.4 -999.9 -999.9 -999.9 -999.9 -999.9 SGB/CPRM_-_Muçum_(57_m) -999.9 -999.9 -999.9 -999.9 -999.9 -999.9 -999.9 -999.9 Brasil SGB/CPRM -999.9 0.0 1.2 2.58 4.47 2.58 -1 -0.08 4.87 5.41 5.94 9.74
-29.16722 -51.86861 86510000 2026-08-19_19:00 -999.9 -999.9 -999.9 -999.9 -999.9 -999.9 -999.9 -999.9 -999.9 -999.9 -999.9 -999.9 -999.9 -999.9 -999.9 -999.9 0.0 1.2 1.2 1.2 1.4 26.4 -999.9 -999.9 -999.9 -999.9 -999.9 SGB/CPRM_-_Muçum_(57_m) -999.9 -999.9 -999.9 -999.9 -999.9 -999.9 -999.9 -999.9 Brasil SGB/CPRM -999.9 0.0 1.2 2.57 4.47 2.57 -1 -0.07 4.87 5.41 5.94 9.74
-29.16722 -51.86861 86510000 2026-08-19_19:15 -999.9 -999.9 -999.9 -999.9 -999.9 -999.9 -999.9 -999.9 -999.9 -999.9 -999.9 -999.9 -999.9 -999.9 -999.9 -999.9 0.0 1.2 1.2 1.2 1.4 26.4 -999.9 -999.9 -999.9 -999.9 -999.9 SGB/CPRM_-_Muçum_(57_m) -999.9 -999.9 -999.9 -999.9 -999.9 -999.9 -999.9 -999.9 Brasil SGB/CPRM -999.9 0.0 1.2 2.58 4.47 2.57 -1 -0.03 4.87 5.41 5.94 9.74
-29.16722 -51.86861 86510000 2026-08-19_19:30 -999.9 -999.9 -999.9 -999.9 -999.9 -999.9 -999.9 -999.9 -999.9 -999.9 -999.9 -999.9 -999.9 -999.9 -999.9 -999.9 0.0 1.2 1.2 1.2 1.4 26.4 -999.9 -999.9 -999.9 -999.9 -999.9 SGB/CPRM_-_Muçum_(57_m) -999.9 -999.9 -999.9 -999.9 -999.9 -999.9 -999.9 -999.9 Brasil SGB/CPRM -999.9 0.0 1.2 2.58 4.47 2.57 -1 -0.02 4.87 5.41 5.94 9.74
-29.16722 -51.86861 86510000 2026-08-19_19:45 -999.9 -999.9 -999.9 -999.9 -999.9 -999.9 -999.9 -999.9 -999.9 -999.9 -999.9 -999.9 -999.9 -999.9 -999.9 -999.9 0.0 1.2 1.2 1.2 1.4 26.4 -999.9 -999.9 -999.9 -999.9 -999.9 SGB/CPRM_-_Muçum_(57_m) -999.9 -999.9 -999.9 -999.9 -999.9 -999.9 -999.9 -999.9 Brasil SGB/CPRM -999.9 0.0 1.2 2.61 4.47 2.57 0 0.03 4.87 5.41 5.94 9.74
-29.16722 -51.86861 86510000 2026-08-19_20:00 -999.9 -999.9 -999.9 -999.9 -999.9 -999.9 -999.9 -999.9 -999.9 -999.9 -999.9 -999.9 -999.9 -999.9 -999.9 -999.9 0.0 1.2 1.2 1.2 1.4 26.4 -999.9 -999.9 -999.9 -999.9 -999.9 SGB/CPRM_-_Muçum_(57_m) -999.9 -999.9 -999.9 -999.9 -999.9 -999.9 -999.9 -999.9 Brasil SGB/CPRM -999.9 0.0 1.2 2.65 4.47 2.57 1 0.08 4.87 5.41 5.94 9.74
-29.16722 -51.86861 86510000 2026-08-19_20:15 -999.9 -999.9 -999.9 -999.9 -999.9 -999.9 -999.9 -999.9 -999.9 -999.9 -999.9 -999.9 -999.9 -999.9 -999.9 -999.9 0.0 1.2 1.2 1.2 1.4 26.4 -999.9 -999.9 -999.9 -999.9 -999.9 SGB/CPRM_-_Muçum_(57_m) -999.9 -999.9 -999.9 -999.9 -999.9 -999.9 -999.9 -999.9 Brasil SGB/CPRM -999.9 0.0 1.2 2.73 4.47 2.57 1 0.15 4.87 5.41 5.94 9.74
-29.16722 -51.86861 86510000 2026-08-19_20:30 -999.9 -999.9 -999.9 -999.9 -999.9 -999.9 -999.9 -999.9 -999.9 -999.9 -999.9 -999.9 -999.9 -999.9 -999.9 -999.9 0.0 1.2 1.2 1.2 1.4 26.4 -999.9 -999.9 -999.9 -999.9 -999.9 SGB/CPRM_-_Muçum_(57_m) -999.9 -999.9 -999.9 -999.9 -999.9 -999.9 -999.9 -999.9 Brasil SGB/CPRM -999.9 0.0 1.2 2.83 4.47 2.57 1 0.25 4.87 5.41 5.94 9.74
-29.16722 -51.86861 86510000 2026-08-19_20:45 -999.9 -999.9 -999.9 -999.9 -999.9 -999.9 -999.9 -999.9 -999.9 -999.9 -999.9 -999.9 -999.9 -999.9 -999.9 -999.9 0.0 1.2 1.2 1.2 1.4 26.4 -999.9 -999.9 -999.9 -999.9 -999.9 SGB/CPRM_-_Muçum_(57_m) -999.9 -999.9 -999.9 -999.9 -999.9 -999.9 -999.9 -999.9 Brasil SGB/CPRM -999.9 0.0 1.2 2.96 4.47 2.57 1 0.35 4.87 5.41 5.94 9.74
-29.16722 -51.86861 86510000 2026-08-19_21:00 -999.9 -999.9 -999.9 -999.9 -999.9 -999.9 -999.9 -999.9 -999.9 -999.9 -999.9 -999.9 -999.9 -999.9 -999.9 -999.9 0.0 1.2 1.2 1.2 1.4 26.4 -999.9 -999.9 -999.9 -999.9 -999.9 SGB/CPRM_-_Muçum_(57_m) -999.9 -999.9 -999.9 -999.9 -999.9 -999.9 -999.9 -999.9 Brasil SGB/CPRM -999.9 0.0 1.2 3.11 4.47 2.57 1 0.46 4.87 5.41 5.94 9.74
-29.16722 -51.86861 86510000 2026-08-19_21:15 -999.9 -999.9 -999.9 -999.9 -999.9 -999.9 -999.9 -999.9 -999.9 -999.9 -999.9 -999.9 -999.9 -999.9 -999.9 -999.9 0.0 1.2 1.2 1.2 1.4 26.4 -999.9 -999.9 -999.9 -999.9 -999.9 SGB/CPRM_-_Muçum_(57_m) -999.9 -999.9 -999.9 -999.9 -999.9 -999.9 -999.9 -999.9 Brasil SGB/CPRM -999.9 0.0 1.2 3.25 4.47 2.57 1 0.52 4.87 5.41 5.94 9.74
-29.16722 -51.86861 86510000 2026-08-19_21:30 -999.9 -999.9 -999.9 -999.9 -999.9 -999.9 -999.9 -999.9 -999.9 -999.9 -999.9 -999.9 -999.9 -999.9 -999.9 -999.9 0.0 1.2 1.2 1.2 1.4 26.4 -999.9 -999.9 -999.9 -999.9 -999.9 SGB/CPRM_-_Muçum_(57_m) -999.9 -999.9 -999.9 -999.9 -999.9 -999.9 -999.9 -999.9 Brasil SGB/CPRM -999.9 0.0 1.2 3.4 4.47 2.57 1 0.57 4.87 5.41 5.94 9.74
-29.16722 -51.86861 86510000 2026-08-19_21:45 -999.9 -999.9 -999.9 -999.9 -999.9 -999.9 -999.9 -999.9 -999.9 -999.9 -999.9 -999.9 -999.9 -999.9 -999.9 -999.9 0.0 1.2 1.2 1.2 1.4 26.4 -999.9 -999.9 -999.9 -999.9 -999.9 SGB/CPRM_-_Muçum_(57_m) -999.9 -999.9 -999.9 -999.9 -999.9 -999.9 -999.9 -999.9 Brasil SGB/CPRM -999.9 0.0 1.2 3.54 4.47 2.57 1 0.58 4.87 5.41 5.94 9.74
-29.16722 -51.86861 86510000 2026-08-19_22:00 -999.9 -999.9 -999.9 -999.9 -999.9 -999.9 -999.9 -999.9 -999.9 -999.9 -999.9 -999.9 -999.9 -999.9 -999.9 -999.9 0.0 1.2 1.2 1.2 1.4 26.4 -999.9 -999.9 -999.9 -999.9 -999.9 SGB/CPRM_-_Muçum_(57_m) -999.9 -999.9 -999.9 -999.9 -999.9 -999.9 -999.9 -999.9 Brasil SGB/CPRM -999.9 0.0 1.2 3.66 4.47 2.57 1 0.55 4.87 5.41 5.94 9.74
-29.16722 -51.86861 86510000 2026-08-19_22:15 -999.9 -999.9 -999.9 -999.9 -999.9 -999.9 -999.9 -999.9 -999.9 -999.9 -999.9 -999.9 -999.9 -999.9 -999.9 -999.9 0.0 1.2 1.2 1.2 1.4 26.4 -999.9 -999.9 -999.9 -999.9 -999.9 SGB/CPRM_-_Muçum_(57_m) -999.9 -999.9 -999.9 -999.9 -999.9 -999.9 -999.9 -999.9 Brasil SGB/CPRM -999.9 0.0 1.2 3.77 4.47 2.57 1 0.52 4.87 5.41 5.94 9.74
-29.16722 -51.86861 86510000 2026-08-19_22:30 -999.9 -999.9 -999.9 -999.9 -999.9 -999.9 -999.9 -999.9 -999.9 -999.9 -999.9 -999.9 -999.9 -999.9 -999.9 -999.9 0.0 1.2 1.2 1.2 1.4 26.4 -999.9 -999.9 -999.9 -999.9 -999.9 SGB/CPRM_-_Muçum_(57_m) -999.9 -999.9 -999.9 -999.9 -999.9 -999.9 -999.9 -999.9 Brasil SGB/CPRM -999.9 0.0 1.2 3.86 4.47 2.57 1 0.46 4.87 5.41 5.94 9.74
-29.16722 -51.86861 86510000 2026-08-19_22:45 -999.9 -999.9 -999.9 -999.9 -999.9 -999.9 -999.9 -999.9 -999.9 -999.9 -999.9 -999.9 -999.9 -999.9 -999.9 -999.9 0.0 1.2 1.2 1.2 1.4 26.4 -999.9 -999.9 -999.9 -999.9 -999.9 SGB/CPRM_-_Muçum_(57_m) -999.9 -999.9 -999.9 -999.9 -999.9 -999.9 -999.9 -999.9 Brasil SGB/CPRM -999.9 0.0 1.2 3.93 4.47 2.57 1 0.39 4.87 5.41 5.94 9.74
-29.16722 -51.86861 86510000 2026-08-19_23:00 -999.9 -999.9 -999.9 -999.9 -999.9 -999.9 -999.9 -999.9 -999.9 -999.9 -999.9 -999.9 -999.9 -999.9 -999.9 -999.9 0.0 1.2 1.2 1.2 1.4 26.4 -999.9 -999.9 -999.9 -999.9 -999.9 SGB/CPRM_-_Muçum_(57_m) -999.9 -999.9 -999.9 -999.9 -999.9 -999.9 -999.9 -999.9 Brasil SGB/CPRM -999.9 0.0 1.2 3.99 4.47 2.57 1 0.33 4.87 5.41 5.94 9.74
-29.16722 -51.86861 86510000 2026-08-19_23:15 -999.9 -999.9 -999.9 -999.9 -999.9 -999.9 -999.9 -999.9 -999.9 -999.9 -999.9 -999.9 -999.9 -999.9 -999.9 -999.9 0.0 1.2 1.2 1.2 1.4 26.4 -999.9 -999.9 -999.9 -999.9 -999.9 SGB/CPRM_-_Muçum_(57_m) -999.9 -999.9 -999.9 -999.9 -999.9 -999.9 -999.9 -999.9 Brasil SGB/CPRM -999.9 0.0 1.2 4.04 4.47 2.57 1 0.27 4.87 5.41 5.94 9.74
