-28.95938 -51.48939 16930 2026-07-31_00:10 -999.9 -999.9 -999.9 -999.9 -999.9 -999.9 -999.9 -999.9 -999.9 -999.9 -999.9 -999.9 -999.9 -999.9 -999.9 -999.9 -999.9 0.0 39.6 154.4 166.2 281.4 -999.9 -999.9 -999.9 -999.9 -999.9 CEMADEN_-_Veranópolis_-_G2-432280602A_(664_m) -999.9 -999.9 -999.9 -999.9 -999.9 -999.9 -999.9 -999.9 Rio_Grande_do_Sul CEMADEN -999.9 0.0 -999.9
-28.95938 -51.48939 16930 2026-07-31_01:10 -999.9 -999.9 -999.9 -999.9 -999.9 -999.9 -999.9 -999.9 -999.9 -999.9 -999.9 -999.9 -999.9 -999.9 -999.9 -999.9 -999.9 0.0 22.8 154.4 166.2 281.4 -999.9 -999.9 -999.9 -999.9 -999.9 CEMADEN_-_Veranópolis_-_G2-432280602A_(664_m) -999.9 -999.9 -999.9 -999.9 -999.9 -999.9 -999.9 -999.9 Rio_Grande_do_Sul CEMADEN -999.9 0.0 -999.9
-28.95938 -51.48939 16930 2026-07-31_02:10 -999.9 -999.9 -999.9 -999.9 -999.9 -999.9 -999.9 -999.9 -999.9 -999.9 -999.9 -999.9 -999.9 -999.9 -999.9 -999.9 -999.9 0.0 14.6 154.4 166.2 281.4 -999.9 -999.9 -999.9 -999.9 -999.9 CEMADEN_-_Veranópolis_-_G2-432280602A_(664_m) -999.9 -999.9 -999.9 -999.9 -999.9 -999.9 -999.9 -999.9 Rio_Grande_do_Sul CEMADEN -999.9 0.0 -999.9
-28.95938 -51.48939 16930 2026-07-31_03:10 -999.9 -999.9 -999.9 -999.9 -999.9 -999.9 -999.9 -999.9 -999.9 -999.9 -999.9 -999.9 -999.9 -999.9 -999.9 -999.9 -999.9 0.0 8.4 154.4 166.2 281.4 -999.9 -999.9 -999.9 -999.9 -999.9 CEMADEN_-_Veranópolis_-_G2-432280602A_(664_m) -999.9 -999.9 -999.9 -999.9 -999.9 -999.9 -999.9 -999.9 Rio_Grande_do_Sul CEMADEN -999.9 0.0 -999.9
-28.95938 -51.48939 16930 2026-07-31_04:10 -999.9 -999.9 -999.9 -999.9 -999.9 -999.9 -999.9 -999.9 -999.9 -999.9 -999.9 -999.9 -999.9 -999.9 -999.9 -999.9 -999.9 0.0 3.4 147.8 166.2 281.4 -999.9 -999.9 -999.9 -999.9 -999.9 CEMADEN_-_Veranópolis_-_G2-432280602A_(664_m) -999.9 -999.9 -999.9 -999.9 -999.9 -999.9 -999.9 -999.9 Rio_Grande_do_Sul CEMADEN -999.9 0.0 -999.9
-28.95938 -51.48939 16930 2026-07-31_05:10 -999.9 -999.9 -999.9 -999.9 -999.9 -999.9 -999.9 -999.9 -999.9 -999.9 -999.9 -999.9 -999.9 -999.9 -999.9 -999.9 -999.9 0.0 1.6 132.8 166.2 281.4 -999.9 -999.9 -999.9 -999.9 -999.9 CEMADEN_-_Veranópolis_-_G2-432280602A_(664_m) -999.9 -999.9 -999.9 -999.9 -999.9 -999.9 -999.9 -999.9 Rio_Grande_do_Sul CEMADEN -999.9 0.0 -999.9
-28.95938 -51.48939 16930 2026-07-31_06:10 -999.9 -999.9 -999.9 -999.9 -999.9 -999.9 -999.9 -999.9 -999.9 -999.9 -999.9 -999.9 -999.9 -999.9 -999.9 -999.9 -999.9 0.0 0.6 118.6 166.2 281.4 -999.9 -999.9 -999.9 -999.9 -999.9 CEMADEN_-_Veranópolis_-_G2-432280602A_(664_m) -999.9 -999.9 -999.9 -999.9 -999.9 -999.9 -999.9 -999.9 Rio_Grande_do_Sul CEMADEN -999.9 0.0 -999.9
-28.95938 -51.48939 16930 2026-07-31_07:10 -999.9 -999.9 -999.9 -999.9 -999.9 -999.9 -999.9 -999.9 -999.9 -999.9 -999.9 -999.9 -999.9 -999.9 -999.9 -999.9 -999.9 0.0 -999.9 104.2 166.2 281.4 -999.9 -999.9 -999.9 -999.9 -999.9 CEMADEN_-_Veranópolis_-_G2-432280602A_(664_m) -999.9 -999.9 -999.9 -999.9 -999.9 -999.9 -999.9 -999.9 Rio_Grande_do_Sul CEMADEN -999.9 0.0 -999.9
-28.95938 -51.48939 16930 2026-07-31_08:10 -999.9 -999.9 -999.9 -999.9 -999.9 -999.9 -999.9 -999.9 -999.9 -999.9 -999.9 -999.9 -999.9 -999.9 -999.9 -999.9 -999.9 0.0 -999.9 96.4 166.2 281.4 -999.9 -999.9 -999.9 -999.9 -999.9 CEMADEN_-_Veranópolis_-_G2-432280602A_(664_m) -999.9 -999.9 -999.9 -999.9 -999.9 -999.9 -999.9 -999.9 Rio_Grande_do_Sul CEMADEN -999.9 0.0 -999.9
-28.95938 -51.48939 16930 2026-07-31_09:10 -999.9 -999.9 -999.9 -999.9 -999.9 -999.9 -999.9 -999.9 -999.9 -999.9 -999.9 -999.9 -999.9 -999.9 -999.9 -999.9 -999.9 0.0 -999.9 89.8 166.2 281.4 -999.9 -999.9 -999.9 -999.9 -999.9 CEMADEN_-_Veranópolis_-_G2-432280602A_(664_m) -999.9 -999.9 -999.9 -999.9 -999.9 -999.9 -999.9 -999.9 Rio_Grande_do_Sul CEMADEN -999.9 0.0 -999.9
-28.95938 -51.48939 16930 2026-07-31_10:10 -999.9 -999.9 -999.9 -999.9 -999.9 -999.9 -999.9 -999.9 -999.9 -999.9 -999.9 -999.9 -999.9 -999.9 -999.9 -999.9 -999.9 0.0 -999.9 85.8 166.2 281.4 -999.9 -999.9 -999.9 -999.9 -999.9 CEMADEN_-_Veranópolis_-_G2-432280602A_(664_m) -999.9 -999.9 -999.9 -999.9 -999.9 -999.9 -999.9 -999.9 Rio_Grande_do_Sul CEMADEN -999.9 0.0 -999.9
-28.95938 -51.48939 16930 2026-07-31_11:10 -999.9 -999.9 -999.9 -999.9 -999.9 -999.9 -999.9 -999.9 -999.9 -999.9 -999.9 -999.9 -999.9 -999.9 -999.9 -999.9 -999.9 0.0 -999.9 80.6 166.2 281.4 -999.9 -999.9 -999.9 -999.9 -999.9 CEMADEN_-_Veranópolis_-_G2-432280602A_(664_m) -999.9 -999.9 -999.9 -999.9 -999.9 -999.9 -999.9 -999.9 Rio_Grande_do_Sul CEMADEN -999.9 0.0 -999.9
-28.95938 -51.48939 16930 2026-07-31_12:10 -999.9 -999.9 -999.9 -999.9 -999.9 -999.9 -999.9 -999.9 -999.9 -999.9 -999.9 -999.9 -999.9 -999.9 -999.9 -999.9 -999.9 0.0 -999.9 77.4 166.2 281.4 -999.9 -999.9 -999.9 -999.9 -999.9 CEMADEN_-_Veranópolis_-_G2-432280602A_(664_m) -999.9 -999.9 -999.9 -999.9 -999.9 -999.9 -999.9 -999.9 Rio_Grande_do_Sul CEMADEN -999.9 0.0 -999.9
-28.95938 -51.48939 16930 2026-07-31_13:10 -999.9 -999.9 -999.9 -999.9 -999.9 -999.9 -999.9 -999.9 -999.9 -999.9 -999.9 -999.9 -999.9 -999.9 -999.9 -999.9 -999.9 0.0 -999.9 73.6 166.2 281.4 -999.9 -999.9 -999.9 -999.9 -999.9 CEMADEN_-_Veranópolis_-_G2-432280602A_(664_m) -999.9 -999.9 -999.9 -999.9 -999.9 -999.9 -999.9 -999.9 Rio_Grande_do_Sul CEMADEN -999.9 0.0 -999.9
-28.95938 -51.48939 16930 2026-07-31_14:10 -999.9 -999.9 -999.9 -999.9 -999.9 -999.9 -999.9 -999.9 -999.9 -999.9 -999.9 -999.9 -999.9 -999.9 -999.9 -999.9 -999.9 0.0 -999.9 73.0 166.2 281.4 -999.9 -999.9 -999.9 -999.9 -999.9 CEMADEN_-_Veranópolis_-_G2-432280602A_(664_m) -999.9 -999.9 -999.9 -999.9 -999.9 -999.9 -999.9 -999.9 Rio_Grande_do_Sul CEMADEN -999.9 0.0 -999.9
-28.95938 -51.48939 16930 2026-07-31_15:10 -999.9 -999.9 -999.9 -999.9 -999.9 -999.9 -999.9 -999.9 -999.9 -999.9 -999.9 -999.9 -999.9 -999.9 -999.9 -999.9 -999.9 0.0 -999.9 70.8 166.2 281.4 -999.9 -999.9 -999.9 -999.9 -999.9 CEMADEN_-_Veranópolis_-_G2-432280602A_(664_m) -999.9 -999.9 -999.9 -999.9 -999.9 -999.9 -999.9 -999.9 Rio_Grande_do_Sul CEMADEN -999.9 0.0 -999.9
-28.95938 -51.48939 16930 2026-07-31_16:10 -999.9 -999.9 -999.9 -999.9 -999.9 -999.9 -999.9 -999.9 -999.9 -999.9 -999.9 -999.9 -999.9 -999.9 -999.9 -999.9 -999.9 0.0 -999.9 70.0 166.2 281.4 -999.9 -999.9 -999.9 -999.9 -999.9 CEMADEN_-_Veranópolis_-_G2-432280602A_(664_m) -999.9 -999.9 -999.9 -999.9 -999.9 -999.9 -999.9 -999.9 Rio_Grande_do_Sul CEMADEN -999.9 0.0 -999.9
-28.95938 -51.48939 16930 2026-07-31_17:10 -999.9 -999.9 -999.9 -999.9 -999.9 -999.9 -999.9 -999.9 -999.9 -999.9 -999.9 -999.9 -999.9 -999.9 -999.9 -999.9 -999.9 0.0 -999.9 68.2 166.2 281.4 -999.9 -999.9 -999.9 -999.9 -999.9 CEMADEN_-_Veranópolis_-_G2-432280602A_(664_m) -999.9 -999.9 -999.9 -999.9 -999.9 -999.9 -999.9 -999.9 Rio_Grande_do_Sul CEMADEN -999.9 0.0 -999.9
-28.95938 -51.48939 16930 2026-07-31_18:10 -999.9 -999.9 -999.9 -999.9 -999.9 -999.9 -999.9 -999.9 -999.9 -999.9 -999.9 -999.9 -999.9 -999.9 -999.9 -999.9 -999.9 -8.8 -999.9 63.8 157.4 272.6 -999.9 -999.9 -999.9 -999.9 -999.9 CEMADEN_-_Veranópolis_-_G2-432280602A_(664_m) -999.9 -999.9 -999.9 -999.9 -999.9 -999.9 -999.9 -999.9 Rio_Grande_do_Sul CEMADEN -999.9 -8.8 -999.9
-28.95938 -51.48939 16930 2026-07-31_19:10 -999.9 -999.9 -999.9 -999.9 -999.9 -999.9 -999.9 -999.9 -999.9 -999.9 -999.9 -999.9 -999.9 -999.9 -999.9 -999.9 -999.9 -11.8 -999.9 59.0 154.4 269.6 -999.9 -999.9 -999.9 -999.9 -999.9 CEMADEN_-_Veranópolis_-_G2-432280602A_(664_m) -999.9 -999.9 -999.9 -999.9 -999.9 -999.9 -999.9 -999.9 Rio_Grande_do_Sul CEMADEN -999.9 -3.0 -999.9
-28.95938 -51.48939 16930 2026-07-31_20:10 -999.9 -999.9 -999.9 -999.9 -999.9 -999.9 -999.9 -999.9 -999.9 -999.9 -999.9 -999.9 -999.9 -999.9 -999.9 -999.9 -999.9 -11.8 -999.9 56.0 154.4 269.6 -999.9 -999.9 -999.9 -999.9 -999.9 CEMADEN_-_Veranópolis_-_G2-432280602A_(664_m) -999.9 -999.9 -999.9 -999.9 -999.9 -999.9 -999.9 -999.9 Rio_Grande_do_Sul CEMADEN -999.9 0.0 -999.9
-28.95938 -51.48939 16930 2026-07-31_21:10 -999.9 -999.9 -999.9 -999.9 -999.9 -999.9 -999.9 -999.9 -999.9 -999.9 -999.9 -999.9 -999.9 -999.9 -999.9 -999.9 -999.9 -11.8 -999.9 55.2 154.4 269.6 -999.9 -999.9 -999.9 -999.9 -999.9 CEMADEN_-_Veranópolis_-_G2-432280602A_(664_m) -999.9 -999.9 -999.9 -999.9 -999.9 -999.9 -999.9 -999.9 Rio_Grande_do_Sul CEMADEN -999.9 0.0 -999.9
-28.95938 -51.48939 16930 2026-07-31_22:10 -999.9 -999.9 -999.9 -999.9 -999.9 -999.9 -999.9 -999.9 -999.9 -999.9 -999.9 -999.9 -999.9 -999.9 -999.9 -999.9 -999.9 -11.8 -999.9 55.0 154.4 269.6 -999.9 -999.9 -999.9 -999.9 -999.9 CEMADEN_-_Veranópolis_-_G2-432280602A_(664_m) -999.9 -999.9 -999.9 -999.9 -999.9 -999.9 -999.9 -999.9 Rio_Grande_do_Sul CEMADEN -999.9 0.0 -999.9
-28.95938 -51.48939 16930 2026-07-31_23:10 -999.9 -999.9 -999.9 -999.9 -999.9 -999.9 -999.9 -999.9 -999.9 -999.9 -999.9 -999.9 -999.9 -999.9 -999.9 -999.9 -999.9 -11.8 -999.9 54.8 154.4 269.6 -999.9 -999.9 -999.9 -999.9 -999.9 CEMADEN_-_Veranópolis_-_G2-432280602A_(664_m) -999.9 -999.9 -999.9 -999.9 -999.9 -999.9 -999.9 -999.9 Rio_Grande_do_Sul CEMADEN -999.9 0.0 -999.9
