-28.748611 -50.057778 A829 2026-08-28_00:00 17 17 16.6 84 86 84 14.3 -999.9 -999.9 -999.9 -999.9 -999.9 63.0 321 77.0 -999.9 0.0 0.0 3.6 3.6 3.6 3.6 21.1 13.3 100.0 67.0 84.6 INMET_-_SAO_JOSE_DOS_AUSENTES_(1229_m) -999.9 -999.9 -999.9 -999.9 -999.9 -999.9 -999.9 -999.9 Rio_Grande_do_Sul INMET -999.9 -999.9 -999.9
-28.748611 -50.057778 A829 2026-08-28_01:00 16.6 17 16.6 86 86 84 14.2 -999.9 -999.9 -999.9 -999.9 -999.9 55.4 319 77.4 -999.9 0.0 0.0 3.6 3.6 3.6 3.6 21.1 13.3 100.0 67.0 84.6 INMET_-_SAO_JOSE_DOS_AUSENTES_(1229_m) -999.9 -999.9 -999.9 -999.9 -999.9 -999.9 -999.9 -999.9 Rio_Grande_do_Sul INMET -999.9 -999.9 -999.9
-28.748611 -50.057778 A829 2026-08-28_02:00 16.8 17 16.6 85 86 84 14.2 -999.9 -999.9 -999.9 -999.9 -999.9 47.5 317 67.0 -999.9 0.0 0.0 3.6 3.6 3.6 3.6 21.1 13.3 100.0 67.0 84.6 INMET_-_SAO_JOSE_DOS_AUSENTES_(1229_m) -999.9 -999.9 -999.9 -999.9 -999.9 -999.9 -999.9 -999.9 Rio_Grande_do_Sul INMET -999.9 -999.9 -999.9
-28.748611 -50.057778 A829 2026-08-28_03:00 16.2 16.8 16.2 88 88 85 14.2 -999.9 -999.9 -999.9 -999.9 -999.9 47.5 318 61.9 -999.9 0.0 0.0 3.6 3.6 3.6 3.6 21.1 13.3 100.0 67.0 84.6 INMET_-_SAO_JOSE_DOS_AUSENTES_(1229_m) -999.9 -999.9 -999.9 -999.9 -999.9 -999.9 -999.9 -999.9 Rio_Grande_do_Sul INMET -999.9 -999.9 -999.9
-28.748611 -50.057778 A829 2026-08-28_04:00 16.3 16.4 16.1 87 88 87 14.1 -999.9 -999.9 -999.9 -999.9 -999.9 49.0 318 64.1 -999.9 0.0 0.0 3.6 3.6 3.6 3.6 21.1 13.3 100.0 67.0 84.6 INMET_-_SAO_JOSE_DOS_AUSENTES_(1229_m) -999.9 -999.9 -999.9 -999.9 -999.9 -999.9 -999.9 -999.9 Rio_Grande_do_Sul INMET -999.9 -999.9 -999.9
-28.748611 -50.057778 A829 2026-08-28_05:00 16.4 16.4 16 87 89 87 14.2 -999.9 -999.9 -999.9 -999.9 -999.9 51.5 312 64.4 -999.9 0.0 0.0 3.6 3.6 3.6 3.6 21.1 13.3 100.0 67.0 84.6 INMET_-_SAO_JOSE_DOS_AUSENTES_(1229_m) -999.9 -999.9 -999.9 -999.9 -999.9 -999.9 -999.9 -999.9 Rio_Grande_do_Sul INMET -999.9 -999.9 -999.9
-28.748611 -50.057778 A829 2026-08-28_06:00 16.3 16.4 16.1 88 89 87 14.3 -999.9 -999.9 -999.9 -999.9 -999.9 48.6 315 61.9 -999.9 0.0 0.0 3.6 3.6 3.6 3.6 21.1 13.3 100.0 67.0 84.6 INMET_-_SAO_JOSE_DOS_AUSENTES_(1229_m) -999.9 -999.9 -999.9 -999.9 -999.9 -999.9 -999.9 -999.9 Rio_Grande_do_Sul INMET -999.9 -999.9 -999.9
-28.748611 -50.057778 A829 2026-08-28_07:00 16.8 16.9 16.3 86 88 85 14.4 -999.9 -999.9 -999.9 -999.9 -999.9 46.4 314 63.7 -999.9 0.0 0.0 3.6 3.6 3.6 3.6 21.1 13.3 100.0 67.0 84.6 INMET_-_SAO_JOSE_DOS_AUSENTES_(1229_m) -999.9 -999.9 -999.9 -999.9 -999.9 -999.9 -999.9 -999.9 Rio_Grande_do_Sul INMET -999.9 -999.9 -999.9
-28.748611 -50.057778 A829 2026-08-28_08:00 19 19 16.8 76 86 76 14.6 -999.9 -999.9 -999.9 -999.9 -999.9 52.9 314 68.0 -999.9 0.0 0.0 3.6 3.6 3.6 3.6 21.1 13.3 100.0 67.0 84.6 INMET_-_SAO_JOSE_DOS_AUSENTES_(1229_m) -999.9 -999.9 -999.9 -999.9 -999.9 -999.9 -999.9 -999.9 Rio_Grande_do_Sul INMET -999.9 -999.9 -999.9
-28.748611 -50.057778 A829 2026-08-28_10:00 21.1 21.1 20.4 68 70 67 14.9 -999.9 -999.9 -999.9 -999.9 -999.9 62.6 313 77.0 -999.9 0.0 0.0 3.6 3.6 3.6 3.6 21.1 13.3 100.0 67.0 84.6 INMET_-_SAO_JOSE_DOS_AUSENTES_(1229_m) -999.9 -999.9 -999.9 -999.9 -999.9 -999.9 -999.9 -999.9 Rio_Grande_do_Sul INMET -999.9 -999.9 -999.9
-28.748611 -50.057778 A829 2026-08-28_19:00 13.3 13.5 13.3 100 100 100 13.3 -999.9 -999.9 -999.9 -999.9 -999.9 6.5 51 84.6 -999.9 0.6 0.6 3.6 3.6 3.6 3.6 21.1 13.3 100.0 67.0 84.6 INMET_-_SAO_JOSE_DOS_AUSENTES_(1229_m) -999.9 -999.9 -999.9 -999.9 -999.9 -999.9 -999.9 -999.9 Rio_Grande_do_Sul INMET -999.9 -999.9 -999.9
-28.748611 -50.057778 A829 2026-08-28_20:00 14.2 14.2 13.3 100 100 100 14.2 -999.9 -999.9 -999.9 -999.9 -999.9 15.5 337 29.9 -999.9 3.0 3.6 3.6 3.6 3.6 3.6 21.1 13.3 100.0 67.0 84.6 INMET_-_SAO_JOSE_DOS_AUSENTES_(1229_m) -999.9 -999.9 -999.9 -999.9 -999.9 -999.9 -999.9 -999.9 Rio_Grande_do_Sul INMET -999.9 -999.9 -999.9
-28.748611 -50.057778 A829 2026-08-28_21:00 16.2 17 14.2 93 100 85 15.1 -999.9 -999.9 -999.9 -999.9 -999.9 20.9 321 32.4 -999.9 0.0 3.6 3.6 3.6 3.6 3.6 21.1 13.3 100.0 67.0 84.6 INMET_-_SAO_JOSE_DOS_AUSENTES_(1229_m) -999.9 -999.9 -999.9 -999.9 -999.9 -999.9 -999.9 -999.9 Rio_Grande_do_Sul INMET -999.9 -999.9 -999.9
-28.748611 -50.057778 A829 2026-08-28_22:00 15.8 16.4 15.6 91 95 90 14.3 -999.9 -999.9 -999.9 -999.9 -999.9 21.2 312 34.9 -999.9 0.0 3.6 3.6 3.6 3.6 3.6 21.1 13.3 100.0 67.0 84.6 INMET_-_SAO_JOSE_DOS_AUSENTES_(1229_m) -999.9 -999.9 -999.9 -999.9 -999.9 -999.9 -999.9 -999.9 Rio_Grande_do_Sul INMET -999.9 -999.9 -999.9
-28.748611 -50.057778 A829 2026-08-28_23:00 16.1 16.5 15.7 92 94 87 14.8 -999.9 -999.9 -999.9 -999.9 -999.9 15.5 331 26.3 -999.9 0.0 3.6 3.6 3.6 3.6 3.6 21.1 13.3 100.0 67.0 84.6 INMET_-_SAO_JOSE_DOS_AUSENTES_(1229_m) -999.9 -999.9 -999.9 -999.9 -999.9 -999.9 -999.9 -999.9 Rio_Grande_do_Sul INMET -999.9 -999.9 -999.9
