-28.99713 -51.56147 16940 2026-08-16_00:10 -999.9 -999.9 -999.9 -999.9 -999.9 -999.9 -999.9 -999.9 -999.9 -999.9 -999.9 -999.9 -999.9 -999.9 -999.9 -999.9 -999.9 0.0 0.4 22.8 74.6 152.8 -999.9 -999.9 -999.9 -999.9 -999.9 CEMADEN_-_Veranópolis_-_G2-432280601A_(603_m) -999.9 -999.9 -999.9 -999.9 -999.9 -999.9 -999.9 -999.9 Rio_Grande_do_Sul CEMADEN -999.9 0.0 -999.9
-28.99713 -51.56147 16940 2026-08-16_01:10 -999.9 -999.9 -999.9 -999.9 -999.9 -999.9 -999.9 -999.9 -999.9 -999.9 -999.9 -999.9 -999.9 -999.9 -999.9 -999.9 -999.9 -0.4 0.4 22.6 74.2 152.4 -999.9 -999.9 -999.9 -999.9 -999.9 CEMADEN_-_Veranópolis_-_G2-432280601A_(603_m) -999.9 -999.9 -999.9 -999.9 -999.9 -999.9 -999.9 -999.9 Rio_Grande_do_Sul CEMADEN -999.9 -0.4 -999.9
-28.99713 -51.56147 16940 2026-08-16_02:10 -999.9 -999.9 -999.9 -999.9 -999.9 -999.9 -999.9 -999.9 -999.9 -999.9 -999.9 -999.9 -999.9 -999.9 -999.9 -999.9 -999.9 -0.6 0.4 19.8 74.0 152.2 -999.9 -999.9 -999.9 -999.9 -999.9 CEMADEN_-_Veranópolis_-_G2-432280601A_(603_m) -999.9 -999.9 -999.9 -999.9 -999.9 -999.9 -999.9 -999.9 Rio_Grande_do_Sul CEMADEN -999.9 -0.2 -999.9
-28.99713 -51.56147 16940 2026-08-16_03:10 -999.9 -999.9 -999.9 -999.9 -999.9 -999.9 -999.9 -999.9 -999.9 -999.9 -999.9 -999.9 -999.9 -999.9 -999.9 -999.9 -999.9 -1.8 0.4 19.8 72.8 151.0 -999.9 -999.9 -999.9 -999.9 -999.9 CEMADEN_-_Veranópolis_-_G2-432280601A_(603_m) -999.9 -999.9 -999.9 -999.9 -999.9 -999.9 -999.9 -999.9 Rio_Grande_do_Sul CEMADEN -999.9 -1.2 -999.9
-28.99713 -51.56147 16940 2026-08-16_04:10 -999.9 -999.9 -999.9 -999.9 -999.9 -999.9 -999.9 -999.9 -999.9 -999.9 -999.9 -999.9 -999.9 -999.9 -999.9 -999.9 -999.9 -7.0 0.4 19.6 67.6 145.8 -999.9 -999.9 -999.9 -999.9 -999.9 CEMADEN_-_Veranópolis_-_G2-432280601A_(603_m) -999.9 -999.9 -999.9 -999.9 -999.9 -999.9 -999.9 -999.9 Rio_Grande_do_Sul CEMADEN -999.9 -5.2 -999.9
-28.99713 -51.56147 16940 2026-08-16_05:10 -999.9 -999.9 -999.9 -999.9 -999.9 -999.9 -999.9 -999.9 -999.9 -999.9 -999.9 -999.9 -999.9 -999.9 -999.9 -999.9 -999.9 -11.8 0.4 14.2 62.8 141.0 -999.9 -999.9 -999.9 -999.9 -999.9 CEMADEN_-_Veranópolis_-_G2-432280601A_(603_m) -999.9 -999.9 -999.9 -999.9 -999.9 -999.9 -999.9 -999.9 Rio_Grande_do_Sul CEMADEN -999.9 -4.8 -999.9
-28.99713 -51.56147 16940 2026-08-16_06:10 -999.9 -999.9 -999.9 -999.9 -999.9 -999.9 -999.9 -999.9 -999.9 -999.9 -999.9 -999.9 -999.9 -999.9 -999.9 -999.9 -999.9 -15.4 0.2 10.2 59.2 137.4 -999.9 -999.9 -999.9 -999.9 -999.9 CEMADEN_-_Veranópolis_-_G2-432280601A_(603_m) -999.9 -999.9 -999.9 -999.9 -999.9 -999.9 -999.9 -999.9 Rio_Grande_do_Sul CEMADEN -999.9 -3.6 -999.9
-28.99713 -51.56147 16940 2026-08-16_07:10 -999.9 -999.9 -999.9 -999.9 -999.9 -999.9 -999.9 -999.9 -999.9 -999.9 -999.9 -999.9 -999.9 -999.9 -999.9 -999.9 -999.9 -20.8 0.2 6.6 53.8 132.0 -999.9 -999.9 -999.9 -999.9 -999.9 CEMADEN_-_Veranópolis_-_G2-432280601A_(603_m) -999.9 -999.9 -999.9 -999.9 -999.9 -999.9 -999.9 -999.9 Rio_Grande_do_Sul CEMADEN -999.9 -5.4 -999.9
-28.99713 -51.56147 16940 2026-08-16_08:10 -999.9 -999.9 -999.9 -999.9 -999.9 -999.9 -999.9 -999.9 -999.9 -999.9 -999.9 -999.9 -999.9 -999.9 -999.9 -999.9 -999.9 -27.2 0.2 1.2 47.4 125.6 -999.9 -999.9 -999.9 -999.9 -999.9 CEMADEN_-_Veranópolis_-_G2-432280601A_(603_m) -999.9 -999.9 -999.9 -999.9 -999.9 -999.9 -999.9 -999.9 Rio_Grande_do_Sul CEMADEN -999.9 -6.4 -999.9
-28.99713 -51.56147 16940 2026-08-16_09:10 -999.9 -999.9 -999.9 -999.9 -999.9 -999.9 -999.9 -999.9 -999.9 -999.9 -999.9 -999.9 -999.9 -999.9 -999.9 -999.9 -999.9 -33.6 0.2 1.2 41.0 119.2 -999.9 -999.9 -999.9 -999.9 -999.9 CEMADEN_-_Veranópolis_-_G2-432280601A_(603_m) -999.9 -999.9 -999.9 -999.9 -999.9 -999.9 -999.9 -999.9 Rio_Grande_do_Sul CEMADEN -999.9 -6.4 -999.9
-28.99713 -51.56147 16940 2026-08-16_10:10 -999.9 -999.9 -999.9 -999.9 -999.9 -999.9 -999.9 -999.9 -999.9 -999.9 -999.9 -999.9 -999.9 -999.9 -999.9 -999.9 -999.9 -39.6 0.2 1.2 35.0 113.2 -999.9 -999.9 -999.9 -999.9 -999.9 CEMADEN_-_Veranópolis_-_G2-432280601A_(603_m) -999.9 -999.9 -999.9 -999.9 -999.9 -999.9 -999.9 -999.9 Rio_Grande_do_Sul CEMADEN -999.9 -6.0 -999.9
-28.99713 -51.56147 16940 2026-08-16_11:10 -999.9 -999.9 -999.9 -999.9 -999.9 -999.9 -999.9 -999.9 -999.9 -999.9 -999.9 -999.9 -999.9 -999.9 -999.9 -999.9 -999.9 -42.2 0.2 1.2 32.4 110.6 -999.9 -999.9 -999.9 -999.9 -999.9 CEMADEN_-_Veranópolis_-_G2-432280601A_(603_m) -999.9 -999.9 -999.9 -999.9 -999.9 -999.9 -999.9 -999.9 Rio_Grande_do_Sul CEMADEN -999.9 -2.6 -999.9
-28.99713 -51.56147 16940 2026-08-16_12:10 -999.9 -999.9 -999.9 -999.9 -999.9 -999.9 -999.9 -999.9 -999.9 -999.9 -999.9 -999.9 -999.9 -999.9 -999.9 -999.9 -999.9 -46.0 0.2 1.2 28.6 106.8 -999.9 -999.9 -999.9 -999.9 -999.9 CEMADEN_-_Veranópolis_-_G2-432280601A_(603_m) -999.9 -999.9 -999.9 -999.9 -999.9 -999.9 -999.9 -999.9 Rio_Grande_do_Sul CEMADEN -999.9 -3.8 -999.9
-28.99713 -51.56147 16940 2026-08-16_13:10 -999.9 -999.9 -999.9 -999.9 -999.9 -999.9 -999.9 -999.9 -999.9 -999.9 -999.9 -999.9 -999.9 -999.9 -999.9 -999.9 -999.9 -50.0 0.2 1.2 24.6 102.8 -999.9 -999.9 -999.9 -999.9 -999.9 CEMADEN_-_Veranópolis_-_G2-432280601A_(603_m) -999.9 -999.9 -999.9 -999.9 -999.9 -999.9 -999.9 -999.9 Rio_Grande_do_Sul CEMADEN -999.9 -4.0 -999.9
-28.99713 -51.56147 16940 2026-08-16_14:10 -999.9 -999.9 -999.9 -999.9 -999.9 -999.9 -999.9 -999.9 -999.9 -999.9 -999.9 -999.9 -999.9 -999.9 -999.9 -999.9 -999.9 -50.2 0.2 1.2 24.4 102.6 -999.9 -999.9 -999.9 -999.9 -999.9 CEMADEN_-_Veranópolis_-_G2-432280601A_(603_m) -999.9 -999.9 -999.9 -999.9 -999.9 -999.9 -999.9 -999.9 Rio_Grande_do_Sul CEMADEN -999.9 -0.2 -999.9
-28.99713 -51.56147 16940 2026-08-16_15:10 -999.9 -999.9 -999.9 -999.9 -999.9 -999.9 -999.9 -999.9 -999.9 -999.9 -999.9 -999.9 -999.9 -999.9 -999.9 -999.9 -999.9 -50.2 0.2 1.2 24.4 102.6 -999.9 -999.9 -999.9 -999.9 -999.9 CEMADEN_-_Veranópolis_-_G2-432280601A_(603_m) -999.9 -999.9 -999.9 -999.9 -999.9 -999.9 -999.9 -999.9 Rio_Grande_do_Sul CEMADEN -999.9 0.0 -999.9
-28.99713 -51.56147 16940 2026-08-16_16:10 -999.9 -999.9 -999.9 -999.9 -999.9 -999.9 -999.9 -999.9 -999.9 -999.9 -999.9 -999.9 -999.9 -999.9 -999.9 -999.9 -999.9 -50.2 0.2 1.2 24.4 102.6 -999.9 -999.9 -999.9 -999.9 -999.9 CEMADEN_-_Veranópolis_-_G2-432280601A_(603_m) -999.9 -999.9 -999.9 -999.9 -999.9 -999.9 -999.9 -999.9 Rio_Grande_do_Sul CEMADEN -999.9 0.0 -999.9
-28.99713 -51.56147 16940 2026-08-16_17:10 -999.9 -999.9 -999.9 -999.9 -999.9 -999.9 -999.9 -999.9 -999.9 -999.9 -999.9 -999.9 -999.9 -999.9 -999.9 -999.9 -999.9 -50.2 0.2 1.2 24.4 102.6 -999.9 -999.9 -999.9 -999.9 -999.9 CEMADEN_-_Veranópolis_-_G2-432280601A_(603_m) -999.9 -999.9 -999.9 -999.9 -999.9 -999.9 -999.9 -999.9 Rio_Grande_do_Sul CEMADEN -999.9 0.0 -999.9
-28.99713 -51.56147 16940 2026-08-16_18:10 -999.9 -999.9 -999.9 -999.9 -999.9 -999.9 -999.9 -999.9 -999.9 -999.9 -999.9 -999.9 -999.9 -999.9 -999.9 -999.9 -999.9 -50.2 0.2 1.2 24.4 102.6 -999.9 -999.9 -999.9 -999.9 -999.9 CEMADEN_-_Veranópolis_-_G2-432280601A_(603_m) -999.9 -999.9 -999.9 -999.9 -999.9 -999.9 -999.9 -999.9 Rio_Grande_do_Sul CEMADEN -999.9 0.0 -999.9
-28.99713 -51.56147 16940 2026-08-16_19:10 -999.9 -999.9 -999.9 -999.9 -999.9 -999.9 -999.9 -999.9 -999.9 -999.9 -999.9 -999.9 -999.9 -999.9 -999.9 -999.9 -999.9 -50.2 0.2 1.0 24.4 102.6 -999.9 -999.9 -999.9 -999.9 -999.9 CEMADEN_-_Veranópolis_-_G2-432280601A_(603_m) -999.9 -999.9 -999.9 -999.9 -999.9 -999.9 -999.9 -999.9 Rio_Grande_do_Sul CEMADEN -999.9 0.0 -999.9
-28.99713 -51.56147 16940 2026-08-16_20:10 -999.9 -999.9 -999.9 -999.9 -999.9 -999.9 -999.9 -999.9 -999.9 -999.9 -999.9 -999.9 -999.9 -999.9 -999.9 -999.9 -999.9 -50.2 0.2 0.8 24.4 102.6 -999.9 -999.9 -999.9 -999.9 -999.9 CEMADEN_-_Veranópolis_-_G2-432280601A_(603_m) -999.9 -999.9 -999.9 -999.9 -999.9 -999.9 -999.9 -999.9 Rio_Grande_do_Sul CEMADEN -999.9 0.0 -999.9
-28.99713 -51.56147 16940 2026-08-16_21:10 -999.9 -999.9 -999.9 -999.9 -999.9 -999.9 -999.9 -999.9 -999.9 -999.9 -999.9 -999.9 -999.9 -999.9 -999.9 -999.9 -999.9 -50.2 0.2 0.6 24.4 102.6 -999.9 -999.9 -999.9 -999.9 -999.9 CEMADEN_-_Veranópolis_-_G2-432280601A_(603_m) -999.9 -999.9 -999.9 -999.9 -999.9 -999.9 -999.9 -999.9 Rio_Grande_do_Sul CEMADEN -999.9 0.0 -999.9
-28.99713 -51.56147 16940 2026-08-16_22:10 -999.9 -999.9 -999.9 -999.9 -999.9 -999.9 -999.9 -999.9 -999.9 -999.9 -999.9 -999.9 -999.9 -999.9 -999.9 -999.9 -999.9 -50.2 0.2 0.4 24.4 102.6 -999.9 -999.9 -999.9 -999.9 -999.9 CEMADEN_-_Veranópolis_-_G2-432280601A_(603_m) -999.9 -999.9 -999.9 -999.9 -999.9 -999.9 -999.9 -999.9 Rio_Grande_do_Sul CEMADEN -999.9 0.0 -999.9
-28.99713 -51.56147 16940 2026-08-16_23:10 -999.9 -999.9 -999.9 -999.9 -999.9 -999.9 -999.9 -999.9 -999.9 -999.9 -999.9 -999.9 -999.9 -999.9 -999.9 -999.9 -999.9 -50.8 0.2 0.4 23.8 102.0 -999.9 -999.9 -999.9 -999.9 -999.9 CEMADEN_-_Veranópolis_-_G2-432280601A_(603_m) -999.9 -999.9 -999.9 -999.9 -999.9 -999.9 -999.9 -999.9 Rio_Grande_do_Sul CEMADEN -999.9 -0.6 -999.9
