-29.10275 -50.63405 16914 2026-09-01_00:10 -999.9 -999.9 -999.9 -999.9 -999.9 -999.9 -999.9 -999.9 -999.9 -999.9 -999.9 -999.9 -999.9 -999.9 -999.9 -999.9 -999.9 0.0 38.0 115.2 121.8 205.6 -999.9 -999.9 -999.9 -999.9 -999.9 CEMADEN_-_São_Francisco_de_Paula_-_G2-Escola_D._Pedro_I_(867_m) -999.9 -999.9 -999.9 -999.9 -999.9 -999.9 -999.9 -999.9 Rio_Grande_do_Sul CEMADEN -999.9 0.0 -999.9
-29.10275 -50.63405 16914 2026-09-01_01:10 -999.9 -999.9 -999.9 -999.9 -999.9 -999.9 -999.9 -999.9 -999.9 -999.9 -999.9 -999.9 -999.9 -999.9 -999.9 -999.9 -999.9 0.0 38.0 113.8 121.8 205.6 -999.9 -999.9 -999.9 -999.9 -999.9 CEMADEN_-_São_Francisco_de_Paula_-_G2-Escola_D._Pedro_I_(867_m) -999.9 -999.9 -999.9 -999.9 -999.9 -999.9 -999.9 -999.9 Rio_Grande_do_Sul CEMADEN -999.9 0.0 -999.9
-29.10275 -50.63405 16914 2026-09-01_02:10 -999.9 -999.9 -999.9 -999.9 -999.9 -999.9 -999.9 -999.9 -999.9 -999.9 -999.9 -999.9 -999.9 -999.9 -999.9 -999.9 -999.9 0.0 38.0 112.8 121.8 205.6 -999.9 -999.9 -999.9 -999.9 -999.9 CEMADEN_-_São_Francisco_de_Paula_-_G2-Escola_D._Pedro_I_(867_m) -999.9 -999.9 -999.9 -999.9 -999.9 -999.9 -999.9 -999.9 Rio_Grande_do_Sul CEMADEN -999.9 0.0 -999.9
-29.10275 -50.63405 16914 2026-09-01_02:40 -999.9 -999.9 -999.9 -999.9 -999.9 -999.9 -999.9 -999.9 -999.9 -999.9 -999.9 -999.9 -999.9 -999.9 -999.9 -999.9 0.2 0.2 38.2 112.6 122.0 205.8 -999.9 -999.9 -999.9 -999.9 -999.9 CEMADEN_-_São_Francisco_de_Paula_-_G2-Escola_D._Pedro_I_(867_m) -999.9 -999.9 -999.9 -999.9 -999.9 -999.9 -999.9 -999.9 Rio_Grande_do_Sul CEMADEN -999.9 0.2 -999.9
-29.10275 -50.63405 16914 2026-09-01_03:00 -999.9 -999.9 -999.9 -999.9 -999.9 -999.9 -999.9 -999.9 -999.9 -999.9 -999.9 -999.9 -999.9 -999.9 -999.9 -999.9 0.4 0.4 38.4 112.2 122.2 206.0 -999.9 -999.9 -999.9 -999.9 -999.9 CEMADEN_-_São_Francisco_de_Paula_-_G2-Escola_D._Pedro_I_(867_m) -999.9 -999.9 -999.9 -999.9 -999.9 -999.9 -999.9 -999.9 Rio_Grande_do_Sul CEMADEN -999.9 0.2 -999.9
-29.10275 -50.63405 16914 2026-09-01_03:30 -999.9 -999.9 -999.9 -999.9 -999.9 -999.9 -999.9 -999.9 -999.9 -999.9 -999.9 -999.9 -999.9 -999.9 -999.9 -999.9 0.6 0.6 38.6 112.2 122.4 206.2 -999.9 -999.9 -999.9 -999.9 -999.9 CEMADEN_-_São_Francisco_de_Paula_-_G2-Escola_D._Pedro_I_(867_m) -999.9 -999.9 -999.9 -999.9 -999.9 -999.9 -999.9 -999.9 Rio_Grande_do_Sul CEMADEN -999.9 0.2 -999.9
-29.10275 -50.63405 16914 2026-09-01_03:40 -999.9 -999.9 -999.9 -999.9 -999.9 -999.9 -999.9 -999.9 -999.9 -999.9 -999.9 -999.9 -999.9 -999.9 -999.9 -999.9 0.6 0.8 38.8 112.2 122.6 206.4 -999.9 -999.9 -999.9 -999.9 -999.9 CEMADEN_-_São_Francisco_de_Paula_-_G2-Escola_D._Pedro_I_(867_m) -999.9 -999.9 -999.9 -999.9 -999.9 -999.9 -999.9 -999.9 Rio_Grande_do_Sul CEMADEN -999.9 0.2 -999.9
-29.10275 -50.63405 16914 2026-09-01_04:10 -999.9 -999.9 -999.9 -999.9 -999.9 -999.9 -999.9 -999.9 -999.9 -999.9 -999.9 -999.9 -999.9 -999.9 -999.9 -999.9 0.2 0.8 38.8 111.4 122.6 206.4 -999.9 -999.9 -999.9 -999.9 -999.9 CEMADEN_-_São_Francisco_de_Paula_-_G2-Escola_D._Pedro_I_(867_m) -999.9 -999.9 -999.9 -999.9 -999.9 -999.9 -999.9 -999.9 Rio_Grande_do_Sul CEMADEN -999.9 0.0 -999.9
-29.10275 -50.63405 16914 2026-09-01_04:40 -999.9 -999.9 -999.9 -999.9 -999.9 -999.9 -999.9 -999.9 -999.9 -999.9 -999.9 -999.9 -999.9 -999.9 -999.9 -999.9 0.2 1.0 39.0 111.6 122.8 206.6 -999.9 -999.9 -999.9 -999.9 -999.9 CEMADEN_-_São_Francisco_de_Paula_-_G2-Escola_D._Pedro_I_(867_m) -999.9 -999.9 -999.9 -999.9 -999.9 -999.9 -999.9 -999.9 Rio_Grande_do_Sul CEMADEN -999.9 0.2 -999.9
-29.10275 -50.63405 16914 2026-09-01_04:50 -999.9 -999.9 -999.9 -999.9 -999.9 -999.9 -999.9 -999.9 -999.9 -999.9 -999.9 -999.9 -999.9 -999.9 -999.9 -999.9 0.4 1.2 39.2 111.6 123.0 206.8 -999.9 -999.9 -999.9 -999.9 -999.9 CEMADEN_-_São_Francisco_de_Paula_-_G2-Escola_D._Pedro_I_(867_m) -999.9 -999.9 -999.9 -999.9 -999.9 -999.9 -999.9 -999.9 Rio_Grande_do_Sul CEMADEN -999.9 0.2 -999.9
-29.10275 -50.63405 16914 2026-09-01_05:10 -999.9 -999.9 -999.9 -999.9 -999.9 -999.9 -999.9 -999.9 -999.9 -999.9 -999.9 -999.9 -999.9 -999.9 -999.9 -999.9 -999.9 1.2 39.2 110.2 123.0 206.8 -999.9 -999.9 -999.9 -999.9 -999.9 CEMADEN_-_São_Francisco_de_Paula_-_G2-Escola_D._Pedro_I_(867_m) -999.9 -999.9 -999.9 -999.9 -999.9 -999.9 -999.9 -999.9 Rio_Grande_do_Sul CEMADEN -999.9 0.0 -999.9
-29.10275 -50.63405 16914 2026-09-01_06:10 -999.9 -999.9 -999.9 -999.9 -999.9 -999.9 -999.9 -999.9 -999.9 -999.9 -999.9 -999.9 -999.9 -999.9 -999.9 -999.9 -999.9 1.2 39.2 109.2 123.0 206.8 -999.9 -999.9 -999.9 -999.9 -999.9 CEMADEN_-_São_Francisco_de_Paula_-_G2-Escola_D._Pedro_I_(867_m) -999.9 -999.9 -999.9 -999.9 -999.9 -999.9 -999.9 -999.9 Rio_Grande_do_Sul CEMADEN -999.9 0.0 -999.9
-29.10275 -50.63405 16914 2026-09-01_07:10 -999.9 -999.9 -999.9 -999.9 -999.9 -999.9 -999.9 -999.9 -999.9 -999.9 -999.9 -999.9 -999.9 -999.9 -999.9 -999.9 -999.9 1.2 39.2 108.2 123.0 206.8 -999.9 -999.9 -999.9 -999.9 -999.9 CEMADEN_-_São_Francisco_de_Paula_-_G2-Escola_D._Pedro_I_(867_m) -999.9 -999.9 -999.9 -999.9 -999.9 -999.9 -999.9 -999.9 Rio_Grande_do_Sul CEMADEN -999.9 0.0 -999.9
-29.10275 -50.63405 16914 2026-09-01_08:10 -999.9 -999.9 -999.9 -999.9 -999.9 -999.9 -999.9 -999.9 -999.9 -999.9 -999.9 -999.9 -999.9 -999.9 -999.9 -999.9 -999.9 1.2 39.2 100.0 123.0 206.8 -999.9 -999.9 -999.9 -999.9 -999.9 CEMADEN_-_São_Francisco_de_Paula_-_G2-Escola_D._Pedro_I_(867_m) -999.9 -999.9 -999.9 -999.9 -999.9 -999.9 -999.9 -999.9 Rio_Grande_do_Sul CEMADEN -999.9 0.0 -999.9
-29.10275 -50.63405 16914 2026-09-01_09:10 -999.9 -999.9 -999.9 -999.9 -999.9 -999.9 -999.9 -999.9 -999.9 -999.9 -999.9 -999.9 -999.9 -999.9 -999.9 -999.9 -999.9 1.2 39.2 79.8 123.0 206.8 -999.9 -999.9 -999.9 -999.9 -999.9 CEMADEN_-_São_Francisco_de_Paula_-_G2-Escola_D._Pedro_I_(867_m) -999.9 -999.9 -999.9 -999.9 -999.9 -999.9 -999.9 -999.9 Rio_Grande_do_Sul CEMADEN -999.9 0.0 -999.9
-29.10275 -50.63405 16914 2026-09-01_10:10 -999.9 -999.9 -999.9 -999.9 -999.9 -999.9 -999.9 -999.9 -999.9 -999.9 -999.9 -999.9 -999.9 -999.9 -999.9 -999.9 -999.9 0.8 39.2 73.4 122.6 206.4 -999.9 -999.9 -999.9 -999.9 -999.9 CEMADEN_-_São_Francisco_de_Paula_-_G2-Escola_D._Pedro_I_(867_m) -999.9 -999.9 -999.9 -999.9 -999.9 -999.9 -999.9 -999.9 Rio_Grande_do_Sul CEMADEN -999.9 -0.4 -999.9
-29.10275 -50.63405 16914 2026-09-01_11:10 -999.9 -999.9 -999.9 -999.9 -999.9 -999.9 -999.9 -999.9 -999.9 -999.9 -999.9 -999.9 -999.9 -999.9 -999.9 -999.9 -999.9 -0.2 39.2 72.6 121.6 205.4 -999.9 -999.9 -999.9 -999.9 -999.9 CEMADEN_-_São_Francisco_de_Paula_-_G2-Escola_D._Pedro_I_(867_m) -999.9 -999.9 -999.9 -999.9 -999.9 -999.9 -999.9 -999.9 Rio_Grande_do_Sul CEMADEN -999.9 -1.0 -999.9
-29.10275 -50.63405 16914 2026-09-01_11:30 -999.9 -999.9 -999.9 -999.9 -999.9 -999.9 -999.9 -999.9 -999.9 -999.9 -999.9 -999.9 -999.9 -999.9 -999.9 -999.9 0.2 -1.0 39.4 72.2 120.8 204.6 -999.9 -999.9 -999.9 -999.9 -999.9 CEMADEN_-_São_Francisco_de_Paula_-_G2-Escola_D._Pedro_I_(867_m) -999.9 -999.9 -999.9 -999.9 -999.9 -999.9 -999.9 -999.9 Rio_Grande_do_Sul CEMADEN -999.9 -0.8 -999.9
-29.10275 -50.63405 16914 2026-09-01_12:10 -999.9 -999.9 -999.9 -999.9 -999.9 -999.9 -999.9 -999.9 -999.9 -999.9 -999.9 -999.9 -999.9 -999.9 -999.9 -999.9 0.2 -1.8 39.4 71.6 120.0 203.8 -999.9 -999.9 -999.9 -999.9 -999.9 CEMADEN_-_São_Francisco_de_Paula_-_G2-Escola_D._Pedro_I_(867_m) -999.9 -999.9 -999.9 -999.9 -999.9 -999.9 -999.9 -999.9 Rio_Grande_do_Sul CEMADEN -999.9 -0.8 -999.9
-29.10275 -50.63405 16914 2026-09-01_12:30 -999.9 -999.9 -999.9 -999.9 -999.9 -999.9 -999.9 -999.9 -999.9 -999.9 -999.9 -999.9 -999.9 -999.9 -999.9 -999.9 0.2 -2.2 39.6 71.0 119.6 203.4 -999.9 -999.9 -999.9 -999.9 -999.9 CEMADEN_-_São_Francisco_de_Paula_-_G2-Escola_D._Pedro_I_(867_m) -999.9 -999.9 -999.9 -999.9 -999.9 -999.9 -999.9 -999.9 Rio_Grande_do_Sul CEMADEN -999.9 -0.4 -999.9
-29.10275 -50.63405 16914 2026-09-01_13:10 -999.9 -999.9 -999.9 -999.9 -999.9 -999.9 -999.9 -999.9 -999.9 -999.9 -999.9 -999.9 -999.9 -999.9 -999.9 -999.9 -999.9 -3.2 36.8 66.6 118.6 202.4 -999.9 -999.9 -999.9 -999.9 -999.9 CEMADEN_-_São_Francisco_de_Paula_-_G2-Escola_D._Pedro_I_(867_m) -999.9 -999.9 -999.9 -999.9 -999.9 -999.9 -999.9 -999.9 Rio_Grande_do_Sul CEMADEN -999.9 -1.0 -999.9
-29.10275 -50.63405 16914 2026-09-01_14:10 -999.9 -999.9 -999.9 -999.9 -999.9 -999.9 -999.9 -999.9 -999.9 -999.9 -999.9 -999.9 -999.9 -999.9 -999.9 -999.9 -999.9 -3.6 35.8 65.2 118.2 202.0 -999.9 -999.9 -999.9 -999.9 -999.9 CEMADEN_-_São_Francisco_de_Paula_-_G2-Escola_D._Pedro_I_(867_m) -999.9 -999.9 -999.9 -999.9 -999.9 -999.9 -999.9 -999.9 Rio_Grande_do_Sul CEMADEN -999.9 -0.4 -999.9
-29.10275 -50.63405 16914 2026-09-01_14:30 -999.9 -999.9 -999.9 -999.9 -999.9 -999.9 -999.9 -999.9 -999.9 -999.9 -999.9 -999.9 -999.9 -999.9 -999.9 -999.9 0.2 -3.6 36.0 64.6 118.2 202.0 -999.9 -999.9 -999.9 -999.9 -999.9 CEMADEN_-_São_Francisco_de_Paula_-_G2-Escola_D._Pedro_I_(867_m) -999.9 -999.9 -999.9 -999.9 -999.9 -999.9 -999.9 -999.9 Rio_Grande_do_Sul CEMADEN -999.9 0.0 -999.9
-29.10275 -50.63405 16914 2026-09-01_15:10 -999.9 -999.9 -999.9 -999.9 -999.9 -999.9 -999.9 -999.9 -999.9 -999.9 -999.9 -999.9 -999.9 -999.9 -999.9 -999.9 -999.9 -4.0 31.8 63.8 117.8 201.6 -999.9 -999.9 -999.9 -999.9 -999.9 CEMADEN_-_São_Francisco_de_Paula_-_G2-Escola_D._Pedro_I_(867_m) -999.9 -999.9 -999.9 -999.9 -999.9 -999.9 -999.9 -999.9 Rio_Grande_do_Sul CEMADEN -999.9 -0.4 -999.9
-29.10275 -50.63405 16914 2026-09-01_16:10 -999.9 -999.9 -999.9 -999.9 -999.9 -999.9 -999.9 -999.9 -999.9 -999.9 -999.9 -999.9 -999.9 -999.9 -999.9 -999.9 -999.9 -4.0 26.8 53.6 117.8 201.6 -999.9 -999.9 -999.9 -999.9 -999.9 CEMADEN_-_São_Francisco_de_Paula_-_G2-Escola_D._Pedro_I_(867_m) -999.9 -999.9 -999.9 -999.9 -999.9 -999.9 -999.9 -999.9 Rio_Grande_do_Sul CEMADEN -999.9 0.0 -999.9
-29.10275 -50.63405 16914 2026-09-01_17:10 -999.9 -999.9 -999.9 -999.9 -999.9 -999.9 -999.9 -999.9 -999.9 -999.9 -999.9 -999.9 -999.9 -999.9 -999.9 -999.9 -999.9 -4.0 26.2 51.2 117.8 201.6 -999.9 -999.9 -999.9 -999.9 -999.9 CEMADEN_-_São_Francisco_de_Paula_-_G2-Escola_D._Pedro_I_(867_m) -999.9 -999.9 -999.9 -999.9 -999.9 -999.9 -999.9 -999.9 Rio_Grande_do_Sul CEMADEN -999.9 0.0 -999.9
-29.10275 -50.63405 16914 2026-09-01_18:10 -999.9 -999.9 -999.9 -999.9 -999.9 -999.9 -999.9 -999.9 -999.9 -999.9 -999.9 -999.9 -999.9 -999.9 -999.9 -999.9 -999.9 -4.0 24.8 48.6 117.8 201.6 -999.9 -999.9 -999.9 -999.9 -999.9 CEMADEN_-_São_Francisco_de_Paula_-_G2-Escola_D._Pedro_I_(867_m) -999.9 -999.9 -999.9 -999.9 -999.9 -999.9 -999.9 -999.9 Rio_Grande_do_Sul CEMADEN -999.9 0.0 -999.9
-29.10275 -50.63405 16914 2026-09-01_19:10 -999.9 -999.9 -999.9 -999.9 -999.9 -999.9 -999.9 -999.9 -999.9 -999.9 -999.9 -999.9 -999.9 -999.9 -999.9 -999.9 -999.9 -4.0 21.8 46.4 117.8 201.6 -999.9 -999.9 -999.9 -999.9 -999.9 CEMADEN_-_São_Francisco_de_Paula_-_G2-Escola_D._Pedro_I_(867_m) -999.9 -999.9 -999.9 -999.9 -999.9 -999.9 -999.9 -999.9 Rio_Grande_do_Sul CEMADEN -999.9 0.0 -999.9
-29.10275 -50.63405 16914 2026-09-01_19:30 -999.9 -999.9 -999.9 -999.9 -999.9 -999.9 -999.9 -999.9 -999.9 -999.9 -999.9 -999.9 -999.9 -999.9 -999.9 -999.9 0.2 -3.8 20.8 46.4 118.0 201.8 -999.9 -999.9 -999.9 -999.9 -999.9 CEMADEN_-_São_Francisco_de_Paula_-_G2-Escola_D._Pedro_I_(867_m) -999.9 -999.9 -999.9 -999.9 -999.9 -999.9 -999.9 -999.9 Rio_Grande_do_Sul CEMADEN -999.9 0.2 -999.9
-29.10275 -50.63405 16914 2026-09-01_20:10 -999.9 -999.9 -999.9 -999.9 -999.9 -999.9 -999.9 -999.9 -999.9 -999.9 -999.9 -999.9 -999.9 -999.9 -999.9 -999.9 -999.9 -3.8 19.0 44.2 118.0 201.8 -999.9 -999.9 -999.9 -999.9 -999.9 CEMADEN_-_São_Francisco_de_Paula_-_G2-Escola_D._Pedro_I_(867_m) -999.9 -999.9 -999.9 -999.9 -999.9 -999.9 -999.9 -999.9 Rio_Grande_do_Sul CEMADEN -999.9 0.0 -999.9
-29.10275 -50.63405 16914 2026-09-01_21:10 -999.9 -999.9 -999.9 -999.9 -999.9 -999.9 -999.9 -999.9 -999.9 -999.9 -999.9 -999.9 -999.9 -999.9 -999.9 -999.9 -999.9 -3.8 19.0 40.2 118.0 201.8 -999.9 -999.9 -999.9 -999.9 -999.9 CEMADEN_-_São_Francisco_de_Paula_-_G2-Escola_D._Pedro_I_(867_m) -999.9 -999.9 -999.9 -999.9 -999.9 -999.9 -999.9 -999.9 Rio_Grande_do_Sul CEMADEN -999.9 0.0 -999.9
-29.10275 -50.63405 16914 2026-09-01_22:10 -999.9 -999.9 -999.9 -999.9 -999.9 -999.9 -999.9 -999.9 -999.9 -999.9 -999.9 -999.9 -999.9 -999.9 -999.9 -999.9 -999.9 -4.0 9.2 40.0 117.8 201.6 -999.9 -999.9 -999.9 -999.9 -999.9 CEMADEN_-_São_Francisco_de_Paula_-_G2-Escola_D._Pedro_I_(867_m) -999.9 -999.9 -999.9 -999.9 -999.9 -999.9 -999.9 -999.9 Rio_Grande_do_Sul CEMADEN -999.9 -0.2 -999.9
-29.10275 -50.63405 16914 2026-09-01_23:10 -999.9 -999.9 -999.9 -999.9 -999.9 -999.9 -999.9 -999.9 -999.9 -999.9 -999.9 -999.9 -999.9 -999.9 -999.9 -999.9 -999.9 -4.2 8.4 40.0 117.6 201.4 -999.9 -999.9 -999.9 -999.9 -999.9 CEMADEN_-_São_Francisco_de_Paula_-_G2-Escola_D._Pedro_I_(867_m) -999.9 -999.9 -999.9 -999.9 -999.9 -999.9 -999.9 -999.9 Rio_Grande_do_Sul CEMADEN -999.9 -0.2 -999.9
