-28.8406 -51.9024 16952 2026-09-04_00:10 -999.9 -999.9 -999.9 -999.9 -999.9 -999.9 -999.9 -999.9 -999.9 -999.9 -999.9 -999.9 -999.9 -999.9 -999.9 -999.9 -999.9 0.0 0.2 1.0 7.2 43.4 -999.9 -999.9 -999.9 -999.9 -999.9 CEMADEN_-_Guaporé_-_G2-430940701A_(473_m) -999.9 -999.9 -999.9 -999.9 -999.9 -999.9 -999.9 -999.9 Rio_Grande_do_Sul CEMADEN -999.9 0.0 -999.9
-28.8406 -51.9024 16952 2026-09-04_01:10 -999.9 -999.9 -999.9 -999.9 -999.9 -999.9 -999.9 -999.9 -999.9 -999.9 -999.9 -999.9 -999.9 -999.9 -999.9 -999.9 -999.9 0.0 0.2 0.6 7.2 43.4 -999.9 -999.9 -999.9 -999.9 -999.9 CEMADEN_-_Guaporé_-_G2-430940701A_(473_m) -999.9 -999.9 -999.9 -999.9 -999.9 -999.9 -999.9 -999.9 Rio_Grande_do_Sul CEMADEN -999.9 0.0 -999.9
-28.8406 -51.9024 16952 2026-09-04_02:10 -999.9 -999.9 -999.9 -999.9 -999.9 -999.9 -999.9 -999.9 -999.9 -999.9 -999.9 -999.9 -999.9 -999.9 -999.9 -999.9 -999.9 0.0 0.2 0.6 7.2 43.4 -999.9 -999.9 -999.9 -999.9 -999.9 CEMADEN_-_Guaporé_-_G2-430940701A_(473_m) -999.9 -999.9 -999.9 -999.9 -999.9 -999.9 -999.9 -999.9 Rio_Grande_do_Sul CEMADEN -999.9 0.0 -999.9
-28.8406 -51.9024 16952 2026-09-04_03:10 -999.9 -999.9 -999.9 -999.9 -999.9 -999.9 -999.9 -999.9 -999.9 -999.9 -999.9 -999.9 -999.9 -999.9 -999.9 -999.9 -999.9 0.0 0.2 0.6 7.2 43.4 -999.9 -999.9 -999.9 -999.9 -999.9 CEMADEN_-_Guaporé_-_G2-430940701A_(473_m) -999.9 -999.9 -999.9 -999.9 -999.9 -999.9 -999.9 -999.9 Rio_Grande_do_Sul CEMADEN -999.9 0.0 -999.9
-28.8406 -51.9024 16952 2026-09-04_04:10 -999.9 -999.9 -999.9 -999.9 -999.9 -999.9 -999.9 -999.9 -999.9 -999.9 -999.9 -999.9 -999.9 -999.9 -999.9 -999.9 -999.9 0.0 0.2 0.4 7.2 43.4 -999.9 -999.9 -999.9 -999.9 -999.9 CEMADEN_-_Guaporé_-_G2-430940701A_(473_m) -999.9 -999.9 -999.9 -999.9 -999.9 -999.9 -999.9 -999.9 Rio_Grande_do_Sul CEMADEN -999.9 0.0 -999.9
-28.8406 -51.9024 16952 2026-09-04_05:10 -999.9 -999.9 -999.9 -999.9 -999.9 -999.9 -999.9 -999.9 -999.9 -999.9 -999.9 -999.9 -999.9 -999.9 -999.9 -999.9 -999.9 0.0 0.2 0.4 7.2 43.4 -999.9 -999.9 -999.9 -999.9 -999.9 CEMADEN_-_Guaporé_-_G2-430940701A_(473_m) -999.9 -999.9 -999.9 -999.9 -999.9 -999.9 -999.9 -999.9 Rio_Grande_do_Sul CEMADEN -999.9 0.0 -999.9
-28.8406 -51.9024 16952 2026-09-04_06:10 -999.9 -999.9 -999.9 -999.9 -999.9 -999.9 -999.9 -999.9 -999.9 -999.9 -999.9 -999.9 -999.9 -999.9 -999.9 -999.9 -999.9 0.0 0.2 0.4 7.2 43.4 -999.9 -999.9 -999.9 -999.9 -999.9 CEMADEN_-_Guaporé_-_G2-430940701A_(473_m) -999.9 -999.9 -999.9 -999.9 -999.9 -999.9 -999.9 -999.9 Rio_Grande_do_Sul CEMADEN -999.9 0.0 -999.9
-28.8406 -51.9024 16952 2026-09-04_07:10 -999.9 -999.9 -999.9 -999.9 -999.9 -999.9 -999.9 -999.9 -999.9 -999.9 -999.9 -999.9 -999.9 -999.9 -999.9 -999.9 -999.9 0.0 0.2 0.2 7.2 43.4 -999.9 -999.9 -999.9 -999.9 -999.9 CEMADEN_-_Guaporé_-_G2-430940701A_(473_m) -999.9 -999.9 -999.9 -999.9 -999.9 -999.9 -999.9 -999.9 Rio_Grande_do_Sul CEMADEN -999.9 0.0 -999.9
-28.8406 -51.9024 16952 2026-09-04_08:10 -999.9 -999.9 -999.9 -999.9 -999.9 -999.9 -999.9 -999.9 -999.9 -999.9 -999.9 -999.9 -999.9 -999.9 -999.9 -999.9 -999.9 0.0 0.2 0.2 7.2 43.4 -999.9 -999.9 -999.9 -999.9 -999.9 CEMADEN_-_Guaporé_-_G2-430940701A_(473_m) -999.9 -999.9 -999.9 -999.9 -999.9 -999.9 -999.9 -999.9 Rio_Grande_do_Sul CEMADEN -999.9 0.0 -999.9
-28.8406 -51.9024 16952 2026-09-04_09:10 -999.9 -999.9 -999.9 -999.9 -999.9 -999.9 -999.9 -999.9 -999.9 -999.9 -999.9 -999.9 -999.9 -999.9 -999.9 -999.9 -999.9 0.0 0.2 0.2 7.2 43.4 -999.9 -999.9 -999.9 -999.9 -999.9 CEMADEN_-_Guaporé_-_G2-430940701A_(473_m) -999.9 -999.9 -999.9 -999.9 -999.9 -999.9 -999.9 -999.9 Rio_Grande_do_Sul CEMADEN -999.9 0.0 -999.9
-28.8406 -51.9024 16952 2026-09-04_10:10 -999.9 -999.9 -999.9 -999.9 -999.9 -999.9 -999.9 -999.9 -999.9 -999.9 -999.9 -999.9 -999.9 -999.9 -999.9 -999.9 -999.9 -0.4 0.2 0.2 6.8 43.0 -999.9 -999.9 -999.9 -999.9 -999.9 CEMADEN_-_Guaporé_-_G2-430940701A_(473_m) -999.9 -999.9 -999.9 -999.9 -999.9 -999.9 -999.9 -999.9 Rio_Grande_do_Sul CEMADEN -999.9 -0.4 -999.9
-28.8406 -51.9024 16952 2026-09-04_11:10 -999.9 -999.9 -999.9 -999.9 -999.9 -999.9 -999.9 -999.9 -999.9 -999.9 -999.9 -999.9 -999.9 -999.9 -999.9 -999.9 -999.9 -0.6 0.2 0.2 6.6 42.8 -999.9 -999.9 -999.9 -999.9 -999.9 CEMADEN_-_Guaporé_-_G2-430940701A_(473_m) -999.9 -999.9 -999.9 -999.9 -999.9 -999.9 -999.9 -999.9 Rio_Grande_do_Sul CEMADEN -999.9 -0.2 -999.9
-28.8406 -51.9024 16952 2026-09-04_12:10 -999.9 -999.9 -999.9 -999.9 -999.9 -999.9 -999.9 -999.9 -999.9 -999.9 -999.9 -999.9 -999.9 -999.9 -999.9 -999.9 -999.9 -0.8 0.2 0.2 6.4 42.6 -999.9 -999.9 -999.9 -999.9 -999.9 CEMADEN_-_Guaporé_-_G2-430940701A_(473_m) -999.9 -999.9 -999.9 -999.9 -999.9 -999.9 -999.9 -999.9 Rio_Grande_do_Sul CEMADEN -999.9 -0.2 -999.9
-28.8406 -51.9024 16952 2026-09-04_13:10 -999.9 -999.9 -999.9 -999.9 -999.9 -999.9 -999.9 -999.9 -999.9 -999.9 -999.9 -999.9 -999.9 -999.9 -999.9 -999.9 -999.9 -1.2 0.2 0.2 6.0 42.2 -999.9 -999.9 -999.9 -999.9 -999.9 CEMADEN_-_Guaporé_-_G2-430940701A_(473_m) -999.9 -999.9 -999.9 -999.9 -999.9 -999.9 -999.9 -999.9 Rio_Grande_do_Sul CEMADEN -999.9 -0.4 -999.9
-28.8406 -51.9024 16952 2026-09-04_14:10 -999.9 -999.9 -999.9 -999.9 -999.9 -999.9 -999.9 -999.9 -999.9 -999.9 -999.9 -999.9 -999.9 -999.9 -999.9 -999.9 -999.9 -2.6 0.2 0.2 4.6 40.8 -999.9 -999.9 -999.9 -999.9 -999.9 CEMADEN_-_Guaporé_-_G2-430940701A_(473_m) -999.9 -999.9 -999.9 -999.9 -999.9 -999.9 -999.9 -999.9 Rio_Grande_do_Sul CEMADEN -999.9 -1.4 -999.9
-28.8406 -51.9024 16952 2026-09-04_15:10 -999.9 -999.9 -999.9 -999.9 -999.9 -999.9 -999.9 -999.9 -999.9 -999.9 -999.9 -999.9 -999.9 -999.9 -999.9 -999.9 -999.9 -4.4 0.2 0.2 2.8 39.0 -999.9 -999.9 -999.9 -999.9 -999.9 CEMADEN_-_Guaporé_-_G2-430940701A_(473_m) -999.9 -999.9 -999.9 -999.9 -999.9 -999.9 -999.9 -999.9 Rio_Grande_do_Sul CEMADEN -999.9 -1.8 -999.9
-28.8406 -51.9024 16952 2026-09-04_16:10 -999.9 -999.9 -999.9 -999.9 -999.9 -999.9 -999.9 -999.9 -999.9 -999.9 -999.9 -999.9 -999.9 -999.9 -999.9 -999.9 -999.9 -5.6 0.2 0.2 1.6 37.8 -999.9 -999.9 -999.9 -999.9 -999.9 CEMADEN_-_Guaporé_-_G2-430940701A_(473_m) -999.9 -999.9 -999.9 -999.9 -999.9 -999.9 -999.9 -999.9 Rio_Grande_do_Sul CEMADEN -999.9 -1.2 -999.9
-28.8406 -51.9024 16952 2026-09-04_17:10 -999.9 -999.9 -999.9 -999.9 -999.9 -999.9 -999.9 -999.9 -999.9 -999.9 -999.9 -999.9 -999.9 -999.9 -999.9 -999.9 -999.9 -5.6 0.2 0.2 1.6 37.8 -999.9 -999.9 -999.9 -999.9 -999.9 CEMADEN_-_Guaporé_-_G2-430940701A_(473_m) -999.9 -999.9 -999.9 -999.9 -999.9 -999.9 -999.9 -999.9 Rio_Grande_do_Sul CEMADEN -999.9 0.0 -999.9
-28.8406 -51.9024 16952 2026-09-04_18:10 -999.9 -999.9 -999.9 -999.9 -999.9 -999.9 -999.9 -999.9 -999.9 -999.9 -999.9 -999.9 -999.9 -999.9 -999.9 -999.9 -999.9 -5.6 0.2 0.2 1.6 37.8 -999.9 -999.9 -999.9 -999.9 -999.9 CEMADEN_-_Guaporé_-_G2-430940701A_(473_m) -999.9 -999.9 -999.9 -999.9 -999.9 -999.9 -999.9 -999.9 Rio_Grande_do_Sul CEMADEN -999.9 0.0 -999.9
-28.8406 -51.9024 16952 2026-09-04_19:10 -999.9 -999.9 -999.9 -999.9 -999.9 -999.9 -999.9 -999.9 -999.9 -999.9 -999.9 -999.9 -999.9 -999.9 -999.9 -999.9 -999.9 -5.6 0.2 0.2 1.6 37.8 -999.9 -999.9 -999.9 -999.9 -999.9 CEMADEN_-_Guaporé_-_G2-430940701A_(473_m) -999.9 -999.9 -999.9 -999.9 -999.9 -999.9 -999.9 -999.9 Rio_Grande_do_Sul CEMADEN -999.9 0.0 -999.9
-28.8406 -51.9024 16952 2026-09-04_20:10 -999.9 -999.9 -999.9 -999.9 -999.9 -999.9 -999.9 -999.9 -999.9 -999.9 -999.9 -999.9 -999.9 -999.9 -999.9 -999.9 -999.9 -5.6 0.2 0.2 1.6 37.8 -999.9 -999.9 -999.9 -999.9 -999.9 CEMADEN_-_Guaporé_-_G2-430940701A_(473_m) -999.9 -999.9 -999.9 -999.9 -999.9 -999.9 -999.9 -999.9 Rio_Grande_do_Sul CEMADEN -999.9 0.0 -999.9
-28.8406 -51.9024 16952 2026-09-04_21:10 -999.9 -999.9 -999.9 -999.9 -999.9 -999.9 -999.9 -999.9 -999.9 -999.9 -999.9 -999.9 -999.9 -999.9 -999.9 -999.9 -999.9 -5.6 0.2 0.2 1.6 37.8 -999.9 -999.9 -999.9 -999.9 -999.9 CEMADEN_-_Guaporé_-_G2-430940701A_(473_m) -999.9 -999.9 -999.9 -999.9 -999.9 -999.9 -999.9 -999.9 Rio_Grande_do_Sul CEMADEN -999.9 0.0 -999.9
-28.8406 -51.9024 16952 2026-09-04_22:10 -999.9 -999.9 -999.9 -999.9 -999.9 -999.9 -999.9 -999.9 -999.9 -999.9 -999.9 -999.9 -999.9 -999.9 -999.9 -999.9 -999.9 -5.6 0.2 0.2 1.6 37.8 -999.9 -999.9 -999.9 -999.9 -999.9 CEMADEN_-_Guaporé_-_G2-430940701A_(473_m) -999.9 -999.9 -999.9 -999.9 -999.9 -999.9 -999.9 -999.9 Rio_Grande_do_Sul CEMADEN -999.9 0.0 -999.9
-28.8406 -51.9024 16952 2026-09-04_23:10 -999.9 -999.9 -999.9 -999.9 -999.9 -999.9 -999.9 -999.9 -999.9 -999.9 -999.9 -999.9 -999.9 -999.9 -999.9 -999.9 -999.9 -5.6 0.2 0.2 1.6 37.8 -999.9 -999.9 -999.9 -999.9 -999.9 CEMADEN_-_Guaporé_-_G2-430940701A_(473_m) -999.9 -999.9 -999.9 -999.9 -999.9 -999.9 -999.9 -999.9 Rio_Grande_do_Sul CEMADEN -999.9 0.0 -999.9
