-28.47552 -51.84657 17805 2026-09-01_00:10 -999.9 -999.9 -999.9 -999.9 -999.9 -999.9 -999.9 -999.9 -999.9 -999.9 -999.9 -999.9 -999.9 -999.9 -999.9 -999.9 -999.9 0.0 23.2 42.6 53.4 83.6 -999.9 -999.9 -999.9 -999.9 -999.9 CEMADEN_-_Vanini_-_G2-432255802A_(721_m) -999.9 -999.9 -999.9 -999.9 -999.9 -999.9 -999.9 -999.9 Rio_Grande_do_Sul CEMADEN -999.9 0.0 -999.9
-28.47552 -51.84657 17805 2026-09-01_01:10 -999.9 -999.9 -999.9 -999.9 -999.9 -999.9 -999.9 -999.9 -999.9 -999.9 -999.9 -999.9 -999.9 -999.9 -999.9 -999.9 -999.9 0.0 23.2 42.6 53.4 83.6 -999.9 -999.9 -999.9 -999.9 -999.9 CEMADEN_-_Vanini_-_G2-432255802A_(721_m) -999.9 -999.9 -999.9 -999.9 -999.9 -999.9 -999.9 -999.9 Rio_Grande_do_Sul CEMADEN -999.9 0.0 -999.9
-28.47552 -51.84657 17805 2026-09-01_01:30 -999.9 -999.9 -999.9 -999.9 -999.9 -999.9 -999.9 -999.9 -999.9 -999.9 -999.9 -999.9 -999.9 -999.9 -999.9 -999.9 0.2 0.2 23.4 42.8 53.6 83.8 -999.9 -999.9 -999.9 -999.9 -999.9 CEMADEN_-_Vanini_-_G2-432255802A_(721_m) -999.9 -999.9 -999.9 -999.9 -999.9 -999.9 -999.9 -999.9 Rio_Grande_do_Sul CEMADEN -999.9 0.2 -999.9
-28.47552 -51.84657 17805 2026-09-01_02:00 -999.9 -999.9 -999.9 -999.9 -999.9 -999.9 -999.9 -999.9 -999.9 -999.9 -999.9 -999.9 -999.9 -999.9 -999.9 -999.9 0.4 0.4 23.6 43.0 53.8 84.0 -999.9 -999.9 -999.9 -999.9 -999.9 CEMADEN_-_Vanini_-_G2-432255802A_(721_m) -999.9 -999.9 -999.9 -999.9 -999.9 -999.9 -999.9 -999.9 Rio_Grande_do_Sul CEMADEN -999.9 0.2 -999.9
-28.47552 -51.84657 17805 2026-09-01_02:10 -999.9 -999.9 -999.9 -999.9 -999.9 -999.9 -999.9 -999.9 -999.9 -999.9 -999.9 -999.9 -999.9 -999.9 -999.9 -999.9 0.6 0.6 23.8 43.2 54.0 84.2 -999.9 -999.9 -999.9 -999.9 -999.9 CEMADEN_-_Vanini_-_G2-432255802A_(721_m) -999.9 -999.9 -999.9 -999.9 -999.9 -999.9 -999.9 -999.9 Rio_Grande_do_Sul CEMADEN -999.9 0.2 -999.9
-28.47552 -51.84657 17805 2026-09-01_02:30 -999.9 -999.9 -999.9 -999.9 -999.9 -999.9 -999.9 -999.9 -999.9 -999.9 -999.9 -999.9 -999.9 -999.9 -999.9 -999.9 0.6 0.8 24.0 43.4 54.2 84.4 -999.9 -999.9 -999.9 -999.9 -999.9 CEMADEN_-_Vanini_-_G2-432255802A_(721_m) -999.9 -999.9 -999.9 -999.9 -999.9 -999.9 -999.9 -999.9 Rio_Grande_do_Sul CEMADEN -999.9 0.2 -999.9
-28.47552 -51.84657 17805 2026-09-01_02:50 -999.9 -999.9 -999.9 -999.9 -999.9 -999.9 -999.9 -999.9 -999.9 -999.9 -999.9 -999.9 -999.9 -999.9 -999.9 -999.9 0.8 1.0 24.2 43.6 54.4 84.6 -999.9 -999.9 -999.9 -999.9 -999.9 CEMADEN_-_Vanini_-_G2-432255802A_(721_m) -999.9 -999.9 -999.9 -999.9 -999.9 -999.9 -999.9 -999.9 Rio_Grande_do_Sul CEMADEN -999.9 0.2 -999.9
-28.47552 -51.84657 17805 2026-09-01_03:10 -999.9 -999.9 -999.9 -999.9 -999.9 -999.9 -999.9 -999.9 -999.9 -999.9 -999.9 -999.9 -999.9 -999.9 -999.9 -999.9 -999.9 1.0 24.2 43.6 54.4 84.6 -999.9 -999.9 -999.9 -999.9 -999.9 CEMADEN_-_Vanini_-_G2-432255802A_(721_m) -999.9 -999.9 -999.9 -999.9 -999.9 -999.9 -999.9 -999.9 Rio_Grande_do_Sul CEMADEN -999.9 0.0 -999.9
-28.47552 -51.84657 17805 2026-09-01_04:10 -999.9 -999.9 -999.9 -999.9 -999.9 -999.9 -999.9 -999.9 -999.9 -999.9 -999.9 -999.9 -999.9 -999.9 -999.9 -999.9 -999.9 1.0 24.2 43.6 54.4 84.6 -999.9 -999.9 -999.9 -999.9 -999.9 CEMADEN_-_Vanini_-_G2-432255802A_(721_m) -999.9 -999.9 -999.9 -999.9 -999.9 -999.9 -999.9 -999.9 Rio_Grande_do_Sul CEMADEN -999.9 0.0 -999.9
-28.47552 -51.84657 17805 2026-09-01_05:10 -999.9 -999.9 -999.9 -999.9 -999.9 -999.9 -999.9 -999.9 -999.9 -999.9 -999.9 -999.9 -999.9 -999.9 -999.9 -999.9 -999.9 1.0 22.6 36.8 54.4 84.6 -999.9 -999.9 -999.9 -999.9 -999.9 CEMADEN_-_Vanini_-_G2-432255802A_(721_m) -999.9 -999.9 -999.9 -999.9 -999.9 -999.9 -999.9 -999.9 Rio_Grande_do_Sul CEMADEN -999.9 0.0 -999.9
-28.47552 -51.84657 17805 2026-09-01_06:00 -999.9 -999.9 -999.9 -999.9 -999.9 -999.9 -999.9 -999.9 -999.9 -999.9 -999.9 -999.9 -999.9 -999.9 -999.9 -999.9 0.2 1.2 22.8 28.6 54.6 84.8 -999.9 -999.9 -999.9 -999.9 -999.9 CEMADEN_-_Vanini_-_G2-432255802A_(721_m) -999.9 -999.9 -999.9 -999.9 -999.9 -999.9 -999.9 -999.9 Rio_Grande_do_Sul CEMADEN -999.9 0.2 -999.9
-28.47552 -51.84657 17805 2026-09-01_06:50 -999.9 -999.9 -999.9 -999.9 -999.9 -999.9 -999.9 -999.9 -999.9 -999.9 -999.9 -999.9 -999.9 -999.9 -999.9 -999.9 0.4 1.4 23.0 28.8 54.8 85.0 -999.9 -999.9 -999.9 -999.9 -999.9 CEMADEN_-_Vanini_-_G2-432255802A_(721_m) -999.9 -999.9 -999.9 -999.9 -999.9 -999.9 -999.9 -999.9 Rio_Grande_do_Sul CEMADEN -999.9 0.2 -999.9
-28.47552 -51.84657 17805 2026-09-01_07:10 -999.9 -999.9 -999.9 -999.9 -999.9 -999.9 -999.9 -999.9 -999.9 -999.9 -999.9 -999.9 -999.9 -999.9 -999.9 -999.9 -999.9 1.4 23.0 28.6 54.8 85.0 -999.9 -999.9 -999.9 -999.9 -999.9 CEMADEN_-_Vanini_-_G2-432255802A_(721_m) -999.9 -999.9 -999.9 -999.9 -999.9 -999.9 -999.9 -999.9 Rio_Grande_do_Sul CEMADEN -999.9 0.0 -999.9
-28.47552 -51.84657 17805 2026-09-01_08:00 -999.9 -999.9 -999.9 -999.9 -999.9 -999.9 -999.9 -999.9 -999.9 -999.9 -999.9 -999.9 -999.9 -999.9 -999.9 -999.9 0.2 1.6 23.2 28.6 55.0 85.2 -999.9 -999.9 -999.9 -999.9 -999.9 CEMADEN_-_Vanini_-_G2-432255802A_(721_m) -999.9 -999.9 -999.9 -999.9 -999.9 -999.9 -999.9 -999.9 Rio_Grande_do_Sul CEMADEN -999.9 0.2 -999.9
-28.47552 -51.84657 17805 2026-09-01_08:20 -999.9 -999.9 -999.9 -999.9 -999.9 -999.9 -999.9 -999.9 -999.9 -999.9 -999.9 -999.9 -999.9 -999.9 -999.9 -999.9 0.4 1.8 23.4 28.8 55.2 85.4 -999.9 -999.9 -999.9 -999.9 -999.9 CEMADEN_-_Vanini_-_G2-432255802A_(721_m) -999.9 -999.9 -999.9 -999.9 -999.9 -999.9 -999.9 -999.9 Rio_Grande_do_Sul CEMADEN -999.9 0.2 -999.9
-28.47552 -51.84657 17805 2026-09-01_08:30 -999.9 -999.9 -999.9 -999.9 -999.9 -999.9 -999.9 -999.9 -999.9 -999.9 -999.9 -999.9 -999.9 -999.9 -999.9 -999.9 0.6 2.0 23.6 28.4 55.4 85.6 -999.9 -999.9 -999.9 -999.9 -999.9 CEMADEN_-_Vanini_-_G2-432255802A_(721_m) -999.9 -999.9 -999.9 -999.9 -999.9 -999.9 -999.9 -999.9 Rio_Grande_do_Sul CEMADEN -999.9 0.2 -999.9
-28.47552 -51.84657 17805 2026-09-01_08:50 -999.9 -999.9 -999.9 -999.9 -999.9 -999.9 -999.9 -999.9 -999.9 -999.9 -999.9 -999.9 -999.9 -999.9 -999.9 -999.9 0.8 2.2 23.8 28.6 55.6 85.8 -999.9 -999.9 -999.9 -999.9 -999.9 CEMADEN_-_Vanini_-_G2-432255802A_(721_m) -999.9 -999.9 -999.9 -999.9 -999.9 -999.9 -999.9 -999.9 Rio_Grande_do_Sul CEMADEN -999.9 0.2 -999.9
-28.47552 -51.84657 17805 2026-09-01_09:00 -999.9 -999.9 -999.9 -999.9 -999.9 -999.9 -999.9 -999.9 -999.9 -999.9 -999.9 -999.9 -999.9 -999.9 -999.9 -999.9 0.8 2.4 24.0 28.8 55.8 86.0 -999.9 -999.9 -999.9 -999.9 -999.9 CEMADEN_-_Vanini_-_G2-432255802A_(721_m) -999.9 -999.9 -999.9 -999.9 -999.9 -999.9 -999.9 -999.9 Rio_Grande_do_Sul CEMADEN -999.9 0.2 -999.9
-28.47552 -51.84657 17805 2026-09-01_09:10 -999.9 -999.9 -999.9 -999.9 -999.9 -999.9 -999.9 -999.9 -999.9 -999.9 -999.9 -999.9 -999.9 -999.9 -999.9 -999.9 0.4 2.6 24.2 28.8 56.0 86.2 -999.9 -999.9 -999.9 -999.9 -999.9 CEMADEN_-_Vanini_-_G2-432255802A_(721_m) -999.9 -999.9 -999.9 -999.9 -999.9 -999.9 -999.9 -999.9 Rio_Grande_do_Sul CEMADEN -999.9 0.2 -999.9
-28.47552 -51.84657 17805 2026-09-01_10:00 -999.9 -999.9 -999.9 -999.9 -999.9 -999.9 -999.9 -999.9 -999.9 -999.9 -999.9 -999.9 -999.9 -999.9 -999.9 -999.9 0.2 2.8 24.4 29.0 56.2 86.4 -999.9 -999.9 -999.9 -999.9 -999.9 CEMADEN_-_Vanini_-_G2-432255802A_(721_m) -999.9 -999.9 -999.9 -999.9 -999.9 -999.9 -999.9 -999.9 Rio_Grande_do_Sul CEMADEN -999.9 0.2 -999.9
-28.47552 -51.84657 17805 2026-09-01_11:10 -999.9 -999.9 -999.9 -999.9 -999.9 -999.9 -999.9 -999.9 -999.9 -999.9 -999.9 -999.9 -999.9 -999.9 -999.9 -999.9 -999.9 2.8 24.4 28.2 56.2 86.4 -999.9 -999.9 -999.9 -999.9 -999.9 CEMADEN_-_Vanini_-_G2-432255802A_(721_m) -999.9 -999.9 -999.9 -999.9 -999.9 -999.9 -999.9 -999.9 Rio_Grande_do_Sul CEMADEN -999.9 0.0 -999.9
-28.47552 -51.84657 17805 2026-09-01_12:10 -999.9 -999.9 -999.9 -999.9 -999.9 -999.9 -999.9 -999.9 -999.9 -999.9 -999.9 -999.9 -999.9 -999.9 -999.9 -999.9 -999.9 2.8 24.4 26.2 56.2 86.4 -999.9 -999.9 -999.9 -999.9 -999.9 CEMADEN_-_Vanini_-_G2-432255802A_(721_m) -999.9 -999.9 -999.9 -999.9 -999.9 -999.9 -999.9 -999.9 Rio_Grande_do_Sul CEMADEN -999.9 0.0 -999.9
-28.47552 -51.84657 17805 2026-09-01_13:10 -999.9 -999.9 -999.9 -999.9 -999.9 -999.9 -999.9 -999.9 -999.9 -999.9 -999.9 -999.9 -999.9 -999.9 -999.9 -999.9 -999.9 2.8 24.4 26.0 56.2 86.4 -999.9 -999.9 -999.9 -999.9 -999.9 CEMADEN_-_Vanini_-_G2-432255802A_(721_m) -999.9 -999.9 -999.9 -999.9 -999.9 -999.9 -999.9 -999.9 Rio_Grande_do_Sul CEMADEN -999.9 0.0 -999.9
-28.47552 -51.84657 17805 2026-09-01_14:10 -999.9 -999.9 -999.9 -999.9 -999.9 -999.9 -999.9 -999.9 -999.9 -999.9 -999.9 -999.9 -999.9 -999.9 -999.9 -999.9 -999.9 2.8 24.4 26.0 56.2 86.4 -999.9 -999.9 -999.9 -999.9 -999.9 CEMADEN_-_Vanini_-_G2-432255802A_(721_m) -999.9 -999.9 -999.9 -999.9 -999.9 -999.9 -999.9 -999.9 Rio_Grande_do_Sul CEMADEN -999.9 0.0 -999.9
-28.47552 -51.84657 17805 2026-09-01_15:10 -999.9 -999.9 -999.9 -999.9 -999.9 -999.9 -999.9 -999.9 -999.9 -999.9 -999.9 -999.9 -999.9 -999.9 -999.9 -999.9 -999.9 2.8 24.4 26.0 56.2 86.4 -999.9 -999.9 -999.9 -999.9 -999.9 CEMADEN_-_Vanini_-_G2-432255802A_(721_m) -999.9 -999.9 -999.9 -999.9 -999.9 -999.9 -999.9 -999.9 Rio_Grande_do_Sul CEMADEN -999.9 0.0 -999.9
-28.47552 -51.84657 17805 2026-09-01_16:10 -999.9 -999.9 -999.9 -999.9 -999.9 -999.9 -999.9 -999.9 -999.9 -999.9 -999.9 -999.9 -999.9 -999.9 -999.9 -999.9 -999.9 2.8 22.4 26.0 56.2 86.4 -999.9 -999.9 -999.9 -999.9 -999.9 CEMADEN_-_Vanini_-_G2-432255802A_(721_m) -999.9 -999.9 -999.9 -999.9 -999.9 -999.9 -999.9 -999.9 Rio_Grande_do_Sul CEMADEN -999.9 0.0 -999.9
-28.47552 -51.84657 17805 2026-09-01_17:10 -999.9 -999.9 -999.9 -999.9 -999.9 -999.9 -999.9 -999.9 -999.9 -999.9 -999.9 -999.9 -999.9 -999.9 -999.9 -999.9 -999.9 2.8 22.4 26.0 56.2 86.4 -999.9 -999.9 -999.9 -999.9 -999.9 CEMADEN_-_Vanini_-_G2-432255802A_(721_m) -999.9 -999.9 -999.9 -999.9 -999.9 -999.9 -999.9 -999.9 Rio_Grande_do_Sul CEMADEN -999.9 0.0 -999.9
-28.47552 -51.84657 17805 2026-09-01_18:10 -999.9 -999.9 -999.9 -999.9 -999.9 -999.9 -999.9 -999.9 -999.9 -999.9 -999.9 -999.9 -999.9 -999.9 -999.9 -999.9 -999.9 2.8 21.6 26.0 56.2 86.4 -999.9 -999.9 -999.9 -999.9 -999.9 CEMADEN_-_Vanini_-_G2-432255802A_(721_m) -999.9 -999.9 -999.9 -999.9 -999.9 -999.9 -999.9 -999.9 Rio_Grande_do_Sul CEMADEN -999.9 0.0 -999.9
-28.47552 -51.84657 17805 2026-09-01_19:10 -999.9 -999.9 -999.9 -999.9 -999.9 -999.9 -999.9 -999.9 -999.9 -999.9 -999.9 -999.9 -999.9 -999.9 -999.9 -999.9 -999.9 -8.0 21.6 26.0 45.4 75.6 -999.9 -999.9 -999.9 -999.9 -999.9 CEMADEN_-_Vanini_-_G2-432255802A_(721_m) -999.9 -999.9 -999.9 -999.9 -999.9 -999.9 -999.9 -999.9 Rio_Grande_do_Sul CEMADEN -999.9 -10.8 -999.9
-28.47552 -51.84657 17805 2026-09-01_20:10 -999.9 -999.9 -999.9 -999.9 -999.9 -999.9 -999.9 -999.9 -999.9 -999.9 -999.9 -999.9 -999.9 -999.9 -999.9 -999.9 -999.9 -8.0 20.8 26.0 45.4 75.6 -999.9 -999.9 -999.9 -999.9 -999.9 CEMADEN_-_Vanini_-_G2-432255802A_(721_m) -999.9 -999.9 -999.9 -999.9 -999.9 -999.9 -999.9 -999.9 Rio_Grande_do_Sul CEMADEN -999.9 0.0 -999.9
-28.47552 -51.84657 17805 2026-09-01_21:10 -999.9 -999.9 -999.9 -999.9 -999.9 -999.9 -999.9 -999.9 -999.9 -999.9 -999.9 -999.9 -999.9 -999.9 -999.9 -999.9 -999.9 -8.0 16.6 26.0 45.4 75.6 -999.9 -999.9 -999.9 -999.9 -999.9 CEMADEN_-_Vanini_-_G2-432255802A_(721_m) -999.9 -999.9 -999.9 -999.9 -999.9 -999.9 -999.9 -999.9 Rio_Grande_do_Sul CEMADEN -999.9 0.0 -999.9
-28.47552 -51.84657 17805 2026-09-01_22:10 -999.9 -999.9 -999.9 -999.9 -999.9 -999.9 -999.9 -999.9 -999.9 -999.9 -999.9 -999.9 -999.9 -999.9 -999.9 -999.9 -999.9 -8.0 16.4 26.0 45.4 75.6 -999.9 -999.9 -999.9 -999.9 -999.9 CEMADEN_-_Vanini_-_G2-432255802A_(721_m) -999.9 -999.9 -999.9 -999.9 -999.9 -999.9 -999.9 -999.9 Rio_Grande_do_Sul CEMADEN -999.9 0.0 -999.9
-28.47552 -51.84657 17805 2026-09-01_23:10 -999.9 -999.9 -999.9 -999.9 -999.9 -999.9 -999.9 -999.9 -999.9 -999.9 -999.9 -999.9 -999.9 -999.9 -999.9 -999.9 -999.9 -8.0 16.2 26.0 45.4 75.6 -999.9 -999.9 -999.9 -999.9 -999.9 CEMADEN_-_Vanini_-_G2-432255802A_(721_m) -999.9 -999.9 -999.9 -999.9 -999.9 -999.9 -999.9 -999.9 Rio_Grande_do_Sul CEMADEN -999.9 0.0 -999.9
