-29.04894 -50.14619 17895 2026-08-13_00:00 -999.9 -999.9 -999.9 -999.9 -999.9 -999.9 -999.9 -999.9 -999.9 -999.9 -999.9 -999.9 -999.9 -999.9 -999.9 -999.9 0.4 0.0 44.6 44.6 44.8 49.2 -999.9 -999.9 -999.9 -999.9 -999.9 CEMADEN_-_Cambará_do_Sul_-_G2-430360801A_(1025_m) -999.9 -999.9 -999.9 -999.9 -999.9 -999.9 -999.9 -999.9 Rio_Grande_do_Sul CEMADEN -999.9 0.0 -999.9
-29.04894 -50.14619 17895 2026-08-13_00:10 -999.9 -999.9 -999.9 -999.9 -999.9 -999.9 -999.9 -999.9 -999.9 -999.9 -999.9 -999.9 -999.9 -999.9 -999.9 -999.9 0.6 0.2 44.8 44.8 45.0 49.4 -999.9 -999.9 -999.9 -999.9 -999.9 CEMADEN_-_Cambará_do_Sul_-_G2-430360801A_(1025_m) -999.9 -999.9 -999.9 -999.9 -999.9 -999.9 -999.9 -999.9 Rio_Grande_do_Sul CEMADEN -999.9 0.2 -999.9
-29.04894 -50.14619 17895 2026-08-13_00:30 -999.9 -999.9 -999.9 -999.9 -999.9 -999.9 -999.9 -999.9 -999.9 -999.9 -999.9 -999.9 -999.9 -999.9 -999.9 -999.9 0.4 0.6 45.2 45.2 45.4 49.8 -999.9 -999.9 -999.9 -999.9 -999.9 CEMADEN_-_Cambará_do_Sul_-_G2-430360801A_(1025_m) -999.9 -999.9 -999.9 -999.9 -999.9 -999.9 -999.9 -999.9 Rio_Grande_do_Sul CEMADEN -999.9 0.4 -999.9
-29.04894 -50.14619 17895 2026-08-13_01:10 -999.9 -999.9 -999.9 -999.9 -999.9 -999.9 -999.9 -999.9 -999.9 -999.9 -999.9 -999.9 -999.9 -999.9 -999.9 -999.9 4.0 4.2 48.8 48.8 49.0 53.4 -999.9 -999.9 -999.9 -999.9 -999.9 CEMADEN_-_Cambará_do_Sul_-_G2-430360801A_(1025_m) -999.9 -999.9 -999.9 -999.9 -999.9 -999.9 -999.9 -999.9 Rio_Grande_do_Sul CEMADEN -999.9 3.6 -999.9
-29.04894 -50.14619 17895 2026-08-13_01:20 -999.9 -999.9 -999.9 -999.9 -999.9 -999.9 -999.9 -999.9 -999.9 -999.9 -999.9 -999.9 -999.9 -999.9 -999.9 -999.9 1.8 5.4 50.0 50.0 50.2 54.6 -999.9 -999.9 -999.9 -999.9 -999.9 CEMADEN_-_Cambará_do_Sul_-_G2-430360801A_(1025_m) -999.9 -999.9 -999.9 -999.9 -999.9 -999.9 -999.9 -999.9 Rio_Grande_do_Sul CEMADEN -999.9 1.2 -999.9
-29.04894 -50.14619 17895 2026-08-13_02:10 -999.9 -999.9 -999.9 -999.9 -999.9 -999.9 -999.9 -999.9 -999.9 -999.9 -999.9 -999.9 -999.9 -999.9 -999.9 -999.9 -999.9 5.4 50.0 50.0 50.2 54.6 -999.9 -999.9 -999.9 -999.9 -999.9 CEMADEN_-_Cambará_do_Sul_-_G2-430360801A_(1025_m) -999.9 -999.9 -999.9 -999.9 -999.9 -999.9 -999.9 -999.9 Rio_Grande_do_Sul CEMADEN -999.9 0.0 -999.9
-29.04894 -50.14619 17895 2026-08-13_03:10 -999.9 -999.9 -999.9 -999.9 -999.9 -999.9 -999.9 -999.9 -999.9 -999.9 -999.9 -999.9 -999.9 -999.9 -999.9 -999.9 -999.9 5.4 50.0 50.0 50.2 54.6 -999.9 -999.9 -999.9 -999.9 -999.9 CEMADEN_-_Cambará_do_Sul_-_G2-430360801A_(1025_m) -999.9 -999.9 -999.9 -999.9 -999.9 -999.9 -999.9 -999.9 Rio_Grande_do_Sul CEMADEN -999.9 0.0 -999.9
-29.04894 -50.14619 17895 2026-08-13_03:20 -999.9 -999.9 -999.9 -999.9 -999.9 -999.9 -999.9 -999.9 -999.9 -999.9 -999.9 -999.9 -999.9 -999.9 -999.9 -999.9 0.2 5.6 50.2 50.2 50.4 54.8 -999.9 -999.9 -999.9 -999.9 -999.9 CEMADEN_-_Cambará_do_Sul_-_G2-430360801A_(1025_m) -999.9 -999.9 -999.9 -999.9 -999.9 -999.9 -999.9 -999.9 Rio_Grande_do_Sul CEMADEN -999.9 0.2 -999.9
-29.04894 -50.14619 17895 2026-08-13_03:30 -999.9 -999.9 -999.9 -999.9 -999.9 -999.9 -999.9 -999.9 -999.9 -999.9 -999.9 -999.9 -999.9 -999.9 -999.9 -999.9 0.4 5.8 50.4 50.4 50.6 55.0 -999.9 -999.9 -999.9 -999.9 -999.9 CEMADEN_-_Cambará_do_Sul_-_G2-430360801A_(1025_m) -999.9 -999.9 -999.9 -999.9 -999.9 -999.9 -999.9 -999.9 Rio_Grande_do_Sul CEMADEN -999.9 0.2 -999.9
-29.04894 -50.14619 17895 2026-08-13_03:40 -999.9 -999.9 -999.9 -999.9 -999.9 -999.9 -999.9 -999.9 -999.9 -999.9 -999.9 -999.9 -999.9 -999.9 -999.9 -999.9 1.0 6.4 51.0 51.0 51.2 55.6 -999.9 -999.9 -999.9 -999.9 -999.9 CEMADEN_-_Cambará_do_Sul_-_G2-430360801A_(1025_m) -999.9 -999.9 -999.9 -999.9 -999.9 -999.9 -999.9 -999.9 Rio_Grande_do_Sul CEMADEN -999.9 0.6 -999.9
-29.04894 -50.14619 17895 2026-08-13_03:50 -999.9 -999.9 -999.9 -999.9 -999.9 -999.9 -999.9 -999.9 -999.9 -999.9 -999.9 -999.9 -999.9 -999.9 -999.9 -999.9 4.6 10.0 54.6 54.6 54.8 59.2 -999.9 -999.9 -999.9 -999.9 -999.9 CEMADEN_-_Cambará_do_Sul_-_G2-430360801A_(1025_m) -999.9 -999.9 -999.9 -999.9 -999.9 -999.9 -999.9 -999.9 Rio_Grande_do_Sul CEMADEN -999.9 3.6 -999.9
-29.04894 -50.14619 17895 2026-08-13_04:00 -999.9 -999.9 -999.9 -999.9 -999.9 -999.9 -999.9 -999.9 -999.9 -999.9 -999.9 -999.9 -999.9 -999.9 -999.9 -999.9 5.4 11.0 55.6 55.6 55.8 60.2 -999.9 -999.9 -999.9 -999.9 -999.9 CEMADEN_-_Cambará_do_Sul_-_G2-430360801A_(1025_m) -999.9 -999.9 -999.9 -999.9 -999.9 -999.9 -999.9 -999.9 Rio_Grande_do_Sul CEMADEN -999.9 1.0 -999.9
-29.04894 -50.14619 17895 2026-08-13_04:20 -999.9 -999.9 -999.9 -999.9 -999.9 -999.9 -999.9 -999.9 -999.9 -999.9 -999.9 -999.9 -999.9 -999.9 -999.9 -999.9 1.2 12.2 56.8 56.8 57.0 61.4 -999.9 -999.9 -999.9 -999.9 -999.9 CEMADEN_-_Cambará_do_Sul_-_G2-430360801A_(1025_m) -999.9 -999.9 -999.9 -999.9 -999.9 -999.9 -999.9 -999.9 Rio_Grande_do_Sul CEMADEN -999.9 1.2 -999.9
-29.04894 -50.14619 17895 2026-08-13_05:10 -999.9 -999.9 -999.9 -999.9 -999.9 -999.9 -999.9 -999.9 -999.9 -999.9 -999.9 -999.9 -999.9 -999.9 -999.9 -999.9 0.2 12.2 57.0 57.0 57.0 61.4 -999.9 -999.9 -999.9 -999.9 -999.9 CEMADEN_-_Cambará_do_Sul_-_G2-430360801A_(1025_m) -999.9 -999.9 -999.9 -999.9 -999.9 -999.9 -999.9 -999.9 Rio_Grande_do_Sul CEMADEN -999.9 0.0 -999.9
-29.04894 -50.14619 17895 2026-08-13_05:50 -999.9 -999.9 -999.9 -999.9 -999.9 -999.9 -999.9 -999.9 -999.9 -999.9 -999.9 -999.9 -999.9 -999.9 -999.9 -999.9 0.4 12.4 57.2 57.2 57.2 61.6 -999.9 -999.9 -999.9 -999.9 -999.9 CEMADEN_-_Cambará_do_Sul_-_G2-430360801A_(1025_m) -999.9 -999.9 -999.9 -999.9 -999.9 -999.9 -999.9 -999.9 Rio_Grande_do_Sul CEMADEN -999.9 0.2 -999.9
-29.04894 -50.14619 17895 2026-08-13_06:10 -999.9 -999.9 -999.9 -999.9 -999.9 -999.9 -999.9 -999.9 -999.9 -999.9 -999.9 -999.9 -999.9 -999.9 -999.9 -999.9 -999.9 12.4 57.2 57.2 57.2 61.6 -999.9 -999.9 -999.9 -999.9 -999.9 CEMADEN_-_Cambará_do_Sul_-_G2-430360801A_(1025_m) -999.9 -999.9 -999.9 -999.9 -999.9 -999.9 -999.9 -999.9 Rio_Grande_do_Sul CEMADEN -999.9 0.0 -999.9
-29.04894 -50.14619 17895 2026-08-13_07:10 -999.9 -999.9 -999.9 -999.9 -999.9 -999.9 -999.9 -999.9 -999.9 -999.9 -999.9 -999.9 -999.9 -999.9 -999.9 -999.9 -999.9 12.4 57.2 57.2 57.2 61.6 -999.9 -999.9 -999.9 -999.9 -999.9 CEMADEN_-_Cambará_do_Sul_-_G2-430360801A_(1025_m) -999.9 -999.9 -999.9 -999.9 -999.9 -999.9 -999.9 -999.9 Rio_Grande_do_Sul CEMADEN -999.9 0.0 -999.9
-29.04894 -50.14619 17895 2026-08-13_07:20 -999.9 -999.9 -999.9 -999.9 -999.9 -999.9 -999.9 -999.9 -999.9 -999.9 -999.9 -999.9 -999.9 -999.9 -999.9 -999.9 0.4 12.8 57.6 57.6 57.6 62.0 -999.9 -999.9 -999.9 -999.9 -999.9 CEMADEN_-_Cambará_do_Sul_-_G2-430360801A_(1025_m) -999.9 -999.9 -999.9 -999.9 -999.9 -999.9 -999.9 -999.9 Rio_Grande_do_Sul CEMADEN -999.9 0.4 -999.9
-29.04894 -50.14619 17895 2026-08-13_07:30 -999.9 -999.9 -999.9 -999.9 -999.9 -999.9 -999.9 -999.9 -999.9 -999.9 -999.9 -999.9 -999.9 -999.9 -999.9 -999.9 1.0 13.4 58.2 58.2 58.2 62.6 -999.9 -999.9 -999.9 -999.9 -999.9 CEMADEN_-_Cambará_do_Sul_-_G2-430360801A_(1025_m) -999.9 -999.9 -999.9 -999.9 -999.9 -999.9 -999.9 -999.9 Rio_Grande_do_Sul CEMADEN -999.9 0.6 -999.9
-29.04894 -50.14619 17895 2026-08-13_07:40 -999.9 -999.9 -999.9 -999.9 -999.9 -999.9 -999.9 -999.9 -999.9 -999.9 -999.9 -999.9 -999.9 -999.9 -999.9 -999.9 2.0 14.4 59.2 59.2 59.2 63.6 -999.9 -999.9 -999.9 -999.9 -999.9 CEMADEN_-_Cambará_do_Sul_-_G2-430360801A_(1025_m) -999.9 -999.9 -999.9 -999.9 -999.9 -999.9 -999.9 -999.9 Rio_Grande_do_Sul CEMADEN -999.9 1.0 -999.9
-29.04894 -50.14619 17895 2026-08-13_07:50 -999.9 -999.9 -999.9 -999.9 -999.9 -999.9 -999.9 -999.9 -999.9 -999.9 -999.9 -999.9 -999.9 -999.9 -999.9 -999.9 2.2 14.6 59.4 59.4 59.4 63.8 -999.9 -999.9 -999.9 -999.9 -999.9 CEMADEN_-_Cambará_do_Sul_-_G2-430360801A_(1025_m) -999.9 -999.9 -999.9 -999.9 -999.9 -999.9 -999.9 -999.9 Rio_Grande_do_Sul CEMADEN -999.9 0.2 -999.9
-29.04894 -50.14619 17895 2026-08-13_08:00 -999.9 -999.9 -999.9 -999.9 -999.9 -999.9 -999.9 -999.9 -999.9 -999.9 -999.9 -999.9 -999.9 -999.9 -999.9 -999.9 2.8 15.2 60.0 60.0 60.0 64.4 -999.9 -999.9 -999.9 -999.9 -999.9 CEMADEN_-_Cambará_do_Sul_-_G2-430360801A_(1025_m) -999.9 -999.9 -999.9 -999.9 -999.9 -999.9 -999.9 -999.9 Rio_Grande_do_Sul CEMADEN -999.9 0.6 -999.9
-29.04894 -50.14619 17895 2026-08-13_08:20 -999.9 -999.9 -999.9 -999.9 -999.9 -999.9 -999.9 -999.9 -999.9 -999.9 -999.9 -999.9 -999.9 -999.9 -999.9 -999.9 3.0 15.8 60.6 60.6 60.6 65.0 -999.9 -999.9 -999.9 -999.9 -999.9 CEMADEN_-_Cambará_do_Sul_-_G2-430360801A_(1025_m) -999.9 -999.9 -999.9 -999.9 -999.9 -999.9 -999.9 -999.9 Rio_Grande_do_Sul CEMADEN -999.9 0.6 -999.9
-29.04894 -50.14619 17895 2026-08-13_08:30 -999.9 -999.9 -999.9 -999.9 -999.9 -999.9 -999.9 -999.9 -999.9 -999.9 -999.9 -999.9 -999.9 -999.9 -999.9 -999.9 0.6 15.8 60.6 60.6 60.6 65.0 -999.9 -999.9 -999.9 -999.9 -999.9 CEMADEN_-_Cambará_do_Sul_-_G2-430360801A_(1025_m) -999.9 -999.9 -999.9 -999.9 -999.9 -999.9 -999.9 -999.9 Rio_Grande_do_Sul CEMADEN -999.9 0.0 -999.9
-29.04894 -50.14619 17895 2026-08-13_09:10 -999.9 -999.9 -999.9 -999.9 -999.9 -999.9 -999.9 -999.9 -999.9 -999.9 -999.9 -999.9 -999.9 -999.9 -999.9 -999.9 -999.9 15.8 60.6 60.6 60.6 65.0 -999.9 -999.9 -999.9 -999.9 -999.9 CEMADEN_-_Cambará_do_Sul_-_G2-430360801A_(1025_m) -999.9 -999.9 -999.9 -999.9 -999.9 -999.9 -999.9 -999.9 Rio_Grande_do_Sul CEMADEN -999.9 0.0 -999.9
-29.04894 -50.14619 17895 2026-08-13_09:20 -999.9 -999.9 -999.9 -999.9 -999.9 -999.9 -999.9 -999.9 -999.9 -999.9 -999.9 -999.9 -999.9 -999.9 -999.9 -999.9 0.8 16.6 61.4 61.4 61.4 65.8 -999.9 -999.9 -999.9 -999.9 -999.9 CEMADEN_-_Cambará_do_Sul_-_G2-430360801A_(1025_m) -999.9 -999.9 -999.9 -999.9 -999.9 -999.9 -999.9 -999.9 Rio_Grande_do_Sul CEMADEN -999.9 0.8 -999.9
-29.04894 -50.14619 17895 2026-08-13_09:30 -999.9 -999.9 -999.9 -999.9 -999.9 -999.9 -999.9 -999.9 -999.9 -999.9 -999.9 -999.9 -999.9 -999.9 -999.9 -999.9 2.0 17.8 62.6 62.6 62.6 67.0 -999.9 -999.9 -999.9 -999.9 -999.9 CEMADEN_-_Cambará_do_Sul_-_G2-430360801A_(1025_m) -999.9 -999.9 -999.9 -999.9 -999.9 -999.9 -999.9 -999.9 Rio_Grande_do_Sul CEMADEN -999.9 1.2 -999.9
-29.04894 -50.14619 17895 2026-08-13_09:40 -999.9 -999.9 -999.9 -999.9 -999.9 -999.9 -999.9 -999.9 -999.9 -999.9 -999.9 -999.9 -999.9 -999.9 -999.9 -999.9 4.2 20.0 64.8 64.8 64.8 69.2 -999.9 -999.9 -999.9 -999.9 -999.9 CEMADEN_-_Cambará_do_Sul_-_G2-430360801A_(1025_m) -999.9 -999.9 -999.9 -999.9 -999.9 -999.9 -999.9 -999.9 Rio_Grande_do_Sul CEMADEN -999.9 2.2 -999.9
-29.04894 -50.14619 17895 2026-08-13_09:50 -999.9 -999.9 -999.9 -999.9 -999.9 -999.9 -999.9 -999.9 -999.9 -999.9 -999.9 -999.9 -999.9 -999.9 -999.9 -999.9 5.2 21.0 65.8 65.8 65.8 70.2 -999.9 -999.9 -999.9 -999.9 -999.9 CEMADEN_-_Cambará_do_Sul_-_G2-430360801A_(1025_m) -999.9 -999.9 -999.9 -999.9 -999.9 -999.9 -999.9 -999.9 Rio_Grande_do_Sul CEMADEN -999.9 1.0 -999.9
-29.04894 -50.14619 17895 2026-08-13_10:00 -999.9 -999.9 -999.9 -999.9 -999.9 -999.9 -999.9 -999.9 -999.9 -999.9 -999.9 -999.9 -999.9 -999.9 -999.9 -999.9 6.8 22.6 67.4 67.4 67.4 71.8 -999.9 -999.9 -999.9 -999.9 -999.9 CEMADEN_-_Cambará_do_Sul_-_G2-430360801A_(1025_m) -999.9 -999.9 -999.9 -999.9 -999.9 -999.9 -999.9 -999.9 Rio_Grande_do_Sul CEMADEN -999.9 1.6 -999.9
-29.04894 -50.14619 17895 2026-08-13_10:10 -999.9 -999.9 -999.9 -999.9 -999.9 -999.9 -999.9 -999.9 -999.9 -999.9 -999.9 -999.9 -999.9 -999.9 -999.9 -999.9 7.0 22.8 67.6 67.6 67.6 72.0 -999.9 -999.9 -999.9 -999.9 -999.9 CEMADEN_-_Cambará_do_Sul_-_G2-430360801A_(1025_m) -999.9 -999.9 -999.9 -999.9 -999.9 -999.9 -999.9 -999.9 Rio_Grande_do_Sul CEMADEN -999.9 0.2 -999.9
-29.04894 -50.14619 17895 2026-08-13_10:20 -999.9 -999.9 -999.9 -999.9 -999.9 -999.9 -999.9 -999.9 -999.9 -999.9 -999.9 -999.9 -999.9 -999.9 -999.9 -999.9 2.2 24.8 69.6 69.6 69.6 74.0 -999.9 -999.9 -999.9 -999.9 -999.9 CEMADEN_-_Cambará_do_Sul_-_G2-430360801A_(1025_m) -999.9 -999.9 -999.9 -999.9 -999.9 -999.9 -999.9 -999.9 Rio_Grande_do_Sul CEMADEN -999.9 2.0 -999.9
-29.04894 -50.14619 17895 2026-08-13_11:10 -999.9 -999.9 -999.9 -999.9 -999.9 -999.9 -999.9 -999.9 -999.9 -999.9 -999.9 -999.9 -999.9 -999.9 -999.9 -999.9 -999.9 24.8 69.6 69.6 69.6 74.0 -999.9 -999.9 -999.9 -999.9 -999.9 CEMADEN_-_Cambará_do_Sul_-_G2-430360801A_(1025_m) -999.9 -999.9 -999.9 -999.9 -999.9 -999.9 -999.9 -999.9 Rio_Grande_do_Sul CEMADEN -999.9 0.0 -999.9
-29.04894 -50.14619 17895 2026-08-13_12:10 -999.9 -999.9 -999.9 -999.9 -999.9 -999.9 -999.9 -999.9 -999.9 -999.9 -999.9 -999.9 -999.9 -999.9 -999.9 -999.9 -999.9 24.8 69.6 69.6 69.6 74.0 -999.9 -999.9 -999.9 -999.9 -999.9 CEMADEN_-_Cambará_do_Sul_-_G2-430360801A_(1025_m) -999.9 -999.9 -999.9 -999.9 -999.9 -999.9 -999.9 -999.9 Rio_Grande_do_Sul CEMADEN -999.9 0.0 -999.9
-29.04894 -50.14619 17895 2026-08-13_12:50 -999.9 -999.9 -999.9 -999.9 -999.9 -999.9 -999.9 -999.9 -999.9 -999.9 -999.9 -999.9 -999.9 -999.9 -999.9 -999.9 0.2 25.0 69.8 69.8 69.8 74.2 -999.9 -999.9 -999.9 -999.9 -999.9 CEMADEN_-_Cambará_do_Sul_-_G2-430360801A_(1025_m) -999.9 -999.9 -999.9 -999.9 -999.9 -999.9 -999.9 -999.9 Rio_Grande_do_Sul CEMADEN -999.9 0.2 -999.9
-29.04894 -50.14619 17895 2026-08-13_13:10 -999.9 -999.9 -999.9 -999.9 -999.9 -999.9 -999.9 -999.9 -999.9 -999.9 -999.9 -999.9 -999.9 -999.9 -999.9 -999.9 0.2 25.0 69.8 69.8 69.8 74.2 -999.9 -999.9 -999.9 -999.9 -999.9 CEMADEN_-_Cambará_do_Sul_-_G2-430360801A_(1025_m) -999.9 -999.9 -999.9 -999.9 -999.9 -999.9 -999.9 -999.9 Rio_Grande_do_Sul CEMADEN -999.9 0.0 -999.9
-29.04894 -50.14619 17895 2026-08-13_13:20 -999.9 -999.9 -999.9 -999.9 -999.9 -999.9 -999.9 -999.9 -999.9 -999.9 -999.9 -999.9 -999.9 -999.9 -999.9 -999.9 0.4 25.2 70.0 70.0 70.0 74.4 -999.9 -999.9 -999.9 -999.9 -999.9 CEMADEN_-_Cambará_do_Sul_-_G2-430360801A_(1025_m) -999.9 -999.9 -999.9 -999.9 -999.9 -999.9 -999.9 -999.9 Rio_Grande_do_Sul CEMADEN -999.9 0.2 -999.9
-29.04894 -50.14619 17895 2026-08-13_13:40 -999.9 -999.9 -999.9 -999.9 -999.9 -999.9 -999.9 -999.9 -999.9 -999.9 -999.9 -999.9 -999.9 -999.9 -999.9 -999.9 0.6 25.6 70.4 70.4 70.4 74.8 -999.9 -999.9 -999.9 -999.9 -999.9 CEMADEN_-_Cambará_do_Sul_-_G2-430360801A_(1025_m) -999.9 -999.9 -999.9 -999.9 -999.9 -999.9 -999.9 -999.9 Rio_Grande_do_Sul CEMADEN -999.9 0.4 -999.9
-29.04894 -50.14619 17895 2026-08-13_14:10 -999.9 -999.9 -999.9 -999.9 -999.9 -999.9 -999.9 -999.9 -999.9 -999.9 -999.9 -999.9 -999.9 -999.9 -999.9 -999.9 -999.9 25.6 70.4 70.4 70.4 74.8 -999.9 -999.9 -999.9 -999.9 -999.9 CEMADEN_-_Cambará_do_Sul_-_G2-430360801A_(1025_m) -999.9 -999.9 -999.9 -999.9 -999.9 -999.9 -999.9 -999.9 Rio_Grande_do_Sul CEMADEN -999.9 0.0 -999.9
-29.04894 -50.14619 17895 2026-08-13_15:00 -999.9 -999.9 -999.9 -999.9 -999.9 -999.9 -999.9 -999.9 -999.9 -999.9 -999.9 -999.9 -999.9 -999.9 -999.9 -999.9 0.2 25.8 70.6 70.6 70.6 75.0 -999.9 -999.9 -999.9 -999.9 -999.9 CEMADEN_-_Cambará_do_Sul_-_G2-430360801A_(1025_m) -999.9 -999.9 -999.9 -999.9 -999.9 -999.9 -999.9 -999.9 Rio_Grande_do_Sul CEMADEN -999.9 0.2 -999.9
-29.04894 -50.14619 17895 2026-08-13_15:20 -999.9 -999.9 -999.9 -999.9 -999.9 -999.9 -999.9 -999.9 -999.9 -999.9 -999.9 -999.9 -999.9 -999.9 -999.9 -999.9 0.2 26.0 70.8 70.8 70.8 75.2 -999.9 -999.9 -999.9 -999.9 -999.9 CEMADEN_-_Cambará_do_Sul_-_G2-430360801A_(1025_m) -999.9 -999.9 -999.9 -999.9 -999.9 -999.9 -999.9 -999.9 Rio_Grande_do_Sul CEMADEN -999.9 0.2 -999.9
-29.04894 -50.14619 17895 2026-08-13_16:10 -999.9 -999.9 -999.9 -999.9 -999.9 -999.9 -999.9 -999.9 -999.9 -999.9 -999.9 -999.9 -999.9 -999.9 -999.9 -999.9 -999.9 26.0 70.8 70.8 70.8 75.2 -999.9 -999.9 -999.9 -999.9 -999.9 CEMADEN_-_Cambará_do_Sul_-_G2-430360801A_(1025_m) -999.9 -999.9 -999.9 -999.9 -999.9 -999.9 -999.9 -999.9 Rio_Grande_do_Sul CEMADEN -999.9 0.0 -999.9
-29.04894 -50.14619 17895 2026-08-13_16:40 -999.9 -999.9 -999.9 -999.9 -999.9 -999.9 -999.9 -999.9 -999.9 -999.9 -999.9 -999.9 -999.9 -999.9 -999.9 -999.9 0.2 26.2 71.0 71.0 71.0 75.4 -999.9 -999.9 -999.9 -999.9 -999.9 CEMADEN_-_Cambará_do_Sul_-_G2-430360801A_(1025_m) -999.9 -999.9 -999.9 -999.9 -999.9 -999.9 -999.9 -999.9 Rio_Grande_do_Sul CEMADEN -999.9 0.2 -999.9
-29.04894 -50.14619 17895 2026-08-13_17:10 -999.9 -999.9 -999.9 -999.9 -999.9 -999.9 -999.9 -999.9 -999.9 -999.9 -999.9 -999.9 -999.9 -999.9 -999.9 -999.9 -999.9 26.2 71.0 71.0 71.0 75.4 -999.9 -999.9 -999.9 -999.9 -999.9 CEMADEN_-_Cambará_do_Sul_-_G2-430360801A_(1025_m) -999.9 -999.9 -999.9 -999.9 -999.9 -999.9 -999.9 -999.9 Rio_Grande_do_Sul CEMADEN -999.9 0.0 -999.9
-29.04894 -50.14619 17895 2026-08-13_18:10 -999.9 -999.9 -999.9 -999.9 -999.9 -999.9 -999.9 -999.9 -999.9 -999.9 -999.9 -999.9 -999.9 -999.9 -999.9 -999.9 -999.9 26.2 71.0 71.0 71.0 75.4 -999.9 -999.9 -999.9 -999.9 -999.9 CEMADEN_-_Cambará_do_Sul_-_G2-430360801A_(1025_m) -999.9 -999.9 -999.9 -999.9 -999.9 -999.9 -999.9 -999.9 Rio_Grande_do_Sul CEMADEN -999.9 0.0 -999.9
-29.04894 -50.14619 17895 2026-08-13_19:10 -999.9 -999.9 -999.9 -999.9 -999.9 -999.9 -999.9 -999.9 -999.9 -999.9 -999.9 -999.9 -999.9 -999.9 -999.9 -999.9 -999.9 26.2 71.0 71.0 71.0 75.4 -999.9 -999.9 -999.9 -999.9 -999.9 CEMADEN_-_Cambará_do_Sul_-_G2-430360801A_(1025_m) -999.9 -999.9 -999.9 -999.9 -999.9 -999.9 -999.9 -999.9 Rio_Grande_do_Sul CEMADEN -999.9 0.0 -999.9
-29.04894 -50.14619 17895 2026-08-13_20:10 -999.9 -999.9 -999.9 -999.9 -999.9 -999.9 -999.9 -999.9 -999.9 -999.9 -999.9 -999.9 -999.9 -999.9 -999.9 -999.9 -999.9 26.2 71.0 71.0 71.0 75.4 -999.9 -999.9 -999.9 -999.9 -999.9 CEMADEN_-_Cambará_do_Sul_-_G2-430360801A_(1025_m) -999.9 -999.9 -999.9 -999.9 -999.9 -999.9 -999.9 -999.9 Rio_Grande_do_Sul CEMADEN -999.9 0.0 -999.9
-29.04894 -50.14619 17895 2026-08-13_21:10 -999.9 -999.9 -999.9 -999.9 -999.9 -999.9 -999.9 -999.9 -999.9 -999.9 -999.9 -999.9 -999.9 -999.9 -999.9 -999.9 -999.9 26.2 68.4 71.0 71.0 75.4 -999.9 -999.9 -999.9 -999.9 -999.9 CEMADEN_-_Cambará_do_Sul_-_G2-430360801A_(1025_m) -999.9 -999.9 -999.9 -999.9 -999.9 -999.9 -999.9 -999.9 Rio_Grande_do_Sul CEMADEN -999.9 0.0 -999.9
-29.04894 -50.14619 17895 2026-08-13_22:10 -999.9 -999.9 -999.9 -999.9 -999.9 -999.9 -999.9 -999.9 -999.9 -999.9 -999.9 -999.9 -999.9 -999.9 -999.9 -999.9 -999.9 26.2 64.0 71.0 71.0 75.4 -999.9 -999.9 -999.9 -999.9 -999.9 CEMADEN_-_Cambará_do_Sul_-_G2-430360801A_(1025_m) -999.9 -999.9 -999.9 -999.9 -999.9 -999.9 -999.9 -999.9 Rio_Grande_do_Sul CEMADEN -999.9 0.0 -999.9
-29.04894 -50.14619 17895 2026-08-13_23:10 -999.9 -999.9 -999.9 -999.9 -999.9 -999.9 -999.9 -999.9 -999.9 -999.9 -999.9 -999.9 -999.9 -999.9 -999.9 -999.9 -999.9 26.2 61.8 71.0 71.0 75.4 -999.9 -999.9 -999.9 -999.9 -999.9 CEMADEN_-_Cambará_do_Sul_-_G2-430360801A_(1025_m) -999.9 -999.9 -999.9 -999.9 -999.9 -999.9 -999.9 -999.9 Rio_Grande_do_Sul CEMADEN -999.9 0.0 -999.9
