-28.8406 -51.9024 16952 2026-08-30_00:10 -999.9 -999.9 -999.9 -999.9 -999.9 -999.9 -999.9 -999.9 -999.9 -999.9 -999.9 -999.9 -999.9 -999.9 -999.9 -999.9 -999.9 0.0 88.6 88.6 88.6 88.8 -999.9 -999.9 -999.9 -999.9 -999.9 CEMADEN_-_Guaporé_-_G2-430940701A_(473_m) -999.9 -999.9 -999.9 -999.9 -999.9 -999.9 -999.9 -999.9 Rio_Grande_do_Sul CEMADEN -999.9 0.0 -999.9
-28.8406 -51.9024 16952 2026-08-30_01:10 -999.9 -999.9 -999.9 -999.9 -999.9 -999.9 -999.9 -999.9 -999.9 -999.9 -999.9 -999.9 -999.9 -999.9 -999.9 -999.9 -999.9 0.0 88.6 88.6 88.6 88.8 -999.9 -999.9 -999.9 -999.9 -999.9 CEMADEN_-_Guaporé_-_G2-430940701A_(473_m) -999.9 -999.9 -999.9 -999.9 -999.9 -999.9 -999.9 -999.9 Rio_Grande_do_Sul CEMADEN -999.9 0.0 -999.9
-28.8406 -51.9024 16952 2026-08-30_02:10 -999.9 -999.9 -999.9 -999.9 -999.9 -999.9 -999.9 -999.9 -999.9 -999.9 -999.9 -999.9 -999.9 -999.9 -999.9 -999.9 -999.9 0.0 88.6 88.6 88.6 88.8 -999.9 -999.9 -999.9 -999.9 -999.9 CEMADEN_-_Guaporé_-_G2-430940701A_(473_m) -999.9 -999.9 -999.9 -999.9 -999.9 -999.9 -999.9 -999.9 Rio_Grande_do_Sul CEMADEN -999.9 0.0 -999.9
-28.8406 -51.9024 16952 2026-08-30_03:10 -999.9 -999.9 -999.9 -999.9 -999.9 -999.9 -999.9 -999.9 -999.9 -999.9 -999.9 -999.9 -999.9 -999.9 -999.9 -999.9 -999.9 0.0 88.6 88.6 88.6 88.8 -999.9 -999.9 -999.9 -999.9 -999.9 CEMADEN_-_Guaporé_-_G2-430940701A_(473_m) -999.9 -999.9 -999.9 -999.9 -999.9 -999.9 -999.9 -999.9 Rio_Grande_do_Sul CEMADEN -999.9 0.0 -999.9
-28.8406 -51.9024 16952 2026-08-30_04:10 -999.9 -999.9 -999.9 -999.9 -999.9 -999.9 -999.9 -999.9 -999.9 -999.9 -999.9 -999.9 -999.9 -999.9 -999.9 -999.9 -999.9 0.0 88.6 88.6 88.6 88.8 -999.9 -999.9 -999.9 -999.9 -999.9 CEMADEN_-_Guaporé_-_G2-430940701A_(473_m) -999.9 -999.9 -999.9 -999.9 -999.9 -999.9 -999.9 -999.9 Rio_Grande_do_Sul CEMADEN -999.9 0.0 -999.9
-28.8406 -51.9024 16952 2026-08-30_05:10 -999.9 -999.9 -999.9 -999.9 -999.9 -999.9 -999.9 -999.9 -999.9 -999.9 -999.9 -999.9 -999.9 -999.9 -999.9 -999.9 -999.9 0.0 88.6 88.6 88.6 88.8 -999.9 -999.9 -999.9 -999.9 -999.9 CEMADEN_-_Guaporé_-_G2-430940701A_(473_m) -999.9 -999.9 -999.9 -999.9 -999.9 -999.9 -999.9 -999.9 Rio_Grande_do_Sul CEMADEN -999.9 0.0 -999.9
-28.8406 -51.9024 16952 2026-08-30_06:10 -999.9 -999.9 -999.9 -999.9 -999.9 -999.9 -999.9 -999.9 -999.9 -999.9 -999.9 -999.9 -999.9 -999.9 -999.9 -999.9 -999.9 0.0 88.6 88.6 88.6 88.8 -999.9 -999.9 -999.9 -999.9 -999.9 CEMADEN_-_Guaporé_-_G2-430940701A_(473_m) -999.9 -999.9 -999.9 -999.9 -999.9 -999.9 -999.9 -999.9 Rio_Grande_do_Sul CEMADEN -999.9 0.0 -999.9
-28.8406 -51.9024 16952 2026-08-30_07:10 -999.9 -999.9 -999.9 -999.9 -999.9 -999.9 -999.9 -999.9 -999.9 -999.9 -999.9 -999.9 -999.9 -999.9 -999.9 -999.9 -999.9 0.0 88.6 88.6 88.6 88.8 -999.9 -999.9 -999.9 -999.9 -999.9 CEMADEN_-_Guaporé_-_G2-430940701A_(473_m) -999.9 -999.9 -999.9 -999.9 -999.9 -999.9 -999.9 -999.9 Rio_Grande_do_Sul CEMADEN -999.9 0.0 -999.9
-28.8406 -51.9024 16952 2026-08-30_08:10 -999.9 -999.9 -999.9 -999.9 -999.9 -999.9 -999.9 -999.9 -999.9 -999.9 -999.9 -999.9 -999.9 -999.9 -999.9 -999.9 -999.9 0.0 88.6 88.6 88.6 88.8 -999.9 -999.9 -999.9 -999.9 -999.9 CEMADEN_-_Guaporé_-_G2-430940701A_(473_m) -999.9 -999.9 -999.9 -999.9 -999.9 -999.9 -999.9 -999.9 Rio_Grande_do_Sul CEMADEN -999.9 0.0 -999.9
-28.8406 -51.9024 16952 2026-08-30_09:10 -999.9 -999.9 -999.9 -999.9 -999.9 -999.9 -999.9 -999.9 -999.9 -999.9 -999.9 -999.9 -999.9 -999.9 -999.9 -999.9 -999.9 0.0 88.6 88.6 88.6 88.8 -999.9 -999.9 -999.9 -999.9 -999.9 CEMADEN_-_Guaporé_-_G2-430940701A_(473_m) -999.9 -999.9 -999.9 -999.9 -999.9 -999.9 -999.9 -999.9 Rio_Grande_do_Sul CEMADEN -999.9 0.0 -999.9
-28.8406 -51.9024 16952 2026-08-30_10:10 -999.9 -999.9 -999.9 -999.9 -999.9 -999.9 -999.9 -999.9 -999.9 -999.9 -999.9 -999.9 -999.9 -999.9 -999.9 -999.9 -999.9 0.0 88.6 88.6 88.6 88.8 -999.9 -999.9 -999.9 -999.9 -999.9 CEMADEN_-_Guaporé_-_G2-430940701A_(473_m) -999.9 -999.9 -999.9 -999.9 -999.9 -999.9 -999.9 -999.9 Rio_Grande_do_Sul CEMADEN -999.9 0.0 -999.9
-28.8406 -51.9024 16952 2026-08-30_11:10 -999.9 -999.9 -999.9 -999.9 -999.9 -999.9 -999.9 -999.9 -999.9 -999.9 -999.9 -999.9 -999.9 -999.9 -999.9 -999.9 -999.9 0.0 88.6 88.6 88.6 88.8 -999.9 -999.9 -999.9 -999.9 -999.9 CEMADEN_-_Guaporé_-_G2-430940701A_(473_m) -999.9 -999.9 -999.9 -999.9 -999.9 -999.9 -999.9 -999.9 Rio_Grande_do_Sul CEMADEN -999.9 0.0 -999.9
-28.8406 -51.9024 16952 2026-08-30_12:10 -999.9 -999.9 -999.9 -999.9 -999.9 -999.9 -999.9 -999.9 -999.9 -999.9 -999.9 -999.9 -999.9 -999.9 -999.9 -999.9 -999.9 0.0 88.6 88.6 88.6 88.8 -999.9 -999.9 -999.9 -999.9 -999.9 CEMADEN_-_Guaporé_-_G2-430940701A_(473_m) -999.9 -999.9 -999.9 -999.9 -999.9 -999.9 -999.9 -999.9 Rio_Grande_do_Sul CEMADEN -999.9 0.0 -999.9
-28.8406 -51.9024 16952 2026-08-30_13:10 -999.9 -999.9 -999.9 -999.9 -999.9 -999.9 -999.9 -999.9 -999.9 -999.9 -999.9 -999.9 -999.9 -999.9 -999.9 -999.9 -999.9 0.0 88.6 88.6 88.6 88.8 -999.9 -999.9 -999.9 -999.9 -999.9 CEMADEN_-_Guaporé_-_G2-430940701A_(473_m) -999.9 -999.9 -999.9 -999.9 -999.9 -999.9 -999.9 -999.9 Rio_Grande_do_Sul CEMADEN -999.9 0.0 -999.9
-28.8406 -51.9024 16952 2026-08-30_13:40 -999.9 -999.9 -999.9 -999.9 -999.9 -999.9 -999.9 -999.9 -999.9 -999.9 -999.9 -999.9 -999.9 -999.9 -999.9 -999.9 0.2 0.2 88.8 88.8 88.8 89.0 -999.9 -999.9 -999.9 -999.9 -999.9 CEMADEN_-_Guaporé_-_G2-430940701A_(473_m) -999.9 -999.9 -999.9 -999.9 -999.9 -999.9 -999.9 -999.9 Rio_Grande_do_Sul CEMADEN -999.9 0.2 -999.9
-28.8406 -51.9024 16952 2026-08-30_14:00 -999.9 -999.9 -999.9 -999.9 -999.9 -999.9 -999.9 -999.9 -999.9 -999.9 -999.9 -999.9 -999.9 -999.9 -999.9 -999.9 2.0 2.0 90.6 90.6 90.6 90.8 -999.9 -999.9 -999.9 -999.9 -999.9 CEMADEN_-_Guaporé_-_G2-430940701A_(473_m) -999.9 -999.9 -999.9 -999.9 -999.9 -999.9 -999.9 -999.9 Rio_Grande_do_Sul CEMADEN -999.9 1.8 -999.9
-28.8406 -51.9024 16952 2026-08-30_14:20 -999.9 -999.9 -999.9 -999.9 -999.9 -999.9 -999.9 -999.9 -999.9 -999.9 -999.9 -999.9 -999.9 -999.9 -999.9 -999.9 2.4 2.4 91.0 91.0 91.0 91.2 -999.9 -999.9 -999.9 -999.9 -999.9 CEMADEN_-_Guaporé_-_G2-430940701A_(473_m) -999.9 -999.9 -999.9 -999.9 -999.9 -999.9 -999.9 -999.9 Rio_Grande_do_Sul CEMADEN -999.9 0.4 -999.9
-28.8406 -51.9024 16952 2026-08-30_14:30 -999.9 -999.9 -999.9 -999.9 -999.9 -999.9 -999.9 -999.9 -999.9 -999.9 -999.9 -999.9 -999.9 -999.9 -999.9 -999.9 3.2 3.4 92.0 92.0 92.0 92.2 -999.9 -999.9 -999.9 -999.9 -999.9 CEMADEN_-_Guaporé_-_G2-430940701A_(473_m) -999.9 -999.9 -999.9 -999.9 -999.9 -999.9 -999.9 -999.9 Rio_Grande_do_Sul CEMADEN -999.9 1.0 -999.9
-28.8406 -51.9024 16952 2026-08-30_15:00 -999.9 -999.9 -999.9 -999.9 -999.9 -999.9 -999.9 -999.9 -999.9 -999.9 -999.9 -999.9 -999.9 -999.9 -999.9 -999.9 3.4 5.4 93.6 94.0 94.0 94.2 -999.9 -999.9 -999.9 -999.9 -999.9 CEMADEN_-_Guaporé_-_G2-430940701A_(473_m) -999.9 -999.9 -999.9 -999.9 -999.9 -999.9 -999.9 -999.9 Rio_Grande_do_Sul CEMADEN -999.9 2.0 -999.9
-28.8406 -51.9024 16952 2026-08-30_15:20 -999.9 -999.9 -999.9 -999.9 -999.9 -999.9 -999.9 -999.9 -999.9 -999.9 -999.9 -999.9 -999.9 -999.9 -999.9 -999.9 4.4 8.8 84.6 97.4 97.4 97.6 -999.9 -999.9 -999.9 -999.9 -999.9 CEMADEN_-_Guaporé_-_G2-430940701A_(473_m) -999.9 -999.9 -999.9 -999.9 -999.9 -999.9 -999.9 -999.9 Rio_Grande_do_Sul CEMADEN -999.9 3.4 -999.9
-28.8406 -51.9024 16952 2026-08-30_16:10 -999.9 -999.9 -999.9 -999.9 -999.9 -999.9 -999.9 -999.9 -999.9 -999.9 -999.9 -999.9 -999.9 -999.9 -999.9 -999.9 0.4 9.2 84.8 97.8 97.8 98.0 -999.9 -999.9 -999.9 -999.9 -999.9 CEMADEN_-_Guaporé_-_G2-430940701A_(473_m) -999.9 -999.9 -999.9 -999.9 -999.9 -999.9 -999.9 -999.9 Rio_Grande_do_Sul CEMADEN -999.9 0.4 -999.9
-28.8406 -51.9024 16952 2026-08-30_17:00 -999.9 -999.9 -999.9 -999.9 -999.9 -999.9 -999.9 -999.9 -999.9 -999.9 -999.9 -999.9 -999.9 -999.9 -999.9 -999.9 0.6 9.4 85.0 98.0 98.0 98.2 -999.9 -999.9 -999.9 -999.9 -999.9 CEMADEN_-_Guaporé_-_G2-430940701A_(473_m) -999.9 -999.9 -999.9 -999.9 -999.9 -999.9 -999.9 -999.9 Rio_Grande_do_Sul CEMADEN -999.9 0.2 -999.9
-28.8406 -51.9024 16952 2026-08-30_17:10 -999.9 -999.9 -999.9 -999.9 -999.9 -999.9 -999.9 -999.9 -999.9 -999.9 -999.9 -999.9 -999.9 -999.9 -999.9 -999.9 0.4 9.6 85.0 98.2 98.2 98.4 -999.9 -999.9 -999.9 -999.9 -999.9 CEMADEN_-_Guaporé_-_G2-430940701A_(473_m) -999.9 -999.9 -999.9 -999.9 -999.9 -999.9 -999.9 -999.9 Rio_Grande_do_Sul CEMADEN -999.9 0.2 -999.9
-28.8406 -51.9024 16952 2026-08-30_17:20 -999.9 -999.9 -999.9 -999.9 -999.9 -999.9 -999.9 -999.9 -999.9 -999.9 -999.9 -999.9 -999.9 -999.9 -999.9 -999.9 0.6 9.8 85.0 98.4 98.4 98.6 -999.9 -999.9 -999.9 -999.9 -999.9 CEMADEN_-_Guaporé_-_G2-430940701A_(473_m) -999.9 -999.9 -999.9 -999.9 -999.9 -999.9 -999.9 -999.9 Rio_Grande_do_Sul CEMADEN -999.9 0.2 -999.9
-28.8406 -51.9024 16952 2026-08-30_17:40 -999.9 -999.9 -999.9 -999.9 -999.9 -999.9 -999.9 -999.9 -999.9 -999.9 -999.9 -999.9 -999.9 -999.9 -999.9 -999.9 1.4 10.6 84.6 99.2 99.2 99.4 -999.9 -999.9 -999.9 -999.9 -999.9 CEMADEN_-_Guaporé_-_G2-430940701A_(473_m) -999.9 -999.9 -999.9 -999.9 -999.9 -999.9 -999.9 -999.9 Rio_Grande_do_Sul CEMADEN -999.9 0.8 -999.9
-28.8406 -51.9024 16952 2026-08-30_17:50 -999.9 -999.9 -999.9 -999.9 -999.9 -999.9 -999.9 -999.9 -999.9 -999.9 -999.9 -999.9 -999.9 -999.9 -999.9 -999.9 10.6 19.8 93.4 108.4 108.4 108.6 -999.9 -999.9 -999.9 -999.9 -999.9 CEMADEN_-_Guaporé_-_G2-430940701A_(473_m) -999.9 -999.9 -999.9 -999.9 -999.9 -999.9 -999.9 -999.9 Rio_Grande_do_Sul CEMADEN -999.9 9.2 -999.9
-28.8406 -51.9024 16952 2026-08-30_18:00 -999.9 -999.9 -999.9 -999.9 -999.9 -999.9 -999.9 -999.9 -999.9 -999.9 -999.9 -999.9 -999.9 -999.9 -999.9 -999.9 10.4 20.0 93.4 108.6 108.6 108.8 -999.9 -999.9 -999.9 -999.9 -999.9 CEMADEN_-_Guaporé_-_G2-430940701A_(473_m) -999.9 -999.9 -999.9 -999.9 -999.9 -999.9 -999.9 -999.9 Rio_Grande_do_Sul CEMADEN -999.9 0.2 -999.9
-28.8406 -51.9024 16952 2026-08-30_18:10 -999.9 -999.9 -999.9 -999.9 -999.9 -999.9 -999.9 -999.9 -999.9 -999.9 -999.9 -999.9 -999.9 -999.9 -999.9 -999.9 3.8 20.2 88.0 108.8 108.8 109.0 -999.9 -999.9 -999.9 -999.9 -999.9 CEMADEN_-_Guaporé_-_G2-430940701A_(473_m) -999.9 -999.9 -999.9 -999.9 -999.9 -999.9 -999.9 -999.9 Rio_Grande_do_Sul CEMADEN -999.9 0.2 -999.9
-28.8406 -51.9024 16952 2026-08-30_18:50 -999.9 -999.9 -999.9 -999.9 -999.9 -999.9 -999.9 -999.9 -999.9 -999.9 -999.9 -999.9 -999.9 -999.9 -999.9 -999.9 0.6 20.4 87.2 109.0 109.0 109.2 -999.9 -999.9 -999.9 -999.9 -999.9 CEMADEN_-_Guaporé_-_G2-430940701A_(473_m) -999.9 -999.9 -999.9 -999.9 -999.9 -999.9 -999.9 -999.9 Rio_Grande_do_Sul CEMADEN -999.9 0.2 -999.9
-28.8406 -51.9024 16952 2026-08-30_19:10 -999.9 -999.9 -999.9 -999.9 -999.9 -999.9 -999.9 -999.9 -999.9 -999.9 -999.9 -999.9 -999.9 -999.9 -999.9 -999.9 0.8 21.0 87.8 109.6 109.6 109.8 -999.9 -999.9 -999.9 -999.9 -999.9 CEMADEN_-_Guaporé_-_G2-430940701A_(473_m) -999.9 -999.9 -999.9 -999.9 -999.9 -999.9 -999.9 -999.9 Rio_Grande_do_Sul CEMADEN -999.9 0.6 -999.9
-28.8406 -51.9024 16952 2026-08-30_19:20 -999.9 -999.9 -999.9 -999.9 -999.9 -999.9 -999.9 -999.9 -999.9 -999.9 -999.9 -999.9 -999.9 -999.9 -999.9 -999.9 0.8 21.2 87.8 109.8 109.8 110.0 -999.9 -999.9 -999.9 -999.9 -999.9 CEMADEN_-_Guaporé_-_G2-430940701A_(473_m) -999.9 -999.9 -999.9 -999.9 -999.9 -999.9 -999.9 -999.9 Rio_Grande_do_Sul CEMADEN -999.9 0.2 -999.9
-28.8406 -51.9024 16952 2026-08-30_20:10 -999.9 -999.9 -999.9 -999.9 -999.9 -999.9 -999.9 -999.9 -999.9 -999.9 -999.9 -999.9 -999.9 -999.9 -999.9 -999.9 -999.9 21.2 87.8 109.8 109.8 110.0 -999.9 -999.9 -999.9 -999.9 -999.9 CEMADEN_-_Guaporé_-_G2-430940701A_(473_m) -999.9 -999.9 -999.9 -999.9 -999.9 -999.9 -999.9 -999.9 Rio_Grande_do_Sul CEMADEN -999.9 0.0 -999.9
-28.8406 -51.9024 16952 2026-08-30_20:50 -999.9 -999.9 -999.9 -999.9 -999.9 -999.9 -999.9 -999.9 -999.9 -999.9 -999.9 -999.9 -999.9 -999.9 -999.9 -999.9 2.4 23.6 90.2 112.2 112.2 112.4 -999.9 -999.9 -999.9 -999.9 -999.9 CEMADEN_-_Guaporé_-_G2-430940701A_(473_m) -999.9 -999.9 -999.9 -999.9 -999.9 -999.9 -999.9 -999.9 Rio_Grande_do_Sul CEMADEN -999.9 2.4 -999.9
-28.8406 -51.9024 16952 2026-08-30_21:00 -999.9 -999.9 -999.9 -999.9 -999.9 -999.9 -999.9 -999.9 -999.9 -999.9 -999.9 -999.9 -999.9 -999.9 -999.9 -999.9 2.8 24.0 90.6 112.6 112.6 112.8 -999.9 -999.9 -999.9 -999.9 -999.9 CEMADEN_-_Guaporé_-_G2-430940701A_(473_m) -999.9 -999.9 -999.9 -999.9 -999.9 -999.9 -999.9 -999.9 Rio_Grande_do_Sul CEMADEN -999.9 0.4 -999.9
-28.8406 -51.9024 16952 2026-08-30_21:20 -999.9 -999.9 -999.9 -999.9 -999.9 -999.9 -999.9 -999.9 -999.9 -999.9 -999.9 -999.9 -999.9 -999.9 -999.9 -999.9 3.4 24.6 91.2 113.2 113.2 113.4 -999.9 -999.9 -999.9 -999.9 -999.9 CEMADEN_-_Guaporé_-_G2-430940701A_(473_m) -999.9 -999.9 -999.9 -999.9 -999.9 -999.9 -999.9 -999.9 Rio_Grande_do_Sul CEMADEN -999.9 0.6 -999.9
-28.8406 -51.9024 16952 2026-08-30_21:30 -999.9 -999.9 -999.9 -999.9 -999.9 -999.9 -999.9 -999.9 -999.9 -999.9 -999.9 -999.9 -999.9 -999.9 -999.9 -999.9 6.0 27.2 93.6 115.8 115.8 116.0 -999.9 -999.9 -999.9 -999.9 -999.9 CEMADEN_-_Guaporé_-_G2-430940701A_(473_m) -999.9 -999.9 -999.9 -999.9 -999.9 -999.9 -999.9 -999.9 Rio_Grande_do_Sul CEMADEN -999.9 2.6 -999.9
-28.8406 -51.9024 16952 2026-08-30_21:40 -999.9 -999.9 -999.9 -999.9 -999.9 -999.9 -999.9 -999.9 -999.9 -999.9 -999.9 -999.9 -999.9 -999.9 -999.9 -999.9 3.8 27.4 93.8 116.0 116.0 116.2 -999.9 -999.9 -999.9 -999.9 -999.9 CEMADEN_-_Guaporé_-_G2-430940701A_(473_m) -999.9 -999.9 -999.9 -999.9 -999.9 -999.9 -999.9 -999.9 Rio_Grande_do_Sul CEMADEN -999.9 0.2 -999.9
-28.8406 -51.9024 16952 2026-08-30_22:10 -999.9 -999.9 -999.9 -999.9 -999.9 -999.9 -999.9 -999.9 -999.9 -999.9 -999.9 -999.9 -999.9 -999.9 -999.9 -999.9 -999.9 27.4 93.8 116.0 116.0 116.2 -999.9 -999.9 -999.9 -999.9 -999.9 CEMADEN_-_Guaporé_-_G2-430940701A_(473_m) -999.9 -999.9 -999.9 -999.9 -999.9 -999.9 -999.9 -999.9 Rio_Grande_do_Sul CEMADEN -999.9 0.0 -999.9
-28.8406 -51.9024 16952 2026-08-30_23:00 -999.9 -999.9 -999.9 -999.9 -999.9 -999.9 -999.9 -999.9 -999.9 -999.9 -999.9 -999.9 -999.9 -999.9 -999.9 -999.9 1.8 29.2 95.6 117.8 117.8 118.0 -999.9 -999.9 -999.9 -999.9 -999.9 CEMADEN_-_Guaporé_-_G2-430940701A_(473_m) -999.9 -999.9 -999.9 -999.9 -999.9 -999.9 -999.9 -999.9 Rio_Grande_do_Sul CEMADEN -999.9 1.8 -999.9
