-29.17524 -51.56168 16926 2026-08-31_00:10 -999.9 -999.9 -999.9 -999.9 -999.9 -999.9 -999.9 -999.9 -999.9 -999.9 -999.9 -999.9 -999.9 -999.9 -999.9 -999.9 -999.9 0.0 8.2 17.0 17.0 25.6 -999.9 -999.9 -999.9 -999.9 -999.9 CEMADEN_-_Bento_Gonçalves_-_G2-Vale_dos_Vinhedos_(539_m) -999.9 -999.9 -999.9 -999.9 -999.9 -999.9 -999.9 -999.9 Rio_Grande_do_Sul CEMADEN -999.9 0.0 -999.9
-29.17524 -51.56168 16926 2026-08-31_00:50 -999.9 -999.9 -999.9 -999.9 -999.9 -999.9 -999.9 -999.9 -999.9 -999.9 -999.9 -999.9 -999.9 -999.9 -999.9 -999.9 0.2 0.2 8.4 17.2 17.2 25.8 -999.9 -999.9 -999.9 -999.9 -999.9 CEMADEN_-_Bento_Gonçalves_-_G2-Vale_dos_Vinhedos_(539_m) -999.9 -999.9 -999.9 -999.9 -999.9 -999.9 -999.9 -999.9 Rio_Grande_do_Sul CEMADEN -999.9 0.2 -999.9
-29.17524 -51.56168 16926 2026-08-31_01:10 -999.9 -999.9 -999.9 -999.9 -999.9 -999.9 -999.9 -999.9 -999.9 -999.9 -999.9 -999.9 -999.9 -999.9 -999.9 -999.9 -999.9 0.2 8.4 17.2 17.2 25.8 -999.9 -999.9 -999.9 -999.9 -999.9 CEMADEN_-_Bento_Gonçalves_-_G2-Vale_dos_Vinhedos_(539_m) -999.9 -999.9 -999.9 -999.9 -999.9 -999.9 -999.9 -999.9 Rio_Grande_do_Sul CEMADEN -999.9 0.0 -999.9
-29.17524 -51.56168 16926 2026-08-31_02:10 -999.9 -999.9 -999.9 -999.9 -999.9 -999.9 -999.9 -999.9 -999.9 -999.9 -999.9 -999.9 -999.9 -999.9 -999.9 -999.9 -999.9 0.2 8.2 17.2 17.2 25.8 -999.9 -999.9 -999.9 -999.9 -999.9 CEMADEN_-_Bento_Gonçalves_-_G2-Vale_dos_Vinhedos_(539_m) -999.9 -999.9 -999.9 -999.9 -999.9 -999.9 -999.9 -999.9 Rio_Grande_do_Sul CEMADEN -999.9 0.0 -999.9
-29.17524 -51.56168 16926 2026-08-31_03:00 -999.9 -999.9 -999.9 -999.9 -999.9 -999.9 -999.9 -999.9 -999.9 -999.9 -999.9 -999.9 -999.9 -999.9 -999.9 -999.9 -999.9 0.4 8.2 17.4 17.4 26.0 -999.9 -999.9 -999.9 -999.9 -999.9 CEMADEN_-_Bento_Gonçalves_-_G2-Vale_dos_Vinhedos_(539_m) -999.9 -999.9 -999.9 -999.9 -999.9 -999.9 -999.9 -999.9 Rio_Grande_do_Sul CEMADEN -999.9 0.2 -999.9
-29.17524 -51.56168 16926 2026-08-31_04:10 -999.9 -999.9 -999.9 -999.9 -999.9 -999.9 -999.9 -999.9 -999.9 -999.9 -999.9 -999.9 -999.9 -999.9 -999.9 -999.9 -999.9 0.4 8.2 17.4 17.4 26.0 -999.9 -999.9 -999.9 -999.9 -999.9 CEMADEN_-_Bento_Gonçalves_-_G2-Vale_dos_Vinhedos_(539_m) -999.9 -999.9 -999.9 -999.9 -999.9 -999.9 -999.9 -999.9 Rio_Grande_do_Sul CEMADEN -999.9 0.0 -999.9
-29.17524 -51.56168 16926 2026-08-31_05:10 -999.9 -999.9 -999.9 -999.9 -999.9 -999.9 -999.9 -999.9 -999.9 -999.9 -999.9 -999.9 -999.9 -999.9 -999.9 -999.9 0.2 0.6 8.2 17.6 17.6 26.2 -999.9 -999.9 -999.9 -999.9 -999.9 CEMADEN_-_Bento_Gonçalves_-_G2-Vale_dos_Vinhedos_(539_m) -999.9 -999.9 -999.9 -999.9 -999.9 -999.9 -999.9 -999.9 Rio_Grande_do_Sul CEMADEN -999.9 0.2 -999.9
-29.17524 -51.56168 16926 2026-08-31_06:10 -999.9 -999.9 -999.9 -999.9 -999.9 -999.9 -999.9 -999.9 -999.9 -999.9 -999.9 -999.9 -999.9 -999.9 -999.9 -999.9 -999.9 0.6 8.0 17.6 17.6 26.2 -999.9 -999.9 -999.9 -999.9 -999.9 CEMADEN_-_Bento_Gonçalves_-_G2-Vale_dos_Vinhedos_(539_m) -999.9 -999.9 -999.9 -999.9 -999.9 -999.9 -999.9 -999.9 Rio_Grande_do_Sul CEMADEN -999.9 0.0 -999.9
-29.17524 -51.56168 16926 2026-08-31_07:10 -999.9 -999.9 -999.9 -999.9 -999.9 -999.9 -999.9 -999.9 -999.9 -999.9 -999.9 -999.9 -999.9 -999.9 -999.9 -999.9 -999.9 0.6 7.8 17.6 17.6 26.2 -999.9 -999.9 -999.9 -999.9 -999.9 CEMADEN_-_Bento_Gonçalves_-_G2-Vale_dos_Vinhedos_(539_m) -999.9 -999.9 -999.9 -999.9 -999.9 -999.9 -999.9 -999.9 Rio_Grande_do_Sul CEMADEN -999.9 0.0 -999.9
-29.17524 -51.56168 16926 2026-08-31_07:40 -999.9 -999.9 -999.9 -999.9 -999.9 -999.9 -999.9 -999.9 -999.9 -999.9 -999.9 -999.9 -999.9 -999.9 -999.9 -999.9 0.2 0.8 8.0 17.8 17.8 26.4 -999.9 -999.9 -999.9 -999.9 -999.9 CEMADEN_-_Bento_Gonçalves_-_G2-Vale_dos_Vinhedos_(539_m) -999.9 -999.9 -999.9 -999.9 -999.9 -999.9 -999.9 -999.9 Rio_Grande_do_Sul CEMADEN -999.9 0.2 -999.9
-29.17524 -51.56168 16926 2026-08-31_08:10 -999.9 -999.9 -999.9 -999.9 -999.9 -999.9 -999.9 -999.9 -999.9 -999.9 -999.9 -999.9 -999.9 -999.9 -999.9 -999.9 -999.9 0.8 7.8 17.8 17.8 26.4 -999.9 -999.9 -999.9 -999.9 -999.9 CEMADEN_-_Bento_Gonçalves_-_G2-Vale_dos_Vinhedos_(539_m) -999.9 -999.9 -999.9 -999.9 -999.9 -999.9 -999.9 -999.9 Rio_Grande_do_Sul CEMADEN -999.9 0.0 -999.9
-29.17524 -51.56168 16926 2026-08-31_09:10 -999.9 -999.9 -999.9 -999.9 -999.9 -999.9 -999.9 -999.9 -999.9 -999.9 -999.9 -999.9 -999.9 -999.9 -999.9 -999.9 -999.9 0.8 7.4 17.8 17.8 26.4 -999.9 -999.9 -999.9 -999.9 -999.9 CEMADEN_-_Bento_Gonçalves_-_G2-Vale_dos_Vinhedos_(539_m) -999.9 -999.9 -999.9 -999.9 -999.9 -999.9 -999.9 -999.9 Rio_Grande_do_Sul CEMADEN -999.9 0.0 -999.9
-29.17524 -51.56168 16926 2026-08-31_10:00 -999.9 -999.9 -999.9 -999.9 -999.9 -999.9 -999.9 -999.9 -999.9 -999.9 -999.9 -999.9 -999.9 -999.9 -999.9 -999.9 0.2 1.0 7.2 14.6 18.0 26.6 -999.9 -999.9 -999.9 -999.9 -999.9 CEMADEN_-_Bento_Gonçalves_-_G2-Vale_dos_Vinhedos_(539_m) -999.9 -999.9 -999.9 -999.9 -999.9 -999.9 -999.9 -999.9 Rio_Grande_do_Sul CEMADEN -999.9 0.2 -999.9
-29.17524 -51.56168 16926 2026-08-31_11:10 -999.9 -999.9 -999.9 -999.9 -999.9 -999.9 -999.9 -999.9 -999.9 -999.9 -999.9 -999.9 -999.9 -999.9 -999.9 -999.9 -999.9 1.0 7.0 13.2 18.0 26.6 -999.9 -999.9 -999.9 -999.9 -999.9 CEMADEN_-_Bento_Gonçalves_-_G2-Vale_dos_Vinhedos_(539_m) -999.9 -999.9 -999.9 -999.9 -999.9 -999.9 -999.9 -999.9 Rio_Grande_do_Sul CEMADEN -999.9 0.0 -999.9
-29.17524 -51.56168 16926 2026-08-31_12:10 -999.9 -999.9 -999.9 -999.9 -999.9 -999.9 -999.9 -999.9 -999.9 -999.9 -999.9 -999.9 -999.9 -999.9 -999.9 -999.9 0.2 1.2 7.0 12.6 18.2 26.8 -999.9 -999.9 -999.9 -999.9 -999.9 CEMADEN_-_Bento_Gonçalves_-_G2-Vale_dos_Vinhedos_(539_m) -999.9 -999.9 -999.9 -999.9 -999.9 -999.9 -999.9 -999.9 Rio_Grande_do_Sul CEMADEN -999.9 0.2 -999.9
-29.17524 -51.56168 16926 2026-08-31_13:10 -999.9 -999.9 -999.9 -999.9 -999.9 -999.9 -999.9 -999.9 -999.9 -999.9 -999.9 -999.9 -999.9 -999.9 -999.9 -999.9 -999.9 1.2 6.8 12.2 18.2 26.8 -999.9 -999.9 -999.9 -999.9 -999.9 CEMADEN_-_Bento_Gonçalves_-_G2-Vale_dos_Vinhedos_(539_m) -999.9 -999.9 -999.9 -999.9 -999.9 -999.9 -999.9 -999.9 Rio_Grande_do_Sul CEMADEN -999.9 0.0 -999.9
-29.17524 -51.56168 16926 2026-08-31_14:10 -999.9 -999.9 -999.9 -999.9 -999.9 -999.9 -999.9 -999.9 -999.9 -999.9 -999.9 -999.9 -999.9 -999.9 -999.9 -999.9 -999.9 1.2 6.8 12.0 18.2 26.8 -999.9 -999.9 -999.9 -999.9 -999.9 CEMADEN_-_Bento_Gonçalves_-_G2-Vale_dos_Vinhedos_(539_m) -999.9 -999.9 -999.9 -999.9 -999.9 -999.9 -999.9 -999.9 Rio_Grande_do_Sul CEMADEN -999.9 0.0 -999.9
-29.17524 -51.56168 16926 2026-08-31_14:30 -999.9 -999.9 -999.9 -999.9 -999.9 -999.9 -999.9 -999.9 -999.9 -999.9 -999.9 -999.9 -999.9 -999.9 -999.9 -999.9 0.2 1.4 6.8 12.0 18.4 27.0 -999.9 -999.9 -999.9 -999.9 -999.9 CEMADEN_-_Bento_Gonçalves_-_G2-Vale_dos_Vinhedos_(539_m) -999.9 -999.9 -999.9 -999.9 -999.9 -999.9 -999.9 -999.9 Rio_Grande_do_Sul CEMADEN -999.9 0.2 -999.9
-29.17524 -51.56168 16926 2026-08-31_15:10 -999.9 -999.9 -999.9 -999.9 -999.9 -999.9 -999.9 -999.9 -999.9 -999.9 -999.9 -999.9 -999.9 -999.9 -999.9 -999.9 -999.9 1.4 6.6 11.8 18.4 27.0 -999.9 -999.9 -999.9 -999.9 -999.9 CEMADEN_-_Bento_Gonçalves_-_G2-Vale_dos_Vinhedos_(539_m) -999.9 -999.9 -999.9 -999.9 -999.9 -999.9 -999.9 -999.9 Rio_Grande_do_Sul CEMADEN -999.9 0.0 -999.9
-29.17524 -51.56168 16926 2026-08-31_16:10 -999.9 -999.9 -999.9 -999.9 -999.9 -999.9 -999.9 -999.9 -999.9 -999.9 -999.9 -999.9 -999.9 -999.9 -999.9 -999.9 -999.9 1.4 6.2 11.4 18.4 27.0 -999.9 -999.9 -999.9 -999.9 -999.9 CEMADEN_-_Bento_Gonçalves_-_G2-Vale_dos_Vinhedos_(539_m) -999.9 -999.9 -999.9 -999.9 -999.9 -999.9 -999.9 -999.9 Rio_Grande_do_Sul CEMADEN -999.9 0.0 -999.9
-29.17524 -51.56168 16926 2026-08-31_16:50 -999.9 -999.9 -999.9 -999.9 -999.9 -999.9 -999.9 -999.9 -999.9 -999.9 -999.9 -999.9 -999.9 -999.9 -999.9 -999.9 0.2 1.6 6.4 11.6 18.6 27.2 -999.9 -999.9 -999.9 -999.9 -999.9 CEMADEN_-_Bento_Gonçalves_-_G2-Vale_dos_Vinhedos_(539_m) -999.9 -999.9 -999.9 -999.9 -999.9 -999.9 -999.9 -999.9 Rio_Grande_do_Sul CEMADEN -999.9 0.2 -999.9
-29.17524 -51.56168 16926 2026-08-31_17:10 -999.9 -999.9 -999.9 -999.9 -999.9 -999.9 -999.9 -999.9 -999.9 -999.9 -999.9 -999.9 -999.9 -999.9 -999.9 -999.9 -999.9 1.6 6.0 11.2 18.6 27.2 -999.9 -999.9 -999.9 -999.9 -999.9 CEMADEN_-_Bento_Gonçalves_-_G2-Vale_dos_Vinhedos_(539_m) -999.9 -999.9 -999.9 -999.9 -999.9 -999.9 -999.9 -999.9 Rio_Grande_do_Sul CEMADEN -999.9 0.0 -999.9
-29.17524 -51.56168 16926 2026-08-31_18:10 -999.9 -999.9 -999.9 -999.9 -999.9 -999.9 -999.9 -999.9 -999.9 -999.9 -999.9 -999.9 -999.9 -999.9 -999.9 -999.9 -999.9 1.6 5.8 11.0 18.6 27.2 -999.9 -999.9 -999.9 -999.9 -999.9 CEMADEN_-_Bento_Gonçalves_-_G2-Vale_dos_Vinhedos_(539_m) -999.9 -999.9 -999.9 -999.9 -999.9 -999.9 -999.9 -999.9 Rio_Grande_do_Sul CEMADEN -999.9 0.0 -999.9
-29.17524 -51.56168 16926 2026-08-31_19:10 -999.9 -999.9 -999.9 -999.9 -999.9 -999.9 -999.9 -999.9 -999.9 -999.9 -999.9 -999.9 -999.9 -999.9 -999.9 -999.9 -999.9 1.6 5.6 11.0 18.6 27.2 -999.9 -999.9 -999.9 -999.9 -999.9 CEMADEN_-_Bento_Gonçalves_-_G2-Vale_dos_Vinhedos_(539_m) -999.9 -999.9 -999.9 -999.9 -999.9 -999.9 -999.9 -999.9 Rio_Grande_do_Sul CEMADEN -999.9 0.0 -999.9
-29.17524 -51.56168 16926 2026-08-31_19:20 -999.9 -999.9 -999.9 -999.9 -999.9 -999.9 -999.9 -999.9 -999.9 -999.9 -999.9 -999.9 -999.9 -999.9 -999.9 -999.9 0.2 1.8 5.6 11.0 18.8 27.4 -999.9 -999.9 -999.9 -999.9 -999.9 CEMADEN_-_Bento_Gonçalves_-_G2-Vale_dos_Vinhedos_(539_m) -999.9 -999.9 -999.9 -999.9 -999.9 -999.9 -999.9 -999.9 Rio_Grande_do_Sul CEMADEN -999.9 0.2 -999.9
-29.17524 -51.56168 16926 2026-08-31_20:10 -999.9 -999.9 -999.9 -999.9 -999.9 -999.9 -999.9 -999.9 -999.9 -999.9 -999.9 -999.9 -999.9 -999.9 -999.9 -999.9 -999.9 1.8 5.4 10.8 18.8 27.4 -999.9 -999.9 -999.9 -999.9 -999.9 CEMADEN_-_Bento_Gonçalves_-_G2-Vale_dos_Vinhedos_(539_m) -999.9 -999.9 -999.9 -999.9 -999.9 -999.9 -999.9 -999.9 Rio_Grande_do_Sul CEMADEN -999.9 0.0 -999.9
-29.17524 -51.56168 16926 2026-08-31_21:10 -999.9 -999.9 -999.9 -999.9 -999.9 -999.9 -999.9 -999.9 -999.9 -999.9 -999.9 -999.9 -999.9 -999.9 -999.9 -999.9 -999.9 1.8 5.2 10.6 18.8 27.4 -999.9 -999.9 -999.9 -999.9 -999.9 CEMADEN_-_Bento_Gonçalves_-_G2-Vale_dos_Vinhedos_(539_m) -999.9 -999.9 -999.9 -999.9 -999.9 -999.9 -999.9 -999.9 Rio_Grande_do_Sul CEMADEN -999.9 0.0 -999.9
-29.17524 -51.56168 16926 2026-08-31_21:50 -999.9 -999.9 -999.9 -999.9 -999.9 -999.9 -999.9 -999.9 -999.9 -999.9 -999.9 -999.9 -999.9 -999.9 -999.9 -999.9 0.2 2.0 5.4 10.8 19.0 27.6 -999.9 -999.9 -999.9 -999.9 -999.9 CEMADEN_-_Bento_Gonçalves_-_G2-Vale_dos_Vinhedos_(539_m) -999.9 -999.9 -999.9 -999.9 -999.9 -999.9 -999.9 -999.9 Rio_Grande_do_Sul CEMADEN -999.9 0.2 -999.9
-29.17524 -51.56168 16926 2026-08-31_22:10 -999.9 -999.9 -999.9 -999.9 -999.9 -999.9 -999.9 -999.9 -999.9 -999.9 -999.9 -999.9 -999.9 -999.9 -999.9 -999.9 -999.9 2.0 5.2 10.6 19.0 27.6 -999.9 -999.9 -999.9 -999.9 -999.9 CEMADEN_-_Bento_Gonçalves_-_G2-Vale_dos_Vinhedos_(539_m) -999.9 -999.9 -999.9 -999.9 -999.9 -999.9 -999.9 -999.9 Rio_Grande_do_Sul CEMADEN -999.9 0.0 -999.9
-29.17524 -51.56168 16926 2026-08-31_23:10 -999.9 -999.9 -999.9 -999.9 -999.9 -999.9 -999.9 -999.9 -999.9 -999.9 -999.9 -999.9 -999.9 -999.9 -999.9 -999.9 -999.9 2.0 5.0 10.4 19.0 27.6 -999.9 -999.9 -999.9 -999.9 -999.9 CEMADEN_-_Bento_Gonçalves_-_G2-Vale_dos_Vinhedos_(539_m) -999.9 -999.9 -999.9 -999.9 -999.9 -999.9 -999.9 -999.9 Rio_Grande_do_Sul CEMADEN -999.9 0.0 -999.9
