-28.748611 -50.057778 A829 2026-08-16_00:00 13.9 13.9 13.2 92 95 92 12.6 -999.9 -999.9 -999.9 -999.9 -999.9 23.8 328 31.0 -999.9 0.0 0.0 1.8 6.2 31.4 56.2 23.3 13.2 95.0 53.0 55.4 INMET_-_SAO_JOSE_DOS_AUSENTES_(1229_m) -999.9 -999.9 -999.9 -999.9 -999.9 -999.9 -999.9 -999.9 Rio_Grande_do_Sul INMET -999.9 -999.9 -999.9
-28.748611 -50.057778 A829 2026-08-16_01:00 13.7 13.8 13.6 93 93 92 12.6 -999.9 -999.9 -999.9 -999.9 -999.9 17.3 332 31.0 -999.9 0.0 0.0 1.8 6.2 31.4 56.2 23.3 13.2 95.0 53.0 55.4 INMET_-_SAO_JOSE_DOS_AUSENTES_(1229_m) -999.9 -999.9 -999.9 -999.9 -999.9 -999.9 -999.9 -999.9 Rio_Grande_do_Sul INMET -999.9 -999.9 -999.9
-28.748611 -50.057778 A829 2026-08-16_02:00 14.1 14.2 13.6 91 94 91 12.6 -999.9 -999.9 -999.9 -999.9 -999.9 28.1 330 37.1 -999.9 0.0 0.0 1.8 6.2 31.4 56.2 23.3 13.2 95.0 53.0 55.4 INMET_-_SAO_JOSE_DOS_AUSENTES_(1229_m) -999.9 -999.9 -999.9 -999.9 -999.9 -999.9 -999.9 -999.9 Rio_Grande_do_Sul INMET -999.9 -999.9 -999.9
-28.748611 -50.057778 A829 2026-08-16_03:00 14 14.2 13.6 92 94 91 12.7 -999.9 -999.9 -999.9 -999.9 -999.9 26.6 326 37.8 -999.9 0.0 0.0 1.8 6.2 31.4 56.2 23.3 13.2 95.0 53.0 55.4 INMET_-_SAO_JOSE_DOS_AUSENTES_(1229_m) -999.9 -999.9 -999.9 -999.9 -999.9 -999.9 -999.9 -999.9 Rio_Grande_do_Sul INMET -999.9 -999.9 -999.9
-28.748611 -50.057778 A829 2026-08-16_04:00 13.8 14 13.6 93 94 92 12.7 -999.9 -999.9 -999.9 -999.9 -999.9 37.1 331 48.2 -999.9 0.2 0.2 1.8 6.2 31.4 56.2 23.3 13.2 95.0 53.0 55.4 INMET_-_SAO_JOSE_DOS_AUSENTES_(1229_m) -999.9 -999.9 -999.9 -999.9 -999.9 -999.9 -999.9 -999.9 Rio_Grande_do_Sul INMET -999.9 -999.9 -999.9
-28.748611 -50.057778 A829 2026-08-16_05:00 14 14 13.6 92 94 92 12.7 -999.9 -999.9 -999.9 -999.9 -999.9 31.7 327 48.6 -999.9 0.0 0.2 1.8 6.2 31.4 56.2 23.3 13.2 95.0 53.0 55.4 INMET_-_SAO_JOSE_DOS_AUSENTES_(1229_m) -999.9 -999.9 -999.9 -999.9 -999.9 -999.9 -999.9 -999.9 Rio_Grande_do_Sul INMET -999.9 -999.9 -999.9
-28.748611 -50.057778 A829 2026-08-16_06:00 14 14.1 13.9 92 93 91 12.7 -999.9 -999.9 -999.9 -999.9 -999.9 38.5 336 55.4 -999.9 0.0 0.2 1.8 6.2 31.4 56.2 23.3 13.2 95.0 53.0 55.4 INMET_-_SAO_JOSE_DOS_AUSENTES_(1229_m) -999.9 -999.9 -999.9 -999.9 -999.9 -999.9 -999.9 -999.9 Rio_Grande_do_Sul INMET -999.9 -999.9 -999.9
-28.748611 -50.057778 A829 2026-08-16_07:00 14.1 14.3 13.9 91 93 90 12.6 -999.9 -999.9 -999.9 -999.9 -999.9 33.1 332 52.6 -999.9 0.0 0.2 1.8 6.2 31.4 56.2 23.3 13.2 95.0 53.0 55.4 INMET_-_SAO_JOSE_DOS_AUSENTES_(1229_m) -999.9 -999.9 -999.9 -999.9 -999.9 -999.9 -999.9 -999.9 Rio_Grande_do_Sul INMET -999.9 -999.9 -999.9
-28.748611 -50.057778 A829 2026-08-16_08:00 15.1 15.1 14.2 88 91 88 13.1 -999.9 -999.9 -999.9 -999.9 -999.9 27.0 335 41.8 -999.9 0.0 0.2 1.8 6.2 31.4 56.2 23.3 13.2 95.0 53.0 55.4 INMET_-_SAO_JOSE_DOS_AUSENTES_(1229_m) -999.9 -999.9 -999.9 -999.9 -999.9 -999.9 -999.9 -999.9 Rio_Grande_do_Sul INMET -999.9 -999.9 -999.9
-28.748611 -50.057778 A829 2026-08-16_09:00 16.7 16.7 15.1 81 89 81 13.4 -999.9 -999.9 -999.9 -999.9 -999.9 28.8 -999.9 37.8 -999.9 0.0 0.2 1.8 6.2 31.4 56.2 23.3 13.2 95.0 53.0 55.4 INMET_-_SAO_JOSE_DOS_AUSENTES_(1229_m) -999.9 -999.9 -999.9 -999.9 -999.9 -999.9 -999.9 -999.9 Rio_Grande_do_Sul INMET -999.9 -999.9 -999.9
-28.748611 -50.057778 A829 2026-08-16_10:00 18.3 18.7 16.8 75 82 73 13.8 -999.9 -999.9 -999.9 -999.9 -999.9 36.4 330 48.2 -999.9 0.0 0.2 1.8 6.2 31.4 56.2 23.3 13.2 95.0 53.0 55.4 INMET_-_SAO_JOSE_DOS_AUSENTES_(1229_m) -999.9 -999.9 -999.9 -999.9 -999.9 -999.9 -999.9 -999.9 Rio_Grande_do_Sul INMET -999.9 -999.9 -999.9
-28.748611 -50.057778 A829 2026-08-16_11:00 20.2 20.3 18.4 67 76 66 13.8 -999.9 -999.9 -999.9 -999.9 -999.9 37.8 332 51.1 -999.9 0.0 0.2 1.8 6.2 31.4 56.2 23.3 13.2 95.0 53.0 55.4 INMET_-_SAO_JOSE_DOS_AUSENTES_(1229_m) -999.9 -999.9 -999.9 -999.9 -999.9 -999.9 -999.9 -999.9 Rio_Grande_do_Sul INMET -999.9 -999.9 -999.9
-28.748611 -50.057778 A829 2026-08-16_15:00 22.6 23.3 22.1 58 61 53 13.9 -999.9 -999.9 -999.9 -999.9 -999.9 34.2 330 49.0 -999.9 0.0 0.2 1.8 6.2 31.4 56.2 23.3 13.2 95.0 53.0 55.4 INMET_-_SAO_JOSE_DOS_AUSENTES_(1229_m) -999.9 -999.9 -999.9 -999.9 -999.9 -999.9 -999.9 -999.9 Rio_Grande_do_Sul INMET -999.9 -999.9 -999.9
-28.748611 -50.057778 A829 2026-08-16_16:00 21.8 22.6 21.7 60 61 57 13.7 -999.9 -999.9 -999.9 -999.9 -999.9 29.9 345 45.7 -999.9 0.0 0.2 1.8 6.2 31.4 56.2 23.3 13.2 95.0 53.0 55.4 INMET_-_SAO_JOSE_DOS_AUSENTES_(1229_m) -999.9 -999.9 -999.9 -999.9 -999.9 -999.9 -999.9 -999.9 Rio_Grande_do_Sul INMET -999.9 -999.9 -999.9
-28.748611 -50.057778 A829 2026-08-16_17:00 20.5 22.1 20.5 66 66 59 13.9 -999.9 -999.9 -999.9 -999.9 -999.9 21.2 338 40.0 -999.9 0.0 0.2 1.8 6.2 31.4 56.2 23.3 13.2 95.0 53.0 55.4 INMET_-_SAO_JOSE_DOS_AUSENTES_(1229_m) -999.9 -999.9 -999.9 -999.9 -999.9 -999.9 -999.9 -999.9 Rio_Grande_do_Sul INMET -999.9 -999.9 -999.9
-28.748611 -50.057778 A829 2026-08-16_18:00 17.7 20.5 17.7 77 77 66 13.6 -999.9 -999.9 -999.9 -999.9 -999.9 22.7 338 34.6 -999.9 0.0 0.2 1.8 6.2 31.4 56.2 23.3 13.2 95.0 53.0 55.4 INMET_-_SAO_JOSE_DOS_AUSENTES_(1229_m) -999.9 -999.9 -999.9 -999.9 -999.9 -999.9 -999.9 -999.9 Rio_Grande_do_Sul INMET -999.9 -999.9 -999.9
-28.748611 -50.057778 A829 2026-08-16_19:00 16.3 17.6 16.3 82 82 77 13.2 -999.9 -999.9 -999.9 -999.9 -999.9 31.0 342 39.6 -999.9 0.0 0.2 1.8 6.2 31.4 56.2 23.3 13.2 95.0 53.0 55.4 INMET_-_SAO_JOSE_DOS_AUSENTES_(1229_m) -999.9 -999.9 -999.9 -999.9 -999.9 -999.9 -999.9 -999.9 Rio_Grande_do_Sul INMET -999.9 -999.9 -999.9
-28.748611 -50.057778 A829 2026-08-16_20:00 16.3 16.4 16.2 80 82 79 12.8 -999.9 -999.9 -999.9 -999.9 -999.9 38.2 337 49.3 -999.9 0.0 0.2 1.8 6.2 31.4 56.2 23.3 13.2 95.0 53.0 55.4 INMET_-_SAO_JOSE_DOS_AUSENTES_(1229_m) -999.9 -999.9 -999.9 -999.9 -999.9 -999.9 -999.9 -999.9 Rio_Grande_do_Sul INMET -999.9 -999.9 -999.9
-28.748611 -50.057778 A829 2026-08-16_22:00 16 16.1 15.8 81 83 81 12.7 -999.9 -999.9 -999.9 -999.9 -999.9 34.6 331 47.2 -999.9 0.0 0.2 1.8 6.2 31.4 56.2 23.3 13.2 95.0 53.0 55.4 INMET_-_SAO_JOSE_DOS_AUSENTES_(1229_m) -999.9 -999.9 -999.9 -999.9 -999.9 -999.9 -999.9 -999.9 Rio_Grande_do_Sul INMET -999.9 -999.9 -999.9
-28.748611 -50.057778 A829 2026-08-16_23:00 15.9 16.2 15.8 82 82 80 12.8 -999.9 -999.9 -999.9 -999.9 -999.9 34.2 334 46.8 -999.9 0.0 0.2 1.8 6.2 31.4 56.2 23.3 13.2 95.0 53.0 55.4 INMET_-_SAO_JOSE_DOS_AUSENTES_(1229_m) -999.9 -999.9 -999.9 -999.9 -999.9 -999.9 -999.9 -999.9 Rio_Grande_do_Sul INMET -999.9 -999.9 -999.9
