-28.748611 -50.057778 A829 2026-08-27_00:00 12.7 12.9 12.4 93 94 91 11.6 -999.9 -999.9 -999.9 -999.9 -999.9 27.4 333 40.0 -999.9 0.0 0.0 0.0 0.0 0.0 0.0 24.0 12.4 95.0 51.0 63.7 INMET_-_SAO_JOSE_DOS_AUSENTES_(1229_m) -999.9 -999.9 -999.9 -999.9 -999.9 -999.9 -999.9 -999.9 Rio_Grande_do_Sul INMET -999.9 -999.9 -999.9
-28.748611 -50.057778 A829 2026-08-27_01:00 12.9 13.2 12.5 93 95 92 11.8 -999.9 -999.9 -999.9 -999.9 -999.9 25.6 331 35.3 -999.9 0.0 0.0 0.0 0.0 0.0 0.0 24.0 12.4 95.0 51.0 63.7 INMET_-_SAO_JOSE_DOS_AUSENTES_(1229_m) -999.9 -999.9 -999.9 -999.9 -999.9 -999.9 -999.9 -999.9 Rio_Grande_do_Sul INMET -999.9 -999.9 -999.9
-28.748611 -50.057778 A829 2026-08-27_02:00 13.1 13.4 12.8 94 95 92 12.1 -999.9 -999.9 -999.9 -999.9 -999.9 25.2 332 36.7 -999.9 0.0 0.0 0.0 0.0 0.0 0.0 24.0 12.4 95.0 51.0 63.7 INMET_-_SAO_JOSE_DOS_AUSENTES_(1229_m) -999.9 -999.9 -999.9 -999.9 -999.9 -999.9 -999.9 -999.9 Rio_Grande_do_Sul INMET -999.9 -999.9 -999.9
-28.748611 -50.057778 A829 2026-08-27_03:00 13.1 13.3 12.9 93 95 93 12.0 -999.9 -999.9 -999.9 -999.9 -999.9 25.6 333 34.6 -999.9 0.0 0.0 0.0 0.0 0.0 0.0 24.0 12.4 95.0 51.0 63.7 INMET_-_SAO_JOSE_DOS_AUSENTES_(1229_m) -999.9 -999.9 -999.9 -999.9 -999.9 -999.9 -999.9 -999.9 Rio_Grande_do_Sul INMET -999.9 -999.9 -999.9
-28.748611 -50.057778 A829 2026-08-27_04:00 13.1 13.4 12.9 92 94 92 11.8 -999.9 -999.9 -999.9 -999.9 -999.9 24.8 338 33.5 -999.9 0.0 0.0 0.0 0.0 0.0 0.0 24.0 12.4 95.0 51.0 63.7 INMET_-_SAO_JOSE_DOS_AUSENTES_(1229_m) -999.9 -999.9 -999.9 -999.9 -999.9 -999.9 -999.9 -999.9 Rio_Grande_do_Sul INMET -999.9 -999.9 -999.9
-28.748611 -50.057778 A829 2026-08-27_05:00 12.8 13.1 12.5 93 95 92 11.7 -999.9 -999.9 -999.9 -999.9 -999.9 28.4 332 37.4 -999.9 0.0 0.0 0.0 0.0 0.0 0.0 24.0 12.4 95.0 51.0 63.7 INMET_-_SAO_JOSE_DOS_AUSENTES_(1229_m) -999.9 -999.9 -999.9 -999.9 -999.9 -999.9 -999.9 -999.9 Rio_Grande_do_Sul INMET -999.9 -999.9 -999.9
-28.748611 -50.057778 A829 2026-08-27_06:00 12.5 12.9 12.4 94 95 92 11.6 -999.9 -999.9 -999.9 -999.9 -999.9 25.9 339 36.7 -999.9 0.0 0.0 0.0 0.0 0.0 0.0 24.0 12.4 95.0 51.0 63.7 INMET_-_SAO_JOSE_DOS_AUSENTES_(1229_m) -999.9 -999.9 -999.9 -999.9 -999.9 -999.9 -999.9 -999.9 Rio_Grande_do_Sul INMET -999.9 -999.9 -999.9
-28.748611 -50.057778 A829 2026-08-27_07:00 13.2 13.2 12.4 90 94 90 11.6 -999.9 -999.9 -999.9 -999.9 -999.9 26.3 330 33.8 -999.9 0.0 0.0 0.0 0.0 0.0 0.0 24.0 12.4 95.0 51.0 63.7 INMET_-_SAO_JOSE_DOS_AUSENTES_(1229_m) -999.9 -999.9 -999.9 -999.9 -999.9 -999.9 -999.9 -999.9 Rio_Grande_do_Sul INMET -999.9 -999.9 -999.9
-28.748611 -50.057778 A829 2026-08-27_08:00 15.4 15.4 13.2 81 90 81 12.1 -999.9 -999.9 -999.9 -999.9 -999.9 27.7 333 37.1 -999.9 0.0 0.0 0.0 0.0 0.0 0.0 24.0 12.4 95.0 51.0 63.7 INMET_-_SAO_JOSE_DOS_AUSENTES_(1229_m) -999.9 -999.9 -999.9 -999.9 -999.9 -999.9 -999.9 -999.9 Rio_Grande_do_Sul INMET -999.9 -999.9 -999.9
-28.748611 -50.057778 A829 2026-08-27_09:00 17.4 17.4 15.5 73 81 72 12.5 -999.9 -999.9 -999.9 -999.9 -999.9 30.2 327 39.2 -999.9 0.0 0.0 0.0 0.0 0.0 0.0 24.0 12.4 95.0 51.0 63.7 INMET_-_SAO_JOSE_DOS_AUSENTES_(1229_m) -999.9 -999.9 -999.9 -999.9 -999.9 -999.9 -999.9 -999.9 Rio_Grande_do_Sul INMET -999.9 -999.9 -999.9
-28.748611 -50.057778 A829 2026-08-27_16:00 23.6 24 22.5 53 57 51 13.4 -999.9 -999.9 -999.9 -999.9 -999.9 32.8 308 43.6 -999.9 0.0 0.0 0.0 0.0 0.0 0.0 24.0 12.4 95.0 51.0 63.7 INMET_-_SAO_JOSE_DOS_AUSENTES_(1229_m) -999.9 -999.9 -999.9 -999.9 -999.9 -999.9 -999.9 -999.9 Rio_Grande_do_Sul INMET -999.9 -999.9 -999.9
-28.748611 -50.057778 A829 2026-08-27_17:00 21.7 23.7 21.7 62 63 52 14.1 -999.9 -999.9 -999.9 -999.9 -999.9 30.6 309 46.8 -999.9 0.0 0.0 0.0 0.0 0.0 0.0 24.0 12.4 95.0 51.0 63.7 INMET_-_SAO_JOSE_DOS_AUSENTES_(1229_m) -999.9 -999.9 -999.9 -999.9 -999.9 -999.9 -999.9 -999.9 Rio_Grande_do_Sul INMET -999.9 -999.9 -999.9
-28.748611 -50.057778 A829 2026-08-27_19:00 17.8 19.3 17.7 79 79 73 14.1 -999.9 -999.9 -999.9 -999.9 -999.9 28.4 323 33.8 -999.9 0.0 0.0 0.0 0.0 0.0 0.0 24.0 12.4 95.0 51.0 63.7 INMET_-_SAO_JOSE_DOS_AUSENTES_(1229_m) -999.9 -999.9 -999.9 -999.9 -999.9 -999.9 -999.9 -999.9 Rio_Grande_do_Sul INMET -999.9 -999.9 -999.9
-28.748611 -50.057778 A829 2026-08-27_20:00 17.6 17.8 17.4 79 80 79 13.9 -999.9 -999.9 -999.9 -999.9 -999.9 36.4 329 45.4 -999.9 0.0 0.0 0.0 0.0 0.0 0.0 24.0 12.4 95.0 51.0 63.7 INMET_-_SAO_JOSE_DOS_AUSENTES_(1229_m) -999.9 -999.9 -999.9 -999.9 -999.9 -999.9 -999.9 -999.9 Rio_Grande_do_Sul INMET -999.9 -999.9 -999.9
-28.748611 -50.057778 A829 2026-08-27_21:00 16.5 17.6 16.3 84 84 79 13.8 -999.9 -999.9 -999.9 -999.9 -999.9 34.9 321 43.9 -999.9 0.0 0.0 0.0 0.0 0.0 0.0 24.0 12.4 95.0 51.0 63.7 INMET_-_SAO_JOSE_DOS_AUSENTES_(1229_m) -999.9 -999.9 -999.9 -999.9 -999.9 -999.9 -999.9 -999.9 Rio_Grande_do_Sul INMET -999.9 -999.9 -999.9
-28.748611 -50.057778 A829 2026-08-27_22:00 16.7 16.8 16.4 84 84 83 14.0 -999.9 -999.9 -999.9 -999.9 -999.9 45.7 325 56.9 -999.9 0.0 0.0 0.0 0.0 0.0 0.0 24.0 12.4 95.0 51.0 63.7 INMET_-_SAO_JOSE_DOS_AUSENTES_(1229_m) -999.9 -999.9 -999.9 -999.9 -999.9 -999.9 -999.9 -999.9 Rio_Grande_do_Sul INMET -999.9 -999.9 -999.9
-28.748611 -50.057778 A829 2026-08-27_23:00 16.7 16.8 16.6 85 86 84 14.1 -999.9 -999.9 -999.9 -999.9 -999.9 49.0 329 63.7 -999.9 0.0 0.0 0.0 0.0 0.0 0.0 24.0 12.4 95.0 51.0 63.7 INMET_-_SAO_JOSE_DOS_AUSENTES_(1229_m) -999.9 -999.9 -999.9 -999.9 -999.9 -999.9 -999.9 -999.9 Rio_Grande_do_Sul INMET -999.9 -999.9 -999.9
