-28.563611 -51.969167 B858 2026-08-14_00:00 13.2 13.3 13.2 100 100 100 13.2 -999.9 -999.9 -999.9 -999.9 -999.9 4.7 140 14.4 -999.9 0.0 0.0 15.2 69.6 73.6 74.8 18.5 12.3 100.0 84.0 15.5 INMET_-_CASCA_(602_m) -999.9 -999.9 -999.9 -999.9 -999.9 -999.9 -999.9 -999.9 Rio_Grande_do_Sul INMET -999.9 -999.9 -999.9
-28.563611 -51.969167 B858 2026-08-14_01:00 12.9 13.2 12.9 100 100 100 12.9 -999.9 -999.9 -999.9 -999.9 -999.9 2.9 165 13.0 -999.9 0.0 0.0 15.2 69.6 73.6 74.8 18.5 12.3 100.0 84.0 15.5 INMET_-_CASCA_(602_m) -999.9 -999.9 -999.9 -999.9 -999.9 -999.9 -999.9 -999.9 Rio_Grande_do_Sul INMET -999.9 -999.9 -999.9
-28.563611 -51.969167 B858 2026-08-14_02:00 12.7 12.9 12.7 100 100 100 12.7 -999.9 -999.9 -999.9 -999.9 -999.9 5.4 152 9.7 -999.9 0.0 0.0 15.2 69.6 73.6 74.8 18.5 12.3 100.0 84.0 15.5 INMET_-_CASCA_(602_m) -999.9 -999.9 -999.9 -999.9 -999.9 -999.9 -999.9 -999.9 Rio_Grande_do_Sul INMET -999.9 -999.9 -999.9
-28.563611 -51.969167 B858 2026-08-14_03:00 12.6 12.7 12.6 100 100 100 12.6 -999.9 -999.9 -999.9 -999.9 -999.9 3.6 144 11.2 -999.9 0.2 0.2 15.2 69.6 73.6 74.8 18.5 12.3 100.0 84.0 15.5 INMET_-_CASCA_(602_m) -999.9 -999.9 -999.9 -999.9 -999.9 -999.9 -999.9 -999.9 Rio_Grande_do_Sul INMET -999.9 -999.9 -999.9
-28.563611 -51.969167 B858 2026-08-14_04:00 12.5 12.6 12.5 100 100 100 12.5 -999.9 -999.9 -999.9 -999.9 -999.9 4.0 138 14.0 -999.9 0.0 0.2 15.2 69.6 73.6 74.8 18.5 12.3 100.0 84.0 15.5 INMET_-_CASCA_(602_m) -999.9 -999.9 -999.9 -999.9 -999.9 -999.9 -999.9 -999.9 Rio_Grande_do_Sul INMET -999.9 -999.9 -999.9
-28.563611 -51.969167 B858 2026-08-14_05:00 12.4 12.5 12.4 100 100 100 12.4 -999.9 -999.9 -999.9 -999.9 -999.9 1.4 176 15.5 -999.9 0.0 0.2 15.2 69.6 73.6 74.8 18.5 12.3 100.0 84.0 15.5 INMET_-_CASCA_(602_m) -999.9 -999.9 -999.9 -999.9 -999.9 -999.9 -999.9 -999.9 Rio_Grande_do_Sul INMET -999.9 -999.9 -999.9
-28.563611 -51.969167 B858 2026-08-14_06:00 12.5 12.5 12.4 100 100 100 12.5 -999.9 -999.9 -999.9 -999.9 -999.9 4.0 146 9.0 -999.9 0.0 0.2 15.2 69.6 73.6 74.8 18.5 12.3 100.0 84.0 15.5 INMET_-_CASCA_(602_m) -999.9 -999.9 -999.9 -999.9 -999.9 -999.9 -999.9 -999.9 Rio_Grande_do_Sul INMET -999.9 -999.9 -999.9
-28.563611 -51.969167 B858 2026-08-14_07:00 12.4 12.5 12.4 100 100 100 12.4 -999.9 -999.9 -999.9 -999.9 -999.9 3.2 139 13.0 -999.9 0.0 0.2 15.2 69.6 73.6 74.8 18.5 12.3 100.0 84.0 15.5 INMET_-_CASCA_(602_m) -999.9 -999.9 -999.9 -999.9 -999.9 -999.9 -999.9 -999.9 Rio_Grande_do_Sul INMET -999.9 -999.9 -999.9
-28.563611 -51.969167 B858 2026-08-14_08:00 12.3 12.4 12.3 100 100 100 12.3 -999.9 -999.9 -999.9 -999.9 -999.9 4.7 147 11.2 -999.9 0.0 0.2 15.2 69.6 73.6 74.8 18.5 12.3 100.0 84.0 15.5 INMET_-_CASCA_(602_m) -999.9 -999.9 -999.9 -999.9 -999.9 -999.9 -999.9 -999.9 Rio_Grande_do_Sul INMET -999.9 -999.9 -999.9
-28.563611 -51.969167 B858 2026-08-14_09:00 12.9 12.9 12.3 100 100 99 12.9 -999.9 -999.9 -999.9 -999.9 -999.9 2.5 135 14.8 -999.9 0.0 0.2 15.2 69.6 73.6 74.8 18.5 12.3 100.0 84.0 15.5 INMET_-_CASCA_(602_m) -999.9 -999.9 -999.9 -999.9 -999.9 -999.9 -999.9 -999.9 Rio_Grande_do_Sul INMET -999.9 -999.9 -999.9
-28.563611 -51.969167 B858 2026-08-14_10:00 13.5 13.5 13 99 100 97 13.3 -999.9 -999.9 -999.9 -999.9 -999.9 4.0 141 10.4 -999.9 0.0 0.2 15.2 69.6 73.6 74.8 18.5 12.3 100.0 84.0 15.5 INMET_-_CASCA_(602_m) -999.9 -999.9 -999.9 -999.9 -999.9 -999.9 -999.9 -999.9 Rio_Grande_do_Sul INMET -999.9 -999.9 -999.9
-28.563611 -51.969167 B858 2026-08-14_11:00 13.9 13.9 13.3 98 100 96 13.6 -999.9 -999.9 -999.9 -999.9 -999.9 4.7 149 14.0 -999.9 0.0 0.2 15.2 69.6 73.6 74.8 18.5 12.3 100.0 84.0 15.5 INMET_-_CASCA_(602_m) -999.9 -999.9 -999.9 -999.9 -999.9 -999.9 -999.9 -999.9 Rio_Grande_do_Sul INMET -999.9 -999.9 -999.9
-28.563611 -51.969167 B858 2026-08-14_12:00 15.4 15.4 13.9 95 98 92 14.6 -999.9 -999.9 -999.9 -999.9 -999.9 4.0 165 12.6 -999.9 0.0 0.2 15.2 69.6 73.6 74.8 18.5 12.3 100.0 84.0 15.5 INMET_-_CASCA_(602_m) -999.9 -999.9 -999.9 -999.9 -999.9 -999.9 -999.9 -999.9 Rio_Grande_do_Sul INMET -999.9 -999.9 -999.9
-28.563611 -51.969167 B858 2026-08-14_13:00 17.2 17.3 15.5 88 95 86 15.2 -999.9 -999.9 -999.9 -999.9 -999.9 2.2 195 9.0 -999.9 0.0 0.2 15.2 69.6 73.6 74.8 18.5 12.3 100.0 84.0 15.5 INMET_-_CASCA_(602_m) -999.9 -999.9 -999.9 -999.9 -999.9 -999.9 -999.9 -999.9 Rio_Grande_do_Sul INMET -999.9 -999.9 -999.9
-28.563611 -51.969167 B858 2026-08-14_14:00 18.3 18.4 17.3 85 93 84 15.7 -999.9 -999.9 -999.9 -999.9 -999.9 6.1 156 12.6 -999.9 0.0 0.2 15.2 69.6 73.6 74.8 18.5 12.3 100.0 84.0 15.5 INMET_-_CASCA_(602_m) -999.9 -999.9 -999.9 -999.9 -999.9 -999.9 -999.9 -999.9 Rio_Grande_do_Sul INMET -999.9 -999.9 -999.9
-28.563611 -51.969167 B858 2026-08-14_15:00 17.9 18.5 17.9 90 91 86 16.2 -999.9 -999.9 -999.9 -999.9 -999.9 4.3 143 11.2 -999.9 0.0 0.2 15.2 69.6 73.6 74.8 18.5 12.3 100.0 84.0 15.5 INMET_-_CASCA_(602_m) -999.9 -999.9 -999.9 -999.9 -999.9 -999.9 -999.9 -999.9 Rio_Grande_do_Sul INMET -999.9 -999.9 -999.9
-28.563611 -51.969167 B858 2026-08-14_16:00 18 18.1 17.8 90 92 88 16.3 -999.9 -999.9 -999.9 -999.9 -999.9 6.8 152 14.4 -999.9 0.0 0.2 15.2 69.6 73.6 74.8 18.5 12.3 100.0 84.0 15.5 INMET_-_CASCA_(602_m) -999.9 -999.9 -999.9 -999.9 -999.9 -999.9 -999.9 -999.9 Rio_Grande_do_Sul INMET -999.9 -999.9 -999.9
-28.563611 -51.969167 B858 2026-08-14_17:00 17.5 18 17.5 93 93 89 16.3 -999.9 -999.9 -999.9 -999.9 -999.9 2.9 142 13.3 -999.9 0.0 0.2 15.2 69.6 73.6 74.8 18.5 12.3 100.0 84.0 15.5 INMET_-_CASCA_(602_m) -999.9 -999.9 -999.9 -999.9 -999.9 -999.9 -999.9 -999.9 Rio_Grande_do_Sul INMET -999.9 -999.9 -999.9
-28.563611 -51.969167 B858 2026-08-14_18:00 16.8 17.5 16.8 95 95 92 16.0 -999.9 -999.9 -999.9 -999.9 -999.9 3.6 147 11.9 -999.9 0.0 0.2 15.2 69.6 73.6 74.8 18.5 12.3 100.0 84.0 15.5 INMET_-_CASCA_(602_m) -999.9 -999.9 -999.9 -999.9 -999.9 -999.9 -999.9 -999.9 Rio_Grande_do_Sul INMET -999.9 -999.9 -999.9
-28.563611 -51.969167 B858 2026-08-14_19:00 16.1 16.8 16.1 98 98 94 15.8 -999.9 -999.9 -999.9 -999.9 -999.9 1.4 205 4.3 -999.9 0.0 0.2 15.2 69.6 73.6 74.8 18.5 12.3 100.0 84.0 15.5 INMET_-_CASCA_(602_m) -999.9 -999.9 -999.9 -999.9 -999.9 -999.9 -999.9 -999.9 Rio_Grande_do_Sul INMET -999.9 -999.9 -999.9
-28.563611 -51.969167 B858 2026-08-14_20:00 15.8 16.2 15.8 97 98 95 15.3 -999.9 -999.9 -999.9 -999.9 -999.9 4.3 143 14.4 -999.9 0.0 0.2 15.2 69.6 73.6 74.8 18.5 12.3 100.0 84.0 15.5 INMET_-_CASCA_(602_m) -999.9 -999.9 -999.9 -999.9 -999.9 -999.9 -999.9 -999.9 Rio_Grande_do_Sul INMET -999.9 -999.9 -999.9
-28.563611 -51.969167 B858 2026-08-14_21:00 15.4 15.8 15.4 100 100 97 15.4 -999.9 -999.9 -999.9 -999.9 -999.9 2.9 192 8.6 -999.9 0.6 0.8 15.2 69.6 73.6 74.8 18.5 12.3 100.0 84.0 15.5 INMET_-_CASCA_(602_m) -999.9 -999.9 -999.9 -999.9 -999.9 -999.9 -999.9 -999.9 Rio_Grande_do_Sul INMET -999.9 -999.9 -999.9
-28.563611 -51.969167 B858 2026-08-14_22:00 15.5 15.5 15.3 95 100 95 14.7 -999.9 -999.9 -999.9 -999.9 -999.9 5.8 120 14.4 -999.9 0.0 0.8 15.2 69.6 73.6 74.8 18.5 12.3 100.0 84.0 15.5 INMET_-_CASCA_(602_m) -999.9 -999.9 -999.9 -999.9 -999.9 -999.9 -999.9 -999.9 Rio_Grande_do_Sul INMET -999.9 -999.9 -999.9
-28.563611 -51.969167 B858 2026-08-14_23:00 15.5 15.6 15.3 96 97 94 14.9 -999.9 -999.9 -999.9 -999.9 -999.9 2.9 2 14.0 -999.9 0.0 0.8 15.2 69.6 73.6 74.8 18.5 12.3 100.0 84.0 15.5 INMET_-_CASCA_(602_m) -999.9 -999.9 -999.9 -999.9 -999.9 -999.9 -999.9 -999.9 Rio_Grande_do_Sul INMET -999.9 -999.9 -999.9
