-28.563611 -51.969167 B858 2026-08-01_03:00 15.8 15.9 15.7 79 79 78 12.1 -999.9 -999.9 -999.9 -999.9 -999.9 6.5 106 18.7 -999.9 0.0 0.0 0.0 0.0 28.0 28.0 27.1 15.6 92.0 46.0 49.0 INMET_-_CASCA_(602_m) -999.9 -999.9 -999.9 -999.9 -999.9 -999.9 -999.9 -999.9 Rio_Grande_do_Sul INMET -999.9 -999.9 -999.9
-28.563611 -51.969167 B858 2026-08-01_04:00 15.8 16 15.6 78 79 76 11.9 -999.9 -999.9 -999.9 -999.9 -999.9 8.3 67 22.7 -999.9 0.0 0.0 0.0 0.0 28.0 28.0 27.1 15.6 92.0 46.0 49.0 INMET_-_CASCA_(602_m) -999.9 -999.9 -999.9 -999.9 -999.9 -999.9 -999.9 -999.9 Rio_Grande_do_Sul INMET -999.9 -999.9 -999.9
-28.563611 -51.969167 B858 2026-08-01_06:00 16.3 16.7 16.1 74 75 70 11.6 -999.9 -999.9 -999.9 -999.9 -999.9 13.0 17 37.4 -999.9 0.0 0.0 0.0 0.0 28.0 28.0 27.1 15.6 92.0 46.0 49.0 INMET_-_CASCA_(602_m) -999.9 -999.9 -999.9 -999.9 -999.9 -999.9 -999.9 -999.9 Rio_Grande_do_Sul INMET -999.9 -999.9 -999.9
-28.563611 -51.969167 B858 2026-08-01_07:00 16.6 16.8 16.3 71 73 68 11.3 -999.9 -999.9 -999.9 -999.9 -999.9 13.0 8 34.6 -999.9 0.0 0.0 0.0 0.0 28.0 28.0 27.1 15.6 92.0 46.0 49.0 INMET_-_CASCA_(602_m) -999.9 -999.9 -999.9 -999.9 -999.9 -999.9 -999.9 -999.9 Rio_Grande_do_Sul INMET -999.9 -999.9 -999.9
-28.563611 -51.969167 B858 2026-08-01_09:00 18.9 18.9 18.9 61 62 60 11.2 -999.9 -999.9 -999.9 -999.9 -999.9 13.3 1 28.8 -999.9 0.0 0.0 0.0 0.0 28.0 28.0 27.1 15.6 92.0 46.0 49.0 INMET_-_CASCA_(602_m) -999.9 -999.9 -999.9 -999.9 -999.9 -999.9 -999.9 -999.9 Rio_Grande_do_Sul INMET -999.9 -999.9 -999.9
-28.563611 -51.969167 B858 2026-08-01_10:00 20.6 20.7 20.5 56 57 55 11.5 -999.9 -999.9 -999.9 -999.9 -999.9 24.1 359 38.9 -999.9 0.0 0.0 0.0 0.0 28.0 28.0 27.1 15.6 92.0 46.0 49.0 INMET_-_CASCA_(602_m) -999.9 -999.9 -999.9 -999.9 -999.9 -999.9 -999.9 -999.9 Rio_Grande_do_Sul INMET -999.9 -999.9 -999.9
-28.563611 -51.969167 B858 2026-08-01_12:00 24.9 24.9 24.8 49 50 48 13.4 -999.9 -999.9 -999.9 -999.9 -999.9 25.9 2 44.3 -999.9 0.0 0.0 0.0 0.0 28.0 28.0 27.1 15.6 92.0 46.0 49.0 INMET_-_CASCA_(602_m) -999.9 -999.9 -999.9 -999.9 -999.9 -999.9 -999.9 -999.9 Rio_Grande_do_Sul INMET -999.9 -999.9 -999.9
-28.563611 -51.969167 B858 2026-08-01_13:00 26 26 25.9 47 48 47 13.8 -999.9 -999.9 -999.9 -999.9 -999.9 26.3 3 45.4 -999.9 0.0 0.0 0.0 0.0 28.0 28.0 27.1 15.6 92.0 46.0 49.0 INMET_-_CASCA_(602_m) -999.9 -999.9 -999.9 -999.9 -999.9 -999.9 -999.9 -999.9 Rio_Grande_do_Sul INMET -999.9 -999.9 -999.9
-28.563611 -51.969167 B858 2026-08-01_14:00 27 27.1 26.9 47 49 46 14.7 -999.9 -999.9 -999.9 -999.9 -999.9 19.8 360 38.5 -999.9 0.0 0.0 0.0 0.0 28.0 28.0 27.1 15.6 92.0 46.0 49.0 INMET_-_CASCA_(602_m) -999.9 -999.9 -999.9 -999.9 -999.9 -999.9 -999.9 -999.9 Rio_Grande_do_Sul INMET -999.9 -999.9 -999.9
-28.563611 -51.969167 B858 2026-08-01_15:00 27 27.1 27 47 49 46 14.7 -999.9 -999.9 -999.9 -999.9 -999.9 22.3 6 42.5 -999.9 0.0 0.0 0.0 0.0 28.0 28.0 27.1 15.6 92.0 46.0 49.0 INMET_-_CASCA_(602_m) -999.9 -999.9 -999.9 -999.9 -999.9 -999.9 -999.9 -999.9 Rio_Grande_do_Sul INMET -999.9 -999.9 -999.9
-28.563611 -51.969167 B858 2026-08-01_16:00 26.3 26.4 26.3 51 52 50 15.3 -999.9 -999.9 -999.9 -999.9 -999.9 17.3 4 31.3 -999.9 0.0 0.0 0.0 0.0 28.0 28.0 27.1 15.6 92.0 46.0 49.0 INMET_-_CASCA_(602_m) -999.9 -999.9 -999.9 -999.9 -999.9 -999.9 -999.9 -999.9 Rio_Grande_do_Sul INMET -999.9 -999.9 -999.9
-28.563611 -51.969167 B858 2026-08-01_17:00 25.4 25.5 25.4 55 56 55 15.7 -999.9 -999.9 -999.9 -999.9 -999.9 -999.9 -999.9 -999.9 -999.9 0.0 0.0 0.0 0.0 28.0 28.0 27.1 15.6 92.0 46.0 49.0 INMET_-_CASCA_(602_m) -999.9 -999.9 -999.9 -999.9 -999.9 -999.9 -999.9 -999.9 Rio_Grande_do_Sul INMET -999.9 -999.9 -999.9
-28.563611 -51.969167 B858 2026-08-01_18:00 24.8 25.5 22 58 72 55 16.0 -999.9 -999.9 -999.9 -999.9 -999.9 -999.9 -999.9 -999.9 -999.9 0.0 0.0 0.0 0.0 28.0 28.0 27.1 15.6 92.0 46.0 49.0 INMET_-_CASCA_(602_m) -999.9 -999.9 -999.9 -999.9 -999.9 -999.9 -999.9 -999.9 Rio_Grande_do_Sul INMET -999.9 -999.9 -999.9
-28.563611 -51.969167 B858 2026-08-01_19:00 20.2 21.9 19.5 80 83 73 16.6 -999.9 -999.9 -999.9 -999.9 -999.9 18.0 265 49.0 -999.9 0.0 0.0 0.0 0.0 28.0 28.0 27.1 15.6 92.0 46.0 49.0 INMET_-_CASCA_(602_m) -999.9 -999.9 -999.9 -999.9 -999.9 -999.9 -999.9 -999.9 Rio_Grande_do_Sul INMET -999.9 -999.9 -999.9
-28.563611 -51.969167 B858 2026-08-01_20:00 18.2 19.5 16.6 87 91 83 16.0 -999.9 -999.9 -999.9 -999.9 -999.9 18.4 270 42.1 -999.9 0.0 0.0 0.0 0.0 28.0 28.0 27.1 15.6 92.0 46.0 49.0 INMET_-_CASCA_(602_m) -999.9 -999.9 -999.9 -999.9 -999.9 -999.9 -999.9 -999.9 Rio_Grande_do_Sul INMET -999.9 -999.9 -999.9
-28.563611 -51.969167 B858 2026-08-01_21:00 16.4 16.6 16.2 90 92 89 14.7 -999.9 -999.9 -999.9 -999.9 -999.9 8.6 327 -999.9 -999.9 0.0 0.0 0.0 0.0 28.0 28.0 27.1 15.6 92.0 46.0 49.0 INMET_-_CASCA_(602_m) -999.9 -999.9 -999.9 -999.9 -999.9 -999.9 -999.9 -999.9 Rio_Grande_do_Sul INMET -999.9 -999.9 -999.9
-28.563611 -51.969167 B858 2026-08-01_22:00 16.6 17.3 16.2 85 91 79 14.0 -999.9 -999.9 -999.9 -999.9 -999.9 10.1 356 33.1 -999.9 0.0 0.0 0.0 0.0 28.0 28.0 27.1 15.6 92.0 46.0 49.0 INMET_-_CASCA_(602_m) -999.9 -999.9 -999.9 -999.9 -999.9 -999.9 -999.9 -999.9 Rio_Grande_do_Sul INMET -999.9 -999.9 -999.9
-28.563611 -51.969167 B858 2026-08-01_23:00 17.1 17.7 16.5 81 86 76 13.8 -999.9 -999.9 -999.9 -999.9 -999.9 6.5 264 30.2 -999.9 0.0 0.0 0.0 0.0 28.0 28.0 27.1 15.6 92.0 46.0 49.0 INMET_-_CASCA_(602_m) -999.9 -999.9 -999.9 -999.9 -999.9 -999.9 -999.9 -999.9 Rio_Grande_do_Sul INMET -999.9 -999.9 -999.9
