-28.298889 -51.378178 EPAGRI-2416 2026-08-16_00:00 16.1 16.4 16.0 99.2 99.3 98.2 15.9 -999.9 -999.9 -999.9 -999.9 -999.9 -999.9 -999.9 -999.9 -999.9 0.0 0.0 0.0 4.5 54.8 60.8 23.4 15.3 100.0 75.5 -999.9 EPAGRI_-_Lagoa_Vermelha_-_BASF_(848_m) -999.9 -999.9 -999.9 -999.9 -999.9 -999.9 -999.9 -999.9 Rio_Grande_do_Sul EPAGRI -999.9 -999.9 -999.9
-28.298889 -51.378178 EPAGRI-2416 2026-08-16_01:00 16.0 16.2 16.0 99.3 99.3 98.7 15.9 -999.9 -999.9 -999.9 -999.9 -999.9 -999.9 -999.9 -999.9 -999.9 0.0 0.0 0.0 4.5 54.8 60.8 23.4 15.3 100.0 75.5 -999.9 EPAGRI_-_Lagoa_Vermelha_-_BASF_(848_m) -999.9 -999.9 -999.9 -999.9 -999.9 -999.9 -999.9 -999.9 Rio_Grande_do_Sul EPAGRI -999.9 -999.9 -999.9
-28.298889 -51.378178 EPAGRI-2416 2026-08-16_02:00 15.8 16.1 15.8 100.0 100.0 99.3 15.8 -999.9 -999.9 -999.9 -999.9 -999.9 -999.9 -999.9 -999.9 -999.9 0.0 0.0 0.0 4.5 54.8 60.8 23.4 15.3 100.0 75.5 -999.9 EPAGRI_-_Lagoa_Vermelha_-_BASF_(848_m) -999.9 -999.9 -999.9 -999.9 -999.9 -999.9 -999.9 -999.9 Rio_Grande_do_Sul EPAGRI -999.9 -999.9 -999.9
-28.298889 -51.378178 EPAGRI-2416 2026-08-16_03:00 15.9 16.0 15.7 100.0 100.0 100.0 15.9 -999.9 -999.9 -999.9 -999.9 -999.9 -999.9 -999.9 -999.9 -999.9 0.0 0.0 0.0 4.5 54.8 60.8 23.4 15.3 100.0 75.5 -999.9 EPAGRI_-_Lagoa_Vermelha_-_BASF_(848_m) -999.9 -999.9 -999.9 -999.9 -999.9 -999.9 -999.9 -999.9 Rio_Grande_do_Sul EPAGRI -999.9 -999.9 -999.9
-28.298889 -51.378178 EPAGRI-2416 2026-08-16_04:00 15.9 16.0 15.8 99.8 100.0 99.6 15.9 -999.9 -999.9 -999.9 -999.9 -999.9 -999.9 -999.9 -999.9 -999.9 0.0 0.0 0.0 4.5 54.8 60.8 23.4 15.3 100.0 75.5 -999.9 EPAGRI_-_Lagoa_Vermelha_-_BASF_(848_m) -999.9 -999.9 -999.9 -999.9 -999.9 -999.9 -999.9 -999.9 Rio_Grande_do_Sul EPAGRI -999.9 -999.9 -999.9
-28.298889 -51.378178 EPAGRI-2416 2026-08-16_05:00 15.9 16.0 15.8 99.9 100.0 99.4 15.9 -999.9 -999.9 -999.9 -999.9 -999.9 -999.9 -999.9 -999.9 -999.9 0.0 0.0 0.0 4.5 54.8 60.8 23.4 15.3 100.0 75.5 -999.9 EPAGRI_-_Lagoa_Vermelha_-_BASF_(848_m) -999.9 -999.9 -999.9 -999.9 -999.9 -999.9 -999.9 -999.9 Rio_Grande_do_Sul EPAGRI -999.9 -999.9 -999.9
-28.298889 -51.378178 EPAGRI-2416 2026-08-16_06:00 15.9 16.0 15.8 99.8 100.0 99.5 15.8 -999.9 -999.9 -999.9 -999.9 -999.9 -999.9 -999.9 -999.9 -999.9 0.0 0.0 0.0 4.5 54.8 60.8 23.4 15.3 100.0 75.5 -999.9 EPAGRI_-_Lagoa_Vermelha_-_BASF_(848_m) -999.9 -999.9 -999.9 -999.9 -999.9 -999.9 -999.9 -999.9 Rio_Grande_do_Sul EPAGRI -999.9 -999.9 -999.9
-28.298889 -51.378178 EPAGRI-2416 2026-08-16_07:00 15.5 15.9 15.4 100.0 100.0 99.6 15.5 -999.9 -999.9 -999.9 -999.9 -999.9 -999.9 -999.9 -999.9 -999.9 0.0 0.0 0.0 4.5 54.8 60.8 23.4 15.3 100.0 75.5 -999.9 EPAGRI_-_Lagoa_Vermelha_-_BASF_(848_m) -999.9 -999.9 -999.9 -999.9 -999.9 -999.9 -999.9 -999.9 Rio_Grande_do_Sul EPAGRI -999.9 -999.9 -999.9
-28.298889 -51.378178 EPAGRI-2416 2026-08-16_08:00 17.0 17.0 15.3 96.4 100.0 96.4 16.4 -999.9 -999.9 -999.9 -999.9 -999.9 -999.9 -999.9 -999.9 -999.9 0.0 0.0 0.0 4.5 54.8 60.8 23.4 15.3 100.0 75.5 -999.9 EPAGRI_-_Lagoa_Vermelha_-_BASF_(848_m) -999.9 -999.9 -999.9 -999.9 -999.9 -999.9 -999.9 -999.9 Rio_Grande_do_Sul EPAGRI -999.9 -999.9 -999.9
-28.298889 -51.378178 EPAGRI-2416 2026-08-16_09:00 18.5 18.5 17.0 93.0 98.8 92.0 17.4 -999.9 -999.9 -999.9 -999.9 -999.9 -999.9 -999.9 -999.9 -999.9 0.0 0.0 0.0 4.5 54.8 60.8 23.4 15.3 100.0 75.5 -999.9 EPAGRI_-_Lagoa_Vermelha_-_BASF_(848_m) -999.9 -999.9 -999.9 -999.9 -999.9 -999.9 -999.9 -999.9 Rio_Grande_do_Sul EPAGRI -999.9 -999.9 -999.9
-28.298889 -51.378178 EPAGRI-2416 2026-08-16_10:00 20.4 20.4 18.5 85.0 92.9 84.6 17.8 -999.9 -999.9 -999.9 -999.9 -999.9 -999.9 -999.9 -999.9 -999.9 0.0 0.0 0.0 4.5 54.8 60.8 23.4 15.3 100.0 75.5 -999.9 EPAGRI_-_Lagoa_Vermelha_-_BASF_(848_m) -999.9 -999.9 -999.9 -999.9 -999.9 -999.9 -999.9 -999.9 Rio_Grande_do_Sul EPAGRI -999.9 -999.9 -999.9
-28.298889 -51.378178 EPAGRI-2416 2026-08-16_11:00 21.1 21.6 19.8 82.8 88.2 80.0 18.0 -999.9 -999.9 -999.9 -999.9 -999.9 -999.9 -999.9 -999.9 -999.9 0.0 0.0 0.0 4.5 54.8 60.8 23.4 15.3 100.0 75.5 -999.9 EPAGRI_-_Lagoa_Vermelha_-_BASF_(848_m) -999.9 -999.9 -999.9 -999.9 -999.9 -999.9 -999.9 -999.9 Rio_Grande_do_Sul EPAGRI -999.9 -999.9 -999.9
-28.298889 -51.378178 EPAGRI-2416 2026-08-16_12:00 20.8 21.5 20.8 85.9 86.4 80.1 18.3 -999.9 -999.9 -999.9 -999.9 -999.9 -999.9 -999.9 -999.9 -999.9 0.0 0.0 0.0 4.5 54.8 60.8 23.4 15.3 100.0 75.5 -999.9 EPAGRI_-_Lagoa_Vermelha_-_BASF_(848_m) -999.9 -999.9 -999.9 -999.9 -999.9 -999.9 -999.9 -999.9 Rio_Grande_do_Sul EPAGRI -999.9 -999.9 -999.9
-28.298889 -51.378178 EPAGRI-2416 2026-08-16_13:00 21.5 22.4 20.8 83.5 87.2 80.2 18.6 -999.9 -999.9 -999.9 -999.9 -999.9 -999.9 -999.9 -999.9 -999.9 0.0 0.0 0.0 4.5 54.8 60.8 23.4 15.3 100.0 75.5 -999.9 EPAGRI_-_Lagoa_Vermelha_-_BASF_(848_m) -999.9 -999.9 -999.9 -999.9 -999.9 -999.9 -999.9 -999.9 Rio_Grande_do_Sul EPAGRI -999.9 -999.9 -999.9
-28.298889 -51.378178 EPAGRI-2416 2026-08-16_14:00 22.6 22.8 21.4 82.1 85.0 79.7 19.4 -999.9 -999.9 -999.9 -999.9 -999.9 -999.9 -999.9 -999.9 -999.9 0.0 0.0 0.0 4.5 54.8 60.8 23.4 15.3 100.0 75.5 -999.9 EPAGRI_-_Lagoa_Vermelha_-_BASF_(848_m) -999.9 -999.9 -999.9 -999.9 -999.9 -999.9 -999.9 -999.9 Rio_Grande_do_Sul EPAGRI -999.9 -999.9 -999.9
-28.298889 -51.378178 EPAGRI-2416 2026-08-16_15:00 23.2 23.4 22.4 76.6 84.6 75.5 18.8 -999.9 -999.9 -999.9 -999.9 -999.9 -999.9 -999.9 -999.9 -999.9 0.0 0.0 0.0 4.5 54.8 60.8 23.4 15.3 100.0 75.5 -999.9 EPAGRI_-_Lagoa_Vermelha_-_BASF_(848_m) -999.9 -999.9 -999.9 -999.9 -999.9 -999.9 -999.9 -999.9 Rio_Grande_do_Sul EPAGRI -999.9 -999.9 -999.9
-28.298889 -51.378178 EPAGRI-2416 2026-08-16_16:00 23.0 23.4 22.9 77.9 80.1 76.6 18.9 -999.9 -999.9 -999.9 -999.9 -999.9 -999.9 -999.9 -999.9 -999.9 0.0 0.0 0.0 4.5 54.8 60.8 23.4 15.3 100.0 75.5 -999.9 EPAGRI_-_Lagoa_Vermelha_-_BASF_(848_m) -999.9 -999.9 -999.9 -999.9 -999.9 -999.9 -999.9 -999.9 Rio_Grande_do_Sul EPAGRI -999.9 -999.9 -999.9
-28.298889 -51.378178 EPAGRI-2416 2026-08-16_17:00 21.6 23.0 21.5 83.6 83.6 77.1 18.7 -999.9 -999.9 -999.9 -999.9 -999.9 -999.9 -999.9 -999.9 -999.9 0.0 0.0 0.0 4.5 54.8 60.8 23.4 15.3 100.0 75.5 -999.9 EPAGRI_-_Lagoa_Vermelha_-_BASF_(848_m) -999.9 -999.9 -999.9 -999.9 -999.9 -999.9 -999.9 -999.9 Rio_Grande_do_Sul EPAGRI -999.9 -999.9 -999.9
-28.298889 -51.378178 EPAGRI-2416 2026-08-16_18:00 19.5 21.6 19.5 90.4 90.4 83.0 17.9 -999.9 -999.9 -999.9 -999.9 -999.9 -999.9 -999.9 -999.9 -999.9 0.0 0.0 0.0 4.5 54.8 60.8 23.4 15.3 100.0 75.5 -999.9 EPAGRI_-_Lagoa_Vermelha_-_BASF_(848_m) -999.9 -999.9 -999.9 -999.9 -999.9 -999.9 -999.9 -999.9 Rio_Grande_do_Sul EPAGRI -999.9 -999.9 -999.9
-28.298889 -51.378178 EPAGRI-2416 2026-08-16_19:00 18.4 19.6 18.3 92.8 93.6 90.4 17.2 -999.9 -999.9 -999.9 -999.9 -999.9 -999.9 -999.9 -999.9 -999.9 0.0 0.0 0.0 4.5 54.8 60.8 23.4 15.3 100.0 75.5 -999.9 EPAGRI_-_Lagoa_Vermelha_-_BASF_(848_m) -999.9 -999.9 -999.9 -999.9 -999.9 -999.9 -999.9 -999.9 Rio_Grande_do_Sul EPAGRI -999.9 -999.9 -999.9
-28.298889 -51.378178 EPAGRI-2416 2026-08-16_20:00 17.6 18.4 17.5 95.7 96.0 92.7 16.9 -999.9 -999.9 -999.9 -999.9 -999.9 -999.9 -999.9 -999.9 -999.9 0.0 0.0 0.0 4.5 54.8 60.8 23.4 15.3 100.0 75.5 -999.9 EPAGRI_-_Lagoa_Vermelha_-_BASF_(848_m) -999.9 -999.9 -999.9 -999.9 -999.9 -999.9 -999.9 -999.9 Rio_Grande_do_Sul EPAGRI -999.9 -999.9 -999.9
-28.298889 -51.378178 EPAGRI-2416 2026-08-16_21:00 17.2 17.6 17.1 97.6 97.7 95.7 16.8 -999.9 -999.9 -999.9 -999.9 -999.9 -999.9 -999.9 -999.9 -999.9 0.0 0.0 0.0 4.5 54.8 60.8 23.4 15.3 100.0 75.5 -999.9 EPAGRI_-_Lagoa_Vermelha_-_BASF_(848_m) -999.9 -999.9 -999.9 -999.9 -999.9 -999.9 -999.9 -999.9 Rio_Grande_do_Sul EPAGRI -999.9 -999.9 -999.9
-28.298889 -51.378178 EPAGRI-2416 2026-08-16_22:00 17.1 17.4 17.0 98.7 98.7 97.2 16.9 -999.9 -999.9 -999.9 -999.9 -999.9 -999.9 -999.9 -999.9 -999.9 0.0 0.0 0.0 4.5 54.8 60.8 23.4 15.3 100.0 75.5 -999.9 EPAGRI_-_Lagoa_Vermelha_-_BASF_(848_m) -999.9 -999.9 -999.9 -999.9 -999.9 -999.9 -999.9 -999.9 Rio_Grande_do_Sul EPAGRI -999.9 -999.9 -999.9
-28.298889 -51.378178 EPAGRI-2416 2026-08-16_23:00 17.4 17.4 16.9 98.5 99.8 98.0 17.1 -999.9 -999.9 -999.9 -999.9 -999.9 -999.9 -999.9 -999.9 -999.9 0.0 0.0 0.0 4.5 54.8 60.8 23.4 15.3 100.0 75.5 -999.9 EPAGRI_-_Lagoa_Vermelha_-_BASF_(848_m) -999.9 -999.9 -999.9 -999.9 -999.9 -999.9 -999.9 -999.9 Rio_Grande_do_Sul EPAGRI -999.9 -999.9 -999.9
