-29.09777 -51.69972 86472000 2026-09-11_00:00 -999.9 -999.9 -999.9 -999.9 -999.9 -999.9 -999.9 -999.9 -999.9 -999.9 -999.9 -999.9 -999.9 -999.9 -999.9 -999.9 0.0 0.0 0.4 2.6 2.6 2.6 -999.9 -999.9 -999.9 -999.9 -999.9 SGB/CPRM_-_Linha_José_Júlio_(82_m) -999.9 -999.9 -999.9 -999.9 -999.9 -999.9 -999.9 -999.9 Brasil SGB/CPRM -999.9 0.0 0.0 4.5 4.5 4.5 -1 -0.14 4.76 5.19 5.19 5.7
-29.09777 -51.69972 86472000 2026-09-11_00:15 -999.9 -999.9 -999.9 -999.9 -999.9 -999.9 -999.9 -999.9 -999.9 -999.9 -999.9 -999.9 -999.9 -999.9 -999.9 -999.9 0.2 0.2 0.6 2.8 2.8 2.8 -999.9 -999.9 -999.9 -999.9 -999.9 SGB/CPRM_-_Linha_José_Júlio_(82_m) -999.9 -999.9 -999.9 -999.9 -999.9 -999.9 -999.9 -999.9 Brasil SGB/CPRM -999.9 0.2 0.2 4.46 4.5 4.46 -1 -0.16 4.76 5.19 5.19 5.7
-29.09777 -51.69972 86472000 2026-09-11_00:30 -999.9 -999.9 -999.9 -999.9 -999.9 -999.9 -999.9 -999.9 -999.9 -999.9 -999.9 -999.9 -999.9 -999.9 -999.9 -999.9 0.2 0.2 0.6 2.8 2.8 2.8 -999.9 -999.9 -999.9 -999.9 -999.9 SGB/CPRM_-_Linha_José_Júlio_(82_m) -999.9 -999.9 -999.9 -999.9 -999.9 -999.9 -999.9 -999.9 Brasil SGB/CPRM -999.9 0.0 0.2 4.44 4.5 4.44 -1 -0.14 4.76 5.19 5.19 5.7
-29.09777 -51.69972 86472000 2026-09-11_00:45 -999.9 -999.9 -999.9 -999.9 -999.9 -999.9 -999.9 -999.9 -999.9 -999.9 -999.9 -999.9 -999.9 -999.9 -999.9 -999.9 0.2 0.2 0.6 2.8 2.8 2.8 -999.9 -999.9 -999.9 -999.9 -999.9 SGB/CPRM_-_Linha_José_Júlio_(82_m) -999.9 -999.9 -999.9 -999.9 -999.9 -999.9 -999.9 -999.9 Brasil SGB/CPRM -999.9 0.0 0.2 4.41 4.5 4.41 -1 -0.13 4.76 5.19 5.19 5.7
-29.09777 -51.69972 86472000 2026-09-11_01:00 -999.9 -999.9 -999.9 -999.9 -999.9 -999.9 -999.9 -999.9 -999.9 -999.9 -999.9 -999.9 -999.9 -999.9 -999.9 -999.9 0.2 0.2 0.6 2.8 2.8 2.8 -999.9 -999.9 -999.9 -999.9 -999.9 SGB/CPRM_-_Linha_José_Júlio_(82_m) -999.9 -999.9 -999.9 -999.9 -999.9 -999.9 -999.9 -999.9 Brasil SGB/CPRM -999.9 0.0 0.2 4.39 4.5 4.39 -1 -0.11 4.76 5.19 5.19 5.7
-29.09777 -51.69972 86472000 2026-09-11_01:15 -999.9 -999.9 -999.9 -999.9 -999.9 -999.9 -999.9 -999.9 -999.9 -999.9 -999.9 -999.9 -999.9 -999.9 -999.9 -999.9 0.0 0.2 0.6 2.8 2.8 2.8 -999.9 -999.9 -999.9 -999.9 -999.9 SGB/CPRM_-_Linha_José_Júlio_(82_m) -999.9 -999.9 -999.9 -999.9 -999.9 -999.9 -999.9 -999.9 Brasil SGB/CPRM -999.9 0.0 0.2 4.37 4.5 4.37 -1 -0.09 4.76 5.19 5.19 5.7
-29.09777 -51.69972 86472000 2026-09-11_01:30 -999.9 -999.9 -999.9 -999.9 -999.9 -999.9 -999.9 -999.9 -999.9 -999.9 -999.9 -999.9 -999.9 -999.9 -999.9 -999.9 0.0 0.2 0.6 2.8 2.8 2.8 -999.9 -999.9 -999.9 -999.9 -999.9 SGB/CPRM_-_Linha_José_Júlio_(82_m) -999.9 -999.9 -999.9 -999.9 -999.9 -999.9 -999.9 -999.9 Brasil SGB/CPRM -999.9 0.0 0.2 4.34 4.5 4.34 -1 -0.1 4.76 5.19 5.19 5.7
-29.09777 -51.69972 86472000 2026-09-11_01:45 -999.9 -999.9 -999.9 -999.9 -999.9 -999.9 -999.9 -999.9 -999.9 -999.9 -999.9 -999.9 -999.9 -999.9 -999.9 -999.9 0.0 0.2 0.6 2.8 2.8 2.8 -999.9 -999.9 -999.9 -999.9 -999.9 SGB/CPRM_-_Linha_José_Júlio_(82_m) -999.9 -999.9 -999.9 -999.9 -999.9 -999.9 -999.9 -999.9 Brasil SGB/CPRM -999.9 0.0 0.2 4.31 4.5 4.31 -1 -0.1 4.76 5.19 5.19 5.7
-29.09777 -51.69972 86472000 2026-09-11_02:00 -999.9 -999.9 -999.9 -999.9 -999.9 -999.9 -999.9 -999.9 -999.9 -999.9 -999.9 -999.9 -999.9 -999.9 -999.9 -999.9 0.0 0.2 0.6 2.8 2.8 2.8 -999.9 -999.9 -999.9 -999.9 -999.9 SGB/CPRM_-_Linha_José_Júlio_(82_m) -999.9 -999.9 -999.9 -999.9 -999.9 -999.9 -999.9 -999.9 Brasil SGB/CPRM -999.9 0.0 0.2 4.27 4.5 4.27 -1 -0.12 4.76 5.19 5.19 5.7
-29.09777 -51.69972 86472000 2026-09-11_02:15 -999.9 -999.9 -999.9 -999.9 -999.9 -999.9 -999.9 -999.9 -999.9 -999.9 -999.9 -999.9 -999.9 -999.9 -999.9 -999.9 0.0 0.2 0.6 2.8 2.8 2.8 -999.9 -999.9 -999.9 -999.9 -999.9 SGB/CPRM_-_Linha_José_Júlio_(82_m) -999.9 -999.9 -999.9 -999.9 -999.9 -999.9 -999.9 -999.9 Brasil SGB/CPRM -999.9 0.0 0.2 4.2 4.5 4.2 -1 -0.17 4.76 5.19 5.19 5.7
-29.09777 -51.69972 86472000 2026-09-11_02:30 -999.9 -999.9 -999.9 -999.9 -999.9 -999.9 -999.9 -999.9 -999.9 -999.9 -999.9 -999.9 -999.9 -999.9 -999.9 -999.9 0.0 0.2 0.6 2.8 2.8 2.8 -999.9 -999.9 -999.9 -999.9 -999.9 SGB/CPRM_-_Linha_José_Júlio_(82_m) -999.9 -999.9 -999.9 -999.9 -999.9 -999.9 -999.9 -999.9 Brasil SGB/CPRM -999.9 0.0 0.2 4.14 4.5 4.14 -1 -0.2 4.76 5.19 5.19 5.7
-29.09777 -51.69972 86472000 2026-09-11_02:45 -999.9 -999.9 -999.9 -999.9 -999.9 -999.9 -999.9 -999.9 -999.9 -999.9 -999.9 -999.9 -999.9 -999.9 -999.9 -999.9 0.0 0.2 0.6 2.8 2.8 2.8 -999.9 -999.9 -999.9 -999.9 -999.9 SGB/CPRM_-_Linha_José_Júlio_(82_m) -999.9 -999.9 -999.9 -999.9 -999.9 -999.9 -999.9 -999.9 Brasil SGB/CPRM -999.9 0.0 0.2 4.07 4.5 4.07 -1 -0.24 4.76 5.19 5.19 5.7
-29.09777 -51.69972 86472000 2026-09-11_03:00 -999.9 -999.9 -999.9 -999.9 -999.9 -999.9 -999.9 -999.9 -999.9 -999.9 -999.9 -999.9 -999.9 -999.9 -999.9 -999.9 0.0 0.2 0.6 2.8 2.8 2.8 -999.9 -999.9 -999.9 -999.9 -999.9 SGB/CPRM_-_Linha_José_Júlio_(82_m) -999.9 -999.9 -999.9 -999.9 -999.9 -999.9 -999.9 -999.9 Brasil SGB/CPRM -999.9 0.0 0.2 4.02 4.5 4.02 -1 -0.25 4.76 5.19 5.19 5.7
-29.09777 -51.69972 86472000 2026-09-11_03:15 -999.9 -999.9 -999.9 -999.9 -999.9 -999.9 -999.9 -999.9 -999.9 -999.9 -999.9 -999.9 -999.9 -999.9 -999.9 -999.9 0.0 0.2 0.6 2.8 2.8 2.8 -999.9 -999.9 -999.9 -999.9 -999.9 SGB/CPRM_-_Linha_José_Júlio_(82_m) -999.9 -999.9 -999.9 -999.9 -999.9 -999.9 -999.9 -999.9 Brasil SGB/CPRM -999.9 0.0 0.2 3.96 4.5 3.96 -1 -0.24 4.76 5.19 5.19 5.7
-29.09777 -51.69972 86472000 2026-09-11_03:30 -999.9 -999.9 -999.9 -999.9 -999.9 -999.9 -999.9 -999.9 -999.9 -999.9 -999.9 -999.9 -999.9 -999.9 -999.9 -999.9 0.0 0.2 0.6 2.8 2.8 2.8 -999.9 -999.9 -999.9 -999.9 -999.9 SGB/CPRM_-_Linha_José_Júlio_(82_m) -999.9 -999.9 -999.9 -999.9 -999.9 -999.9 -999.9 -999.9 Brasil SGB/CPRM -999.9 0.0 0.2 3.92 4.5 3.92 -1 -0.22 4.76 5.19 5.19 5.7
-29.09777 -51.69972 86472000 2026-09-11_03:45 -999.9 -999.9 -999.9 -999.9 -999.9 -999.9 -999.9 -999.9 -999.9 -999.9 -999.9 -999.9 -999.9 -999.9 -999.9 -999.9 0.0 0.2 0.6 2.8 2.8 2.8 -999.9 -999.9 -999.9 -999.9 -999.9 SGB/CPRM_-_Linha_José_Júlio_(82_m) -999.9 -999.9 -999.9 -999.9 -999.9 -999.9 -999.9 -999.9 Brasil SGB/CPRM -999.9 0.0 0.2 3.88 4.5 3.88 -1 -0.19 4.76 5.19 5.19 5.7
-29.09777 -51.69972 86472000 2026-09-11_04:00 -999.9 -999.9 -999.9 -999.9 -999.9 -999.9 -999.9 -999.9 -999.9 -999.9 -999.9 -999.9 -999.9 -999.9 -999.9 -999.9 0.0 0.2 0.6 2.8 2.8 2.8 -999.9 -999.9 -999.9 -999.9 -999.9 SGB/CPRM_-_Linha_José_Júlio_(82_m) -999.9 -999.9 -999.9 -999.9 -999.9 -999.9 -999.9 -999.9 Brasil SGB/CPRM -999.9 0.0 0.2 3.85 4.5 3.85 -1 -0.17 4.76 5.19 5.19 5.7
-29.09777 -51.69972 86472000 2026-09-11_04:15 -999.9 -999.9 -999.9 -999.9 -999.9 -999.9 -999.9 -999.9 -999.9 -999.9 -999.9 -999.9 -999.9 -999.9 -999.9 -999.9 0.0 0.2 0.6 2.8 2.8 2.8 -999.9 -999.9 -999.9 -999.9 -999.9 SGB/CPRM_-_Linha_José_Júlio_(82_m) -999.9 -999.9 -999.9 -999.9 -999.9 -999.9 -999.9 -999.9 Brasil SGB/CPRM -999.9 0.0 0.2 3.83 4.5 3.83 -1 -0.13 4.76 5.19 5.19 5.7
-29.09777 -51.69972 86472000 2026-09-11_04:30 -999.9 -999.9 -999.9 -999.9 -999.9 -999.9 -999.9 -999.9 -999.9 -999.9 -999.9 -999.9 -999.9 -999.9 -999.9 -999.9 0.0 0.2 0.6 2.8 2.8 2.8 -999.9 -999.9 -999.9 -999.9 -999.9 SGB/CPRM_-_Linha_José_Júlio_(82_m) -999.9 -999.9 -999.9 -999.9 -999.9 -999.9 -999.9 -999.9 Brasil SGB/CPRM -999.9 0.0 0.2 3.81 4.5 3.81 -1 -0.11 4.76 5.19 5.19 5.7
-29.09777 -51.69972 86472000 2026-09-11_04:45 -999.9 -999.9 -999.9 -999.9 -999.9 -999.9 -999.9 -999.9 -999.9 -999.9 -999.9 -999.9 -999.9 -999.9 -999.9 -999.9 0.0 0.2 0.6 2.8 2.8 2.8 -999.9 -999.9 -999.9 -999.9 -999.9 SGB/CPRM_-_Linha_José_Júlio_(82_m) -999.9 -999.9 -999.9 -999.9 -999.9 -999.9 -999.9 -999.9 Brasil SGB/CPRM -999.9 0.0 0.2 3.8 4.5 3.8 -1 -0.08 4.76 5.19 5.19 5.7
-29.09777 -51.69972 86472000 2026-09-11_05:00 -999.9 -999.9 -999.9 -999.9 -999.9 -999.9 -999.9 -999.9 -999.9 -999.9 -999.9 -999.9 -999.9 -999.9 -999.9 -999.9 0.2 0.4 0.8 3.0 3.0 3.0 -999.9 -999.9 -999.9 -999.9 -999.9 SGB/CPRM_-_Linha_José_Júlio_(82_m) -999.9 -999.9 -999.9 -999.9 -999.9 -999.9 -999.9 -999.9 Brasil SGB/CPRM -999.9 0.2 0.4 3.79 4.5 3.79 -1 -0.06 4.76 5.19 5.19 5.7
-29.09777 -51.69972 86472000 2026-09-11_05:15 -999.9 -999.9 -999.9 -999.9 -999.9 -999.9 -999.9 -999.9 -999.9 -999.9 -999.9 -999.9 -999.9 -999.9 -999.9 -999.9 0.6 0.8 1.2 3.4 3.4 3.4 -999.9 -999.9 -999.9 -999.9 -999.9 SGB/CPRM_-_Linha_José_Júlio_(82_m) -999.9 -999.9 -999.9 -999.9 -999.9 -999.9 -999.9 -999.9 Brasil SGB/CPRM -999.9 0.4 0.8 3.79 4.5 3.79 -1 -0.04 4.76 5.19 5.19 5.7
-29.09777 -51.69972 86472000 2026-09-11_05:30 -999.9 -999.9 -999.9 -999.9 -999.9 -999.9 -999.9 -999.9 -999.9 -999.9 -999.9 -999.9 -999.9 -999.9 -999.9 -999.9 0.6 0.8 1.2 3.4 3.4 3.4 -999.9 -999.9 -999.9 -999.9 -999.9 SGB/CPRM_-_Linha_José_Júlio_(82_m) -999.9 -999.9 -999.9 -999.9 -999.9 -999.9 -999.9 -999.9 Brasil SGB/CPRM -999.9 0.0 0.8 3.8 4.5 3.79 -1 -0.01 4.76 5.19 5.19 5.7
-29.09777 -51.69972 86472000 2026-09-11_05:45 -999.9 -999.9 -999.9 -999.9 -999.9 -999.9 -999.9 -999.9 -999.9 -999.9 -999.9 -999.9 -999.9 -999.9 -999.9 -999.9 0.6 0.8 1.2 3.4 3.4 3.4 -999.9 -999.9 -999.9 -999.9 -999.9 SGB/CPRM_-_Linha_José_Júlio_(82_m) -999.9 -999.9 -999.9 -999.9 -999.9 -999.9 -999.9 -999.9 Brasil SGB/CPRM -999.9 0.0 0.8 3.82 4.5 3.79 0 0.02 4.76 5.19 5.19 5.7
-29.09777 -51.69972 86472000 2026-09-11_06:00 -999.9 -999.9 -999.9 -999.9 -999.9 -999.9 -999.9 -999.9 -999.9 -999.9 -999.9 -999.9 -999.9 -999.9 -999.9 -999.9 0.4 0.8 1.2 3.4 3.4 3.4 -999.9 -999.9 -999.9 -999.9 -999.9 SGB/CPRM_-_Linha_José_Júlio_(82_m) -999.9 -999.9 -999.9 -999.9 -999.9 -999.9 -999.9 -999.9 Brasil SGB/CPRM -999.9 0.0 0.8 3.84 4.5 3.79 1 0.05 4.76 5.19 5.19 5.7
-29.09777 -51.69972 86472000 2026-09-11_06:15 -999.9 -999.9 -999.9 -999.9 -999.9 -999.9 -999.9 -999.9 -999.9 -999.9 -999.9 -999.9 -999.9 -999.9 -999.9 -999.9 0.2 1.0 1.4 3.6 3.6 3.6 -999.9 -999.9 -999.9 -999.9 -999.9 SGB/CPRM_-_Linha_José_Júlio_(82_m) -999.9 -999.9 -999.9 -999.9 -999.9 -999.9 -999.9 -999.9 Brasil SGB/CPRM -999.9 0.2 1.0 3.87 4.5 3.79 1 0.08 4.76 5.19 5.19 5.7
-29.09777 -51.69972 86472000 2026-09-11_06:30 -999.9 -999.9 -999.9 -999.9 -999.9 -999.9 -999.9 -999.9 -999.9 -999.9 -999.9 -999.9 -999.9 -999.9 -999.9 -999.9 1.6 2.4 2.8 5.0 5.0 5.0 -999.9 -999.9 -999.9 -999.9 -999.9 SGB/CPRM_-_Linha_José_Júlio_(82_m) -999.9 -999.9 -999.9 -999.9 -999.9 -999.9 -999.9 -999.9 Brasil SGB/CPRM -999.9 1.4 2.4 3.91 4.5 3.79 1 0.11 4.76 5.19 5.19 5.7
-29.09777 -51.69972 86472000 2026-09-11_06:45 -999.9 -999.9 -999.9 -999.9 -999.9 -999.9 -999.9 -999.9 -999.9 -999.9 -999.9 -999.9 -999.9 -999.9 -999.9 -999.9 1.8 2.6 3.0 5.2 5.2 5.2 -999.9 -999.9 -999.9 -999.9 -999.9 SGB/CPRM_-_Linha_José_Júlio_(82_m) -999.9 -999.9 -999.9 -999.9 -999.9 -999.9 -999.9 -999.9 Brasil SGB/CPRM -999.9 0.2 2.6 3.96 4.5 3.79 1 0.14 4.76 5.19 5.19 5.7
-29.09777 -51.69972 86472000 2026-09-11_07:00 -999.9 -999.9 -999.9 -999.9 -999.9 -999.9 -999.9 -999.9 -999.9 -999.9 -999.9 -999.9 -999.9 -999.9 -999.9 -999.9 1.8 2.6 3.0 5.2 5.2 5.2 -999.9 -999.9 -999.9 -999.9 -999.9 SGB/CPRM_-_Linha_José_Júlio_(82_m) -999.9 -999.9 -999.9 -999.9 -999.9 -999.9 -999.9 -999.9 Brasil SGB/CPRM -999.9 0.0 2.6 4 4.5 3.79 1 0.16 4.76 5.19 5.19 5.7
-29.09777 -51.69972 86472000 2026-09-11_07:15 -999.9 -999.9 -999.9 -999.9 -999.9 -999.9 -999.9 -999.9 -999.9 -999.9 -999.9 -999.9 -999.9 -999.9 -999.9 -999.9 1.6 2.6 3.0 5.2 5.2 5.2 -999.9 -999.9 -999.9 -999.9 -999.9 SGB/CPRM_-_Linha_José_Júlio_(82_m) -999.9 -999.9 -999.9 -999.9 -999.9 -999.9 -999.9 -999.9 Brasil SGB/CPRM -999.9 0.0 2.6 4.04 4.5 3.79 1 0.17 4.76 5.19 5.19 5.7
-29.09777 -51.69972 86472000 2026-09-11_07:30 -999.9 -999.9 -999.9 -999.9 -999.9 -999.9 -999.9 -999.9 -999.9 -999.9 -999.9 -999.9 -999.9 -999.9 -999.9 -999.9 0.4 2.8 3.2 5.4 5.4 5.4 -999.9 -999.9 -999.9 -999.9 -999.9 SGB/CPRM_-_Linha_José_Júlio_(82_m) -999.9 -999.9 -999.9 -999.9 -999.9 -999.9 -999.9 -999.9 Brasil SGB/CPRM -999.9 0.2 2.8 4.09 4.5 3.79 1 0.18 4.76 5.19 5.19 5.7
-29.09777 -51.69972 86472000 2026-09-11_07:45 -999.9 -999.9 -999.9 -999.9 -999.9 -999.9 -999.9 -999.9 -999.9 -999.9 -999.9 -999.9 -999.9 -999.9 -999.9 -999.9 0.2 2.8 3.2 5.4 5.4 5.4 -999.9 -999.9 -999.9 -999.9 -999.9 SGB/CPRM_-_Linha_José_Júlio_(82_m) -999.9 -999.9 -999.9 -999.9 -999.9 -999.9 -999.9 -999.9 Brasil SGB/CPRM -999.9 0.0 2.8 4.08 4.5 3.79 1 0.12 4.76 5.19 5.19 5.7
-29.09777 -51.69972 86472000 2026-09-11_08:00 -999.9 -999.9 -999.9 -999.9 -999.9 -999.9 -999.9 -999.9 -999.9 -999.9 -999.9 -999.9 -999.9 -999.9 -999.9 -999.9 0.2 2.8 3.2 5.4 5.4 5.4 -999.9 -999.9 -999.9 -999.9 -999.9 SGB/CPRM_-_Linha_José_Júlio_(82_m) -999.9 -999.9 -999.9 -999.9 -999.9 -999.9 -999.9 -999.9 Brasil SGB/CPRM -999.9 0.0 2.8 4.04 4.5 3.79 1 0.04 4.76 5.19 5.19 5.7
-29.09777 -51.69972 86472000 2026-09-11_08:15 -999.9 -999.9 -999.9 -999.9 -999.9 -999.9 -999.9 -999.9 -999.9 -999.9 -999.9 -999.9 -999.9 -999.9 -999.9 -999.9 0.2 2.8 3.2 5.4 5.4 5.4 -999.9 -999.9 -999.9 -999.9 -999.9 SGB/CPRM_-_Linha_José_Júlio_(82_m) -999.9 -999.9 -999.9 -999.9 -999.9 -999.9 -999.9 -999.9 Brasil SGB/CPRM -999.9 0.0 2.8 3.97 4.5 3.79 0 -0.07 4.76 5.19 5.19 5.7
-29.09777 -51.69972 86472000 2026-09-11_08:30 -999.9 -999.9 -999.9 -999.9 -999.9 -999.9 -999.9 -999.9 -999.9 -999.9 -999.9 -999.9 -999.9 -999.9 -999.9 -999.9 0.2 3.0 3.4 5.6 5.6 5.6 -999.9 -999.9 -999.9 -999.9 -999.9 SGB/CPRM_-_Linha_José_Júlio_(82_m) -999.9 -999.9 -999.9 -999.9 -999.9 -999.9 -999.9 -999.9 Brasil SGB/CPRM -999.9 0.2 3.0 3.89 4.5 3.79 -1 -0.2 4.76 5.19 5.19 5.7
-29.09777 -51.69972 86472000 2026-09-11_08:45 -999.9 -999.9 -999.9 -999.9 -999.9 -999.9 -999.9 -999.9 -999.9 -999.9 -999.9 -999.9 -999.9 -999.9 -999.9 -999.9 11.2 14.0 14.4 16.6 16.6 16.6 -999.9 -999.9 -999.9 -999.9 -999.9 SGB/CPRM_-_Linha_José_Júlio_(82_m) -999.9 -999.9 -999.9 -999.9 -999.9 -999.9 -999.9 -999.9 Brasil SGB/CPRM -999.9 11.0 14.0 3.83 4.5 3.79 -1 -0.25 4.76 5.19 5.19 5.7
-29.09777 -51.69972 86472000 2026-09-11_09:00 -999.9 -999.9 -999.9 -999.9 -999.9 -999.9 -999.9 -999.9 -999.9 -999.9 -999.9 -999.9 -999.9 -999.9 -999.9 -999.9 18.0 20.8 21.2 23.4 23.4 23.4 -999.9 -999.9 -999.9 -999.9 -999.9 SGB/CPRM_-_Linha_José_Júlio_(82_m) -999.9 -999.9 -999.9 -999.9 -999.9 -999.9 -999.9 -999.9 Brasil SGB/CPRM -999.9 6.8 20.8 3.74 4.5 3.74 -1 -0.3 4.76 5.19 5.19 5.7
-29.09777 -51.69972 86472000 2026-09-11_09:15 -999.9 -999.9 -999.9 -999.9 -999.9 -999.9 -999.9 -999.9 -999.9 -999.9 -999.9 -999.9 -999.9 -999.9 -999.9 -999.9 21.0 23.8 24.2 26.4 26.4 26.4 -999.9 -999.9 -999.9 -999.9 -999.9 SGB/CPRM_-_Linha_José_Júlio_(82_m) -999.9 -999.9 -999.9 -999.9 -999.9 -999.9 -999.9 -999.9 Brasil SGB/CPRM -999.9 3.0 23.8 3.66 4.5 3.66 -1 -0.31 4.76 5.19 5.19 5.7
-29.09777 -51.69972 86472000 2026-09-11_09:30 -999.9 -999.9 -999.9 -999.9 -999.9 -999.9 -999.9 -999.9 -999.9 -999.9 -999.9 -999.9 -999.9 -999.9 -999.9 -999.9 22.0 25.0 25.4 27.6 27.6 27.6 -999.9 -999.9 -999.9 -999.9 -999.9 SGB/CPRM_-_Linha_José_Júlio_(82_m) -999.9 -999.9 -999.9 -999.9 -999.9 -999.9 -999.9 -999.9 Brasil SGB/CPRM -999.9 1.2 25.0 3.59 4.5 3.59 -1 -0.3 4.76 5.19 5.19 5.7
-29.09777 -51.69972 86472000 2026-09-11_09:45 -999.9 -999.9 -999.9 -999.9 -999.9 -999.9 -999.9 -999.9 -999.9 -999.9 -999.9 -999.9 -999.9 -999.9 -999.9 -999.9 13.0 27.0 27.4 29.6 29.6 29.6 -999.9 -999.9 -999.9 -999.9 -999.9 SGB/CPRM_-_Linha_José_Júlio_(82_m) -999.9 -999.9 -999.9 -999.9 -999.9 -999.9 -999.9 -999.9 Brasil SGB/CPRM -999.9 2.0 27.0 3.53 4.5 3.53 -1 -0.3 4.76 5.19 5.19 5.7
-29.09777 -51.69972 86472000 2026-09-11_10:00 -999.9 -999.9 -999.9 -999.9 -999.9 -999.9 -999.9 -999.9 -999.9 -999.9 -999.9 -999.9 -999.9 -999.9 -999.9 -999.9 6.8 27.6 28.0 30.2 30.2 30.2 -999.9 -999.9 -999.9 -999.9 -999.9 SGB/CPRM_-_Linha_José_Júlio_(82_m) -999.9 -999.9 -999.9 -999.9 -999.9 -999.9 -999.9 -999.9 Brasil SGB/CPRM -999.9 0.6 27.6 3.48 4.5 3.48 -1 -0.26 4.76 5.19 5.19 5.7
-29.09777 -51.69972 86472000 2026-09-11_10:15 -999.9 -999.9 -999.9 -999.9 -999.9 -999.9 -999.9 -999.9 -999.9 -999.9 -999.9 -999.9 -999.9 -999.9 -999.9 -999.9 4.2 28.0 28.4 30.6 30.6 30.6 -999.9 -999.9 -999.9 -999.9 -999.9 SGB/CPRM_-_Linha_José_Júlio_(82_m) -999.9 -999.9 -999.9 -999.9 -999.9 -999.9 -999.9 -999.9 Brasil SGB/CPRM -999.9 0.4 28.0 3.43 4.5 3.43 -1 -0.23 4.76 5.19 5.19 5.7
-29.09777 -51.69972 86472000 2026-09-11_10:30 -999.9 -999.9 -999.9 -999.9 -999.9 -999.9 -999.9 -999.9 -999.9 -999.9 -999.9 -999.9 -999.9 -999.9 -999.9 -999.9 3.6 28.6 29.0 31.2 31.2 31.2 -999.9 -999.9 -999.9 -999.9 -999.9 SGB/CPRM_-_Linha_José_Júlio_(82_m) -999.9 -999.9 -999.9 -999.9 -999.9 -999.9 -999.9 -999.9 Brasil SGB/CPRM -999.9 0.6 28.6 3.39 4.5 3.39 -1 -0.2 4.76 5.19 5.19 5.7
-29.09777 -51.69972 86472000 2026-09-11_10:45 -999.9 -999.9 -999.9 -999.9 -999.9 -999.9 -999.9 -999.9 -999.9 -999.9 -999.9 -999.9 -999.9 -999.9 -999.9 -999.9 2.4 29.4 29.8 32.0 32.0 32.0 -999.9 -999.9 -999.9 -999.9 -999.9 SGB/CPRM_-_Linha_José_Júlio_(82_m) -999.9 -999.9 -999.9 -999.9 -999.9 -999.9 -999.9 -999.9 Brasil SGB/CPRM -999.9 0.8 29.4 3.36 4.5 3.36 -1 -0.17 4.76 5.19 5.19 5.7
-29.09777 -51.69972 86472000 2026-09-11_11:00 -999.9 -999.9 -999.9 -999.9 -999.9 -999.9 -999.9 -999.9 -999.9 -999.9 -999.9 -999.9 -999.9 -999.9 -999.9 -999.9 2.8 30.4 30.8 33.0 33.0 33.0 -999.9 -999.9 -999.9 -999.9 -999.9 SGB/CPRM_-_Linha_José_Júlio_(82_m) -999.9 -999.9 -999.9 -999.9 -999.9 -999.9 -999.9 -999.9 Brasil SGB/CPRM -999.9 1.0 30.4 3.34 4.5 3.34 -1 -0.14 4.76 5.19 5.19 5.7
-29.09777 -51.69972 86472000 2026-09-11_11:15 -999.9 -999.9 -999.9 -999.9 -999.9 -999.9 -999.9 -999.9 -999.9 -999.9 -999.9 -999.9 -999.9 -999.9 -999.9 -999.9 3.4 31.4 31.8 34.0 34.0 34.0 -999.9 -999.9 -999.9 -999.9 -999.9 SGB/CPRM_-_Linha_José_Júlio_(82_m) -999.9 -999.9 -999.9 -999.9 -999.9 -999.9 -999.9 -999.9 Brasil SGB/CPRM -999.9 1.0 31.4 3.32 4.5 3.32 -1 -0.11 4.76 5.19 5.19 5.7
-29.09777 -51.69972 86472000 2026-09-11_11:30 -999.9 -999.9 -999.9 -999.9 -999.9 -999.9 -999.9 -999.9 -999.9 -999.9 -999.9 -999.9 -999.9 -999.9 -999.9 -999.9 5.0 33.6 34.0 36.2 36.2 36.2 -999.9 -999.9 -999.9 -999.9 -999.9 SGB/CPRM_-_Linha_José_Júlio_(82_m) -999.9 -999.9 -999.9 -999.9 -999.9 -999.9 -999.9 -999.9 Brasil SGB/CPRM -999.9 2.2 33.6 3.3 4.5 3.3 -1 -0.09 4.76 5.19 5.19 5.7
-29.09777 -51.69972 86472000 2026-09-11_11:45 -999.9 -999.9 -999.9 -999.9 -999.9 -999.9 -999.9 -999.9 -999.9 -999.9 -999.9 -999.9 -999.9 -999.9 -999.9 -999.9 7.2 36.6 37.0 39.2 39.2 39.2 -999.9 -999.9 -999.9 -999.9 -999.9 SGB/CPRM_-_Linha_José_Júlio_(82_m) -999.9 -999.9 -999.9 -999.9 -999.9 -999.9 -999.9 -999.9 Brasil SGB/CPRM -999.9 3.0 36.6 3.3 4.5 3.3 -1 -0.06 4.76 5.19 5.19 5.7
-29.09777 -51.69972 86472000 2026-09-11_12:00 -999.9 -999.9 -999.9 -999.9 -999.9 -999.9 -999.9 -999.9 -999.9 -999.9 -999.9 -999.9 -999.9 -999.9 -999.9 -999.9 7.2 37.6 38.0 40.2 40.2 40.2 -999.9 -999.9 -999.9 -999.9 -999.9 SGB/CPRM_-_Linha_José_Júlio_(82_m) -999.9 -999.9 -999.9 -999.9 -999.9 -999.9 -999.9 -999.9 Brasil SGB/CPRM -999.9 1.0 37.6 3.29 4.5 3.29 -1 -0.05 4.76 5.19 5.19 5.7
-29.09777 -51.69972 86472000 2026-09-11_12:15 -999.9 -999.9 -999.9 -999.9 -999.9 -999.9 -999.9 -999.9 -999.9 -999.9 -999.9 -999.9 -999.9 -999.9 -999.9 -999.9 7.6 39.0 39.4 41.6 41.6 41.6 -999.9 -999.9 -999.9 -999.9 -999.9 SGB/CPRM_-_Linha_José_Júlio_(82_m) -999.9 -999.9 -999.9 -999.9 -999.9 -999.9 -999.9 -999.9 Brasil SGB/CPRM -999.9 1.4 39.0 3.28 4.5 3.28 -1 -0.04 4.76 5.19 5.19 5.7
-29.09777 -51.69972 86472000 2026-09-11_12:30 -999.9 -999.9 -999.9 -999.9 -999.9 -999.9 -999.9 -999.9 -999.9 -999.9 -999.9 -999.9 -999.9 -999.9 -999.9 -999.9 7.0 40.6 41.0 43.2 43.2 43.2 -999.9 -999.9 -999.9 -999.9 -999.9 SGB/CPRM_-_Linha_José_Júlio_(82_m) -999.9 -999.9 -999.9 -999.9 -999.9 -999.9 -999.9 -999.9 Brasil SGB/CPRM -999.9 1.6 40.6 3.28 4.5 3.28 -1 -0.02 4.76 5.19 5.19 5.7
-29.09777 -51.69972 86472000 2026-09-11_12:45 -999.9 -999.9 -999.9 -999.9 -999.9 -999.9 -999.9 -999.9 -999.9 -999.9 -999.9 -999.9 -999.9 -999.9 -999.9 -999.9 5.4 42.0 42.4 44.6 44.6 44.6 -999.9 -999.9 -999.9 -999.9 -999.9 SGB/CPRM_-_Linha_José_Júlio_(82_m) -999.9 -999.9 -999.9 -999.9 -999.9 -999.9 -999.9 -999.9 Brasil SGB/CPRM -999.9 1.4 42.0 3.27 4.5 3.27 -1 -0.03 4.76 5.19 5.19 5.7
-29.09777 -51.69972 86472000 2026-09-11_13:00 -999.9 -999.9 -999.9 -999.9 -999.9 -999.9 -999.9 -999.9 -999.9 -999.9 -999.9 -999.9 -999.9 -999.9 -999.9 -999.9 5.8 43.4 43.8 46.0 46.0 46.0 -999.9 -999.9 -999.9 -999.9 -999.9 SGB/CPRM_-_Linha_José_Júlio_(82_m) -999.9 -999.9 -999.9 -999.9 -999.9 -999.9 -999.9 -999.9 Brasil SGB/CPRM -999.9 1.4 43.4 3.27 4.5 3.27 -1 -0.02 4.76 5.19 5.19 5.7
-29.09777 -51.69972 86472000 2026-09-11_13:15 -999.9 -999.9 -999.9 -999.9 -999.9 -999.9 -999.9 -999.9 -999.9 -999.9 -999.9 -999.9 -999.9 -999.9 -999.9 -999.9 5.2 44.2 44.6 46.8 46.8 46.8 -999.9 -999.9 -999.9 -999.9 -999.9 SGB/CPRM_-_Linha_José_Júlio_(82_m) -999.9 -999.9 -999.9 -999.9 -999.9 -999.9 -999.9 -999.9 Brasil SGB/CPRM -999.9 0.8 44.2 3.27 4.5 3.27 -1 -0.01 4.76 5.19 5.19 5.7
-29.09777 -51.69972 86472000 2026-09-11_13:30 -999.9 -999.9 -999.9 -999.9 -999.9 -999.9 -999.9 -999.9 -999.9 -999.9 -999.9 -999.9 -999.9 -999.9 -999.9 -999.9 4.6 45.2 45.6 47.8 47.8 47.8 -999.9 -999.9 -999.9 -999.9 -999.9 SGB/CPRM_-_Linha_José_Júlio_(82_m) -999.9 -999.9 -999.9 -999.9 -999.9 -999.9 -999.9 -999.9 Brasil SGB/CPRM -999.9 1.0 45.2 3.28 4.5 3.27 0 0 4.76 5.19 5.19 5.7
-29.09777 -51.69972 86472000 2026-09-11_13:45 -999.9 -999.9 -999.9 -999.9 -999.9 -999.9 -999.9 -999.9 -999.9 -999.9 -999.9 -999.9 -999.9 -999.9 -999.9 -999.9 4.4 46.4 46.8 49.0 49.0 49.0 -999.9 -999.9 -999.9 -999.9 -999.9 SGB/CPRM_-_Linha_José_Júlio_(82_m) -999.9 -999.9 -999.9 -999.9 -999.9 -999.9 -999.9 -999.9 Brasil SGB/CPRM -999.9 1.2 46.4 3.28 4.5 3.27 0 0.01 4.76 5.19 5.19 5.7
-29.09777 -51.69972 86472000 2026-09-11_14:00 -999.9 -999.9 -999.9 -999.9 -999.9 -999.9 -999.9 -999.9 -999.9 -999.9 -999.9 -999.9 -999.9 -999.9 -999.9 -999.9 4.0 47.4 47.8 50.0 50.0 50.0 -999.9 -999.9 -999.9 -999.9 -999.9 SGB/CPRM_-_Linha_José_Júlio_(82_m) -999.9 -999.9 -999.9 -999.9 -999.9 -999.9 -999.9 -999.9 Brasil SGB/CPRM -999.9 1.0 47.4 3.29 4.5 3.27 1 0.02 4.76 5.19 5.19 5.7
-29.09777 -51.69972 86472000 2026-09-11_14:15 -999.9 -999.9 -999.9 -999.9 -999.9 -999.9 -999.9 -999.9 -999.9 -999.9 -999.9 -999.9 -999.9 -999.9 -999.9 -999.9 4.2 48.4 48.8 51.0 51.0 51.0 -999.9 -999.9 -999.9 -999.9 -999.9 SGB/CPRM_-_Linha_José_Júlio_(82_m) -999.9 -999.9 -999.9 -999.9 -999.9 -999.9 -999.9 -999.9 Brasil SGB/CPRM -999.9 1.0 48.4 3.3 4.5 3.27 1 0.03 4.76 5.19 5.19 5.7
-29.09777 -51.69972 86472000 2026-09-11_14:30 -999.9 -999.9 -999.9 -999.9 -999.9 -999.9 -999.9 -999.9 -999.9 -999.9 -999.9 -999.9 -999.9 -999.9 -999.9 -999.9 5.2 50.4 50.8 53.0 53.0 53.0 -999.9 -999.9 -999.9 -999.9 -999.9 SGB/CPRM_-_Linha_José_Júlio_(82_m) -999.9 -999.9 -999.9 -999.9 -999.9 -999.9 -999.9 -999.9 Brasil SGB/CPRM -999.9 2.0 50.4 3.32 4.5 3.27 1 0.04 4.76 5.19 5.19 5.7
-29.09777 -51.69972 86472000 2026-09-11_14:45 -999.9 -999.9 -999.9 -999.9 -999.9 -999.9 -999.9 -999.9 -999.9 -999.9 -999.9 -999.9 -999.9 -999.9 -999.9 -999.9 6.0 52.4 52.8 55.0 55.0 55.0 -999.9 -999.9 -999.9 -999.9 -999.9 SGB/CPRM_-_Linha_José_Júlio_(82_m) -999.9 -999.9 -999.9 -999.9 -999.9 -999.9 -999.9 -999.9 Brasil SGB/CPRM -999.9 2.0 52.4 3.33 4.5 3.27 1 0.05 4.76 5.19 5.19 5.7
-29.09777 -51.69972 86472000 2026-09-11_15:00 -999.9 -999.9 -999.9 -999.9 -999.9 -999.9 -999.9 -999.9 -999.9 -999.9 -999.9 -999.9 -999.9 -999.9 -999.9 -999.9 5.8 53.2 53.6 55.8 55.8 55.8 -999.9 -999.9 -999.9 -999.9 -999.9 SGB/CPRM_-_Linha_José_Júlio_(82_m) -999.9 -999.9 -999.9 -999.9 -999.9 -999.9 -999.9 -999.9 Brasil SGB/CPRM -999.9 0.8 53.2 3.35 4.5 3.27 1 0.06 4.76 5.19 5.19 5.7
-29.09777 -51.69972 86472000 2026-09-11_15:15 -999.9 -999.9 -999.9 -999.9 -999.9 -999.9 -999.9 -999.9 -999.9 -999.9 -999.9 -999.9 -999.9 -999.9 -999.9 -999.9 5.2 53.6 54.0 56.2 56.2 56.2 -999.9 -999.9 -999.9 -999.9 -999.9 SGB/CPRM_-_Linha_José_Júlio_(82_m) -999.9 -999.9 -999.9 -999.9 -999.9 -999.9 -999.9 -999.9 Brasil SGB/CPRM -999.9 0.4 53.6 3.36 4.5 3.27 1 0.06 4.76 5.19 5.19 5.7
-29.09777 -51.69972 86472000 2026-09-11_15:30 -999.9 -999.9 -999.9 -999.9 -999.9 -999.9 -999.9 -999.9 -999.9 -999.9 -999.9 -999.9 -999.9 -999.9 -999.9 -999.9 3.4 53.8 54.2 56.4 56.4 56.4 -999.9 -999.9 -999.9 -999.9 -999.9 SGB/CPRM_-_Linha_José_Júlio_(82_m) -999.9 -999.9 -999.9 -999.9 -999.9 -999.9 -999.9 -999.9 Brasil SGB/CPRM -999.9 0.2 53.8 3.41 4.5 3.27 1 0.09 4.76 5.19 5.19 5.7
-29.09777 -51.69972 86472000 2026-09-11_15:45 -999.9 -999.9 -999.9 -999.9 -999.9 -999.9 -999.9 -999.9 -999.9 -999.9 -999.9 -999.9 -999.9 -999.9 -999.9 -999.9 1.6 54.0 54.4 56.6 56.6 56.6 -999.9 -999.9 -999.9 -999.9 -999.9 SGB/CPRM_-_Linha_José_Júlio_(82_m) -999.9 -999.9 -999.9 -999.9 -999.9 -999.9 -999.9 -999.9 Brasil SGB/CPRM -999.9 0.2 54.0 3.49 4.5 3.27 1 0.16 4.76 5.19 5.19 5.7
-29.09777 -51.69972 86472000 2026-09-11_16:00 -999.9 -999.9 -999.9 -999.9 -999.9 -999.9 -999.9 -999.9 -999.9 -999.9 -999.9 -999.9 -999.9 -999.9 -999.9 -999.9 0.8 54.0 54.4 56.6 56.6 56.6 -999.9 -999.9 -999.9 -999.9 -999.9 SGB/CPRM_-_Linha_José_Júlio_(82_m) -999.9 -999.9 -999.9 -999.9 -999.9 -999.9 -999.9 -999.9 Brasil SGB/CPRM -999.9 0.0 54.0 3.63 4.5 3.27 1 0.28 4.76 5.19 5.19 5.7
-29.09777 -51.69972 86472000 2026-09-11_16:15 -999.9 -999.9 -999.9 -999.9 -999.9 -999.9 -999.9 -999.9 -999.9 -999.9 -999.9 -999.9 -999.9 -999.9 -999.9 -999.9 0.4 54.0 54.4 56.6 56.6 56.6 -999.9 -999.9 -999.9 -999.9 -999.9 SGB/CPRM_-_Linha_José_Júlio_(82_m) -999.9 -999.9 -999.9 -999.9 -999.9 -999.9 -999.9 -999.9 Brasil SGB/CPRM -999.9 0.0 54.0 3.8 4.5 3.27 1 0.44 4.76 5.19 5.19 5.7
-29.09777 -51.69972 86472000 2026-09-11_16:30 -999.9 -999.9 -999.9 -999.9 -999.9 -999.9 -999.9 -999.9 -999.9 -999.9 -999.9 -999.9 -999.9 -999.9 -999.9 -999.9 0.2 54.0 54.4 56.6 56.6 56.6 -999.9 -999.9 -999.9 -999.9 -999.9 SGB/CPRM_-_Linha_José_Júlio_(82_m) -999.9 -999.9 -999.9 -999.9 -999.9 -999.9 -999.9 -999.9 Brasil SGB/CPRM -999.9 0.0 54.0 3.98 4.5 3.27 1 0.57 4.76 5.19 5.19 5.7
-29.09777 -51.69972 86472000 2026-09-11_16:45 -999.9 -999.9 -999.9 -999.9 -999.9 -999.9 -999.9 -999.9 -999.9 -999.9 -999.9 -999.9 -999.9 -999.9 -999.9 -999.9 0.0 54.0 54.4 56.6 56.6 56.6 -999.9 -999.9 -999.9 -999.9 -999.9 SGB/CPRM_-_Linha_José_Júlio_(82_m) -999.9 -999.9 -999.9 -999.9 -999.9 -999.9 -999.9 -999.9 Brasil SGB/CPRM -999.9 0.0 54.0 4.17 4.5 3.27 1 0.68 4.76 5.19 5.19 5.7
-29.09777 -51.69972 86472000 2026-09-11_17:00 -999.9 -999.9 -999.9 -999.9 -999.9 -999.9 -999.9 -999.9 -999.9 -999.9 -999.9 -999.9 -999.9 -999.9 -999.9 -999.9 0.0 54.0 54.4 56.6 56.6 56.6 -999.9 -999.9 -999.9 -999.9 -999.9 SGB/CPRM_-_Linha_José_Júlio_(82_m) -999.9 -999.9 -999.9 -999.9 -999.9 -999.9 -999.9 -999.9 Brasil SGB/CPRM -999.9 0.0 54.0 4.39 4.5 3.27 1 0.76 4.76 5.19 5.19 5.7
-29.09777 -51.69972 86472000 2026-09-11_17:15 -999.9 -999.9 -999.9 -999.9 -999.9 -999.9 -999.9 -999.9 -999.9 -999.9 -999.9 -999.9 -999.9 -999.9 -999.9 -999.9 0.0 54.0 54.4 56.6 56.6 56.6 -999.9 -999.9 -999.9 -999.9 -999.9 SGB/CPRM_-_Linha_José_Júlio_(82_m) -999.9 -999.9 -999.9 -999.9 -999.9 -999.9 -999.9 -999.9 Brasil SGB/CPRM -999.9 0.0 54.0 4.64 4.64 3.27 1 0.84 4.76 5.19 5.19 5.7
-29.09777 -51.69972 86472000 2026-09-11_17:30 -999.9 -999.9 -999.9 -999.9 -999.9 -999.9 -999.9 -999.9 -999.9 -999.9 -999.9 -999.9 -999.9 -999.9 -999.9 -999.9 0.0 54.0 54.4 56.6 56.6 56.6 -999.9 -999.9 -999.9 -999.9 -999.9 SGB/CPRM_-_Linha_José_Júlio_(82_m) -999.9 -999.9 -999.9 -999.9 -999.9 -999.9 -999.9 -999.9 Brasil SGB/CPRM -999.9 0.0 54.0 4.87 4.87 3.27 1 0.89 4.87 5.19 5.19 5.7
-29.09777 -51.69972 86472000 2026-09-11_17:45 -999.9 -999.9 -999.9 -999.9 -999.9 -999.9 -999.9 -999.9 -999.9 -999.9 -999.9 -999.9 -999.9 -999.9 -999.9 -999.9 0.0 54.0 54.4 56.6 56.6 56.6 -999.9 -999.9 -999.9 -999.9 -999.9 SGB/CPRM_-_Linha_José_Júlio_(82_m) -999.9 -999.9 -999.9 -999.9 -999.9 -999.9 -999.9 -999.9 Brasil SGB/CPRM -999.9 0.0 54.0 5.04 5.04 3.27 1 0.87 5.04 5.19 5.19 5.7
-29.09777 -51.69972 86472000 2026-09-11_18:00 -999.9 -999.9 -999.9 -999.9 -999.9 -999.9 -999.9 -999.9 -999.9 -999.9 -999.9 -999.9 -999.9 -999.9 -999.9 -999.9 0.0 54.0 54.4 56.6 56.6 56.6 -999.9 -999.9 -999.9 -999.9 -999.9 SGB/CPRM_-_Linha_José_Júlio_(82_m) -999.9 -999.9 -999.9 -999.9 -999.9 -999.9 -999.9 -999.9 Brasil SGB/CPRM -999.9 0.0 54.0 5.18 5.18 3.27 1 0.79 5.18 5.19 5.19 5.7
-29.09777 -51.69972 86472000 2026-09-11_18:15 -999.9 -999.9 -999.9 -999.9 -999.9 -999.9 -999.9 -999.9 -999.9 -999.9 -999.9 -999.9 -999.9 -999.9 -999.9 -999.9 0.0 54.0 54.4 56.6 56.6 56.6 -999.9 -999.9 -999.9 -999.9 -999.9 SGB/CPRM_-_Linha_José_Júlio_(82_m) -999.9 -999.9 -999.9 -999.9 -999.9 -999.9 -999.9 -999.9 Brasil SGB/CPRM -999.9 0.0 54.0 5.28 5.28 3.27 1 0.64 5.28 5.28 5.28 5.7
-29.09777 -51.69972 86472000 2026-09-11_18:30 -999.9 -999.9 -999.9 -999.9 -999.9 -999.9 -999.9 -999.9 -999.9 -999.9 -999.9 -999.9 -999.9 -999.9 -999.9 -999.9 0.0 54.0 54.4 56.6 56.6 56.6 -999.9 -999.9 -999.9 -999.9 -999.9 SGB/CPRM_-_Linha_José_Júlio_(82_m) -999.9 -999.9 -999.9 -999.9 -999.9 -999.9 -999.9 -999.9 Brasil SGB/CPRM -999.9 0.0 54.0 5.36 5.36 3.27 1 0.49 5.36 5.36 5.36 5.7
-29.09777 -51.69972 86472000 2026-09-11_18:45 -999.9 -999.9 -999.9 -999.9 -999.9 -999.9 -999.9 -999.9 -999.9 -999.9 -999.9 -999.9 -999.9 -999.9 -999.9 -999.9 0.0 54.0 54.4 56.6 56.6 56.6 -999.9 -999.9 -999.9 -999.9 -999.9 SGB/CPRM_-_Linha_José_Júlio_(82_m) -999.9 -999.9 -999.9 -999.9 -999.9 -999.9 -999.9 -999.9 Brasil SGB/CPRM -999.9 0.0 54.0 5.41 5.41 3.27 1 0.37 5.41 5.41 5.41 5.7
-29.09777 -51.69972 86472000 2026-09-11_19:00 -999.9 -999.9 -999.9 -999.9 -999.9 -999.9 -999.9 -999.9 -999.9 -999.9 -999.9 -999.9 -999.9 -999.9 -999.9 -999.9 0.0 54.0 54.4 56.6 56.6 56.6 -999.9 -999.9 -999.9 -999.9 -999.9 SGB/CPRM_-_Linha_José_Júlio_(82_m) -999.9 -999.9 -999.9 -999.9 -999.9 -999.9 -999.9 -999.9 Brasil SGB/CPRM -999.9 0.0 54.0 5.45 5.45 3.27 1 0.27 5.45 5.45 5.45 5.7
-29.09777 -51.69972 86472000 2026-09-11_19:15 -999.9 -999.9 -999.9 -999.9 -999.9 -999.9 -999.9 -999.9 -999.9 -999.9 -999.9 -999.9 -999.9 -999.9 -999.9 -999.9 0.0 54.0 54.4 56.6 56.6 56.6 -999.9 -999.9 -999.9 -999.9 -999.9 SGB/CPRM_-_Linha_José_Júlio_(82_m) -999.9 -999.9 -999.9 -999.9 -999.9 -999.9 -999.9 -999.9 Brasil SGB/CPRM -999.9 0.0 54.0 5.47 5.47 3.27 1 0.19 5.47 5.47 5.47 5.7
-29.09777 -51.69972 86472000 2026-09-11_19:30 -999.9 -999.9 -999.9 -999.9 -999.9 -999.9 -999.9 -999.9 -999.9 -999.9 -999.9 -999.9 -999.9 -999.9 -999.9 -999.9 0.0 54.0 54.4 56.6 56.6 56.6 -999.9 -999.9 -999.9 -999.9 -999.9 SGB/CPRM_-_Linha_José_Júlio_(82_m) -999.9 -999.9 -999.9 -999.9 -999.9 -999.9 -999.9 -999.9 Brasil SGB/CPRM -999.9 0.0 54.0 5.49 5.49 3.27 1 0.13 5.49 5.49 5.49 5.7
-29.09777 -51.69972 86472000 2026-09-11_19:45 -999.9 -999.9 -999.9 -999.9 -999.9 -999.9 -999.9 -999.9 -999.9 -999.9 -999.9 -999.9 -999.9 -999.9 -999.9 -999.9 0.0 54.0 54.4 56.6 56.6 56.6 -999.9 -999.9 -999.9 -999.9 -999.9 SGB/CPRM_-_Linha_José_Júlio_(82_m) -999.9 -999.9 -999.9 -999.9 -999.9 -999.9 -999.9 -999.9 Brasil SGB/CPRM -999.9 0.0 54.0 5.5 5.5 3.27 1 0.09 5.5 5.5 5.5 5.7
-29.09777 -51.69972 86472000 2026-09-11_20:00 -999.9 -999.9 -999.9 -999.9 -999.9 -999.9 -999.9 -999.9 -999.9 -999.9 -999.9 -999.9 -999.9 -999.9 -999.9 -999.9 0.0 54.0 54.4 56.6 56.6 56.6 -999.9 -999.9 -999.9 -999.9 -999.9 SGB/CPRM_-_Linha_José_Júlio_(82_m) -999.9 -999.9 -999.9 -999.9 -999.9 -999.9 -999.9 -999.9 Brasil SGB/CPRM -999.9 0.0 54.0 5.5 5.5 3.27 1 0.05 5.5 5.5 5.5 5.7
-29.09777 -51.69972 86472000 2026-09-11_20:15 -999.9 -999.9 -999.9 -999.9 -999.9 -999.9 -999.9 -999.9 -999.9 -999.9 -999.9 -999.9 -999.9 -999.9 -999.9 -999.9 0.0 54.0 54.4 56.6 56.6 56.6 -999.9 -999.9 -999.9 -999.9 -999.9 SGB/CPRM_-_Linha_José_Júlio_(82_m) -999.9 -999.9 -999.9 -999.9 -999.9 -999.9 -999.9 -999.9 Brasil SGB/CPRM -999.9 0.0 54.0 5.51 5.51 3.27 1 0.04 5.51 5.51 5.51 5.7
-29.09777 -51.69972 86472000 2026-09-11_20:30 -999.9 -999.9 -999.9 -999.9 -999.9 -999.9 -999.9 -999.9 -999.9 -999.9 -999.9 -999.9 -999.9 -999.9 -999.9 -999.9 0.0 54.0 54.4 56.6 56.6 56.6 -999.9 -999.9 -999.9 -999.9 -999.9 SGB/CPRM_-_Linha_José_Júlio_(82_m) -999.9 -999.9 -999.9 -999.9 -999.9 -999.9 -999.9 -999.9 Brasil SGB/CPRM -999.9 0.0 54.0 5.52 5.52 3.27 1 0.03 5.52 5.52 5.52 5.7
-29.09777 -51.69972 86472000 2026-09-11_20:45 -999.9 -999.9 -999.9 -999.9 -999.9 -999.9 -999.9 -999.9 -999.9 -999.9 -999.9 -999.9 -999.9 -999.9 -999.9 -999.9 0.0 54.0 54.4 56.6 56.6 56.6 -999.9 -999.9 -999.9 -999.9 -999.9 SGB/CPRM_-_Linha_José_Júlio_(82_m) -999.9 -999.9 -999.9 -999.9 -999.9 -999.9 -999.9 -999.9 Brasil SGB/CPRM -999.9 0.0 54.0 5.52 5.52 3.27 1 0.02 5.52 5.52 5.52 5.7
-29.09777 -51.69972 86472000 2026-09-11_21:00 -999.9 -999.9 -999.9 -999.9 -999.9 -999.9 -999.9 -999.9 -999.9 -999.9 -999.9 -999.9 -999.9 -999.9 -999.9 -999.9 0.0 54.0 54.4 56.6 56.6 56.6 -999.9 -999.9 -999.9 -999.9 -999.9 SGB/CPRM_-_Linha_José_Júlio_(82_m) -999.9 -999.9 -999.9 -999.9 -999.9 -999.9 -999.9 -999.9 Brasil SGB/CPRM -999.9 0.0 54.0 5.53 5.53 3.27 1 0.03 5.53 5.53 5.53 5.7
-29.09777 -51.69972 86472000 2026-09-11_21:15 -999.9 -999.9 -999.9 -999.9 -999.9 -999.9 -999.9 -999.9 -999.9 -999.9 -999.9 -999.9 -999.9 -999.9 -999.9 -999.9 0.0 54.0 54.4 56.6 56.6 56.6 -999.9 -999.9 -999.9 -999.9 -999.9 SGB/CPRM_-_Linha_José_Júlio_(82_m) -999.9 -999.9 -999.9 -999.9 -999.9 -999.9 -999.9 -999.9 Brasil SGB/CPRM -999.9 0.0 54.0 5.53 5.53 3.27 1 0.02 5.53 5.53 5.53 5.7
-29.09777 -51.69972 86472000 2026-09-11_21:30 -999.9 -999.9 -999.9 -999.9 -999.9 -999.9 -999.9 -999.9 -999.9 -999.9 -999.9 -999.9 -999.9 -999.9 -999.9 -999.9 0.0 54.0 54.4 56.6 56.6 56.6 -999.9 -999.9 -999.9 -999.9 -999.9 SGB/CPRM_-_Linha_José_Júlio_(82_m) -999.9 -999.9 -999.9 -999.9 -999.9 -999.9 -999.9 -999.9 Brasil SGB/CPRM -999.9 0.0 54.0 5.54 5.54 3.27 1 0.02 5.54 5.54 5.54 5.7
-29.09777 -51.69972 86472000 2026-09-11_21:45 -999.9 -999.9 -999.9 -999.9 -999.9 -999.9 -999.9 -999.9 -999.9 -999.9 -999.9 -999.9 -999.9 -999.9 -999.9 -999.9 0.0 54.0 54.4 56.6 56.6 56.6 -999.9 -999.9 -999.9 -999.9 -999.9 SGB/CPRM_-_Linha_José_Júlio_(82_m) -999.9 -999.9 -999.9 -999.9 -999.9 -999.9 -999.9 -999.9 Brasil SGB/CPRM -999.9 0.0 54.0 5.55 5.55 3.27 1 0.03 5.55 5.55 5.55 5.7
-29.09777 -51.69972 86472000 2026-09-11_22:00 -999.9 -999.9 -999.9 -999.9 -999.9 -999.9 -999.9 -999.9 -999.9 -999.9 -999.9 -999.9 -999.9 -999.9 -999.9 -999.9 0.0 54.0 54.4 56.6 56.6 56.6 -999.9 -999.9 -999.9 -999.9 -999.9 SGB/CPRM_-_Linha_José_Júlio_(82_m) -999.9 -999.9 -999.9 -999.9 -999.9 -999.9 -999.9 -999.9 Brasil SGB/CPRM -999.9 0.0 54.0 5.55 5.55 3.27 1 0.02 5.55 5.55 5.55 5.7
-29.09777 -51.69972 86472000 2026-09-11_22:15 -999.9 -999.9 -999.9 -999.9 -999.9 -999.9 -999.9 -999.9 -999.9 -999.9 -999.9 -999.9 -999.9 -999.9 -999.9 -999.9 0.0 54.0 54.4 56.6 56.6 56.6 -999.9 -999.9 -999.9 -999.9 -999.9 SGB/CPRM_-_Linha_José_Júlio_(82_m) -999.9 -999.9 -999.9 -999.9 -999.9 -999.9 -999.9 -999.9 Brasil SGB/CPRM -999.9 0.0 54.0 5.57 5.57 3.27 1 0.04 5.57 5.57 5.57 5.7
-29.09777 -51.69972 86472000 2026-09-11_22:30 -999.9 -999.9 -999.9 -999.9 -999.9 -999.9 -999.9 -999.9 -999.9 -999.9 -999.9 -999.9 -999.9 -999.9 -999.9 -999.9 0.0 54.0 54.4 56.6 56.6 56.6 -999.9 -999.9 -999.9 -999.9 -999.9 SGB/CPRM_-_Linha_José_Júlio_(82_m) -999.9 -999.9 -999.9 -999.9 -999.9 -999.9 -999.9 -999.9 Brasil SGB/CPRM -999.9 0.0 54.0 5.61 5.61 3.27 1 0.07 5.61 5.61 5.61 5.7
-29.09777 -51.69972 86472000 2026-09-11_22:45 -999.9 -999.9 -999.9 -999.9 -999.9 -999.9 -999.9 -999.9 -999.9 -999.9 -999.9 -999.9 -999.9 -999.9 -999.9 -999.9 0.0 54.0 54.4 56.6 56.6 56.6 -999.9 -999.9 -999.9 -999.9 -999.9 SGB/CPRM_-_Linha_José_Júlio_(82_m) -999.9 -999.9 -999.9 -999.9 -999.9 -999.9 -999.9 -999.9 Brasil SGB/CPRM -999.9 0.0 54.0 5.67 5.67 3.27 1 0.12 5.67 5.67 5.67 5.7
-29.09777 -51.69972 86472000 2026-09-11_23:00 -999.9 -999.9 -999.9 -999.9 -999.9 -999.9 -999.9 -999.9 -999.9 -999.9 -999.9 -999.9 -999.9 -999.9 -999.9 -999.9 0.0 54.0 54.4 56.6 56.6 56.6 -999.9 -999.9 -999.9 -999.9 -999.9 SGB/CPRM_-_Linha_José_Júlio_(82_m) -999.9 -999.9 -999.9 -999.9 -999.9 -999.9 -999.9 -999.9 Brasil SGB/CPRM -999.9 0.0 54.0 5.75 5.75 3.27 1 0.2 5.75 5.75 5.75 5.75
-29.09777 -51.69972 86472000 2026-09-11_23:15 -999.9 -999.9 -999.9 -999.9 -999.9 -999.9 -999.9 -999.9 -999.9 -999.9 -999.9 -999.9 -999.9 -999.9 -999.9 -999.9 0.2 54.2 54.6 56.8 56.8 56.8 -999.9 -999.9 -999.9 -999.9 -999.9 SGB/CPRM_-_Linha_José_Júlio_(82_m) -999.9 -999.9 -999.9 -999.9 -999.9 -999.9 -999.9 -999.9 Brasil SGB/CPRM -999.9 0.2 54.2 5.82 5.82 3.27 1 0.25 5.82 5.82 5.82 5.82
-29.09777 -51.69972 86472000 2026-09-11_23:30 -999.9 -999.9 -999.9 -999.9 -999.9 -999.9 -999.9 -999.9 -999.9 -999.9 -999.9 -999.9 -999.9 -999.9 -999.9 -999.9 0.4 54.4 54.8 57.0 57.0 57.0 -999.9 -999.9 -999.9 -999.9 -999.9 SGB/CPRM_-_Linha_José_Júlio_(82_m) -999.9 -999.9 -999.9 -999.9 -999.9 -999.9 -999.9 -999.9 Brasil SGB/CPRM -999.9 0.2 54.4 5.88 5.88 3.27 1 0.27 5.88 5.88 5.88 5.88
-29.09777 -51.69972 86472000 2026-09-11_23:45 -999.9 -999.9 -999.9 -999.9 -999.9 -999.9 -999.9 -999.9 -999.9 -999.9 -999.9 -999.9 -999.9 -999.9 -999.9 -999.9 0.4 54.4 54.8 57.0 57.0 57.0 -999.9 -999.9 -999.9 -999.9 -999.9 SGB/CPRM_-_Linha_José_Júlio_(82_m) -999.9 -999.9 -999.9 -999.9 -999.9 -999.9 -999.9 -999.9 Brasil SGB/CPRM -999.9 0.0 54.4 5.93 5.93 3.27 1 0.26 5.93 5.93 5.93 5.93
