-29.16611 -51.68472 16927 2026-08-12_00:10 -999.9 -999.9 -999.9 -999.9 -999.9 -999.9 -999.9 -999.9 -999.9 -999.9 -999.9 -999.9 -999.9 -999.9 -999.9 -999.9 -999.9 0.0 2.0 2.2 2.6 3.4 -999.9 -999.9 -999.9 -999.9 -999.9 CEMADEN_-_Santa_Tereza_-_G2-431725101A_(239_m) -999.9 -999.9 -999.9 -999.9 -999.9 -999.9 -999.9 -999.9 Rio_Grande_do_Sul CEMADEN -999.9 0.0 -999.9
-29.16611 -51.68472 16927 2026-08-12_00:30 -999.9 -999.9 -999.9 -999.9 -999.9 -999.9 -999.9 -999.9 -999.9 -999.9 -999.9 -999.9 -999.9 -999.9 -999.9 -999.9 0.2 0.2 2.2 2.4 2.8 3.6 -999.9 -999.9 -999.9 -999.9 -999.9 CEMADEN_-_Santa_Tereza_-_G2-431725101A_(239_m) -999.9 -999.9 -999.9 -999.9 -999.9 -999.9 -999.9 -999.9 Rio_Grande_do_Sul CEMADEN -999.9 0.2 -999.9
-29.16611 -51.68472 16927 2026-08-12_01:00 -999.9 -999.9 -999.9 -999.9 -999.9 -999.9 -999.9 -999.9 -999.9 -999.9 -999.9 -999.9 -999.9 -999.9 -999.9 -999.9 0.2 0.4 2.4 2.6 3.0 3.8 -999.9 -999.9 -999.9 -999.9 -999.9 CEMADEN_-_Santa_Tereza_-_G2-431725101A_(239_m) -999.9 -999.9 -999.9 -999.9 -999.9 -999.9 -999.9 -999.9 Rio_Grande_do_Sul CEMADEN -999.9 0.2 -999.9
-29.16611 -51.68472 16927 2026-08-12_01:30 -999.9 -999.9 -999.9 -999.9 -999.9 -999.9 -999.9 -999.9 -999.9 -999.9 -999.9 -999.9 -999.9 -999.9 -999.9 -999.9 0.2 0.6 2.6 2.8 3.2 4.0 -999.9 -999.9 -999.9 -999.9 -999.9 CEMADEN_-_Santa_Tereza_-_G2-431725101A_(239_m) -999.9 -999.9 -999.9 -999.9 -999.9 -999.9 -999.9 -999.9 Rio_Grande_do_Sul CEMADEN -999.9 0.2 -999.9
-29.16611 -51.68472 16927 2026-08-12_02:10 -999.9 -999.9 -999.9 -999.9 -999.9 -999.9 -999.9 -999.9 -999.9 -999.9 -999.9 -999.9 -999.9 -999.9 -999.9 -999.9 0.2 0.8 2.8 3.0 3.4 4.2 -999.9 -999.9 -999.9 -999.9 -999.9 CEMADEN_-_Santa_Tereza_-_G2-431725101A_(239_m) -999.9 -999.9 -999.9 -999.9 -999.9 -999.9 -999.9 -999.9 Rio_Grande_do_Sul CEMADEN -999.9 0.2 -999.9
-29.16611 -51.68472 16927 2026-08-12_03:00 -999.9 -999.9 -999.9 -999.9 -999.9 -999.9 -999.9 -999.9 -999.9 -999.9 -999.9 -999.9 -999.9 -999.9 -999.9 -999.9 0.2 1.0 3.0 3.2 3.6 4.4 -999.9 -999.9 -999.9 -999.9 -999.9 CEMADEN_-_Santa_Tereza_-_G2-431725101A_(239_m) -999.9 -999.9 -999.9 -999.9 -999.9 -999.9 -999.9 -999.9 Rio_Grande_do_Sul CEMADEN -999.9 0.2 -999.9
-29.16611 -51.68472 16927 2026-08-12_03:20 -999.9 -999.9 -999.9 -999.9 -999.9 -999.9 -999.9 -999.9 -999.9 -999.9 -999.9 -999.9 -999.9 -999.9 -999.9 -999.9 0.4 1.2 3.2 3.4 3.8 4.6 -999.9 -999.9 -999.9 -999.9 -999.9 CEMADEN_-_Santa_Tereza_-_G2-431725101A_(239_m) -999.9 -999.9 -999.9 -999.9 -999.9 -999.9 -999.9 -999.9 Rio_Grande_do_Sul CEMADEN -999.9 0.2 -999.9
-29.16611 -51.68472 16927 2026-08-12_03:40 -999.9 -999.9 -999.9 -999.9 -999.9 -999.9 -999.9 -999.9 -999.9 -999.9 -999.9 -999.9 -999.9 -999.9 -999.9 -999.9 0.6 1.4 3.4 3.4 4.0 4.8 -999.9 -999.9 -999.9 -999.9 -999.9 CEMADEN_-_Santa_Tereza_-_G2-431725101A_(239_m) -999.9 -999.9 -999.9 -999.9 -999.9 -999.9 -999.9 -999.9 Rio_Grande_do_Sul CEMADEN -999.9 0.2 -999.9
-29.16611 -51.68472 16927 2026-08-12_03:50 -999.9 -999.9 -999.9 -999.9 -999.9 -999.9 -999.9 -999.9 -999.9 -999.9 -999.9 -999.9 -999.9 -999.9 -999.9 -999.9 0.6 1.6 3.6 3.6 4.2 5.0 -999.9 -999.9 -999.9 -999.9 -999.9 CEMADEN_-_Santa_Tereza_-_G2-431725101A_(239_m) -999.9 -999.9 -999.9 -999.9 -999.9 -999.9 -999.9 -999.9 Rio_Grande_do_Sul CEMADEN -999.9 0.2 -999.9
-29.16611 -51.68472 16927 2026-08-12_04:10 -999.9 -999.9 -999.9 -999.9 -999.9 -999.9 -999.9 -999.9 -999.9 -999.9 -999.9 -999.9 -999.9 -999.9 -999.9 -999.9 1.0 2.0 4.0 4.0 4.6 5.4 -999.9 -999.9 -999.9 -999.9 -999.9 CEMADEN_-_Santa_Tereza_-_G2-431725101A_(239_m) -999.9 -999.9 -999.9 -999.9 -999.9 -999.9 -999.9 -999.9 Rio_Grande_do_Sul CEMADEN -999.9 0.4 -999.9
-29.16611 -51.68472 16927 2026-08-12_04:20 -999.9 -999.9 -999.9 -999.9 -999.9 -999.9 -999.9 -999.9 -999.9 -999.9 -999.9 -999.9 -999.9 -999.9 -999.9 -999.9 1.0 2.2 4.2 4.2 4.8 5.6 -999.9 -999.9 -999.9 -999.9 -999.9 CEMADEN_-_Santa_Tereza_-_G2-431725101A_(239_m) -999.9 -999.9 -999.9 -999.9 -999.9 -999.9 -999.9 -999.9 Rio_Grande_do_Sul CEMADEN -999.9 0.2 -999.9
-29.16611 -51.68472 16927 2026-08-12_04:40 -999.9 -999.9 -999.9 -999.9 -999.9 -999.9 -999.9 -999.9 -999.9 -999.9 -999.9 -999.9 -999.9 -999.9 -999.9 -999.9 1.8 3.4 5.4 5.4 6.0 6.8 -999.9 -999.9 -999.9 -999.9 -999.9 CEMADEN_-_Santa_Tereza_-_G2-431725101A_(239_m) -999.9 -999.9 -999.9 -999.9 -999.9 -999.9 -999.9 -999.9 Rio_Grande_do_Sul CEMADEN -999.9 1.2 -999.9
-29.16611 -51.68472 16927 2026-08-12_04:50 -999.9 -999.9 -999.9 -999.9 -999.9 -999.9 -999.9 -999.9 -999.9 -999.9 -999.9 -999.9 -999.9 -999.9 -999.9 -999.9 2.0 3.8 5.8 5.8 6.4 7.2 -999.9 -999.9 -999.9 -999.9 -999.9 CEMADEN_-_Santa_Tereza_-_G2-431725101A_(239_m) -999.9 -999.9 -999.9 -999.9 -999.9 -999.9 -999.9 -999.9 Rio_Grande_do_Sul CEMADEN -999.9 0.4 -999.9
-29.16611 -51.68472 16927 2026-08-12_05:00 -999.9 -999.9 -999.9 -999.9 -999.9 -999.9 -999.9 -999.9 -999.9 -999.9 -999.9 -999.9 -999.9 -999.9 -999.9 -999.9 2.4 4.4 6.4 6.4 7.0 7.8 -999.9 -999.9 -999.9 -999.9 -999.9 CEMADEN_-_Santa_Tereza_-_G2-431725101A_(239_m) -999.9 -999.9 -999.9 -999.9 -999.9 -999.9 -999.9 -999.9 Rio_Grande_do_Sul CEMADEN -999.9 0.6 -999.9
-29.16611 -51.68472 16927 2026-08-12_05:10 -999.9 -999.9 -999.9 -999.9 -999.9 -999.9 -999.9 -999.9 -999.9 -999.9 -999.9 -999.9 -999.9 -999.9 -999.9 -999.9 2.6 4.8 6.8 6.8 7.4 8.2 -999.9 -999.9 -999.9 -999.9 -999.9 CEMADEN_-_Santa_Tereza_-_G2-431725101A_(239_m) -999.9 -999.9 -999.9 -999.9 -999.9 -999.9 -999.9 -999.9 Rio_Grande_do_Sul CEMADEN -999.9 0.4 -999.9
-29.16611 -51.68472 16927 2026-08-12_05:20 -999.9 -999.9 -999.9 -999.9 -999.9 -999.9 -999.9 -999.9 -999.9 -999.9 -999.9 -999.9 -999.9 -999.9 -999.9 -999.9 2.2 5.0 7.0 7.0 7.6 8.4 -999.9 -999.9 -999.9 -999.9 -999.9 CEMADEN_-_Santa_Tereza_-_G2-431725101A_(239_m) -999.9 -999.9 -999.9 -999.9 -999.9 -999.9 -999.9 -999.9 Rio_Grande_do_Sul CEMADEN -999.9 0.2 -999.9
-29.16611 -51.68472 16927 2026-08-12_05:30 -999.9 -999.9 -999.9 -999.9 -999.9 -999.9 -999.9 -999.9 -999.9 -999.9 -999.9 -999.9 -999.9 -999.9 -999.9 -999.9 2.8 5.6 7.6 7.6 8.2 9.0 -999.9 -999.9 -999.9 -999.9 -999.9 CEMADEN_-_Santa_Tereza_-_G2-431725101A_(239_m) -999.9 -999.9 -999.9 -999.9 -999.9 -999.9 -999.9 -999.9 Rio_Grande_do_Sul CEMADEN -999.9 0.6 -999.9
-29.16611 -51.68472 16927 2026-08-12_05:40 -999.9 -999.9 -999.9 -999.9 -999.9 -999.9 -999.9 -999.9 -999.9 -999.9 -999.9 -999.9 -999.9 -999.9 -999.9 -999.9 2.4 6.2 8.2 8.2 8.8 9.6 -999.9 -999.9 -999.9 -999.9 -999.9 CEMADEN_-_Santa_Tereza_-_G2-431725101A_(239_m) -999.9 -999.9 -999.9 -999.9 -999.9 -999.9 -999.9 -999.9 Rio_Grande_do_Sul CEMADEN -999.9 0.6 -999.9
-29.16611 -51.68472 16927 2026-08-12_05:50 -999.9 -999.9 -999.9 -999.9 -999.9 -999.9 -999.9 -999.9 -999.9 -999.9 -999.9 -999.9 -999.9 -999.9 -999.9 -999.9 2.2 6.6 8.6 8.6 9.2 10.0 -999.9 -999.9 -999.9 -999.9 -999.9 CEMADEN_-_Santa_Tereza_-_G2-431725101A_(239_m) -999.9 -999.9 -999.9 -999.9 -999.9 -999.9 -999.9 -999.9 Rio_Grande_do_Sul CEMADEN -999.9 0.4 -999.9
-29.16611 -51.68472 16927 2026-08-12_06:00 -999.9 -999.9 -999.9 -999.9 -999.9 -999.9 -999.9 -999.9 -999.9 -999.9 -999.9 -999.9 -999.9 -999.9 -999.9 -999.9 2.8 7.2 9.2 9.2 9.8 10.6 -999.9 -999.9 -999.9 -999.9 -999.9 CEMADEN_-_Santa_Tereza_-_G2-431725101A_(239_m) -999.9 -999.9 -999.9 -999.9 -999.9 -999.9 -999.9 -999.9 Rio_Grande_do_Sul CEMADEN -999.9 0.6 -999.9
-29.16611 -51.68472 16927 2026-08-12_06:20 -999.9 -999.9 -999.9 -999.9 -999.9 -999.9 -999.9 -999.9 -999.9 -999.9 -999.9 -999.9 -999.9 -999.9 -999.9 -999.9 2.6 8.2 10.2 10.2 10.8 11.6 -999.9 -999.9 -999.9 -999.9 -999.9 CEMADEN_-_Santa_Tereza_-_G2-431725101A_(239_m) -999.9 -999.9 -999.9 -999.9 -999.9 -999.9 -999.9 -999.9 Rio_Grande_do_Sul CEMADEN -999.9 1.0 -999.9
-29.16611 -51.68472 16927 2026-08-12_06:30 -999.9 -999.9 -999.9 -999.9 -999.9 -999.9 -999.9 -999.9 -999.9 -999.9 -999.9 -999.9 -999.9 -999.9 -999.9 -999.9 3.0 8.6 10.6 10.6 11.2 12.0 -999.9 -999.9 -999.9 -999.9 -999.9 CEMADEN_-_Santa_Tereza_-_G2-431725101A_(239_m) -999.9 -999.9 -999.9 -999.9 -999.9 -999.9 -999.9 -999.9 Rio_Grande_do_Sul CEMADEN -999.9 0.4 -999.9
-29.16611 -51.68472 16927 2026-08-12_06:50 -999.9 -999.9 -999.9 -999.9 -999.9 -999.9 -999.9 -999.9 -999.9 -999.9 -999.9 -999.9 -999.9 -999.9 -999.9 -999.9 2.6 9.2 11.2 11.2 11.8 12.6 -999.9 -999.9 -999.9 -999.9 -999.9 CEMADEN_-_Santa_Tereza_-_G2-431725101A_(239_m) -999.9 -999.9 -999.9 -999.9 -999.9 -999.9 -999.9 -999.9 Rio_Grande_do_Sul CEMADEN -999.9 0.6 -999.9
-29.16611 -51.68472 16927 2026-08-12_07:00 -999.9 -999.9 -999.9 -999.9 -999.9 -999.9 -999.9 -999.9 -999.9 -999.9 -999.9 -999.9 -999.9 -999.9 -999.9 -999.9 4.6 12.2 14.2 14.2 14.8 15.6 -999.9 -999.9 -999.9 -999.9 -999.9 CEMADEN_-_Santa_Tereza_-_G2-431725101A_(239_m) -999.9 -999.9 -999.9 -999.9 -999.9 -999.9 -999.9 -999.9 Rio_Grande_do_Sul CEMADEN -999.9 3.0 -999.9
-29.16611 -51.68472 16927 2026-08-12_07:10 -999.9 -999.9 -999.9 -999.9 -999.9 -999.9 -999.9 -999.9 -999.9 -999.9 -999.9 -999.9 -999.9 -999.9 -999.9 -999.9 5.2 13.4 15.4 15.4 16.0 16.8 -999.9 -999.9 -999.9 -999.9 -999.9 CEMADEN_-_Santa_Tereza_-_G2-431725101A_(239_m) -999.9 -999.9 -999.9 -999.9 -999.9 -999.9 -999.9 -999.9 Rio_Grande_do_Sul CEMADEN -999.9 1.2 -999.9
-29.16611 -51.68472 16927 2026-08-12_07:30 -999.9 -999.9 -999.9 -999.9 -999.9 -999.9 -999.9 -999.9 -999.9 -999.9 -999.9 -999.9 -999.9 -999.9 -999.9 -999.9 5.4 14.0 16.0 16.0 16.6 17.4 -999.9 -999.9 -999.9 -999.9 -999.9 CEMADEN_-_Santa_Tereza_-_G2-431725101A_(239_m) -999.9 -999.9 -999.9 -999.9 -999.9 -999.9 -999.9 -999.9 Rio_Grande_do_Sul CEMADEN -999.9 0.6 -999.9
-29.16611 -51.68472 16927 2026-08-12_07:40 -999.9 -999.9 -999.9 -999.9 -999.9 -999.9 -999.9 -999.9 -999.9 -999.9 -999.9 -999.9 -999.9 -999.9 -999.9 -999.9 4.2 15.6 17.6 17.6 18.2 19.0 -999.9 -999.9 -999.9 -999.9 -999.9 CEMADEN_-_Santa_Tereza_-_G2-431725101A_(239_m) -999.9 -999.9 -999.9 -999.9 -999.9 -999.9 -999.9 -999.9 Rio_Grande_do_Sul CEMADEN -999.9 1.6 -999.9
-29.16611 -51.68472 16927 2026-08-12_07:50 -999.9 -999.9 -999.9 -999.9 -999.9 -999.9 -999.9 -999.9 -999.9 -999.9 -999.9 -999.9 -999.9 -999.9 -999.9 -999.9 3.6 15.8 17.8 17.8 18.4 19.2 -999.9 -999.9 -999.9 -999.9 -999.9 CEMADEN_-_Santa_Tereza_-_G2-431725101A_(239_m) -999.9 -999.9 -999.9 -999.9 -999.9 -999.9 -999.9 -999.9 Rio_Grande_do_Sul CEMADEN -999.9 0.2 -999.9
-29.16611 -51.68472 16927 2026-08-12_08:10 -999.9 -999.9 -999.9 -999.9 -999.9 -999.9 -999.9 -999.9 -999.9 -999.9 -999.9 -999.9 -999.9 -999.9 -999.9 -999.9 2.8 16.6 18.6 18.6 19.2 20.0 -999.9 -999.9 -999.9 -999.9 -999.9 CEMADEN_-_Santa_Tereza_-_G2-431725101A_(239_m) -999.9 -999.9 -999.9 -999.9 -999.9 -999.9 -999.9 -999.9 Rio_Grande_do_Sul CEMADEN -999.9 0.8 -999.9
-29.16611 -51.68472 16927 2026-08-12_08:30 -999.9 -999.9 -999.9 -999.9 -999.9 -999.9 -999.9 -999.9 -999.9 -999.9 -999.9 -999.9 -999.9 -999.9 -999.9 -999.9 2.8 18.4 20.4 20.4 21.0 21.8 -999.9 -999.9 -999.9 -999.9 -999.9 CEMADEN_-_Santa_Tereza_-_G2-431725101A_(239_m) -999.9 -999.9 -999.9 -999.9 -999.9 -999.9 -999.9 -999.9 Rio_Grande_do_Sul CEMADEN -999.9 1.8 -999.9
-29.16611 -51.68472 16927 2026-08-12_08:40 -999.9 -999.9 -999.9 -999.9 -999.9 -999.9 -999.9 -999.9 -999.9 -999.9 -999.9 -999.9 -999.9 -999.9 -999.9 -999.9 3.4 19.2 21.2 21.2 21.8 22.6 -999.9 -999.9 -999.9 -999.9 -999.9 CEMADEN_-_Santa_Tereza_-_G2-431725101A_(239_m) -999.9 -999.9 -999.9 -999.9 -999.9 -999.9 -999.9 -999.9 Rio_Grande_do_Sul CEMADEN -999.9 0.8 -999.9
-29.16611 -51.68472 16927 2026-08-12_08:50 -999.9 -999.9 -999.9 -999.9 -999.9 -999.9 -999.9 -999.9 -999.9 -999.9 -999.9 -999.9 -999.9 -999.9 -999.9 -999.9 4.0 20.0 22.0 22.0 22.6 23.4 -999.9 -999.9 -999.9 -999.9 -999.9 CEMADEN_-_Santa_Tereza_-_G2-431725101A_(239_m) -999.9 -999.9 -999.9 -999.9 -999.9 -999.9 -999.9 -999.9 Rio_Grande_do_Sul CEMADEN -999.9 0.8 -999.9
-29.16611 -51.68472 16927 2026-08-12_09:10 -999.9 -999.9 -999.9 -999.9 -999.9 -999.9 -999.9 -999.9 -999.9 -999.9 -999.9 -999.9 -999.9 -999.9 -999.9 -999.9 4.8 22.0 24.0 24.0 24.6 25.4 -999.9 -999.9 -999.9 -999.9 -999.9 CEMADEN_-_Santa_Tereza_-_G2-431725101A_(239_m) -999.9 -999.9 -999.9 -999.9 -999.9 -999.9 -999.9 -999.9 Rio_Grande_do_Sul CEMADEN -999.9 2.0 -999.9
-29.16611 -51.68472 16927 2026-08-12_09:30 -999.9 -999.9 -999.9 -999.9 -999.9 -999.9 -999.9 -999.9 -999.9 -999.9 -999.9 -999.9 -999.9 -999.9 -999.9 -999.9 4.8 24.0 26.0 26.0 26.6 27.4 -999.9 -999.9 -999.9 -999.9 -999.9 CEMADEN_-_Santa_Tereza_-_G2-431725101A_(239_m) -999.9 -999.9 -999.9 -999.9 -999.9 -999.9 -999.9 -999.9 Rio_Grande_do_Sul CEMADEN -999.9 2.0 -999.9
-29.16611 -51.68472 16927 2026-08-12_09:40 -999.9 -999.9 -999.9 -999.9 -999.9 -999.9 -999.9 -999.9 -999.9 -999.9 -999.9 -999.9 -999.9 -999.9 -999.9 -999.9 4.6 24.6 26.6 26.6 27.2 28.0 -999.9 -999.9 -999.9 -999.9 -999.9 CEMADEN_-_Santa_Tereza_-_G2-431725101A_(239_m) -999.9 -999.9 -999.9 -999.9 -999.9 -999.9 -999.9 -999.9 Rio_Grande_do_Sul CEMADEN -999.9 0.6 -999.9
-29.16611 -51.68472 16927 2026-08-12_09:50 -999.9 -999.9 -999.9 -999.9 -999.9 -999.9 -999.9 -999.9 -999.9 -999.9 -999.9 -999.9 -999.9 -999.9 -999.9 -999.9 4.4 25.2 27.2 27.2 27.8 28.6 -999.9 -999.9 -999.9 -999.9 -999.9 CEMADEN_-_Santa_Tereza_-_G2-431725101A_(239_m) -999.9 -999.9 -999.9 -999.9 -999.9 -999.9 -999.9 -999.9 Rio_Grande_do_Sul CEMADEN -999.9 0.6 -999.9
-29.16611 -51.68472 16927 2026-08-12_10:00 -999.9 -999.9 -999.9 -999.9 -999.9 -999.9 -999.9 -999.9 -999.9 -999.9 -999.9 -999.9 -999.9 -999.9 -999.9 -999.9 5.2 26.0 28.0 28.0 28.6 29.4 -999.9 -999.9 -999.9 -999.9 -999.9 CEMADEN_-_Santa_Tereza_-_G2-431725101A_(239_m) -999.9 -999.9 -999.9 -999.9 -999.9 -999.9 -999.9 -999.9 Rio_Grande_do_Sul CEMADEN -999.9 0.8 -999.9
-29.16611 -51.68472 16927 2026-08-12_10:10 -999.9 -999.9 -999.9 -999.9 -999.9 -999.9 -999.9 -999.9 -999.9 -999.9 -999.9 -999.9 -999.9 -999.9 -999.9 -999.9 3.4 26.4 28.4 28.4 29.0 29.8 -999.9 -999.9 -999.9 -999.9 -999.9 CEMADEN_-_Santa_Tereza_-_G2-431725101A_(239_m) -999.9 -999.9 -999.9 -999.9 -999.9 -999.9 -999.9 -999.9 Rio_Grande_do_Sul CEMADEN -999.9 0.4 -999.9
-29.16611 -51.68472 16927 2026-08-12_10:20 -999.9 -999.9 -999.9 -999.9 -999.9 -999.9 -999.9 -999.9 -999.9 -999.9 -999.9 -999.9 -999.9 -999.9 -999.9 -999.9 2.6 26.6 28.6 28.6 29.2 30.0 -999.9 -999.9 -999.9 -999.9 -999.9 CEMADEN_-_Santa_Tereza_-_G2-431725101A_(239_m) -999.9 -999.9 -999.9 -999.9 -999.9 -999.9 -999.9 -999.9 Rio_Grande_do_Sul CEMADEN -999.9 0.2 -999.9
-29.16611 -51.68472 16927 2026-08-12_10:30 -999.9 -999.9 -999.9 -999.9 -999.9 -999.9 -999.9 -999.9 -999.9 -999.9 -999.9 -999.9 -999.9 -999.9 -999.9 -999.9 2.8 26.8 28.8 28.8 29.4 30.2 -999.9 -999.9 -999.9 -999.9 -999.9 CEMADEN_-_Santa_Tereza_-_G2-431725101A_(239_m) -999.9 -999.9 -999.9 -999.9 -999.9 -999.9 -999.9 -999.9 Rio_Grande_do_Sul CEMADEN -999.9 0.2 -999.9
-29.16611 -51.68472 16927 2026-08-12_10:40 -999.9 -999.9 -999.9 -999.9 -999.9 -999.9 -999.9 -999.9 -999.9 -999.9 -999.9 -999.9 -999.9 -999.9 -999.9 -999.9 2.0 27.2 29.2 29.2 29.8 30.6 -999.9 -999.9 -999.9 -999.9 -999.9 CEMADEN_-_Santa_Tereza_-_G2-431725101A_(239_m) -999.9 -999.9 -999.9 -999.9 -999.9 -999.9 -999.9 -999.9 Rio_Grande_do_Sul CEMADEN -999.9 0.4 -999.9
-29.16611 -51.68472 16927 2026-08-12_10:50 -999.9 -999.9 -999.9 -999.9 -999.9 -999.9 -999.9 -999.9 -999.9 -999.9 -999.9 -999.9 -999.9 -999.9 -999.9 -999.9 2.0 28.0 30.0 30.0 30.6 31.4 -999.9 -999.9 -999.9 -999.9 -999.9 CEMADEN_-_Santa_Tereza_-_G2-431725101A_(239_m) -999.9 -999.9 -999.9 -999.9 -999.9 -999.9 -999.9 -999.9 Rio_Grande_do_Sul CEMADEN -999.9 0.8 -999.9
-29.16611 -51.68472 16927 2026-08-12_11:10 -999.9 -999.9 -999.9 -999.9 -999.9 -999.9 -999.9 -999.9 -999.9 -999.9 -999.9 -999.9 -999.9 -999.9 -999.9 -999.9 1.6 28.2 30.2 30.2 30.8 31.6 -999.9 -999.9 -999.9 -999.9 -999.9 CEMADEN_-_Santa_Tereza_-_G2-431725101A_(239_m) -999.9 -999.9 -999.9 -999.9 -999.9 -999.9 -999.9 -999.9 Rio_Grande_do_Sul CEMADEN -999.9 0.2 -999.9
-29.16611 -51.68472 16927 2026-08-12_11:20 -999.9 -999.9 -999.9 -999.9 -999.9 -999.9 -999.9 -999.9 -999.9 -999.9 -999.9 -999.9 -999.9 -999.9 -999.9 -999.9 1.6 28.4 30.4 30.4 31.0 31.8 -999.9 -999.9 -999.9 -999.9 -999.9 CEMADEN_-_Santa_Tereza_-_G2-431725101A_(239_m) -999.9 -999.9 -999.9 -999.9 -999.9 -999.9 -999.9 -999.9 Rio_Grande_do_Sul CEMADEN -999.9 0.2 -999.9
-29.16611 -51.68472 16927 2026-08-12_11:40 -999.9 -999.9 -999.9 -999.9 -999.9 -999.9 -999.9 -999.9 -999.9 -999.9 -999.9 -999.9 -999.9 -999.9 -999.9 -999.9 1.2 29.2 31.2 31.2 31.8 32.6 -999.9 -999.9 -999.9 -999.9 -999.9 CEMADEN_-_Santa_Tereza_-_G2-431725101A_(239_m) -999.9 -999.9 -999.9 -999.9 -999.9 -999.9 -999.9 -999.9 Rio_Grande_do_Sul CEMADEN -999.9 0.8 -999.9
-29.16611 -51.68472 16927 2026-08-12_11:50 -999.9 -999.9 -999.9 -999.9 -999.9 -999.9 -999.9 -999.9 -999.9 -999.9 -999.9 -999.9 -999.9 -999.9 -999.9 -999.9 1.6 29.6 31.6 31.6 32.2 33.0 -999.9 -999.9 -999.9 -999.9 -999.9 CEMADEN_-_Santa_Tereza_-_G2-431725101A_(239_m) -999.9 -999.9 -999.9 -999.9 -999.9 -999.9 -999.9 -999.9 Rio_Grande_do_Sul CEMADEN -999.9 0.4 -999.9
-29.16611 -51.68472 16927 2026-08-12_12:00 -999.9 -999.9 -999.9 -999.9 -999.9 -999.9 -999.9 -999.9 -999.9 -999.9 -999.9 -999.9 -999.9 -999.9 -999.9 -999.9 2.2 30.2 32.2 32.2 32.8 33.6 -999.9 -999.9 -999.9 -999.9 -999.9 CEMADEN_-_Santa_Tereza_-_G2-431725101A_(239_m) -999.9 -999.9 -999.9 -999.9 -999.9 -999.9 -999.9 -999.9 Rio_Grande_do_Sul CEMADEN -999.9 0.6 -999.9
-29.16611 -51.68472 16927 2026-08-12_12:10 -999.9 -999.9 -999.9 -999.9 -999.9 -999.9 -999.9 -999.9 -999.9 -999.9 -999.9 -999.9 -999.9 -999.9 -999.9 -999.9 2.0 30.4 32.4 32.4 33.0 33.8 -999.9 -999.9 -999.9 -999.9 -999.9 CEMADEN_-_Santa_Tereza_-_G2-431725101A_(239_m) -999.9 -999.9 -999.9 -999.9 -999.9 -999.9 -999.9 -999.9 Rio_Grande_do_Sul CEMADEN -999.9 0.2 -999.9
-29.16611 -51.68472 16927 2026-08-12_12:20 -999.9 -999.9 -999.9 -999.9 -999.9 -999.9 -999.9 -999.9 -999.9 -999.9 -999.9 -999.9 -999.9 -999.9 -999.9 -999.9 2.0 30.6 32.6 32.6 33.2 34.0 -999.9 -999.9 -999.9 -999.9 -999.9 CEMADEN_-_Santa_Tereza_-_G2-431725101A_(239_m) -999.9 -999.9 -999.9 -999.9 -999.9 -999.9 -999.9 -999.9 Rio_Grande_do_Sul CEMADEN -999.9 0.2 -999.9
-29.16611 -51.68472 16927 2026-08-12_12:30 -999.9 -999.9 -999.9 -999.9 -999.9 -999.9 -999.9 -999.9 -999.9 -999.9 -999.9 -999.9 -999.9 -999.9 -999.9 -999.9 2.2 30.8 32.8 32.8 33.4 34.2 -999.9 -999.9 -999.9 -999.9 -999.9 CEMADEN_-_Santa_Tereza_-_G2-431725101A_(239_m) -999.9 -999.9 -999.9 -999.9 -999.9 -999.9 -999.9 -999.9 Rio_Grande_do_Sul CEMADEN -999.9 0.2 -999.9
-29.16611 -51.68472 16927 2026-08-12_12:40 -999.9 -999.9 -999.9 -999.9 -999.9 -999.9 -999.9 -999.9 -999.9 -999.9 -999.9 -999.9 -999.9 -999.9 -999.9 -999.9 1.8 31.4 33.4 33.4 34.0 34.8 -999.9 -999.9 -999.9 -999.9 -999.9 CEMADEN_-_Santa_Tereza_-_G2-431725101A_(239_m) -999.9 -999.9 -999.9 -999.9 -999.9 -999.9 -999.9 -999.9 Rio_Grande_do_Sul CEMADEN -999.9 0.6 -999.9
-29.16611 -51.68472 16927 2026-08-12_12:50 -999.9 -999.9 -999.9 -999.9 -999.9 -999.9 -999.9 -999.9 -999.9 -999.9 -999.9 -999.9 -999.9 -999.9 -999.9 -999.9 2.6 32.8 34.8 34.8 35.4 36.2 -999.9 -999.9 -999.9 -999.9 -999.9 CEMADEN_-_Santa_Tereza_-_G2-431725101A_(239_m) -999.9 -999.9 -999.9 -999.9 -999.9 -999.9 -999.9 -999.9 Rio_Grande_do_Sul CEMADEN -999.9 1.4 -999.9
-29.16611 -51.68472 16927 2026-08-12_13:00 -999.9 -999.9 -999.9 -999.9 -999.9 -999.9 -999.9 -999.9 -999.9 -999.9 -999.9 -999.9 -999.9 -999.9 -999.9 -999.9 2.8 33.0 35.0 35.0 35.6 36.4 -999.9 -999.9 -999.9 -999.9 -999.9 CEMADEN_-_Santa_Tereza_-_G2-431725101A_(239_m) -999.9 -999.9 -999.9 -999.9 -999.9 -999.9 -999.9 -999.9 Rio_Grande_do_Sul CEMADEN -999.9 0.2 -999.9
-29.16611 -51.68472 16927 2026-08-12_13:10 -999.9 -999.9 -999.9 -999.9 -999.9 -999.9 -999.9 -999.9 -999.9 -999.9 -999.9 -999.9 -999.9 -999.9 -999.9 -999.9 2.6 33.2 35.2 35.2 35.8 36.6 -999.9 -999.9 -999.9 -999.9 -999.9 CEMADEN_-_Santa_Tereza_-_G2-431725101A_(239_m) -999.9 -999.9 -999.9 -999.9 -999.9 -999.9 -999.9 -999.9 Rio_Grande_do_Sul CEMADEN -999.9 0.2 -999.9
-29.16611 -51.68472 16927 2026-08-12_13:20 -999.9 -999.9 -999.9 -999.9 -999.9 -999.9 -999.9 -999.9 -999.9 -999.9 -999.9 -999.9 -999.9 -999.9 -999.9 -999.9 2.8 33.6 35.6 35.6 36.2 37.0 -999.9 -999.9 -999.9 -999.9 -999.9 CEMADEN_-_Santa_Tereza_-_G2-431725101A_(239_m) -999.9 -999.9 -999.9 -999.9 -999.9 -999.9 -999.9 -999.9 Rio_Grande_do_Sul CEMADEN -999.9 0.4 -999.9
-29.16611 -51.68472 16927 2026-08-12_13:40 -999.9 -999.9 -999.9 -999.9 -999.9 -999.9 -999.9 -999.9 -999.9 -999.9 -999.9 -999.9 -999.9 -999.9 -999.9 -999.9 1.8 34.6 36.6 36.6 37.2 38.0 -999.9 -999.9 -999.9 -999.9 -999.9 CEMADEN_-_Santa_Tereza_-_G2-431725101A_(239_m) -999.9 -999.9 -999.9 -999.9 -999.9 -999.9 -999.9 -999.9 Rio_Grande_do_Sul CEMADEN -999.9 1.0 -999.9
-29.16611 -51.68472 16927 2026-08-12_13:50 -999.9 -999.9 -999.9 -999.9 -999.9 -999.9 -999.9 -999.9 -999.9 -999.9 -999.9 -999.9 -999.9 -999.9 -999.9 -999.9 2.6 35.6 37.6 37.6 38.2 39.0 -999.9 -999.9 -999.9 -999.9 -999.9 CEMADEN_-_Santa_Tereza_-_G2-431725101A_(239_m) -999.9 -999.9 -999.9 -999.9 -999.9 -999.9 -999.9 -999.9 Rio_Grande_do_Sul CEMADEN -999.9 1.0 -999.9
-29.16611 -51.68472 16927 2026-08-12_14:00 -999.9 -999.9 -999.9 -999.9 -999.9 -999.9 -999.9 -999.9 -999.9 -999.9 -999.9 -999.9 -999.9 -999.9 -999.9 -999.9 2.6 35.8 37.8 37.8 38.4 39.2 -999.9 -999.9 -999.9 -999.9 -999.9 CEMADEN_-_Santa_Tereza_-_G2-431725101A_(239_m) -999.9 -999.9 -999.9 -999.9 -999.9 -999.9 -999.9 -999.9 Rio_Grande_do_Sul CEMADEN -999.9 0.2 -999.9
-29.16611 -51.68472 16927 2026-08-12_14:20 -999.9 -999.9 -999.9 -999.9 -999.9 -999.9 -999.9 -999.9 -999.9 -999.9 -999.9 -999.9 -999.9 -999.9 -999.9 -999.9 2.0 36.0 38.0 38.0 38.6 39.4 -999.9 -999.9 -999.9 -999.9 -999.9 CEMADEN_-_Santa_Tereza_-_G2-431725101A_(239_m) -999.9 -999.9 -999.9 -999.9 -999.9 -999.9 -999.9 -999.9 Rio_Grande_do_Sul CEMADEN -999.9 0.2 -999.9
-29.16611 -51.68472 16927 2026-08-12_14:30 -999.9 -999.9 -999.9 -999.9 -999.9 -999.9 -999.9 -999.9 -999.9 -999.9 -999.9 -999.9 -999.9 -999.9 -999.9 -999.9 2.6 36.6 38.6 38.6 39.2 40.0 -999.9 -999.9 -999.9 -999.9 -999.9 CEMADEN_-_Santa_Tereza_-_G2-431725101A_(239_m) -999.9 -999.9 -999.9 -999.9 -999.9 -999.9 -999.9 -999.9 Rio_Grande_do_Sul CEMADEN -999.9 0.6 -999.9
-29.16611 -51.68472 16927 2026-08-12_14:40 -999.9 -999.9 -999.9 -999.9 -999.9 -999.9 -999.9 -999.9 -999.9 -999.9 -999.9 -999.9 -999.9 -999.9 -999.9 -999.9 1.0 36.4 38.8 38.8 39.0 39.8 -999.9 -999.9 -999.9 -999.9 -999.9 CEMADEN_-_Santa_Tereza_-_G2-431725101A_(239_m) -999.9 -999.9 -999.9 -999.9 -999.9 -999.9 -999.9 -999.9 Rio_Grande_do_Sul CEMADEN -999.9 -0.2 -999.9
-29.16611 -51.68472 16927 2026-08-12_15:10 -999.9 -999.9 -999.9 -999.9 -999.9 -999.9 -999.9 -999.9 -999.9 -999.9 -999.9 -999.9 -999.9 -999.9 -999.9 -999.9 0.8 36.4 38.8 38.8 39.0 39.8 -999.9 -999.9 -999.9 -999.9 -999.9 CEMADEN_-_Santa_Tereza_-_G2-431725101A_(239_m) -999.9 -999.9 -999.9 -999.9 -999.9 -999.9 -999.9 -999.9 Rio_Grande_do_Sul CEMADEN -999.9 0.0 -999.9
-29.16611 -51.68472 16927 2026-08-12_15:20 -999.9 -999.9 -999.9 -999.9 -999.9 -999.9 -999.9 -999.9 -999.9 -999.9 -999.9 -999.9 -999.9 -999.9 -999.9 -999.9 1.6 37.8 40.2 40.2 40.4 41.2 -999.9 -999.9 -999.9 -999.9 -999.9 CEMADEN_-_Santa_Tereza_-_G2-431725101A_(239_m) -999.9 -999.9 -999.9 -999.9 -999.9 -999.9 -999.9 -999.9 Rio_Grande_do_Sul CEMADEN -999.9 1.4 -999.9
-29.16611 -51.68472 16927 2026-08-12_15:30 -999.9 -999.9 -999.9 -999.9 -999.9 -999.9 -999.9 -999.9 -999.9 -999.9 -999.9 -999.9 -999.9 -999.9 -999.9 -999.9 1.6 38.0 40.4 40.4 40.6 41.4 -999.9 -999.9 -999.9 -999.9 -999.9 CEMADEN_-_Santa_Tereza_-_G2-431725101A_(239_m) -999.9 -999.9 -999.9 -999.9 -999.9 -999.9 -999.9 -999.9 Rio_Grande_do_Sul CEMADEN -999.9 0.2 -999.9
-29.16611 -51.68472 16927 2026-08-12_16:10 -999.9 -999.9 -999.9 -999.9 -999.9 -999.9 -999.9 -999.9 -999.9 -999.9 -999.9 -999.9 -999.9 -999.9 -999.9 -999.9 -999.9 38.0 40.4 40.4 40.6 41.4 -999.9 -999.9 -999.9 -999.9 -999.9 CEMADEN_-_Santa_Tereza_-_G2-431725101A_(239_m) -999.9 -999.9 -999.9 -999.9 -999.9 -999.9 -999.9 -999.9 Rio_Grande_do_Sul CEMADEN -999.9 0.0 -999.9
-29.16611 -51.68472 16927 2026-08-12_17:10 -999.9 -999.9 -999.9 -999.9 -999.9 -999.9 -999.9 -999.9 -999.9 -999.9 -999.9 -999.9 -999.9 -999.9 -999.9 -999.9 -999.9 38.0 40.4 40.4 40.6 41.4 -999.9 -999.9 -999.9 -999.9 -999.9 CEMADEN_-_Santa_Tereza_-_G2-431725101A_(239_m) -999.9 -999.9 -999.9 -999.9 -999.9 -999.9 -999.9 -999.9 Rio_Grande_do_Sul CEMADEN -999.9 0.0 -999.9
-29.16611 -51.68472 16927 2026-08-12_18:10 -999.9 -999.9 -999.9 -999.9 -999.9 -999.9 -999.9 -999.9 -999.9 -999.9 -999.9 -999.9 -999.9 -999.9 -999.9 -999.9 -999.9 38.0 40.4 40.4 40.6 41.4 -999.9 -999.9 -999.9 -999.9 -999.9 CEMADEN_-_Santa_Tereza_-_G2-431725101A_(239_m) -999.9 -999.9 -999.9 -999.9 -999.9 -999.9 -999.9 -999.9 Rio_Grande_do_Sul CEMADEN -999.9 0.0 -999.9
-29.16611 -51.68472 16927 2026-08-12_19:10 -999.9 -999.9 -999.9 -999.9 -999.9 -999.9 -999.9 -999.9 -999.9 -999.9 -999.9 -999.9 -999.9 -999.9 -999.9 -999.9 -999.9 38.0 40.4 40.4 40.6 41.4 -999.9 -999.9 -999.9 -999.9 -999.9 CEMADEN_-_Santa_Tereza_-_G2-431725101A_(239_m) -999.9 -999.9 -999.9 -999.9 -999.9 -999.9 -999.9 -999.9 Rio_Grande_do_Sul CEMADEN -999.9 0.0 -999.9
-29.16611 -51.68472 16927 2026-08-12_20:10 -999.9 -999.9 -999.9 -999.9 -999.9 -999.9 -999.9 -999.9 -999.9 -999.9 -999.9 -999.9 -999.9 -999.9 -999.9 -999.9 -999.9 38.0 40.4 40.4 40.6 41.4 -999.9 -999.9 -999.9 -999.9 -999.9 CEMADEN_-_Santa_Tereza_-_G2-431725101A_(239_m) -999.9 -999.9 -999.9 -999.9 -999.9 -999.9 -999.9 -999.9 Rio_Grande_do_Sul CEMADEN -999.9 0.0 -999.9
-29.16611 -51.68472 16927 2026-08-12_21:10 -999.9 -999.9 -999.9 -999.9 -999.9 -999.9 -999.9 -999.9 -999.9 -999.9 -999.9 -999.9 -999.9 -999.9 -999.9 -999.9 -999.9 38.0 40.4 40.4 40.6 41.4 -999.9 -999.9 -999.9 -999.9 -999.9 CEMADEN_-_Santa_Tereza_-_G2-431725101A_(239_m) -999.9 -999.9 -999.9 -999.9 -999.9 -999.9 -999.9 -999.9 Rio_Grande_do_Sul CEMADEN -999.9 0.0 -999.9
-29.16611 -51.68472 16927 2026-08-12_22:10 -999.9 -999.9 -999.9 -999.9 -999.9 -999.9 -999.9 -999.9 -999.9 -999.9 -999.9 -999.9 -999.9 -999.9 -999.9 -999.9 -999.9 38.0 40.4 40.4 40.6 41.4 -999.9 -999.9 -999.9 -999.9 -999.9 CEMADEN_-_Santa_Tereza_-_G2-431725101A_(239_m) -999.9 -999.9 -999.9 -999.9 -999.9 -999.9 -999.9 -999.9 Rio_Grande_do_Sul CEMADEN -999.9 0.0 -999.9
-29.16611 -51.68472 16927 2026-08-12_22:30 -999.9 -999.9 -999.9 -999.9 -999.9 -999.9 -999.9 -999.9 -999.9 -999.9 -999.9 -999.9 -999.9 -999.9 -999.9 -999.9 0.2 38.2 40.6 40.6 40.8 41.6 -999.9 -999.9 -999.9 -999.9 -999.9 CEMADEN_-_Santa_Tereza_-_G2-431725101A_(239_m) -999.9 -999.9 -999.9 -999.9 -999.9 -999.9 -999.9 -999.9 Rio_Grande_do_Sul CEMADEN -999.9 0.2 -999.9
-29.16611 -51.68472 16927 2026-08-12_22:40 -999.9 -999.9 -999.9 -999.9 -999.9 -999.9 -999.9 -999.9 -999.9 -999.9 -999.9 -999.9 -999.9 -999.9 -999.9 -999.9 8.2 46.2 48.6 48.6 48.8 49.6 -999.9 -999.9 -999.9 -999.9 -999.9 CEMADEN_-_Santa_Tereza_-_G2-431725101A_(239_m) -999.9 -999.9 -999.9 -999.9 -999.9 -999.9 -999.9 -999.9 Rio_Grande_do_Sul CEMADEN -999.9 8.0 -999.9
-29.16611 -51.68472 16927 2026-08-12_23:10 -999.9 -999.9 -999.9 -999.9 -999.9 -999.9 -999.9 -999.9 -999.9 -999.9 -999.9 -999.9 -999.9 -999.9 -999.9 -999.9 11.8 49.8 52.2 52.2 52.4 53.2 -999.9 -999.9 -999.9 -999.9 -999.9 CEMADEN_-_Santa_Tereza_-_G2-431725101A_(239_m) -999.9 -999.9 -999.9 -999.9 -999.9 -999.9 -999.9 -999.9 Rio_Grande_do_Sul CEMADEN -999.9 3.6 -999.9
-29.16611 -51.68472 16927 2026-08-12_23:30 -999.9 -999.9 -999.9 -999.9 -999.9 -999.9 -999.9 -999.9 -999.9 -999.9 -999.9 -999.9 -999.9 -999.9 -999.9 -999.9 6.0 52.2 54.6 54.6 54.8 55.6 -999.9 -999.9 -999.9 -999.9 -999.9 CEMADEN_-_Santa_Tereza_-_G2-431725101A_(239_m) -999.9 -999.9 -999.9 -999.9 -999.9 -999.9 -999.9 -999.9 Rio_Grande_do_Sul CEMADEN -999.9 2.4 -999.9
-29.16611 -51.68472 16927 2026-08-12_23:40 -999.9 -999.9 -999.9 -999.9 -999.9 -999.9 -999.9 -999.9 -999.9 -999.9 -999.9 -999.9 -999.9 -999.9 -999.9 -999.9 6.4 52.6 55.0 55.0 55.2 56.0 -999.9 -999.9 -999.9 -999.9 -999.9 CEMADEN_-_Santa_Tereza_-_G2-431725101A_(239_m) -999.9 -999.9 -999.9 -999.9 -999.9 -999.9 -999.9 -999.9 Rio_Grande_do_Sul CEMADEN -999.9 0.4 -999.9
