-28.874167 -50.975556 B817 2026-08-09_00:00 7.4 8.2 7.4 96 97 95 6.8 -999.9 -999.9 -999.9 -999.9 -999.9 5.4 273 15.8 -999.9 0.2 0.2 1.8 5.0 20.5 20.9 13.9 3.2 100.0 43.0 26.3 INMET_-_CAXIAS_DO_SUL_-_CRIUVA_(857_m) -999.9 -999.9 -999.9 -999.9 -999.9 -999.9 -999.9 -999.9 Rio_Grande_do_Sul INMET -999.9 -999.9 -999.9
-28.874167 -50.975556 B817 2026-08-09_01:00 6.6 7.3 6.6 97 98 96 6.2 -999.9 -999.9 -999.9 -999.9 -999.9 3.6 251 12.2 -999.9 0.0 0.2 1.8 5.0 20.5 20.9 13.9 3.2 100.0 43.0 26.3 INMET_-_CAXIAS_DO_SUL_-_CRIUVA_(857_m) -999.9 -999.9 -999.9 -999.9 -999.9 -999.9 -999.9 -999.9 Rio_Grande_do_Sul INMET -999.9 -999.9 -999.9
-28.874167 -50.975556 B817 2026-08-09_02:00 5.2 6.6 5.2 99 99 96 5.1 -999.9 -999.9 -999.9 -999.9 -999.9 2.5 332 8.3 -999.9 0.0 0.2 1.8 5.0 20.5 20.9 13.9 3.2 100.0 43.0 26.3 INMET_-_CAXIAS_DO_SUL_-_CRIUVA_(857_m) -999.9 -999.9 -999.9 -999.9 -999.9 -999.9 -999.9 -999.9 Rio_Grande_do_Sul INMET -999.9 -999.9 -999.9
-28.874167 -50.975556 B817 2026-08-09_03:00 4.7 5.5 4.7 100 100 99 4.7 -999.9 -999.9 -999.9 -999.9 -999.9 1.4 327 5.4 -999.9 0.0 0.2 1.8 5.0 20.5 20.9 13.9 3.2 100.0 43.0 26.3 INMET_-_CAXIAS_DO_SUL_-_CRIUVA_(857_m) -999.9 -999.9 -999.9 -999.9 -999.9 -999.9 -999.9 -999.9 Rio_Grande_do_Sul INMET -999.9 -999.9 -999.9
-28.874167 -50.975556 B817 2026-08-09_04:00 4.4 4.7 4.3 100 100 100 4.4 -999.9 -999.9 -999.9 -999.9 -999.9 1.8 190 4.3 -999.9 0.0 0.2 1.8 5.0 20.5 20.9 13.9 3.2 100.0 43.0 26.3 INMET_-_CAXIAS_DO_SUL_-_CRIUVA_(857_m) -999.9 -999.9 -999.9 -999.9 -999.9 -999.9 -999.9 -999.9 Rio_Grande_do_Sul INMET -999.9 -999.9 -999.9
-28.874167 -50.975556 B817 2026-08-09_05:00 3.9 4.4 3.6 100 100 100 3.9 -999.9 -999.9 -999.9 -999.9 -999.9 2.9 350 5.4 -999.9 0.0 0.2 1.8 5.0 20.5 20.9 13.9 3.2 100.0 43.0 26.3 INMET_-_CAXIAS_DO_SUL_-_CRIUVA_(857_m) -999.9 -999.9 -999.9 -999.9 -999.9 -999.9 -999.9 -999.9 Rio_Grande_do_Sul INMET -999.9 -999.9 -999.9
-28.874167 -50.975556 B817 2026-08-09_06:00 4.1 4.1 3.5 100 100 100 4.1 -999.9 -999.9 -999.9 -999.9 -999.9 3.6 323 14.8 -999.9 0.0 0.2 1.8 5.0 20.5 20.9 13.9 3.2 100.0 43.0 26.3 INMET_-_CAXIAS_DO_SUL_-_CRIUVA_(857_m) -999.9 -999.9 -999.9 -999.9 -999.9 -999.9 -999.9 -999.9 Rio_Grande_do_Sul INMET -999.9 -999.9 -999.9
-28.874167 -50.975556 B817 2026-08-09_07:00 3.2 4 3.2 100 100 100 3.2 -999.9 -999.9 -999.9 -999.9 -999.9 3.6 288 12.2 -999.9 0.0 0.2 1.8 5.0 20.5 20.9 13.9 3.2 100.0 43.0 26.3 INMET_-_CAXIAS_DO_SUL_-_CRIUVA_(857_m) -999.9 -999.9 -999.9 -999.9 -999.9 -999.9 -999.9 -999.9 Rio_Grande_do_Sul INMET -999.9 -999.9 -999.9
-28.874167 -50.975556 B817 2026-08-09_08:00 4.8 4.8 3.2 100 100 100 4.8 -999.9 -999.9 -999.9 -999.9 -999.9 6.5 202 20.2 -999.9 0.0 0.2 1.8 5.0 20.5 20.9 13.9 3.2 100.0 43.0 26.3 INMET_-_CAXIAS_DO_SUL_-_CRIUVA_(857_m) -999.9 -999.9 -999.9 -999.9 -999.9 -999.9 -999.9 -999.9 Rio_Grande_do_Sul INMET -999.9 -999.9 -999.9
-28.874167 -50.975556 B817 2026-08-09_09:00 6 6 4.8 92 100 91 4.8 -999.9 -999.9 -999.9 -999.9 -999.9 7.6 190 26.3 -999.9 0.0 0.2 1.8 5.0 20.5 20.9 13.9 3.2 100.0 43.0 26.3 INMET_-_CAXIAS_DO_SUL_-_CRIUVA_(857_m) -999.9 -999.9 -999.9 -999.9 -999.9 -999.9 -999.9 -999.9 Rio_Grande_do_Sul INMET -999.9 -999.9 -999.9
-28.874167 -50.975556 B817 2026-08-09_10:00 6.9 7.4 6 83 93 81 4.2 -999.9 -999.9 -999.9 -999.9 -999.9 5.8 160 18.7 -999.9 0.0 0.2 1.8 5.0 20.5 20.9 13.9 3.2 100.0 43.0 26.3 INMET_-_CAXIAS_DO_SUL_-_CRIUVA_(857_m) -999.9 -999.9 -999.9 -999.9 -999.9 -999.9 -999.9 -999.9 Rio_Grande_do_Sul INMET -999.9 -999.9 -999.9
-28.874167 -50.975556 B817 2026-08-09_11:00 9.1 9.7 8.2 74 83 69 4.7 -999.9 -999.9 -999.9 -999.9 -999.9 4.7 179 14.8 -999.9 0.0 0.2 1.8 5.0 20.5 20.9 13.9 3.2 100.0 43.0 26.3 INMET_-_CAXIAS_DO_SUL_-_CRIUVA_(857_m) -999.9 -999.9 -999.9 -999.9 -999.9 -999.9 -999.9 -999.9 Rio_Grande_do_Sul INMET -999.9 -999.9 -999.9
-28.874167 -50.975556 B817 2026-08-09_12:00 10.8 11.1 9 66 77 63 4.6 -999.9 -999.9 -999.9 -999.9 -999.9 5.8 87 16.6 -999.9 0.0 0.2 1.8 5.0 20.5 20.9 13.9 3.2 100.0 43.0 26.3 INMET_-_CAXIAS_DO_SUL_-_CRIUVA_(857_m) -999.9 -999.9 -999.9 -999.9 -999.9 -999.9 -999.9 -999.9 Rio_Grande_do_Sul INMET -999.9 -999.9 -999.9
-28.874167 -50.975556 B817 2026-08-09_13:00 12.3 12.3 10.6 64 70 57 5.6 -999.9 -999.9 -999.9 -999.9 -999.9 6.8 127 18.4 -999.9 0.0 0.2 1.8 5.0 20.5 20.9 13.9 3.2 100.0 43.0 26.3 INMET_-_CAXIAS_DO_SUL_-_CRIUVA_(857_m) -999.9 -999.9 -999.9 -999.9 -999.9 -999.9 -999.9 -999.9 Rio_Grande_do_Sul INMET -999.9 -999.9 -999.9
-28.874167 -50.975556 B817 2026-08-09_14:00 13.7 13.9 12.4 48 64 46 2.8 -999.9 -999.9 -999.9 -999.9 -999.9 7.2 212 19.8 -999.9 0.0 0.2 1.8 5.0 20.5 20.9 13.9 3.2 100.0 43.0 26.3 INMET_-_CAXIAS_DO_SUL_-_CRIUVA_(857_m) -999.9 -999.9 -999.9 -999.9 -999.9 -999.9 -999.9 -999.9 Rio_Grande_do_Sul INMET -999.9 -999.9 -999.9
-28.874167 -50.975556 B817 2026-08-09_15:00 13.2 13.7 12.5 49 57 47 2.6 -999.9 -999.9 -999.9 -999.9 -999.9 6.8 278 20.9 -999.9 0.0 0.2 1.8 5.0 20.5 20.9 13.9 3.2 100.0 43.0 26.3 INMET_-_CAXIAS_DO_SUL_-_CRIUVA_(857_m) -999.9 -999.9 -999.9 -999.9 -999.9 -999.9 -999.9 -999.9 Rio_Grande_do_Sul INMET -999.9 -999.9 -999.9
-28.874167 -50.975556 B817 2026-08-09_16:00 12.9 13 12 48 55 45 2.1 -999.9 -999.9 -999.9 -999.9 -999.9 5.8 230 16.2 -999.9 0.0 0.2 1.8 5.0 20.5 20.9 13.9 3.2 100.0 43.0 26.3 INMET_-_CAXIAS_DO_SUL_-_CRIUVA_(857_m) -999.9 -999.9 -999.9 -999.9 -999.9 -999.9 -999.9 -999.9 Rio_Grande_do_Sul INMET -999.9 -999.9 -999.9
-28.874167 -50.975556 B817 2026-08-09_17:00 12 12.9 12 55 55 43 3.2 -999.9 -999.9 -999.9 -999.9 -999.9 6.8 216 15.1 -999.9 0.0 0.2 1.8 5.0 20.5 20.9 13.9 3.2 100.0 43.0 26.3 INMET_-_CAXIAS_DO_SUL_-_CRIUVA_(857_m) -999.9 -999.9 -999.9 -999.9 -999.9 -999.9 -999.9 -999.9 Rio_Grande_do_Sul INMET -999.9 -999.9 -999.9
-28.874167 -50.975556 B817 2026-08-09_18:00 9.8 12.1 9.8 63 65 51 3.0 -999.9 -999.9 -999.9 -999.9 -999.9 7.9 207 14.4 -999.9 0.0 0.2 1.8 5.0 20.5 20.9 13.9 3.2 100.0 43.0 26.3 INMET_-_CAXIAS_DO_SUL_-_CRIUVA_(857_m) -999.9 -999.9 -999.9 -999.9 -999.9 -999.9 -999.9 -999.9 Rio_Grande_do_Sul INMET -999.9 -999.9 -999.9
-28.874167 -50.975556 B817 2026-08-09_19:00 8.1 9.8 8.1 66 67 63 2.1 -999.9 -999.9 -999.9 -999.9 -999.9 9.4 182 18.4 -999.9 0.0 0.2 1.8 5.0 20.5 20.9 13.9 3.2 100.0 43.0 26.3 INMET_-_CAXIAS_DO_SUL_-_CRIUVA_(857_m) -999.9 -999.9 -999.9 -999.9 -999.9 -999.9 -999.9 -999.9 Rio_Grande_do_Sul INMET -999.9 -999.9 -999.9
-28.874167 -50.975556 B817 2026-08-09_20:00 6.5 8.1 6.5 63 71 61 -0.1 -999.9 -999.9 -999.9 -999.9 -999.9 9.0 172 22.0 -999.9 0.0 0.2 1.8 5.0 20.5 20.9 13.9 3.2 100.0 43.0 26.3 INMET_-_CAXIAS_DO_SUL_-_CRIUVA_(857_m) -999.9 -999.9 -999.9 -999.9 -999.9 -999.9 -999.9 -999.9 Rio_Grande_do_Sul INMET -999.9 -999.9 -999.9
-28.874167 -50.975556 B817 2026-08-09_21:00 5.7 6.5 5.6 62 66 61 -1.1 -999.9 -999.9 -999.9 -999.9 -999.9 7.6 136 17.3 -999.9 0.0 0.2 1.8 5.0 20.5 20.9 13.9 3.2 100.0 43.0 26.3 INMET_-_CAXIAS_DO_SUL_-_CRIUVA_(857_m) -999.9 -999.9 -999.9 -999.9 -999.9 -999.9 -999.9 -999.9 Rio_Grande_do_Sul INMET -999.9 -999.9 -999.9
-28.874167 -50.975556 B817 2026-08-09_22:00 4.8 5.6 4.8 51 65 51 -4.6 -999.9 -999.9 -999.9 -999.9 -999.9 5.0 130 14.4 -999.9 0.0 0.2 1.8 5.0 20.5 20.9 13.9 3.2 100.0 43.0 26.3 INMET_-_CAXIAS_DO_SUL_-_CRIUVA_(857_m) -999.9 -999.9 -999.9 -999.9 -999.9 -999.9 -999.9 -999.9 Rio_Grande_do_Sul INMET -999.9 -999.9 -999.9
-28.874167 -50.975556 B817 2026-08-09_23:00 3.4 4.8 3.4 68 71 51 -2.0 -999.9 -999.9 -999.9 -999.9 -999.9 5.8 94 13.7 -999.9 0.0 0.2 1.8 5.0 20.5 20.9 13.9 3.2 100.0 43.0 26.3 INMET_-_CAXIAS_DO_SUL_-_CRIUVA_(857_m) -999.9 -999.9 -999.9 -999.9 -999.9 -999.9 -999.9 -999.9 Rio_Grande_do_Sul INMET -999.9 -999.9 -999.9
