-28.748611 -50.057778 A829 2026-09-20_00:00 13.7 13.7 13.4 95 97 95 12.9 -999.9 -999.9 -999.9 -999.9 -999.9 22.3 23 30.2 -999.9 0.6 0.6 16.8 16.8 17.0 21.8 21.3 13.3 99.0 72.0 69.5 INMET_-_SAO_JOSE_DOS_AUSENTES_(1229_m) -999.9 -999.9 -999.9 -999.9 -999.9 -999.9 -999.9 -999.9 Rio_Grande_do_Sul INMET -999.9 -999.9 -999.9
-28.748611 -50.057778 A829 2026-09-20_01:00 13.7 14.1 13.7 96 96 92 13.1 -999.9 -999.9 -999.9 -999.9 -999.9 28.8 329 46.8 -999.9 3.2 3.8 16.8 16.8 17.0 21.8 21.3 13.3 99.0 72.0 69.5 INMET_-_SAO_JOSE_DOS_AUSENTES_(1229_m) -999.9 -999.9 -999.9 -999.9 -999.9 -999.9 -999.9 -999.9 Rio_Grande_do_Sul INMET -999.9 -999.9 -999.9
-28.748611 -50.057778 A829 2026-09-20_03:00 13.7 14.2 13.6 97 98 93 13.2 -999.9 -999.9 -999.9 -999.9 -999.9 32.8 297 59.4 -999.9 5.8 9.6 16.8 16.8 17.0 21.8 21.3 13.3 99.0 72.0 69.5 INMET_-_SAO_JOSE_DOS_AUSENTES_(1229_m) -999.9 -999.9 -999.9 -999.9 -999.9 -999.9 -999.9 -999.9 Rio_Grande_do_Sul INMET -999.9 -999.9 -999.9
-28.748611 -50.057778 A829 2026-09-20_04:00 13.5 13.7 13.5 97 99 95 13.0 -999.9 -999.9 -999.9 -999.9 -999.9 50.8 324 58.7 -999.9 1.4 11.0 16.8 16.8 17.0 21.8 21.3 13.3 99.0 72.0 69.5 INMET_-_SAO_JOSE_DOS_AUSENTES_(1229_m) -999.9 -999.9 -999.9 -999.9 -999.9 -999.9 -999.9 -999.9 Rio_Grande_do_Sul INMET -999.9 -999.9 -999.9
-28.748611 -50.057778 A829 2026-09-20_05:00 13.4 13.6 13.4 96 97 95 12.8 -999.9 -999.9 -999.9 -999.9 -999.9 51.8 322 66.2 -999.9 0.0 11.0 16.8 16.8 17.0 21.8 21.3 13.3 99.0 72.0 69.5 INMET_-_SAO_JOSE_DOS_AUSENTES_(1229_m) -999.9 -999.9 -999.9 -999.9 -999.9 -999.9 -999.9 -999.9 Rio_Grande_do_Sul INMET -999.9 -999.9 -999.9
-28.748611 -50.057778 A829 2026-09-20_07:00 13.8 13.8 13.3 95 95 93 13.0 -999.9 -999.9 -999.9 -999.9 -999.9 49.0 309 60.8 -999.9 0.0 11.0 16.8 16.8 17.0 21.8 21.3 13.3 99.0 72.0 69.5 INMET_-_SAO_JOSE_DOS_AUSENTES_(1229_m) -999.9 -999.9 -999.9 -999.9 -999.9 -999.9 -999.9 -999.9 Rio_Grande_do_Sul INMET -999.9 -999.9 -999.9
-28.748611 -50.057778 A829 2026-09-20_10:00 17.3 17.3 16.1 91 94 90 15.8 -999.9 -999.9 -999.9 -999.9 -999.9 -999.9 304 69.5 -999.9 0.0 11.0 16.8 16.8 17.0 21.8 21.3 13.3 99.0 72.0 69.5 INMET_-_SAO_JOSE_DOS_AUSENTES_(1229_m) -999.9 -999.9 -999.9 -999.9 -999.9 -999.9 -999.9 -999.9 Rio_Grande_do_Sul INMET -999.9 -999.9 -999.9
-28.748611 -50.057778 A829 2026-09-20_12:00 19.3 19.3 17.9 81 90 81 15.9 -999.9 -999.9 -999.9 -999.9 -999.9 43.6 296 67.7 -999.9 0.0 11.0 16.8 16.8 17.0 21.8 21.3 13.3 99.0 72.0 69.5 INMET_-_SAO_JOSE_DOS_AUSENTES_(1229_m) -999.9 -999.9 -999.9 -999.9 -999.9 -999.9 -999.9 -999.9 Rio_Grande_do_Sul INMET -999.9 -999.9 -999.9
-28.748611 -50.057778 A829 2026-09-20_13:00 19.8 20.1 -999.9 81 85 78 16.4 -999.9 -999.9 -999.9 -999.9 -999.9 38.2 294 60.5 -999.9 0.0 11.0 16.8 16.8 17.0 21.8 21.3 13.3 99.0 72.0 69.5 INMET_-_SAO_JOSE_DOS_AUSENTES_(1229_m) -999.9 -999.9 -999.9 -999.9 -999.9 -999.9 -999.9 -999.9 Rio_Grande_do_Sul INMET -999.9 -999.9 -999.9
-28.748611 -50.057778 A829 2026-09-20_14:00 20.8 21 19.3 77 85 75 16.6 -999.9 -999.9 -999.9 -999.9 -999.9 40.3 287 53.3 -999.9 0.0 11.0 16.8 16.8 17.0 21.8 21.3 13.3 99.0 72.0 69.5 INMET_-_SAO_JOSE_DOS_AUSENTES_(1229_m) -999.9 -999.9 -999.9 -999.9 -999.9 -999.9 -999.9 -999.9 Rio_Grande_do_Sul INMET -999.9 -999.9 -999.9
-28.748611 -50.057778 A829 2026-09-20_15:00 20.5 21.2 20.2 75 79 72 15.9 -999.9 -999.9 -999.9 -999.9 -999.9 41.8 290 58.3 -999.9 0.0 11.0 16.8 16.8 17.0 21.8 21.3 13.3 99.0 72.0 69.5 INMET_-_SAO_JOSE_DOS_AUSENTES_(1229_m) -999.9 -999.9 -999.9 -999.9 -999.9 -999.9 -999.9 -999.9 Rio_Grande_do_Sul INMET -999.9 -999.9 -999.9
-28.748611 -50.057778 A829 2026-09-20_16:00 20.6 21.2 20.3 77 78 73 16.4 -999.9 -999.9 -999.9 -999.9 -999.9 36.4 283 52.6 -999.9 0.0 11.0 16.8 16.8 17.0 21.8 21.3 13.3 99.0 72.0 69.5 INMET_-_SAO_JOSE_DOS_AUSENTES_(1229_m) -999.9 -999.9 -999.9 -999.9 -999.9 -999.9 -999.9 -999.9 Rio_Grande_do_Sul INMET -999.9 -999.9 -999.9
-28.748611 -50.057778 A829 2026-09-20_17:00 20.7 21.3 20.4 78 78 74 16.7 -999.9 -999.9 -999.9 -999.9 -999.9 31.0 288 51.8 -999.9 0.0 11.0 16.8 16.8 17.0 21.8 21.3 13.3 99.0 72.0 69.5 INMET_-_SAO_JOSE_DOS_AUSENTES_(1229_m) -999.9 -999.9 -999.9 -999.9 -999.9 -999.9 -999.9 -999.9 Rio_Grande_do_Sul INMET -999.9 -999.9 -999.9
-28.748611 -50.057778 A829 2026-09-20_18:00 19.4 20.7 19.4 84 84 77 16.6 -999.9 -999.9 -999.9 -999.9 -999.9 32.0 302 45.4 -999.9 0.0 11.0 16.8 16.8 17.0 21.8 21.3 13.3 99.0 72.0 69.5 INMET_-_SAO_JOSE_DOS_AUSENTES_(1229_m) -999.9 -999.9 -999.9 -999.9 -999.9 -999.9 -999.9 -999.9 Rio_Grande_do_Sul INMET -999.9 -999.9 -999.9
-28.748611 -50.057778 A829 2026-09-20_19:00 17.9 19.4 17.9 93 93 84 16.7 -999.9 -999.9 -999.9 -999.9 -999.9 34.6 306 47.2 -999.9 0.0 11.0 16.8 16.8 17.0 21.8 21.3 13.3 99.0 72.0 69.5 INMET_-_SAO_JOSE_DOS_AUSENTES_(1229_m) -999.9 -999.9 -999.9 -999.9 -999.9 -999.9 -999.9 -999.9 Rio_Grande_do_Sul INMET -999.9 -999.9 -999.9
-28.748611 -50.057778 A829 2026-09-20_20:00 16.9 17.8 16.9 96 97 93 16.3 -999.9 -999.9 -999.9 -999.9 -999.9 32.8 311 41.0 -999.9 0.0 11.0 16.8 16.8 17.0 21.8 21.3 13.3 99.0 72.0 69.5 INMET_-_SAO_JOSE_DOS_AUSENTES_(1229_m) -999.9 -999.9 -999.9 -999.9 -999.9 -999.9 -999.9 -999.9 Rio_Grande_do_Sul INMET -999.9 -999.9 -999.9
-28.748611 -50.057778 A829 2026-09-20_21:00 18 18 17 91 96 91 16.5 -999.9 -999.9 -999.9 -999.9 -999.9 43.9 321 53.6 -999.9 0.0 11.0 16.8 16.8 17.0 21.8 21.3 13.3 99.0 72.0 69.5 INMET_-_SAO_JOSE_DOS_AUSENTES_(1229_m) -999.9 -999.9 -999.9 -999.9 -999.9 -999.9 -999.9 -999.9 Rio_Grande_do_Sul INMET -999.9 -999.9 -999.9
-28.748611 -50.057778 A829 2026-09-20_22:00 17.2 18.1 17.2 94 94 91 16.2 -999.9 -999.9 -999.9 -999.9 -999.9 36.0 319 56.5 -999.9 0.0 11.0 16.8 16.8 17.0 21.8 21.3 13.3 99.0 72.0 69.5 INMET_-_SAO_JOSE_DOS_AUSENTES_(1229_m) -999.9 -999.9 -999.9 -999.9 -999.9 -999.9 -999.9 -999.9 Rio_Grande_do_Sul INMET -999.9 -999.9 -999.9
