-28.84444 -51.87916 02851044 2026-07-12_00:00 -999.9 -999.9 -999.9 -999.9 -999.9 -999.9 -999.9 -999.9 -999.9 -999.9 -999.9 -999.9 -999.9 -999.9 -999.9 -999.9 0.0 0.0 0.0 0.0 -999.9 -999.9 -999.9 -999.9 -999.9 -999.9 -999.9 SGB/CPRM_-_Guaporé_(525_m) -999.9 -999.9 -999.9 -999.9 -999.9 -999.9 -999.9 -999.9 Brasil SGB/CPRM -999.9 0.0 0.0 -999.9 -999.9 -999.9 0 0 0.05 0.05 0.05 0.05
-28.84444 -51.87916 02851044 2026-07-12_00:15 -999.9 -999.9 -999.9 -999.9 -999.9 -999.9 -999.9 -999.9 -999.9 -999.9 -999.9 -999.9 -999.9 -999.9 -999.9 -999.9 0.0 0.0 0.0 0.0 -999.9 -999.9 -999.9 -999.9 -999.9 -999.9 -999.9 SGB/CPRM_-_Guaporé_(525_m) -999.9 -999.9 -999.9 -999.9 -999.9 -999.9 -999.9 -999.9 Brasil SGB/CPRM -999.9 0.0 0.0 -999.9 -999.9 -999.9 0 0 0.05 0.05 0.05 0.05
-28.84444 -51.87916 02851044 2026-07-12_00:30 -999.9 -999.9 -999.9 -999.9 -999.9 -999.9 -999.9 -999.9 -999.9 -999.9 -999.9 -999.9 -999.9 -999.9 -999.9 -999.9 0.0 0.0 0.0 0.0 -999.9 -999.9 -999.9 -999.9 -999.9 -999.9 -999.9 SGB/CPRM_-_Guaporé_(525_m) -999.9 -999.9 -999.9 -999.9 -999.9 -999.9 -999.9 -999.9 Brasil SGB/CPRM -999.9 0.0 0.0 0 0 0 0 0 0.05 0.05 0.05 0.05
-28.84444 -51.87916 02851044 2026-07-12_00:45 -999.9 -999.9 -999.9 -999.9 -999.9 -999.9 -999.9 -999.9 -999.9 -999.9 -999.9 -999.9 -999.9 -999.9 -999.9 -999.9 0.0 0.0 0.0 0.0 -999.9 -999.9 -999.9 -999.9 -999.9 -999.9 -999.9 SGB/CPRM_-_Guaporé_(525_m) -999.9 -999.9 -999.9 -999.9 -999.9 -999.9 -999.9 -999.9 Brasil SGB/CPRM -999.9 0.0 0.0 -999.9 0 0 0 0 0.05 0.05 0.05 0.05
-28.84444 -51.87916 02851044 2026-07-12_01:00 -999.9 -999.9 -999.9 -999.9 -999.9 -999.9 -999.9 -999.9 -999.9 -999.9 -999.9 -999.9 -999.9 -999.9 -999.9 -999.9 0.0 0.0 0.0 0.0 -999.9 -999.9 -999.9 -999.9 -999.9 -999.9 -999.9 SGB/CPRM_-_Guaporé_(525_m) -999.9 -999.9 -999.9 -999.9 -999.9 -999.9 -999.9 -999.9 Brasil SGB/CPRM -999.9 0.0 0.0 -999.9 0 0 0 0 0.05 0.05 0.05 0.05
-28.84444 -51.87916 02851044 2026-07-12_01:15 -999.9 -999.9 -999.9 -999.9 -999.9 -999.9 -999.9 -999.9 -999.9 -999.9 -999.9 -999.9 -999.9 -999.9 -999.9 -999.9 0.0 0.0 0.0 0.0 -999.9 -999.9 -999.9 -999.9 -999.9 -999.9 -999.9 SGB/CPRM_-_Guaporé_(525_m) -999.9 -999.9 -999.9 -999.9 -999.9 -999.9 -999.9 -999.9 Brasil SGB/CPRM -999.9 0.0 0.0 -999.9 0 0 0 0 0.05 0.05 0.05 0.05
-28.84444 -51.87916 02851044 2026-07-12_01:30 -999.9 -999.9 -999.9 -999.9 -999.9 -999.9 -999.9 -999.9 -999.9 -999.9 -999.9 -999.9 -999.9 -999.9 -999.9 -999.9 0.0 0.0 0.0 0.0 -999.9 -999.9 -999.9 -999.9 -999.9 -999.9 -999.9 SGB/CPRM_-_Guaporé_(525_m) -999.9 -999.9 -999.9 -999.9 -999.9 -999.9 -999.9 -999.9 Brasil SGB/CPRM -999.9 0.0 0.0 -999.9 0 0 0 0 0.05 0.05 0.05 0.05
-28.84444 -51.87916 02851044 2026-07-12_01:45 -999.9 -999.9 -999.9 -999.9 -999.9 -999.9 -999.9 -999.9 -999.9 -999.9 -999.9 -999.9 -999.9 -999.9 -999.9 -999.9 0.0 0.0 0.0 0.0 -999.9 -999.9 -999.9 -999.9 -999.9 -999.9 -999.9 SGB/CPRM_-_Guaporé_(525_m) -999.9 -999.9 -999.9 -999.9 -999.9 -999.9 -999.9 -999.9 Brasil SGB/CPRM -999.9 0.0 0.0 -999.9 0 0 0 0 0.05 0.05 0.05 0.05
-28.84444 -51.87916 02851044 2026-07-12_02:00 -999.9 -999.9 -999.9 -999.9 -999.9 -999.9 -999.9 -999.9 -999.9 -999.9 -999.9 -999.9 -999.9 -999.9 -999.9 -999.9 0.0 0.0 0.0 0.0 -999.9 -999.9 -999.9 -999.9 -999.9 -999.9 -999.9 SGB/CPRM_-_Guaporé_(525_m) -999.9 -999.9 -999.9 -999.9 -999.9 -999.9 -999.9 -999.9 Brasil SGB/CPRM -999.9 0.0 0.0 -999.9 0 0 0 0 0.05 0.05 0.05 0.05
-28.84444 -51.87916 02851044 2026-07-12_02:15 -999.9 -999.9 -999.9 -999.9 -999.9 -999.9 -999.9 -999.9 -999.9 -999.9 -999.9 -999.9 -999.9 -999.9 -999.9 -999.9 0.0 0.0 0.0 0.0 -999.9 -999.9 -999.9 -999.9 -999.9 -999.9 -999.9 SGB/CPRM_-_Guaporé_(525_m) -999.9 -999.9 -999.9 -999.9 -999.9 -999.9 -999.9 -999.9 Brasil SGB/CPRM -999.9 0.0 0.0 -999.9 0 0 0 0 0.05 0.05 0.05 0.05
-28.84444 -51.87916 02851044 2026-07-12_02:30 -999.9 -999.9 -999.9 -999.9 -999.9 -999.9 -999.9 -999.9 -999.9 -999.9 -999.9 -999.9 -999.9 -999.9 -999.9 -999.9 0.0 0.0 0.0 0.0 -999.9 -999.9 -999.9 -999.9 -999.9 -999.9 -999.9 SGB/CPRM_-_Guaporé_(525_m) -999.9 -999.9 -999.9 -999.9 -999.9 -999.9 -999.9 -999.9 Brasil SGB/CPRM -999.9 0.0 0.0 -999.9 0 0 0 0 0.05 0.05 0.05 0.05
-28.84444 -51.87916 02851044 2026-07-12_02:45 -999.9 -999.9 -999.9 -999.9 -999.9 -999.9 -999.9 -999.9 -999.9 -999.9 -999.9 -999.9 -999.9 -999.9 -999.9 -999.9 0.0 0.0 0.0 0.0 -999.9 -999.9 -999.9 -999.9 -999.9 -999.9 -999.9 SGB/CPRM_-_Guaporé_(525_m) -999.9 -999.9 -999.9 -999.9 -999.9 -999.9 -999.9 -999.9 Brasil SGB/CPRM -999.9 0.0 0.0 -999.9 0 0 0 0 0.05 0.05 0.05 0.05
-28.84444 -51.87916 02851044 2026-07-12_03:00 -999.9 -999.9 -999.9 -999.9 -999.9 -999.9 -999.9 -999.9 -999.9 -999.9 -999.9 -999.9 -999.9 -999.9 -999.9 -999.9 0.0 0.0 0.0 0.0 -999.9 -999.9 -999.9 -999.9 -999.9 -999.9 -999.9 SGB/CPRM_-_Guaporé_(525_m) -999.9 -999.9 -999.9 -999.9 -999.9 -999.9 -999.9 -999.9 Brasil SGB/CPRM -999.9 0.0 0.0 -999.9 0 0 0 0 0.05 0.05 0.05 0.05
-28.84444 -51.87916 02851044 2026-07-12_03:15 -999.9 -999.9 -999.9 -999.9 -999.9 -999.9 -999.9 -999.9 -999.9 -999.9 -999.9 -999.9 -999.9 -999.9 -999.9 -999.9 0.0 0.0 0.0 0.0 -999.9 -999.9 -999.9 -999.9 -999.9 -999.9 -999.9 SGB/CPRM_-_Guaporé_(525_m) -999.9 -999.9 -999.9 -999.9 -999.9 -999.9 -999.9 -999.9 Brasil SGB/CPRM -999.9 0.0 0.0 -999.9 0 0 0 0 0.05 0.05 0.05 0.05
-28.84444 -51.87916 02851044 2026-07-12_03:30 -999.9 -999.9 -999.9 -999.9 -999.9 -999.9 -999.9 -999.9 -999.9 -999.9 -999.9 -999.9 -999.9 -999.9 -999.9 -999.9 0.0 0.0 0.0 0.0 -999.9 -999.9 -999.9 -999.9 -999.9 -999.9 -999.9 SGB/CPRM_-_Guaporé_(525_m) -999.9 -999.9 -999.9 -999.9 -999.9 -999.9 -999.9 -999.9 Brasil SGB/CPRM -999.9 0.0 0.0 -999.9 0 0 0 0 0.05 0.05 0.05 0.05
-28.84444 -51.87916 02851044 2026-07-12_03:45 -999.9 -999.9 -999.9 -999.9 -999.9 -999.9 -999.9 -999.9 -999.9 -999.9 -999.9 -999.9 -999.9 -999.9 -999.9 -999.9 0.0 0.0 0.0 0.0 -999.9 -999.9 -999.9 -999.9 -999.9 -999.9 -999.9 SGB/CPRM_-_Guaporé_(525_m) -999.9 -999.9 -999.9 -999.9 -999.9 -999.9 -999.9 -999.9 Brasil SGB/CPRM -999.9 0.0 0.0 -999.9 0 0 0 0 0.05 0.05 0.05 0.05
-28.84444 -51.87916 02851044 2026-07-12_04:00 -999.9 -999.9 -999.9 -999.9 -999.9 -999.9 -999.9 -999.9 -999.9 -999.9 -999.9 -999.9 -999.9 -999.9 -999.9 -999.9 0.0 0.0 0.0 0.0 -999.9 -999.9 -999.9 -999.9 -999.9 -999.9 -999.9 SGB/CPRM_-_Guaporé_(525_m) -999.9 -999.9 -999.9 -999.9 -999.9 -999.9 -999.9 -999.9 Brasil SGB/CPRM -999.9 0.0 0.0 -999.9 0 0 0 0 0.05 0.05 0.05 0.05
-28.84444 -51.87916 02851044 2026-07-12_04:15 -999.9 -999.9 -999.9 -999.9 -999.9 -999.9 -999.9 -999.9 -999.9 -999.9 -999.9 -999.9 -999.9 -999.9 -999.9 -999.9 0.0 0.0 0.0 0.0 -999.9 -999.9 -999.9 -999.9 -999.9 -999.9 -999.9 SGB/CPRM_-_Guaporé_(525_m) -999.9 -999.9 -999.9 -999.9 -999.9 -999.9 -999.9 -999.9 Brasil SGB/CPRM -999.9 0.0 0.0 -999.9 0 0 0 0 0.05 0.05 0.05 0.05
-28.84444 -51.87916 02851044 2026-07-12_04:30 -999.9 -999.9 -999.9 -999.9 -999.9 -999.9 -999.9 -999.9 -999.9 -999.9 -999.9 -999.9 -999.9 -999.9 -999.9 -999.9 0.0 0.0 0.0 0.0 -999.9 -999.9 -999.9 -999.9 -999.9 -999.9 -999.9 SGB/CPRM_-_Guaporé_(525_m) -999.9 -999.9 -999.9 -999.9 -999.9 -999.9 -999.9 -999.9 Brasil SGB/CPRM -999.9 0.0 0.0 -999.9 0 0 0 0 0.05 0.05 0.05 0.05
-28.84444 -51.87916 02851044 2026-07-12_04:45 -999.9 -999.9 -999.9 -999.9 -999.9 -999.9 -999.9 -999.9 -999.9 -999.9 -999.9 -999.9 -999.9 -999.9 -999.9 -999.9 0.0 0.0 0.0 0.0 -999.9 -999.9 -999.9 -999.9 -999.9 -999.9 -999.9 SGB/CPRM_-_Guaporé_(525_m) -999.9 -999.9 -999.9 -999.9 -999.9 -999.9 -999.9 -999.9 Brasil SGB/CPRM -999.9 0.0 0.0 -999.9 0 0 0 0 0.05 0.05 0.05 0.05
-28.84444 -51.87916 02851044 2026-07-12_05:00 -999.9 -999.9 -999.9 -999.9 -999.9 -999.9 -999.9 -999.9 -999.9 -999.9 -999.9 -999.9 -999.9 -999.9 -999.9 -999.9 0.0 0.0 0.0 0.0 -999.9 -999.9 -999.9 -999.9 -999.9 -999.9 -999.9 SGB/CPRM_-_Guaporé_(525_m) -999.9 -999.9 -999.9 -999.9 -999.9 -999.9 -999.9 -999.9 Brasil SGB/CPRM -999.9 0.0 0.0 -999.9 0 0 0 0 0.05 0.05 0.05 0.05
-28.84444 -51.87916 02851044 2026-07-12_05:15 -999.9 -999.9 -999.9 -999.9 -999.9 -999.9 -999.9 -999.9 -999.9 -999.9 -999.9 -999.9 -999.9 -999.9 -999.9 -999.9 0.0 0.0 0.0 0.0 -999.9 -999.9 -999.9 -999.9 -999.9 -999.9 -999.9 SGB/CPRM_-_Guaporé_(525_m) -999.9 -999.9 -999.9 -999.9 -999.9 -999.9 -999.9 -999.9 Brasil SGB/CPRM -999.9 0.0 0.0 -999.9 0 0 0 0 0.05 0.05 0.05 0.05
-28.84444 -51.87916 02851044 2026-07-12_05:30 -999.9 -999.9 -999.9 -999.9 -999.9 -999.9 -999.9 -999.9 -999.9 -999.9 -999.9 -999.9 -999.9 -999.9 -999.9 -999.9 0.0 0.0 0.0 0.0 -999.9 -999.9 -999.9 -999.9 -999.9 -999.9 -999.9 SGB/CPRM_-_Guaporé_(525_m) -999.9 -999.9 -999.9 -999.9 -999.9 -999.9 -999.9 -999.9 Brasil SGB/CPRM -999.9 0.0 0.0 -999.9 0 0 0 0 0.05 0.05 0.05 0.05
-28.84444 -51.87916 02851044 2026-07-12_05:45 -999.9 -999.9 -999.9 -999.9 -999.9 -999.9 -999.9 -999.9 -999.9 -999.9 -999.9 -999.9 -999.9 -999.9 -999.9 -999.9 0.0 0.0 0.0 0.0 -999.9 -999.9 -999.9 -999.9 -999.9 -999.9 -999.9 SGB/CPRM_-_Guaporé_(525_m) -999.9 -999.9 -999.9 -999.9 -999.9 -999.9 -999.9 -999.9 Brasil SGB/CPRM -999.9 0.0 0.0 -999.9 0 0 0 0 0.05 0.05 0.05 0.05
-28.84444 -51.87916 02851044 2026-07-12_06:00 -999.9 -999.9 -999.9 -999.9 -999.9 -999.9 -999.9 -999.9 -999.9 -999.9 -999.9 -999.9 -999.9 -999.9 -999.9 -999.9 0.0 0.0 0.0 0.0 -999.9 -999.9 -999.9 -999.9 -999.9 -999.9 -999.9 SGB/CPRM_-_Guaporé_(525_m) -999.9 -999.9 -999.9 -999.9 -999.9 -999.9 -999.9 -999.9 Brasil SGB/CPRM -999.9 0.0 0.0 -999.9 0 0 0 0 0.05 0.05 0.05 0.05
-28.84444 -51.87916 02851044 2026-07-12_06:15 -999.9 -999.9 -999.9 -999.9 -999.9 -999.9 -999.9 -999.9 -999.9 -999.9 -999.9 -999.9 -999.9 -999.9 -999.9 -999.9 0.0 0.0 0.0 0.0 -999.9 -999.9 -999.9 -999.9 -999.9 -999.9 -999.9 SGB/CPRM_-_Guaporé_(525_m) -999.9 -999.9 -999.9 -999.9 -999.9 -999.9 -999.9 -999.9 Brasil SGB/CPRM -999.9 0.0 0.0 -999.9 0 0 0 0 0.05 0.05 0.05 0.05
-28.84444 -51.87916 02851044 2026-07-12_06:30 -999.9 -999.9 -999.9 -999.9 -999.9 -999.9 -999.9 -999.9 -999.9 -999.9 -999.9 -999.9 -999.9 -999.9 -999.9 -999.9 0.0 0.0 0.0 0.0 -999.9 -999.9 -999.9 -999.9 -999.9 -999.9 -999.9 SGB/CPRM_-_Guaporé_(525_m) -999.9 -999.9 -999.9 -999.9 -999.9 -999.9 -999.9 -999.9 Brasil SGB/CPRM -999.9 0.0 0.0 -999.9 0 0 0 0 0.05 0.05 0.05 0.05
-28.84444 -51.87916 02851044 2026-07-12_06:45 -999.9 -999.9 -999.9 -999.9 -999.9 -999.9 -999.9 -999.9 -999.9 -999.9 -999.9 -999.9 -999.9 -999.9 -999.9 -999.9 0.0 0.0 0.0 0.0 -999.9 -999.9 -999.9 -999.9 -999.9 -999.9 -999.9 SGB/CPRM_-_Guaporé_(525_m) -999.9 -999.9 -999.9 -999.9 -999.9 -999.9 -999.9 -999.9 Brasil SGB/CPRM -999.9 0.0 0.0 -999.9 0 0 0 0 0.05 0.05 0.05 0.05
-28.84444 -51.87916 02851044 2026-07-12_07:00 -999.9 -999.9 -999.9 -999.9 -999.9 -999.9 -999.9 -999.9 -999.9 -999.9 -999.9 -999.9 -999.9 -999.9 -999.9 -999.9 0.0 0.0 0.0 0.0 -999.9 -999.9 -999.9 -999.9 -999.9 -999.9 -999.9 SGB/CPRM_-_Guaporé_(525_m) -999.9 -999.9 -999.9 -999.9 -999.9 -999.9 -999.9 -999.9 Brasil SGB/CPRM -999.9 0.0 0.0 -999.9 0 0 0 0 0.05 0.05 0.05 0.05
-28.84444 -51.87916 02851044 2026-07-12_07:15 -999.9 -999.9 -999.9 -999.9 -999.9 -999.9 -999.9 -999.9 -999.9 -999.9 -999.9 -999.9 -999.9 -999.9 -999.9 -999.9 0.0 0.0 0.0 0.0 -999.9 -999.9 -999.9 -999.9 -999.9 -999.9 -999.9 SGB/CPRM_-_Guaporé_(525_m) -999.9 -999.9 -999.9 -999.9 -999.9 -999.9 -999.9 -999.9 Brasil SGB/CPRM -999.9 0.0 0.0 -999.9 0 0 0 0 0.05 0.05 0.05 0.05
-28.84444 -51.87916 02851044 2026-07-12_07:30 -999.9 -999.9 -999.9 -999.9 -999.9 -999.9 -999.9 -999.9 -999.9 -999.9 -999.9 -999.9 -999.9 -999.9 -999.9 -999.9 0.0 0.0 0.0 0.0 -999.9 -999.9 -999.9 -999.9 -999.9 -999.9 -999.9 SGB/CPRM_-_Guaporé_(525_m) -999.9 -999.9 -999.9 -999.9 -999.9 -999.9 -999.9 -999.9 Brasil SGB/CPRM -999.9 0.0 0.0 -999.9 0 0 0 0 0.05 0.05 0.05 0.05
-28.84444 -51.87916 02851044 2026-07-12_07:45 -999.9 -999.9 -999.9 -999.9 -999.9 -999.9 -999.9 -999.9 -999.9 -999.9 -999.9 -999.9 -999.9 -999.9 -999.9 -999.9 0.0 0.0 0.0 0.0 -999.9 -999.9 -999.9 -999.9 -999.9 -999.9 -999.9 SGB/CPRM_-_Guaporé_(525_m) -999.9 -999.9 -999.9 -999.9 -999.9 -999.9 -999.9 -999.9 Brasil SGB/CPRM -999.9 0.0 0.0 -999.9 0 0 0 0 0.05 0.05 0.05 0.05
-28.84444 -51.87916 02851044 2026-07-12_08:00 -999.9 -999.9 -999.9 -999.9 -999.9 -999.9 -999.9 -999.9 -999.9 -999.9 -999.9 -999.9 -999.9 -999.9 -999.9 -999.9 0.0 0.0 0.0 0.0 -999.9 -999.9 -999.9 -999.9 -999.9 -999.9 -999.9 SGB/CPRM_-_Guaporé_(525_m) -999.9 -999.9 -999.9 -999.9 -999.9 -999.9 -999.9 -999.9 Brasil SGB/CPRM -999.9 0.0 0.0 -999.9 0 0 0 0 0.05 0.05 0.05 0.05
-28.84444 -51.87916 02851044 2026-07-12_08:15 -999.9 -999.9 -999.9 -999.9 -999.9 -999.9 -999.9 -999.9 -999.9 -999.9 -999.9 -999.9 -999.9 -999.9 -999.9 -999.9 0.0 0.0 0.0 0.0 -999.9 -999.9 -999.9 -999.9 -999.9 -999.9 -999.9 SGB/CPRM_-_Guaporé_(525_m) -999.9 -999.9 -999.9 -999.9 -999.9 -999.9 -999.9 -999.9 Brasil SGB/CPRM -999.9 0.0 0.0 -999.9 0 0 0 0 0.05 0.05 0.05 0.05
-28.84444 -51.87916 02851044 2026-07-12_08:30 -999.9 -999.9 -999.9 -999.9 -999.9 -999.9 -999.9 -999.9 -999.9 -999.9 -999.9 -999.9 -999.9 -999.9 -999.9 -999.9 0.0 0.0 0.0 0.0 -999.9 -999.9 -999.9 -999.9 -999.9 -999.9 -999.9 SGB/CPRM_-_Guaporé_(525_m) -999.9 -999.9 -999.9 -999.9 -999.9 -999.9 -999.9 -999.9 Brasil SGB/CPRM -999.9 0.0 0.0 -999.9 0 0 0 0 0.05 0.05 0.05 0.05
-28.84444 -51.87916 02851044 2026-07-12_08:45 -999.9 -999.9 -999.9 -999.9 -999.9 -999.9 -999.9 -999.9 -999.9 -999.9 -999.9 -999.9 -999.9 -999.9 -999.9 -999.9 0.0 0.0 0.0 0.0 -999.9 -999.9 -999.9 -999.9 -999.9 -999.9 -999.9 SGB/CPRM_-_Guaporé_(525_m) -999.9 -999.9 -999.9 -999.9 -999.9 -999.9 -999.9 -999.9 Brasil SGB/CPRM -999.9 0.0 0.0 -999.9 0 0 0 0 0.05 0.05 0.05 0.05
-28.84444 -51.87916 02851044 2026-07-12_09:00 -999.9 -999.9 -999.9 -999.9 -999.9 -999.9 -999.9 -999.9 -999.9 -999.9 -999.9 -999.9 -999.9 -999.9 -999.9 -999.9 0.0 0.0 0.0 0.0 -999.9 -999.9 -999.9 -999.9 -999.9 -999.9 -999.9 SGB/CPRM_-_Guaporé_(525_m) -999.9 -999.9 -999.9 -999.9 -999.9 -999.9 -999.9 -999.9 Brasil SGB/CPRM -999.9 0.0 0.0 -999.9 0 0 0 0 0.05 0.05 0.05 0.05
-28.84444 -51.87916 02851044 2026-07-12_09:15 -999.9 -999.9 -999.9 -999.9 -999.9 -999.9 -999.9 -999.9 -999.9 -999.9 -999.9 -999.9 -999.9 -999.9 -999.9 -999.9 0.0 0.0 0.0 0.0 -999.9 -999.9 -999.9 -999.9 -999.9 -999.9 -999.9 SGB/CPRM_-_Guaporé_(525_m) -999.9 -999.9 -999.9 -999.9 -999.9 -999.9 -999.9 -999.9 Brasil SGB/CPRM -999.9 0.0 0.0 -999.9 0 0 0 0 0.05 0.05 0.05 0.05
-28.84444 -51.87916 02851044 2026-07-12_09:30 -999.9 -999.9 -999.9 -999.9 -999.9 -999.9 -999.9 -999.9 -999.9 -999.9 -999.9 -999.9 -999.9 -999.9 -999.9 -999.9 0.0 0.0 0.0 0.0 -999.9 -999.9 -999.9 -999.9 -999.9 -999.9 -999.9 SGB/CPRM_-_Guaporé_(525_m) -999.9 -999.9 -999.9 -999.9 -999.9 -999.9 -999.9 -999.9 Brasil SGB/CPRM -999.9 0.0 0.0 -999.9 0 0 0 0 0.05 0.05 0.05 0.05
-28.84444 -51.87916 02851044 2026-07-12_09:45 -999.9 -999.9 -999.9 -999.9 -999.9 -999.9 -999.9 -999.9 -999.9 -999.9 -999.9 -999.9 -999.9 -999.9 -999.9 -999.9 0.0 0.0 0.0 0.0 -999.9 -999.9 -999.9 -999.9 -999.9 -999.9 -999.9 SGB/CPRM_-_Guaporé_(525_m) -999.9 -999.9 -999.9 -999.9 -999.9 -999.9 -999.9 -999.9 Brasil SGB/CPRM -999.9 0.0 0.0 -999.9 0 0 0 0 0.05 0.05 0.05 0.05
-28.84444 -51.87916 02851044 2026-07-12_10:00 -999.9 -999.9 -999.9 -999.9 -999.9 -999.9 -999.9 -999.9 -999.9 -999.9 -999.9 -999.9 -999.9 -999.9 -999.9 -999.9 0.0 0.0 0.0 0.0 -999.9 -999.9 -999.9 -999.9 -999.9 -999.9 -999.9 SGB/CPRM_-_Guaporé_(525_m) -999.9 -999.9 -999.9 -999.9 -999.9 -999.9 -999.9 -999.9 Brasil SGB/CPRM -999.9 0.0 0.0 -999.9 0 0 0 0 0.05 0.05 0.05 0.05
-28.84444 -51.87916 02851044 2026-07-12_10:15 -999.9 -999.9 -999.9 -999.9 -999.9 -999.9 -999.9 -999.9 -999.9 -999.9 -999.9 -999.9 -999.9 -999.9 -999.9 -999.9 0.0 0.0 0.0 0.0 -999.9 -999.9 -999.9 -999.9 -999.9 -999.9 -999.9 SGB/CPRM_-_Guaporé_(525_m) -999.9 -999.9 -999.9 -999.9 -999.9 -999.9 -999.9 -999.9 Brasil SGB/CPRM -999.9 0.0 0.0 -999.9 0 0 0 0 0.05 0.05 0.05 0.05
-28.84444 -51.87916 02851044 2026-07-12_10:30 -999.9 -999.9 -999.9 -999.9 -999.9 -999.9 -999.9 -999.9 -999.9 -999.9 -999.9 -999.9 -999.9 -999.9 -999.9 -999.9 0.0 0.0 0.0 0.0 -999.9 -999.9 -999.9 -999.9 -999.9 -999.9 -999.9 SGB/CPRM_-_Guaporé_(525_m) -999.9 -999.9 -999.9 -999.9 -999.9 -999.9 -999.9 -999.9 Brasil SGB/CPRM -999.9 0.0 0.0 -999.9 0 0 0 0 0.05 0.05 0.05 0.05
-28.84444 -51.87916 02851044 2026-07-12_10:45 -999.9 -999.9 -999.9 -999.9 -999.9 -999.9 -999.9 -999.9 -999.9 -999.9 -999.9 -999.9 -999.9 -999.9 -999.9 -999.9 0.0 0.0 0.0 0.0 -999.9 -999.9 -999.9 -999.9 -999.9 -999.9 -999.9 SGB/CPRM_-_Guaporé_(525_m) -999.9 -999.9 -999.9 -999.9 -999.9 -999.9 -999.9 -999.9 Brasil SGB/CPRM -999.9 0.0 0.0 -999.9 0 0 0 0 0.05 0.05 0.05 0.05
-28.84444 -51.87916 02851044 2026-07-12_11:00 -999.9 -999.9 -999.9 -999.9 -999.9 -999.9 -999.9 -999.9 -999.9 -999.9 -999.9 -999.9 -999.9 -999.9 -999.9 -999.9 0.0 0.0 0.0 0.0 -999.9 -999.9 -999.9 -999.9 -999.9 -999.9 -999.9 SGB/CPRM_-_Guaporé_(525_m) -999.9 -999.9 -999.9 -999.9 -999.9 -999.9 -999.9 -999.9 Brasil SGB/CPRM -999.9 0.0 0.0 -999.9 0 0 0 0 0.05 0.05 0.05 0.05
-28.84444 -51.87916 02851044 2026-07-12_11:15 -999.9 -999.9 -999.9 -999.9 -999.9 -999.9 -999.9 -999.9 -999.9 -999.9 -999.9 -999.9 -999.9 -999.9 -999.9 -999.9 0.0 0.0 0.0 0.0 -999.9 -999.9 -999.9 -999.9 -999.9 -999.9 -999.9 SGB/CPRM_-_Guaporé_(525_m) -999.9 -999.9 -999.9 -999.9 -999.9 -999.9 -999.9 -999.9 Brasil SGB/CPRM -999.9 0.0 0.0 -999.9 0 0 0 0 0.05 0.05 0.05 0.05
-28.84444 -51.87916 02851044 2026-07-12_11:30 -999.9 -999.9 -999.9 -999.9 -999.9 -999.9 -999.9 -999.9 -999.9 -999.9 -999.9 -999.9 -999.9 -999.9 -999.9 -999.9 0.0 0.0 0.0 0.0 -999.9 -999.9 -999.9 -999.9 -999.9 -999.9 -999.9 SGB/CPRM_-_Guaporé_(525_m) -999.9 -999.9 -999.9 -999.9 -999.9 -999.9 -999.9 -999.9 Brasil SGB/CPRM -999.9 0.0 0.0 -999.9 0 0 0 0 0.05 0.05 0.05 0.05
-28.84444 -51.87916 02851044 2026-07-12_11:45 -999.9 -999.9 -999.9 -999.9 -999.9 -999.9 -999.9 -999.9 -999.9 -999.9 -999.9 -999.9 -999.9 -999.9 -999.9 -999.9 0.0 0.0 0.0 0.0 -999.9 -999.9 -999.9 -999.9 -999.9 -999.9 -999.9 SGB/CPRM_-_Guaporé_(525_m) -999.9 -999.9 -999.9 -999.9 -999.9 -999.9 -999.9 -999.9 Brasil SGB/CPRM -999.9 0.0 0.0 -999.9 0 0 0 0 0.05 0.05 0.05 0.05
-28.84444 -51.87916 02851044 2026-07-12_12:00 -999.9 -999.9 -999.9 -999.9 -999.9 -999.9 -999.9 -999.9 -999.9 -999.9 -999.9 -999.9 -999.9 -999.9 -999.9 -999.9 0.0 0.0 0.0 0.0 -999.9 -999.9 -999.9 -999.9 -999.9 -999.9 -999.9 SGB/CPRM_-_Guaporé_(525_m) -999.9 -999.9 -999.9 -999.9 -999.9 -999.9 -999.9 -999.9 Brasil SGB/CPRM -999.9 0.0 0.0 -999.9 0 0 0 0 0.05 0.05 0.05 0.05
-28.84444 -51.87916 02851044 2026-07-12_12:15 -999.9 -999.9 -999.9 -999.9 -999.9 -999.9 -999.9 -999.9 -999.9 -999.9 -999.9 -999.9 -999.9 -999.9 -999.9 -999.9 0.0 0.0 0.0 0.0 -999.9 -999.9 -999.9 -999.9 -999.9 -999.9 -999.9 SGB/CPRM_-_Guaporé_(525_m) -999.9 -999.9 -999.9 -999.9 -999.9 -999.9 -999.9 -999.9 Brasil SGB/CPRM -999.9 0.0 0.0 -999.9 0 0 0 0 0.05 0.05 0.05 0.05
-28.84444 -51.87916 02851044 2026-07-12_12:30 -999.9 -999.9 -999.9 -999.9 -999.9 -999.9 -999.9 -999.9 -999.9 -999.9 -999.9 -999.9 -999.9 -999.9 -999.9 -999.9 0.0 0.0 0.0 0.0 -999.9 -999.9 -999.9 -999.9 -999.9 -999.9 -999.9 SGB/CPRM_-_Guaporé_(525_m) -999.9 -999.9 -999.9 -999.9 -999.9 -999.9 -999.9 -999.9 Brasil SGB/CPRM -999.9 0.0 0.0 -999.9 0 0 0 0 0.05 0.05 0.05 0.05
-28.84444 -51.87916 02851044 2026-07-12_12:45 -999.9 -999.9 -999.9 -999.9 -999.9 -999.9 -999.9 -999.9 -999.9 -999.9 -999.9 -999.9 -999.9 -999.9 -999.9 -999.9 0.0 0.0 0.0 0.0 -999.9 -999.9 -999.9 -999.9 -999.9 -999.9 -999.9 SGB/CPRM_-_Guaporé_(525_m) -999.9 -999.9 -999.9 -999.9 -999.9 -999.9 -999.9 -999.9 Brasil SGB/CPRM -999.9 0.0 0.0 -999.9 0 0 0 0 0.05 0.05 0.05 0.05
-28.84444 -51.87916 02851044 2026-07-12_13:00 -999.9 -999.9 -999.9 -999.9 -999.9 -999.9 -999.9 -999.9 -999.9 -999.9 -999.9 -999.9 -999.9 -999.9 -999.9 -999.9 0.0 0.0 0.0 0.0 -999.9 -999.9 -999.9 -999.9 -999.9 -999.9 -999.9 SGB/CPRM_-_Guaporé_(525_m) -999.9 -999.9 -999.9 -999.9 -999.9 -999.9 -999.9 -999.9 Brasil SGB/CPRM -999.9 0.0 0.0 -999.9 0 0 0 0 0.05 0.05 0.05 0.05
-28.84444 -51.87916 02851044 2026-07-12_13:15 -999.9 -999.9 -999.9 -999.9 -999.9 -999.9 -999.9 -999.9 -999.9 -999.9 -999.9 -999.9 -999.9 -999.9 -999.9 -999.9 0.0 0.0 0.0 0.0 -999.9 -999.9 -999.9 -999.9 -999.9 -999.9 -999.9 SGB/CPRM_-_Guaporé_(525_m) -999.9 -999.9 -999.9 -999.9 -999.9 -999.9 -999.9 -999.9 Brasil SGB/CPRM -999.9 0.0 0.0 -999.9 0 0 0 0 0.05 0.05 0.05 0.05
-28.84444 -51.87916 02851044 2026-07-12_13:30 -999.9 -999.9 -999.9 -999.9 -999.9 -999.9 -999.9 -999.9 -999.9 -999.9 -999.9 -999.9 -999.9 -999.9 -999.9 -999.9 0.0 0.0 0.0 0.0 -999.9 -999.9 -999.9 -999.9 -999.9 -999.9 -999.9 SGB/CPRM_-_Guaporé_(525_m) -999.9 -999.9 -999.9 -999.9 -999.9 -999.9 -999.9 -999.9 Brasil SGB/CPRM -999.9 0.0 0.0 -999.9 0 0 0 0 0.05 0.05 0.05 0.05
-28.84444 -51.87916 02851044 2026-07-12_13:45 -999.9 -999.9 -999.9 -999.9 -999.9 -999.9 -999.9 -999.9 -999.9 -999.9 -999.9 -999.9 -999.9 -999.9 -999.9 -999.9 0.0 0.0 0.0 0.0 -999.9 -999.9 -999.9 -999.9 -999.9 -999.9 -999.9 SGB/CPRM_-_Guaporé_(525_m) -999.9 -999.9 -999.9 -999.9 -999.9 -999.9 -999.9 -999.9 Brasil SGB/CPRM -999.9 0.0 0.0 -999.9 0 0 0 0 0.05 0.05 0.05 0.05
-28.84444 -51.87916 02851044 2026-07-12_14:00 -999.9 -999.9 -999.9 -999.9 -999.9 -999.9 -999.9 -999.9 -999.9 -999.9 -999.9 -999.9 -999.9 -999.9 -999.9 -999.9 0.0 0.0 0.0 0.0 -999.9 -999.9 -999.9 -999.9 -999.9 -999.9 -999.9 SGB/CPRM_-_Guaporé_(525_m) -999.9 -999.9 -999.9 -999.9 -999.9 -999.9 -999.9 -999.9 Brasil SGB/CPRM -999.9 0.0 0.0 -999.9 0 0 0 0 0.05 0.05 0.05 0.05
-28.84444 -51.87916 02851044 2026-07-12_14:15 -999.9 -999.9 -999.9 -999.9 -999.9 -999.9 -999.9 -999.9 -999.9 -999.9 -999.9 -999.9 -999.9 -999.9 -999.9 -999.9 0.0 0.0 0.0 0.0 -999.9 -999.9 -999.9 -999.9 -999.9 -999.9 -999.9 SGB/CPRM_-_Guaporé_(525_m) -999.9 -999.9 -999.9 -999.9 -999.9 -999.9 -999.9 -999.9 Brasil SGB/CPRM -999.9 0.0 0.0 -999.9 0 0 0 0 0.05 0.05 0.05 0.05
-28.84444 -51.87916 02851044 2026-07-12_14:30 -999.9 -999.9 -999.9 -999.9 -999.9 -999.9 -999.9 -999.9 -999.9 -999.9 -999.9 -999.9 -999.9 -999.9 -999.9 -999.9 0.0 0.0 0.0 0.0 -999.9 -999.9 -999.9 -999.9 -999.9 -999.9 -999.9 SGB/CPRM_-_Guaporé_(525_m) -999.9 -999.9 -999.9 -999.9 -999.9 -999.9 -999.9 -999.9 Brasil SGB/CPRM -999.9 0.0 0.0 -999.9 0 0 0 0 0.05 0.05 0.05 0.05
-28.84444 -51.87916 02851044 2026-07-12_14:45 -999.9 -999.9 -999.9 -999.9 -999.9 -999.9 -999.9 -999.9 -999.9 -999.9 -999.9 -999.9 -999.9 -999.9 -999.9 -999.9 0.0 0.0 0.0 0.0 -999.9 -999.9 -999.9 -999.9 -999.9 -999.9 -999.9 SGB/CPRM_-_Guaporé_(525_m) -999.9 -999.9 -999.9 -999.9 -999.9 -999.9 -999.9 -999.9 Brasil SGB/CPRM -999.9 0.0 0.0 -999.9 0 0 0 0 0.05 0.05 0.05 0.05
-28.84444 -51.87916 02851044 2026-07-12_15:00 -999.9 -999.9 -999.9 -999.9 -999.9 -999.9 -999.9 -999.9 -999.9 -999.9 -999.9 -999.9 -999.9 -999.9 -999.9 -999.9 0.0 0.0 0.0 0.0 -999.9 -999.9 -999.9 -999.9 -999.9 -999.9 -999.9 SGB/CPRM_-_Guaporé_(525_m) -999.9 -999.9 -999.9 -999.9 -999.9 -999.9 -999.9 -999.9 Brasil SGB/CPRM -999.9 0.0 0.0 -999.9 0 0 0 0 0.05 0.05 0.05 0.05
-28.84444 -51.87916 02851044 2026-07-12_15:15 -999.9 -999.9 -999.9 -999.9 -999.9 -999.9 -999.9 -999.9 -999.9 -999.9 -999.9 -999.9 -999.9 -999.9 -999.9 -999.9 0.0 0.0 0.0 0.0 -999.9 -999.9 -999.9 -999.9 -999.9 -999.9 -999.9 SGB/CPRM_-_Guaporé_(525_m) -999.9 -999.9 -999.9 -999.9 -999.9 -999.9 -999.9 -999.9 Brasil SGB/CPRM -999.9 0.0 0.0 -999.9 0 0 0 0 0.05 0.05 0.05 0.05
-28.84444 -51.87916 02851044 2026-07-12_15:30 -999.9 -999.9 -999.9 -999.9 -999.9 -999.9 -999.9 -999.9 -999.9 -999.9 -999.9 -999.9 -999.9 -999.9 -999.9 -999.9 0.0 0.0 0.0 0.0 -999.9 -999.9 -999.9 -999.9 -999.9 -999.9 -999.9 SGB/CPRM_-_Guaporé_(525_m) -999.9 -999.9 -999.9 -999.9 -999.9 -999.9 -999.9 -999.9 Brasil SGB/CPRM -999.9 0.0 0.0 -999.9 0 0 0 0 0.05 0.05 0.05 0.05
-28.84444 -51.87916 02851044 2026-07-12_15:45 -999.9 -999.9 -999.9 -999.9 -999.9 -999.9 -999.9 -999.9 -999.9 -999.9 -999.9 -999.9 -999.9 -999.9 -999.9 -999.9 0.0 0.0 0.0 0.0 -999.9 -999.9 -999.9 -999.9 -999.9 -999.9 -999.9 SGB/CPRM_-_Guaporé_(525_m) -999.9 -999.9 -999.9 -999.9 -999.9 -999.9 -999.9 -999.9 Brasil SGB/CPRM -999.9 0.0 0.0 -999.9 0 0 0 0 0.05 0.05 0.05 0.05
-28.84444 -51.87916 02851044 2026-07-12_16:00 -999.9 -999.9 -999.9 -999.9 -999.9 -999.9 -999.9 -999.9 -999.9 -999.9 -999.9 -999.9 -999.9 -999.9 -999.9 -999.9 0.0 0.0 0.0 0.0 -999.9 -999.9 -999.9 -999.9 -999.9 -999.9 -999.9 SGB/CPRM_-_Guaporé_(525_m) -999.9 -999.9 -999.9 -999.9 -999.9 -999.9 -999.9 -999.9 Brasil SGB/CPRM -999.9 0.0 0.0 -999.9 0 0 0 0 0.05 0.05 0.05 0.05
-28.84444 -51.87916 02851044 2026-07-12_16:15 -999.9 -999.9 -999.9 -999.9 -999.9 -999.9 -999.9 -999.9 -999.9 -999.9 -999.9 -999.9 -999.9 -999.9 -999.9 -999.9 0.0 0.0 0.0 0.0 -999.9 -999.9 -999.9 -999.9 -999.9 -999.9 -999.9 SGB/CPRM_-_Guaporé_(525_m) -999.9 -999.9 -999.9 -999.9 -999.9 -999.9 -999.9 -999.9 Brasil SGB/CPRM -999.9 0.0 0.0 -999.9 0 0 0 0 0.05 0.05 0.05 0.05
-28.84444 -51.87916 02851044 2026-07-12_16:30 -999.9 -999.9 -999.9 -999.9 -999.9 -999.9 -999.9 -999.9 -999.9 -999.9 -999.9 -999.9 -999.9 -999.9 -999.9 -999.9 0.0 0.0 0.0 0.0 -999.9 -999.9 -999.9 -999.9 -999.9 -999.9 -999.9 SGB/CPRM_-_Guaporé_(525_m) -999.9 -999.9 -999.9 -999.9 -999.9 -999.9 -999.9 -999.9 Brasil SGB/CPRM -999.9 0.0 0.0 -999.9 0 0 0 0 0.05 0.05 0.05 0.05
-28.84444 -51.87916 02851044 2026-07-12_16:45 -999.9 -999.9 -999.9 -999.9 -999.9 -999.9 -999.9 -999.9 -999.9 -999.9 -999.9 -999.9 -999.9 -999.9 -999.9 -999.9 0.0 0.0 0.0 0.0 -999.9 -999.9 -999.9 -999.9 -999.9 -999.9 -999.9 SGB/CPRM_-_Guaporé_(525_m) -999.9 -999.9 -999.9 -999.9 -999.9 -999.9 -999.9 -999.9 Brasil SGB/CPRM -999.9 0.0 0.0 -999.9 0 0 0 0 0.05 0.05 0.05 0.05
-28.84444 -51.87916 02851044 2026-07-12_17:00 -999.9 -999.9 -999.9 -999.9 -999.9 -999.9 -999.9 -999.9 -999.9 -999.9 -999.9 -999.9 -999.9 -999.9 -999.9 -999.9 0.0 0.0 0.0 0.0 -999.9 -999.9 -999.9 -999.9 -999.9 -999.9 -999.9 SGB/CPRM_-_Guaporé_(525_m) -999.9 -999.9 -999.9 -999.9 -999.9 -999.9 -999.9 -999.9 Brasil SGB/CPRM -999.9 0.0 0.0 -999.9 0 0 0 0 0.05 0.05 0.05 0.05
-28.84444 -51.87916 02851044 2026-07-12_17:15 -999.9 -999.9 -999.9 -999.9 -999.9 -999.9 -999.9 -999.9 -999.9 -999.9 -999.9 -999.9 -999.9 -999.9 -999.9 -999.9 0.0 0.0 0.0 0.0 -999.9 -999.9 -999.9 -999.9 -999.9 -999.9 -999.9 SGB/CPRM_-_Guaporé_(525_m) -999.9 -999.9 -999.9 -999.9 -999.9 -999.9 -999.9 -999.9 Brasil SGB/CPRM -999.9 0.0 0.0 -999.9 0 0 0 0 0.05 0.05 0.05 0.05
-28.84444 -51.87916 02851044 2026-07-12_17:30 -999.9 -999.9 -999.9 -999.9 -999.9 -999.9 -999.9 -999.9 -999.9 -999.9 -999.9 -999.9 -999.9 -999.9 -999.9 -999.9 0.0 0.0 0.0 0.0 -999.9 -999.9 -999.9 -999.9 -999.9 -999.9 -999.9 SGB/CPRM_-_Guaporé_(525_m) -999.9 -999.9 -999.9 -999.9 -999.9 -999.9 -999.9 -999.9 Brasil SGB/CPRM -999.9 0.0 0.0 -999.9 0 0 0 0 0.05 0.05 0.05 0.05
-28.84444 -51.87916 02851044 2026-07-12_17:45 -999.9 -999.9 -999.9 -999.9 -999.9 -999.9 -999.9 -999.9 -999.9 -999.9 -999.9 -999.9 -999.9 -999.9 -999.9 -999.9 0.0 0.0 0.0 0.0 -999.9 -999.9 -999.9 -999.9 -999.9 -999.9 -999.9 SGB/CPRM_-_Guaporé_(525_m) -999.9 -999.9 -999.9 -999.9 -999.9 -999.9 -999.9 -999.9 Brasil SGB/CPRM -999.9 0.0 0.0 -999.9 0 0 0 0 0.05 0.05 0.05 0.05
-28.84444 -51.87916 02851044 2026-07-12_18:00 -999.9 -999.9 -999.9 -999.9 -999.9 -999.9 -999.9 -999.9 -999.9 -999.9 -999.9 -999.9 -999.9 -999.9 -999.9 -999.9 0.0 0.0 0.0 0.0 -999.9 -999.9 -999.9 -999.9 -999.9 -999.9 -999.9 SGB/CPRM_-_Guaporé_(525_m) -999.9 -999.9 -999.9 -999.9 -999.9 -999.9 -999.9 -999.9 Brasil SGB/CPRM -999.9 0.0 0.0 -999.9 0 0 0 0 0.05 0.05 0.05 0.05
-28.84444 -51.87916 02851044 2026-07-12_18:15 -999.9 -999.9 -999.9 -999.9 -999.9 -999.9 -999.9 -999.9 -999.9 -999.9 -999.9 -999.9 -999.9 -999.9 -999.9 -999.9 0.0 0.0 0.0 0.0 -999.9 -999.9 -999.9 -999.9 -999.9 -999.9 -999.9 SGB/CPRM_-_Guaporé_(525_m) -999.9 -999.9 -999.9 -999.9 -999.9 -999.9 -999.9 -999.9 Brasil SGB/CPRM -999.9 0.0 0.0 -999.9 0 0 0 0 0.05 0.05 0.05 0.05
-28.84444 -51.87916 02851044 2026-07-12_18:30 -999.9 -999.9 -999.9 -999.9 -999.9 -999.9 -999.9 -999.9 -999.9 -999.9 -999.9 -999.9 -999.9 -999.9 -999.9 -999.9 0.0 0.0 0.0 0.0 -999.9 -999.9 -999.9 -999.9 -999.9 -999.9 -999.9 SGB/CPRM_-_Guaporé_(525_m) -999.9 -999.9 -999.9 -999.9 -999.9 -999.9 -999.9 -999.9 Brasil SGB/CPRM -999.9 0.0 0.0 -999.9 0 0 0 0 0.05 0.05 0.05 0.05
-28.84444 -51.87916 02851044 2026-07-12_18:45 -999.9 -999.9 -999.9 -999.9 -999.9 -999.9 -999.9 -999.9 -999.9 -999.9 -999.9 -999.9 -999.9 -999.9 -999.9 -999.9 0.0 0.0 0.0 0.0 -999.9 -999.9 -999.9 -999.9 -999.9 -999.9 -999.9 SGB/CPRM_-_Guaporé_(525_m) -999.9 -999.9 -999.9 -999.9 -999.9 -999.9 -999.9 -999.9 Brasil SGB/CPRM -999.9 0.0 0.0 -999.9 0 0 0 0 0.05 0.05 0.05 0.05
-28.84444 -51.87916 02851044 2026-07-12_19:00 -999.9 -999.9 -999.9 -999.9 -999.9 -999.9 -999.9 -999.9 -999.9 -999.9 -999.9 -999.9 -999.9 -999.9 -999.9 -999.9 0.0 0.0 0.0 0.0 -999.9 -999.9 -999.9 -999.9 -999.9 -999.9 -999.9 SGB/CPRM_-_Guaporé_(525_m) -999.9 -999.9 -999.9 -999.9 -999.9 -999.9 -999.9 -999.9 Brasil SGB/CPRM -999.9 0.0 0.0 -999.9 0 0 0 0 0.05 0.05 0.05 0.05
-28.84444 -51.87916 02851044 2026-07-12_19:15 -999.9 -999.9 -999.9 -999.9 -999.9 -999.9 -999.9 -999.9 -999.9 -999.9 -999.9 -999.9 -999.9 -999.9 -999.9 -999.9 0.0 0.0 0.0 0.0 -999.9 -999.9 -999.9 -999.9 -999.9 -999.9 -999.9 SGB/CPRM_-_Guaporé_(525_m) -999.9 -999.9 -999.9 -999.9 -999.9 -999.9 -999.9 -999.9 Brasil SGB/CPRM -999.9 0.0 0.0 -999.9 0 0 0 0 0.05 0.05 0.05 0.05
-28.84444 -51.87916 02851044 2026-07-12_19:30 -999.9 -999.9 -999.9 -999.9 -999.9 -999.9 -999.9 -999.9 -999.9 -999.9 -999.9 -999.9 -999.9 -999.9 -999.9 -999.9 0.0 0.0 0.0 0.0 -999.9 -999.9 -999.9 -999.9 -999.9 -999.9 -999.9 SGB/CPRM_-_Guaporé_(525_m) -999.9 -999.9 -999.9 -999.9 -999.9 -999.9 -999.9 -999.9 Brasil SGB/CPRM -999.9 0.0 0.0 -999.9 0 0 0 0 0.05 0.05 0.05 0.05
-28.84444 -51.87916 02851044 2026-07-12_19:45 -999.9 -999.9 -999.9 -999.9 -999.9 -999.9 -999.9 -999.9 -999.9 -999.9 -999.9 -999.9 -999.9 -999.9 -999.9 -999.9 0.0 0.0 0.0 0.0 -999.9 -999.9 -999.9 -999.9 -999.9 -999.9 -999.9 SGB/CPRM_-_Guaporé_(525_m) -999.9 -999.9 -999.9 -999.9 -999.9 -999.9 -999.9 -999.9 Brasil SGB/CPRM -999.9 0.0 0.0 -999.9 0 0 0 0 0.05 0.05 0.05 0.05
-28.84444 -51.87916 02851044 2026-07-12_20:00 -999.9 -999.9 -999.9 -999.9 -999.9 -999.9 -999.9 -999.9 -999.9 -999.9 -999.9 -999.9 -999.9 -999.9 -999.9 -999.9 0.0 0.0 0.0 0.0 -999.9 -999.9 -999.9 -999.9 -999.9 -999.9 -999.9 SGB/CPRM_-_Guaporé_(525_m) -999.9 -999.9 -999.9 -999.9 -999.9 -999.9 -999.9 -999.9 Brasil SGB/CPRM -999.9 0.0 0.0 -999.9 0 0 0 0 0.05 0.05 0.05 0.05
-28.84444 -51.87916 02851044 2026-07-12_20:15 -999.9 -999.9 -999.9 -999.9 -999.9 -999.9 -999.9 -999.9 -999.9 -999.9 -999.9 -999.9 -999.9 -999.9 -999.9 -999.9 0.0 0.0 0.0 0.0 -999.9 -999.9 -999.9 -999.9 -999.9 -999.9 -999.9 SGB/CPRM_-_Guaporé_(525_m) -999.9 -999.9 -999.9 -999.9 -999.9 -999.9 -999.9 -999.9 Brasil SGB/CPRM -999.9 0.0 0.0 -999.9 0 0 0 0 0.05 0.05 0.05 0.05
-28.84444 -51.87916 02851044 2026-07-12_20:30 -999.9 -999.9 -999.9 -999.9 -999.9 -999.9 -999.9 -999.9 -999.9 -999.9 -999.9 -999.9 -999.9 -999.9 -999.9 -999.9 0.0 0.0 0.0 0.0 -999.9 -999.9 -999.9 -999.9 -999.9 -999.9 -999.9 SGB/CPRM_-_Guaporé_(525_m) -999.9 -999.9 -999.9 -999.9 -999.9 -999.9 -999.9 -999.9 Brasil SGB/CPRM -999.9 0.0 0.0 -999.9 0 0 0 0 0.05 0.05 0.05 0.05
-28.84444 -51.87916 02851044 2026-07-12_20:45 -999.9 -999.9 -999.9 -999.9 -999.9 -999.9 -999.9 -999.9 -999.9 -999.9 -999.9 -999.9 -999.9 -999.9 -999.9 -999.9 0.0 0.0 0.0 0.0 -999.9 -999.9 -999.9 -999.9 -999.9 -999.9 -999.9 SGB/CPRM_-_Guaporé_(525_m) -999.9 -999.9 -999.9 -999.9 -999.9 -999.9 -999.9 -999.9 Brasil SGB/CPRM -999.9 0.0 0.0 -999.9 0 0 0 0 0.05 0.05 0.05 0.05
-28.84444 -51.87916 02851044 2026-07-12_21:00 -999.9 -999.9 -999.9 -999.9 -999.9 -999.9 -999.9 -999.9 -999.9 -999.9 -999.9 -999.9 -999.9 -999.9 -999.9 -999.9 0.0 0.0 0.0 0.0 -999.9 -999.9 -999.9 -999.9 -999.9 -999.9 -999.9 SGB/CPRM_-_Guaporé_(525_m) -999.9 -999.9 -999.9 -999.9 -999.9 -999.9 -999.9 -999.9 Brasil SGB/CPRM -999.9 0.0 0.0 -999.9 0 0 0 0 0.05 0.05 0.05 0.05
-28.84444 -51.87916 02851044 2026-07-12_21:15 -999.9 -999.9 -999.9 -999.9 -999.9 -999.9 -999.9 -999.9 -999.9 -999.9 -999.9 -999.9 -999.9 -999.9 -999.9 -999.9 0.0 0.0 0.0 0.0 -999.9 -999.9 -999.9 -999.9 -999.9 -999.9 -999.9 SGB/CPRM_-_Guaporé_(525_m) -999.9 -999.9 -999.9 -999.9 -999.9 -999.9 -999.9 -999.9 Brasil SGB/CPRM -999.9 0.0 0.0 -999.9 0 0 0 0 0.05 0.05 0.05 0.05
-28.84444 -51.87916 02851044 2026-07-12_21:30 -999.9 -999.9 -999.9 -999.9 -999.9 -999.9 -999.9 -999.9 -999.9 -999.9 -999.9 -999.9 -999.9 -999.9 -999.9 -999.9 0.0 0.0 0.0 0.0 -999.9 -999.9 -999.9 -999.9 -999.9 -999.9 -999.9 SGB/CPRM_-_Guaporé_(525_m) -999.9 -999.9 -999.9 -999.9 -999.9 -999.9 -999.9 -999.9 Brasil SGB/CPRM -999.9 0.0 0.0 -999.9 0 0 0 0 0.05 0.05 0.05 0.05
-28.84444 -51.87916 02851044 2026-07-12_21:45 -999.9 -999.9 -999.9 -999.9 -999.9 -999.9 -999.9 -999.9 -999.9 -999.9 -999.9 -999.9 -999.9 -999.9 -999.9 -999.9 0.0 0.0 0.0 0.0 -999.9 -999.9 -999.9 -999.9 -999.9 -999.9 -999.9 SGB/CPRM_-_Guaporé_(525_m) -999.9 -999.9 -999.9 -999.9 -999.9 -999.9 -999.9 -999.9 Brasil SGB/CPRM -999.9 0.0 0.0 -999.9 0 0 0 0 0.05 0.05 0.05 0.05
-28.84444 -51.87916 02851044 2026-07-12_22:00 -999.9 -999.9 -999.9 -999.9 -999.9 -999.9 -999.9 -999.9 -999.9 -999.9 -999.9 -999.9 -999.9 -999.9 -999.9 -999.9 0.0 0.0 0.0 0.0 -999.9 -999.9 -999.9 -999.9 -999.9 -999.9 -999.9 SGB/CPRM_-_Guaporé_(525_m) -999.9 -999.9 -999.9 -999.9 -999.9 -999.9 -999.9 -999.9 Brasil SGB/CPRM -999.9 0.0 0.0 -999.9 0 0 0 0 0.05 0.05 0.05 0.05
-28.84444 -51.87916 02851044 2026-07-12_22:15 -999.9 -999.9 -999.9 -999.9 -999.9 -999.9 -999.9 -999.9 -999.9 -999.9 -999.9 -999.9 -999.9 -999.9 -999.9 -999.9 0.0 0.0 0.0 0.0 -999.9 -999.9 -999.9 -999.9 -999.9 -999.9 -999.9 SGB/CPRM_-_Guaporé_(525_m) -999.9 -999.9 -999.9 -999.9 -999.9 -999.9 -999.9 -999.9 Brasil SGB/CPRM -999.9 0.0 0.0 -999.9 0 0 0 0 0.05 0.05 0.05 0.05
-28.84444 -51.87916 02851044 2026-07-12_22:30 -999.9 -999.9 -999.9 -999.9 -999.9 -999.9 -999.9 -999.9 -999.9 -999.9 -999.9 -999.9 -999.9 -999.9 -999.9 -999.9 0.0 0.0 0.0 0.0 -999.9 -999.9 -999.9 -999.9 -999.9 -999.9 -999.9 SGB/CPRM_-_Guaporé_(525_m) -999.9 -999.9 -999.9 -999.9 -999.9 -999.9 -999.9 -999.9 Brasil SGB/CPRM -999.9 0.0 0.0 -999.9 0 0 0 0 0.05 0.05 0.05 0.05
-28.84444 -51.87916 02851044 2026-07-12_22:45 -999.9 -999.9 -999.9 -999.9 -999.9 -999.9 -999.9 -999.9 -999.9 -999.9 -999.9 -999.9 -999.9 -999.9 -999.9 -999.9 0.0 0.0 0.0 0.0 -999.9 -999.9 -999.9 -999.9 -999.9 -999.9 -999.9 SGB/CPRM_-_Guaporé_(525_m) -999.9 -999.9 -999.9 -999.9 -999.9 -999.9 -999.9 -999.9 Brasil SGB/CPRM -999.9 0.0 0.0 -999.9 0 0 0 0 0.05 0.05 0.05 0.05
-28.84444 -51.87916 02851044 2026-07-12_23:00 -999.9 -999.9 -999.9 -999.9 -999.9 -999.9 -999.9 -999.9 -999.9 -999.9 -999.9 -999.9 -999.9 -999.9 -999.9 -999.9 0.0 0.0 0.0 0.0 -999.9 -999.9 -999.9 -999.9 -999.9 -999.9 -999.9 SGB/CPRM_-_Guaporé_(525_m) -999.9 -999.9 -999.9 -999.9 -999.9 -999.9 -999.9 -999.9 Brasil SGB/CPRM -999.9 0.0 0.0 -999.9 0 0 0 0 0.05 0.05 0.05 0.05
-28.84444 -51.87916 02851044 2026-07-12_23:15 -999.9 -999.9 -999.9 -999.9 -999.9 -999.9 -999.9 -999.9 -999.9 -999.9 -999.9 -999.9 -999.9 -999.9 -999.9 -999.9 0.0 0.0 0.0 0.0 -999.9 -999.9 -999.9 -999.9 -999.9 -999.9 -999.9 SGB/CPRM_-_Guaporé_(525_m) -999.9 -999.9 -999.9 -999.9 -999.9 -999.9 -999.9 -999.9 Brasil SGB/CPRM -999.9 0.0 0.0 -999.9 0 0 0 0 0.05 0.05 0.05 0.05
-28.84444 -51.87916 02851044 2026-07-12_23:30 -999.9 -999.9 -999.9 -999.9 -999.9 -999.9 -999.9 -999.9 -999.9 -999.9 -999.9 -999.9 -999.9 -999.9 -999.9 -999.9 0.0 0.0 0.0 0.0 -999.9 -999.9 -999.9 -999.9 -999.9 -999.9 -999.9 SGB/CPRM_-_Guaporé_(525_m) -999.9 -999.9 -999.9 -999.9 -999.9 -999.9 -999.9 -999.9 Brasil SGB/CPRM -999.9 0.0 0.0 -999.9 0 0 0 0 0.05 0.05 0.05 0.05
-28.84444 -51.87916 02851044 2026-07-12_23:45 -999.9 -999.9 -999.9 -999.9 -999.9 -999.9 -999.9 -999.9 -999.9 -999.9 -999.9 -999.9 -999.9 -999.9 -999.9 -999.9 0.0 0.0 0.0 0.0 -999.9 -999.9 -999.9 -999.9 -999.9 -999.9 -999.9 SGB/CPRM_-_Guaporé_(525_m) -999.9 -999.9 -999.9 -999.9 -999.9 -999.9 -999.9 -999.9 Brasil SGB/CPRM -999.9 0.0 0.0 -999.9 0 0 0 0 0.05 0.05 0.05 0.05
