-28.88595 -50.3598 17789 2026-08-19_00:10 -999.9 -999.9 -999.9 -999.9 -999.9 -999.9 -999.9 -999.9 -999.9 -999.9 -999.9 -999.9 -999.9 -999.9 -999.9 -999.9 -999.9 0.0 1.0 1.0 1.2 2.8 -999.9 -999.9 -999.9 -999.9 -999.9 CEMADEN_-_Jaquirana_-_G2-431112201A_(928_m) -999.9 -999.9 -999.9 -999.9 -999.9 -999.9 -999.9 -999.9 Rio_Grande_do_Sul CEMADEN -999.9 0.0 -999.9
-28.88595 -50.3598 17789 2026-08-19_01:10 -999.9 -999.9 -999.9 -999.9 -999.9 -999.9 -999.9 -999.9 -999.9 -999.9 -999.9 -999.9 -999.9 -999.9 -999.9 -999.9 -999.9 0.0 1.0 1.0 1.2 2.8 -999.9 -999.9 -999.9 -999.9 -999.9 CEMADEN_-_Jaquirana_-_G2-431112201A_(928_m) -999.9 -999.9 -999.9 -999.9 -999.9 -999.9 -999.9 -999.9 Rio_Grande_do_Sul CEMADEN -999.9 0.0 -999.9
-28.88595 -50.3598 17789 2026-08-19_02:10 -999.9 -999.9 -999.9 -999.9 -999.9 -999.9 -999.9 -999.9 -999.9 -999.9 -999.9 -999.9 -999.9 -999.9 -999.9 -999.9 -999.9 0.0 1.0 1.0 1.2 2.8 -999.9 -999.9 -999.9 -999.9 -999.9 CEMADEN_-_Jaquirana_-_G2-431112201A_(928_m) -999.9 -999.9 -999.9 -999.9 -999.9 -999.9 -999.9 -999.9 Rio_Grande_do_Sul CEMADEN -999.9 0.0 -999.9
-28.88595 -50.3598 17789 2026-08-19_03:10 -999.9 -999.9 -999.9 -999.9 -999.9 -999.9 -999.9 -999.9 -999.9 -999.9 -999.9 -999.9 -999.9 -999.9 -999.9 -999.9 -999.9 0.0 1.0 1.0 1.2 2.8 -999.9 -999.9 -999.9 -999.9 -999.9 CEMADEN_-_Jaquirana_-_G2-431112201A_(928_m) -999.9 -999.9 -999.9 -999.9 -999.9 -999.9 -999.9 -999.9 Rio_Grande_do_Sul CEMADEN -999.9 0.0 -999.9
-28.88595 -50.3598 17789 2026-08-19_04:10 -999.9 -999.9 -999.9 -999.9 -999.9 -999.9 -999.9 -999.9 -999.9 -999.9 -999.9 -999.9 -999.9 -999.9 -999.9 -999.9 -999.9 0.0 1.0 1.0 1.2 2.8 -999.9 -999.9 -999.9 -999.9 -999.9 CEMADEN_-_Jaquirana_-_G2-431112201A_(928_m) -999.9 -999.9 -999.9 -999.9 -999.9 -999.9 -999.9 -999.9 Rio_Grande_do_Sul CEMADEN -999.9 0.0 -999.9
-28.88595 -50.3598 17789 2026-08-19_05:10 -999.9 -999.9 -999.9 -999.9 -999.9 -999.9 -999.9 -999.9 -999.9 -999.9 -999.9 -999.9 -999.9 -999.9 -999.9 -999.9 -999.9 0.0 1.0 1.0 1.2 2.8 -999.9 -999.9 -999.9 -999.9 -999.9 CEMADEN_-_Jaquirana_-_G2-431112201A_(928_m) -999.9 -999.9 -999.9 -999.9 -999.9 -999.9 -999.9 -999.9 Rio_Grande_do_Sul CEMADEN -999.9 0.0 -999.9
-28.88595 -50.3598 17789 2026-08-19_06:10 -999.9 -999.9 -999.9 -999.9 -999.9 -999.9 -999.9 -999.9 -999.9 -999.9 -999.9 -999.9 -999.9 -999.9 -999.9 -999.9 -999.9 0.0 1.0 1.0 1.2 2.8 -999.9 -999.9 -999.9 -999.9 -999.9 CEMADEN_-_Jaquirana_-_G2-431112201A_(928_m) -999.9 -999.9 -999.9 -999.9 -999.9 -999.9 -999.9 -999.9 Rio_Grande_do_Sul CEMADEN -999.9 0.0 -999.9
-28.88595 -50.3598 17789 2026-08-19_07:10 -999.9 -999.9 -999.9 -999.9 -999.9 -999.9 -999.9 -999.9 -999.9 -999.9 -999.9 -999.9 -999.9 -999.9 -999.9 -999.9 -999.9 0.0 1.0 1.0 1.2 2.8 -999.9 -999.9 -999.9 -999.9 -999.9 CEMADEN_-_Jaquirana_-_G2-431112201A_(928_m) -999.9 -999.9 -999.9 -999.9 -999.9 -999.9 -999.9 -999.9 Rio_Grande_do_Sul CEMADEN -999.9 0.0 -999.9
-28.88595 -50.3598 17789 2026-08-19_08:00 -999.9 -999.9 -999.9 -999.9 -999.9 -999.9 -999.9 -999.9 -999.9 -999.9 -999.9 -999.9 -999.9 -999.9 -999.9 -999.9 1.0 1.0 2.0 2.0 2.2 3.8 -999.9 -999.9 -999.9 -999.9 -999.9 CEMADEN_-_Jaquirana_-_G2-431112201A_(928_m) -999.9 -999.9 -999.9 -999.9 -999.9 -999.9 -999.9 -999.9 Rio_Grande_do_Sul CEMADEN -999.9 1.0 -999.9
-28.88595 -50.3598 17789 2026-08-19_08:10 -999.9 -999.9 -999.9 -999.9 -999.9 -999.9 -999.9 -999.9 -999.9 -999.9 -999.9 -999.9 -999.9 -999.9 -999.9 -999.9 14.4 14.4 15.4 15.4 15.6 17.2 -999.9 -999.9 -999.9 -999.9 -999.9 CEMADEN_-_Jaquirana_-_G2-431112201A_(928_m) -999.9 -999.9 -999.9 -999.9 -999.9 -999.9 -999.9 -999.9 Rio_Grande_do_Sul CEMADEN -999.9 13.4 -999.9
-28.88595 -50.3598 17789 2026-08-19_08:20 -999.9 -999.9 -999.9 -999.9 -999.9 -999.9 -999.9 -999.9 -999.9 -999.9 -999.9 -999.9 -999.9 -999.9 -999.9 -999.9 15.4 15.4 16.4 16.4 16.6 18.2 -999.9 -999.9 -999.9 -999.9 -999.9 CEMADEN_-_Jaquirana_-_G2-431112201A_(928_m) -999.9 -999.9 -999.9 -999.9 -999.9 -999.9 -999.9 -999.9 Rio_Grande_do_Sul CEMADEN -999.9 1.0 -999.9
-28.88595 -50.3598 17789 2026-08-19_08:30 -999.9 -999.9 -999.9 -999.9 -999.9 -999.9 -999.9 -999.9 -999.9 -999.9 -999.9 -999.9 -999.9 -999.9 -999.9 -999.9 5.6 15.6 16.6 16.6 16.8 18.4 -999.9 -999.9 -999.9 -999.9 -999.9 CEMADEN_-_Jaquirana_-_G2-431112201A_(928_m) -999.9 -999.9 -999.9 -999.9 -999.9 -999.9 -999.9 -999.9 Rio_Grande_do_Sul CEMADEN -999.9 0.2 -999.9
-28.88595 -50.3598 17789 2026-08-19_09:10 -999.9 -999.9 -999.9 -999.9 -999.9 -999.9 -999.9 -999.9 -999.9 -999.9 -999.9 -999.9 -999.9 -999.9 -999.9 -999.9 -999.9 15.6 16.6 16.6 16.8 18.4 -999.9 -999.9 -999.9 -999.9 -999.9 CEMADEN_-_Jaquirana_-_G2-431112201A_(928_m) -999.9 -999.9 -999.9 -999.9 -999.9 -999.9 -999.9 -999.9 Rio_Grande_do_Sul CEMADEN -999.9 0.0 -999.9
-28.88595 -50.3598 17789 2026-08-19_10:10 -999.9 -999.9 -999.9 -999.9 -999.9 -999.9 -999.9 -999.9 -999.9 -999.9 -999.9 -999.9 -999.9 -999.9 -999.9 -999.9 -999.9 15.6 16.6 16.6 16.8 18.4 -999.9 -999.9 -999.9 -999.9 -999.9 CEMADEN_-_Jaquirana_-_G2-431112201A_(928_m) -999.9 -999.9 -999.9 -999.9 -999.9 -999.9 -999.9 -999.9 Rio_Grande_do_Sul CEMADEN -999.9 0.0 -999.9
-28.88595 -50.3598 17789 2026-08-19_11:10 -999.9 -999.9 -999.9 -999.9 -999.9 -999.9 -999.9 -999.9 -999.9 -999.9 -999.9 -999.9 -999.9 -999.9 -999.9 -999.9 -999.9 15.6 16.6 16.6 16.8 18.4 -999.9 -999.9 -999.9 -999.9 -999.9 CEMADEN_-_Jaquirana_-_G2-431112201A_(928_m) -999.9 -999.9 -999.9 -999.9 -999.9 -999.9 -999.9 -999.9 Rio_Grande_do_Sul CEMADEN -999.9 0.0 -999.9
-28.88595 -50.3598 17789 2026-08-19_12:10 -999.9 -999.9 -999.9 -999.9 -999.9 -999.9 -999.9 -999.9 -999.9 -999.9 -999.9 -999.9 -999.9 -999.9 -999.9 -999.9 -999.9 15.6 16.6 16.6 16.8 18.4 -999.9 -999.9 -999.9 -999.9 -999.9 CEMADEN_-_Jaquirana_-_G2-431112201A_(928_m) -999.9 -999.9 -999.9 -999.9 -999.9 -999.9 -999.9 -999.9 Rio_Grande_do_Sul CEMADEN -999.9 0.0 -999.9
-28.88595 -50.3598 17789 2026-08-19_13:10 -999.9 -999.9 -999.9 -999.9 -999.9 -999.9 -999.9 -999.9 -999.9 -999.9 -999.9 -999.9 -999.9 -999.9 -999.9 -999.9 -999.9 15.4 16.6 16.6 16.6 18.2 -999.9 -999.9 -999.9 -999.9 -999.9 CEMADEN_-_Jaquirana_-_G2-431112201A_(928_m) -999.9 -999.9 -999.9 -999.9 -999.9 -999.9 -999.9 -999.9 Rio_Grande_do_Sul CEMADEN -999.9 -0.2 -999.9
-28.88595 -50.3598 17789 2026-08-19_13:30 -999.9 -999.9 -999.9 -999.9 -999.9 -999.9 -999.9 -999.9 -999.9 -999.9 -999.9 -999.9 -999.9 -999.9 -999.9 -999.9 0.2 15.6 16.8 16.8 16.8 18.4 -999.9 -999.9 -999.9 -999.9 -999.9 CEMADEN_-_Jaquirana_-_G2-431112201A_(928_m) -999.9 -999.9 -999.9 -999.9 -999.9 -999.9 -999.9 -999.9 Rio_Grande_do_Sul CEMADEN -999.9 0.2 -999.9
-28.88595 -50.3598 17789 2026-08-19_14:00 -999.9 -999.9 -999.9 -999.9 -999.9 -999.9 -999.9 -999.9 -999.9 -999.9 -999.9 -999.9 -999.9 -999.9 -999.9 -999.9 0.6 16.0 17.2 17.2 17.2 18.8 -999.9 -999.9 -999.9 -999.9 -999.9 CEMADEN_-_Jaquirana_-_G2-431112201A_(928_m) -999.9 -999.9 -999.9 -999.9 -999.9 -999.9 -999.9 -999.9 Rio_Grande_do_Sul CEMADEN -999.9 0.4 -999.9
-28.88595 -50.3598 17789 2026-08-19_14:10 -999.9 -999.9 -999.9 -999.9 -999.9 -999.9 -999.9 -999.9 -999.9 -999.9 -999.9 -999.9 -999.9 -999.9 -999.9 -999.9 0.8 16.2 17.4 17.4 17.4 19.0 -999.9 -999.9 -999.9 -999.9 -999.9 CEMADEN_-_Jaquirana_-_G2-431112201A_(928_m) -999.9 -999.9 -999.9 -999.9 -999.9 -999.9 -999.9 -999.9 Rio_Grande_do_Sul CEMADEN -999.9 0.2 -999.9
-28.88595 -50.3598 17789 2026-08-19_14:30 -999.9 -999.9 -999.9 -999.9 -999.9 -999.9 -999.9 -999.9 -999.9 -999.9 -999.9 -999.9 -999.9 -999.9 -999.9 -999.9 0.8 16.4 17.6 17.6 17.6 19.2 -999.9 -999.9 -999.9 -999.9 -999.9 CEMADEN_-_Jaquirana_-_G2-431112201A_(928_m) -999.9 -999.9 -999.9 -999.9 -999.9 -999.9 -999.9 -999.9 Rio_Grande_do_Sul CEMADEN -999.9 0.2 -999.9
-28.88595 -50.3598 17789 2026-08-19_14:50 -999.9 -999.9 -999.9 -999.9 -999.9 -999.9 -999.9 -999.9 -999.9 -999.9 -999.9 -999.9 -999.9 -999.9 -999.9 -999.9 0.6 16.6 17.8 17.8 17.8 19.4 -999.9 -999.9 -999.9 -999.9 -999.9 CEMADEN_-_Jaquirana_-_G2-431112201A_(928_m) -999.9 -999.9 -999.9 -999.9 -999.9 -999.9 -999.9 -999.9 Rio_Grande_do_Sul CEMADEN -999.9 0.2 -999.9
-28.88595 -50.3598 17789 2026-08-19_15:10 -999.9 -999.9 -999.9 -999.9 -999.9 -999.9 -999.9 -999.9 -999.9 -999.9 -999.9 -999.9 -999.9 -999.9 -999.9 -999.9 0.2 16.6 17.8 17.8 17.8 19.4 -999.9 -999.9 -999.9 -999.9 -999.9 CEMADEN_-_Jaquirana_-_G2-431112201A_(928_m) -999.9 -999.9 -999.9 -999.9 -999.9 -999.9 -999.9 -999.9 Rio_Grande_do_Sul CEMADEN -999.9 0.0 -999.9
-28.88595 -50.3598 17789 2026-08-19_15:30 -999.9 -999.9 -999.9 -999.9 -999.9 -999.9 -999.9 -999.9 -999.9 -999.9 -999.9 -999.9 -999.9 -999.9 -999.9 -999.9 0.4 16.8 18.0 18.0 18.0 19.6 -999.9 -999.9 -999.9 -999.9 -999.9 CEMADEN_-_Jaquirana_-_G2-431112201A_(928_m) -999.9 -999.9 -999.9 -999.9 -999.9 -999.9 -999.9 -999.9 Rio_Grande_do_Sul CEMADEN -999.9 0.2 -999.9
-28.88595 -50.3598 17789 2026-08-19_15:40 -999.9 -999.9 -999.9 -999.9 -999.9 -999.9 -999.9 -999.9 -999.9 -999.9 -999.9 -999.9 -999.9 -999.9 -999.9 -999.9 0.4 17.0 18.2 18.2 18.2 19.8 -999.9 -999.9 -999.9 -999.9 -999.9 CEMADEN_-_Jaquirana_-_G2-431112201A_(928_m) -999.9 -999.9 -999.9 -999.9 -999.9 -999.9 -999.9 -999.9 Rio_Grande_do_Sul CEMADEN -999.9 0.2 -999.9
-28.88595 -50.3598 17789 2026-08-19_16:10 -999.9 -999.9 -999.9 -999.9 -999.9 -999.9 -999.9 -999.9 -999.9 -999.9 -999.9 -999.9 -999.9 -999.9 -999.9 -999.9 0.2 17.0 18.2 18.2 18.2 19.8 -999.9 -999.9 -999.9 -999.9 -999.9 CEMADEN_-_Jaquirana_-_G2-431112201A_(928_m) -999.9 -999.9 -999.9 -999.9 -999.9 -999.9 -999.9 -999.9 Rio_Grande_do_Sul CEMADEN -999.9 0.0 -999.9
-28.88595 -50.3598 17789 2026-08-19_16:30 -999.9 -999.9 -999.9 -999.9 -999.9 -999.9 -999.9 -999.9 -999.9 -999.9 -999.9 -999.9 -999.9 -999.9 -999.9 -999.9 0.2 17.2 18.4 18.4 18.4 20.0 -999.9 -999.9 -999.9 -999.9 -999.9 CEMADEN_-_Jaquirana_-_G2-431112201A_(928_m) -999.9 -999.9 -999.9 -999.9 -999.9 -999.9 -999.9 -999.9 Rio_Grande_do_Sul CEMADEN -999.9 0.2 -999.9
-28.88595 -50.3598 17789 2026-08-19_17:10 -999.9 -999.9 -999.9 -999.9 -999.9 -999.9 -999.9 -999.9 -999.9 -999.9 -999.9 -999.9 -999.9 -999.9 -999.9 -999.9 -999.9 17.2 18.4 18.4 18.4 20.0 -999.9 -999.9 -999.9 -999.9 -999.9 CEMADEN_-_Jaquirana_-_G2-431112201A_(928_m) -999.9 -999.9 -999.9 -999.9 -999.9 -999.9 -999.9 -999.9 Rio_Grande_do_Sul CEMADEN -999.9 0.0 -999.9
-28.88595 -50.3598 17789 2026-08-19_18:10 -999.9 -999.9 -999.9 -999.9 -999.9 -999.9 -999.9 -999.9 -999.9 -999.9 -999.9 -999.9 -999.9 -999.9 -999.9 -999.9 -999.9 17.2 18.4 18.4 18.4 20.0 -999.9 -999.9 -999.9 -999.9 -999.9 CEMADEN_-_Jaquirana_-_G2-431112201A_(928_m) -999.9 -999.9 -999.9 -999.9 -999.9 -999.9 -999.9 -999.9 Rio_Grande_do_Sul CEMADEN -999.9 0.0 -999.9
-28.88595 -50.3598 17789 2026-08-19_19:10 -999.9 -999.9 -999.9 -999.9 -999.9 -999.9 -999.9 -999.9 -999.9 -999.9 -999.9 -999.9 -999.9 -999.9 -999.9 -999.9 -999.9 17.2 18.4 18.4 18.4 20.0 -999.9 -999.9 -999.9 -999.9 -999.9 CEMADEN_-_Jaquirana_-_G2-431112201A_(928_m) -999.9 -999.9 -999.9 -999.9 -999.9 -999.9 -999.9 -999.9 Rio_Grande_do_Sul CEMADEN -999.9 0.0 -999.9
-28.88595 -50.3598 17789 2026-08-19_20:10 -999.9 -999.9 -999.9 -999.9 -999.9 -999.9 -999.9 -999.9 -999.9 -999.9 -999.9 -999.9 -999.9 -999.9 -999.9 -999.9 -999.9 17.2 18.4 18.4 18.4 20.0 -999.9 -999.9 -999.9 -999.9 -999.9 CEMADEN_-_Jaquirana_-_G2-431112201A_(928_m) -999.9 -999.9 -999.9 -999.9 -999.9 -999.9 -999.9 -999.9 Rio_Grande_do_Sul CEMADEN -999.9 0.0 -999.9
-28.88595 -50.3598 17789 2026-08-19_21:10 -999.9 -999.9 -999.9 -999.9 -999.9 -999.9 -999.9 -999.9 -999.9 -999.9 -999.9 -999.9 -999.9 -999.9 -999.9 -999.9 -999.9 17.2 18.4 18.4 18.4 20.0 -999.9 -999.9 -999.9 -999.9 -999.9 CEMADEN_-_Jaquirana_-_G2-431112201A_(928_m) -999.9 -999.9 -999.9 -999.9 -999.9 -999.9 -999.9 -999.9 Rio_Grande_do_Sul CEMADEN -999.9 0.0 -999.9
-28.88595 -50.3598 17789 2026-08-19_22:10 -999.9 -999.9 -999.9 -999.9 -999.9 -999.9 -999.9 -999.9 -999.9 -999.9 -999.9 -999.9 -999.9 -999.9 -999.9 -999.9 -999.9 17.2 18.4 18.4 18.4 20.0 -999.9 -999.9 -999.9 -999.9 -999.9 CEMADEN_-_Jaquirana_-_G2-431112201A_(928_m) -999.9 -999.9 -999.9 -999.9 -999.9 -999.9 -999.9 -999.9 Rio_Grande_do_Sul CEMADEN -999.9 0.0 -999.9
-28.88595 -50.3598 17789 2026-08-19_23:10 -999.9 -999.9 -999.9 -999.9 -999.9 -999.9 -999.9 -999.9 -999.9 -999.9 -999.9 -999.9 -999.9 -999.9 -999.9 -999.9 -999.9 17.2 18.4 18.4 18.4 20.0 -999.9 -999.9 -999.9 -999.9 -999.9 CEMADEN_-_Jaquirana_-_G2-431112201A_(928_m) -999.9 -999.9 -999.9 -999.9 -999.9 -999.9 -999.9 -999.9 Rio_Grande_do_Sul CEMADEN -999.9 0.0 -999.9
