-29.16611 -51.68472 16927 2026-07-31_00:10 -999.9 -999.9 -999.9 -999.9 -999.9 -999.9 -999.9 -999.9 -999.9 -999.9 -999.9 -999.9 -999.9 -999.9 -999.9 -999.9 -999.9 0.0 28.2 137.4 152.6 252.4 -999.9 -999.9 -999.9 -999.9 -999.9 CEMADEN_-_Santa_Tereza_-_G2-431725101A_(239_m) -999.9 -999.9 -999.9 -999.9 -999.9 -999.9 -999.9 -999.9 Rio_Grande_do_Sul CEMADEN -999.9 0.0 -999.9
-29.16611 -51.68472 16927 2026-07-31_01:10 -999.9 -999.9 -999.9 -999.9 -999.9 -999.9 -999.9 -999.9 -999.9 -999.9 -999.9 -999.9 -999.9 -999.9 -999.9 -999.9 -999.9 0.0 17.6 137.4 152.6 252.4 -999.9 -999.9 -999.9 -999.9 -999.9 CEMADEN_-_Santa_Tereza_-_G2-431725101A_(239_m) -999.9 -999.9 -999.9 -999.9 -999.9 -999.9 -999.9 -999.9 Rio_Grande_do_Sul CEMADEN -999.9 0.0 -999.9
-29.16611 -51.68472 16927 2026-07-31_02:10 -999.9 -999.9 -999.9 -999.9 -999.9 -999.9 -999.9 -999.9 -999.9 -999.9 -999.9 -999.9 -999.9 -999.9 -999.9 -999.9 -999.9 0.0 10.4 137.4 152.6 252.4 -999.9 -999.9 -999.9 -999.9 -999.9 CEMADEN_-_Santa_Tereza_-_G2-431725101A_(239_m) -999.9 -999.9 -999.9 -999.9 -999.9 -999.9 -999.9 -999.9 Rio_Grande_do_Sul CEMADEN -999.9 0.0 -999.9
-29.16611 -51.68472 16927 2026-07-31_03:10 -999.9 -999.9 -999.9 -999.9 -999.9 -999.9 -999.9 -999.9 -999.9 -999.9 -999.9 -999.9 -999.9 -999.9 -999.9 -999.9 -999.9 0.0 3.4 137.2 152.6 252.4 -999.9 -999.9 -999.9 -999.9 -999.9 CEMADEN_-_Santa_Tereza_-_G2-431725101A_(239_m) -999.9 -999.9 -999.9 -999.9 -999.9 -999.9 -999.9 -999.9 Rio_Grande_do_Sul CEMADEN -999.9 0.0 -999.9
-29.16611 -51.68472 16927 2026-07-31_04:10 -999.9 -999.9 -999.9 -999.9 -999.9 -999.9 -999.9 -999.9 -999.9 -999.9 -999.9 -999.9 -999.9 -999.9 -999.9 -999.9 -999.9 0.0 1.8 117.6 152.6 252.4 -999.9 -999.9 -999.9 -999.9 -999.9 CEMADEN_-_Santa_Tereza_-_G2-431725101A_(239_m) -999.9 -999.9 -999.9 -999.9 -999.9 -999.9 -999.9 -999.9 Rio_Grande_do_Sul CEMADEN -999.9 0.0 -999.9
-29.16611 -51.68472 16927 2026-07-31_05:10 -999.9 -999.9 -999.9 -999.9 -999.9 -999.9 -999.9 -999.9 -999.9 -999.9 -999.9 -999.9 -999.9 -999.9 -999.9 -999.9 -999.9 0.0 0.8 116.0 152.6 252.4 -999.9 -999.9 -999.9 -999.9 -999.9 CEMADEN_-_Santa_Tereza_-_G2-431725101A_(239_m) -999.9 -999.9 -999.9 -999.9 -999.9 -999.9 -999.9 -999.9 Rio_Grande_do_Sul CEMADEN -999.9 0.0 -999.9
-29.16611 -51.68472 16927 2026-07-31_06:10 -999.9 -999.9 -999.9 -999.9 -999.9 -999.9 -999.9 -999.9 -999.9 -999.9 -999.9 -999.9 -999.9 -999.9 -999.9 -999.9 -999.9 0.0 0.2 107.6 152.6 252.4 -999.9 -999.9 -999.9 -999.9 -999.9 CEMADEN_-_Santa_Tereza_-_G2-431725101A_(239_m) -999.9 -999.9 -999.9 -999.9 -999.9 -999.9 -999.9 -999.9 Rio_Grande_do_Sul CEMADEN -999.9 0.0 -999.9
-29.16611 -51.68472 16927 2026-07-31_07:10 -999.9 -999.9 -999.9 -999.9 -999.9 -999.9 -999.9 -999.9 -999.9 -999.9 -999.9 -999.9 -999.9 -999.9 -999.9 -999.9 -999.9 0.0 0.2 101.0 152.6 252.4 -999.9 -999.9 -999.9 -999.9 -999.9 CEMADEN_-_Santa_Tereza_-_G2-431725101A_(239_m) -999.9 -999.9 -999.9 -999.9 -999.9 -999.9 -999.9 -999.9 Rio_Grande_do_Sul CEMADEN -999.9 0.0 -999.9
-29.16611 -51.68472 16927 2026-07-31_08:10 -999.9 -999.9 -999.9 -999.9 -999.9 -999.9 -999.9 -999.9 -999.9 -999.9 -999.9 -999.9 -999.9 -999.9 -999.9 -999.9 -999.9 0.0 0.2 97.8 152.6 252.4 -999.9 -999.9 -999.9 -999.9 -999.9 CEMADEN_-_Santa_Tereza_-_G2-431725101A_(239_m) -999.9 -999.9 -999.9 -999.9 -999.9 -999.9 -999.9 -999.9 Rio_Grande_do_Sul CEMADEN -999.9 0.0 -999.9
-29.16611 -51.68472 16927 2026-07-31_09:10 -999.9 -999.9 -999.9 -999.9 -999.9 -999.9 -999.9 -999.9 -999.9 -999.9 -999.9 -999.9 -999.9 -999.9 -999.9 -999.9 -999.9 0.0 0.2 92.6 152.6 252.4 -999.9 -999.9 -999.9 -999.9 -999.9 CEMADEN_-_Santa_Tereza_-_G2-431725101A_(239_m) -999.9 -999.9 -999.9 -999.9 -999.9 -999.9 -999.9 -999.9 Rio_Grande_do_Sul CEMADEN -999.9 0.0 -999.9
-29.16611 -51.68472 16927 2026-07-31_10:10 -999.9 -999.9 -999.9 -999.9 -999.9 -999.9 -999.9 -999.9 -999.9 -999.9 -999.9 -999.9 -999.9 -999.9 -999.9 -999.9 -999.9 0.0 0.2 89.2 152.6 252.4 -999.9 -999.9 -999.9 -999.9 -999.9 CEMADEN_-_Santa_Tereza_-_G2-431725101A_(239_m) -999.9 -999.9 -999.9 -999.9 -999.9 -999.9 -999.9 -999.9 Rio_Grande_do_Sul CEMADEN -999.9 0.0 -999.9
-29.16611 -51.68472 16927 2026-07-31_11:10 -999.9 -999.9 -999.9 -999.9 -999.9 -999.9 -999.9 -999.9 -999.9 -999.9 -999.9 -999.9 -999.9 -999.9 -999.9 -999.9 -999.9 -0.2 0.2 86.0 152.4 252.2 -999.9 -999.9 -999.9 -999.9 -999.9 CEMADEN_-_Santa_Tereza_-_G2-431725101A_(239_m) -999.9 -999.9 -999.9 -999.9 -999.9 -999.9 -999.9 -999.9 Rio_Grande_do_Sul CEMADEN -999.9 -0.2 -999.9
-29.16611 -51.68472 16927 2026-07-31_12:10 -999.9 -999.9 -999.9 -999.9 -999.9 -999.9 -999.9 -999.9 -999.9 -999.9 -999.9 -999.9 -999.9 -999.9 -999.9 -999.9 -999.9 -0.2 0.2 82.4 152.4 252.2 -999.9 -999.9 -999.9 -999.9 -999.9 CEMADEN_-_Santa_Tereza_-_G2-431725101A_(239_m) -999.9 -999.9 -999.9 -999.9 -999.9 -999.9 -999.9 -999.9 Rio_Grande_do_Sul CEMADEN -999.9 0.0 -999.9
-29.16611 -51.68472 16927 2026-07-31_13:10 -999.9 -999.9 -999.9 -999.9 -999.9 -999.9 -999.9 -999.9 -999.9 -999.9 -999.9 -999.9 -999.9 -999.9 -999.9 -999.9 -999.9 -0.2 0.2 80.6 152.4 252.2 -999.9 -999.9 -999.9 -999.9 -999.9 CEMADEN_-_Santa_Tereza_-_G2-431725101A_(239_m) -999.9 -999.9 -999.9 -999.9 -999.9 -999.9 -999.9 -999.9 Rio_Grande_do_Sul CEMADEN -999.9 0.0 -999.9
-29.16611 -51.68472 16927 2026-07-31_14:10 -999.9 -999.9 -999.9 -999.9 -999.9 -999.9 -999.9 -999.9 -999.9 -999.9 -999.9 -999.9 -999.9 -999.9 -999.9 -999.9 -999.9 -0.2 0.2 79.4 152.4 252.2 -999.9 -999.9 -999.9 -999.9 -999.9 CEMADEN_-_Santa_Tereza_-_G2-431725101A_(239_m) -999.9 -999.9 -999.9 -999.9 -999.9 -999.9 -999.9 -999.9 Rio_Grande_do_Sul CEMADEN -999.9 0.0 -999.9
-29.16611 -51.68472 16927 2026-07-31_15:10 -999.9 -999.9 -999.9 -999.9 -999.9 -999.9 -999.9 -999.9 -999.9 -999.9 -999.9 -999.9 -999.9 -999.9 -999.9 -999.9 -999.9 -0.2 0.2 77.6 152.4 252.2 -999.9 -999.9 -999.9 -999.9 -999.9 CEMADEN_-_Santa_Tereza_-_G2-431725101A_(239_m) -999.9 -999.9 -999.9 -999.9 -999.9 -999.9 -999.9 -999.9 Rio_Grande_do_Sul CEMADEN -999.9 0.0 -999.9
-29.16611 -51.68472 16927 2026-07-31_16:10 -999.9 -999.9 -999.9 -999.9 -999.9 -999.9 -999.9 -999.9 -999.9 -999.9 -999.9 -999.9 -999.9 -999.9 -999.9 -999.9 -999.9 -0.2 0.2 75.6 152.4 252.2 -999.9 -999.9 -999.9 -999.9 -999.9 CEMADEN_-_Santa_Tereza_-_G2-431725101A_(239_m) -999.9 -999.9 -999.9 -999.9 -999.9 -999.9 -999.9 -999.9 Rio_Grande_do_Sul CEMADEN -999.9 0.0 -999.9
-29.16611 -51.68472 16927 2026-07-31_17:10 -999.9 -999.9 -999.9 -999.9 -999.9 -999.9 -999.9 -999.9 -999.9 -999.9 -999.9 -999.9 -999.9 -999.9 -999.9 -999.9 -999.9 -0.6 0.2 71.4 152.0 251.8 -999.9 -999.9 -999.9 -999.9 -999.9 CEMADEN_-_Santa_Tereza_-_G2-431725101A_(239_m) -999.9 -999.9 -999.9 -999.9 -999.9 -999.9 -999.9 -999.9 Rio_Grande_do_Sul CEMADEN -999.9 -0.4 -999.9
-29.16611 -51.68472 16927 2026-07-31_18:10 -999.9 -999.9 -999.9 -999.9 -999.9 -999.9 -999.9 -999.9 -999.9 -999.9 -999.9 -999.9 -999.9 -999.9 -999.9 -999.9 -999.9 -9.8 0.2 70.2 142.8 242.6 -999.9 -999.9 -999.9 -999.9 -999.9 CEMADEN_-_Santa_Tereza_-_G2-431725101A_(239_m) -999.9 -999.9 -999.9 -999.9 -999.9 -999.9 -999.9 -999.9 Rio_Grande_do_Sul CEMADEN -999.9 -9.2 -999.9
-29.16611 -51.68472 16927 2026-07-31_19:10 -999.9 -999.9 -999.9 -999.9 -999.9 -999.9 -999.9 -999.9 -999.9 -999.9 -999.9 -999.9 -999.9 -999.9 -999.9 -999.9 -999.9 -14.8 0.2 69.8 137.8 237.6 -999.9 -999.9 -999.9 -999.9 -999.9 CEMADEN_-_Santa_Tereza_-_G2-431725101A_(239_m) -999.9 -999.9 -999.9 -999.9 -999.9 -999.9 -999.9 -999.9 Rio_Grande_do_Sul CEMADEN -999.9 -5.0 -999.9
-29.16611 -51.68472 16927 2026-07-31_20:10 -999.9 -999.9 -999.9 -999.9 -999.9 -999.9 -999.9 -999.9 -999.9 -999.9 -999.9 -999.9 -999.9 -999.9 -999.9 -999.9 -999.9 -15.2 0.2 67.0 137.4 237.2 -999.9 -999.9 -999.9 -999.9 -999.9 CEMADEN_-_Santa_Tereza_-_G2-431725101A_(239_m) -999.9 -999.9 -999.9 -999.9 -999.9 -999.9 -999.9 -999.9 Rio_Grande_do_Sul CEMADEN -999.9 -0.4 -999.9
-29.16611 -51.68472 16927 2026-07-31_21:10 -999.9 -999.9 -999.9 -999.9 -999.9 -999.9 -999.9 -999.9 -999.9 -999.9 -999.9 -999.9 -999.9 -999.9 -999.9 -999.9 -999.9 -15.2 0.2 67.0 137.4 237.2 -999.9 -999.9 -999.9 -999.9 -999.9 CEMADEN_-_Santa_Tereza_-_G2-431725101A_(239_m) -999.9 -999.9 -999.9 -999.9 -999.9 -999.9 -999.9 -999.9 Rio_Grande_do_Sul CEMADEN -999.9 0.0 -999.9
-29.16611 -51.68472 16927 2026-07-31_22:10 -999.9 -999.9 -999.9 -999.9 -999.9 -999.9 -999.9 -999.9 -999.9 -999.9 -999.9 -999.9 -999.9 -999.9 -999.9 -999.9 -999.9 -15.2 0.2 56.6 137.4 237.2 -999.9 -999.9 -999.9 -999.9 -999.9 CEMADEN_-_Santa_Tereza_-_G2-431725101A_(239_m) -999.9 -999.9 -999.9 -999.9 -999.9 -999.9 -999.9 -999.9 Rio_Grande_do_Sul CEMADEN -999.9 0.0 -999.9
-29.16611 -51.68472 16927 2026-07-31_23:10 -999.9 -999.9 -999.9 -999.9 -999.9 -999.9 -999.9 -999.9 -999.9 -999.9 -999.9 -999.9 -999.9 -999.9 -999.9 -999.9 -999.9 -15.2 0.2 53.0 137.4 237.2 -999.9 -999.9 -999.9 -999.9 -999.9 CEMADEN_-_Santa_Tereza_-_G2-431725101A_(239_m) -999.9 -999.9 -999.9 -999.9 -999.9 -999.9 -999.9 -999.9 Rio_Grande_do_Sul CEMADEN -999.9 0.0 -999.9
