-29.09777 -51.69972 86472000 2026-08-13_00:00 -999.9 -999.9 -999.9 -999.9 -999.9 -999.9 -999.9 -999.9 -999.9 -999.9 -999.9 -999.9 -999.9 -999.9 -999.9 -999.9 0.6 0.6 44.8 47.0 47.0 47.6 -999.9 -999.9 -999.9 -999.9 -999.9 SGB/CPRM_-_Linha_José_Júlio_(82_m) -999.9 -999.9 -999.9 -999.9 -999.9 -999.9 -999.9 -999.9 Brasil SGB/CPRM -999.9 0.6 0.6 6.48 6.48 6.48 1 0.07 6.48 6.48 6.48 6.48
-29.09777 -51.69972 86472000 2026-08-13_00:15 -999.9 -999.9 -999.9 -999.9 -999.9 -999.9 -999.9 -999.9 -999.9 -999.9 -999.9 -999.9 -999.9 -999.9 -999.9 -999.9 0.6 0.6 44.8 47.0 47.0 47.6 -999.9 -999.9 -999.9 -999.9 -999.9 SGB/CPRM_-_Linha_José_Júlio_(82_m) -999.9 -999.9 -999.9 -999.9 -999.9 -999.9 -999.9 -999.9 Brasil SGB/CPRM -999.9 0.0 0.6 6.52 6.52 6.48 1 0.09 6.52 6.52 6.52 6.52
-29.09777 -51.69972 86472000 2026-08-13_00:30 -999.9 -999.9 -999.9 -999.9 -999.9 -999.9 -999.9 -999.9 -999.9 -999.9 -999.9 -999.9 -999.9 -999.9 -999.9 -999.9 1.0 1.0 45.2 47.4 47.4 48.0 -999.9 -999.9 -999.9 -999.9 -999.9 SGB/CPRM_-_Linha_José_Júlio_(82_m) -999.9 -999.9 -999.9 -999.9 -999.9 -999.9 -999.9 -999.9 Brasil SGB/CPRM -999.9 0.4 1.0 6.56 6.56 6.48 1 0.13 6.56 6.56 6.56 6.56
-29.09777 -51.69972 86472000 2026-08-13_00:45 -999.9 -999.9 -999.9 -999.9 -999.9 -999.9 -999.9 -999.9 -999.9 -999.9 -999.9 -999.9 -999.9 -999.9 -999.9 -999.9 1.0 1.0 45.2 47.4 47.4 48.0 -999.9 -999.9 -999.9 -999.9 -999.9 SGB/CPRM_-_Linha_José_Júlio_(82_m) -999.9 -999.9 -999.9 -999.9 -999.9 -999.9 -999.9 -999.9 Brasil SGB/CPRM -999.9 0.0 1.0 6.62 6.62 6.48 1 0.16 6.62 6.62 6.62 6.62
-29.09777 -51.69972 86472000 2026-08-13_01:00 -999.9 -999.9 -999.9 -999.9 -999.9 -999.9 -999.9 -999.9 -999.9 -999.9 -999.9 -999.9 -999.9 -999.9 -999.9 -999.9 4.6 5.2 49.4 51.6 51.6 52.2 -999.9 -999.9 -999.9 -999.9 -999.9 SGB/CPRM_-_Linha_José_Júlio_(82_m) -999.9 -999.9 -999.9 -999.9 -999.9 -999.9 -999.9 -999.9 Brasil SGB/CPRM -999.9 4.2 5.2 6.71 6.71 6.48 1 0.23 6.71 6.71 6.71 6.71
-29.09777 -51.69972 86472000 2026-08-13_01:15 -999.9 -999.9 -999.9 -999.9 -999.9 -999.9 -999.9 -999.9 -999.9 -999.9 -999.9 -999.9 -999.9 -999.9 -999.9 -999.9 4.6 5.2 49.4 51.6 51.6 52.2 -999.9 -999.9 -999.9 -999.9 -999.9 SGB/CPRM_-_Linha_José_Júlio_(82_m) -999.9 -999.9 -999.9 -999.9 -999.9 -999.9 -999.9 -999.9 Brasil SGB/CPRM -999.9 0.0 5.2 6.82 6.82 6.48 1 0.3 6.82 6.82 6.82 6.82
-29.09777 -51.69972 86472000 2026-08-13_01:30 -999.9 -999.9 -999.9 -999.9 -999.9 -999.9 -999.9 -999.9 -999.9 -999.9 -999.9 -999.9 -999.9 -999.9 -999.9 -999.9 4.2 5.2 49.4 51.6 51.6 52.2 -999.9 -999.9 -999.9 -999.9 -999.9 SGB/CPRM_-_Linha_José_Júlio_(82_m) -999.9 -999.9 -999.9 -999.9 -999.9 -999.9 -999.9 -999.9 Brasil SGB/CPRM -999.9 0.0 5.2 6.97 6.97 6.48 1 0.41 6.97 6.97 6.97 6.97
-29.09777 -51.69972 86472000 2026-08-13_01:45 -999.9 -999.9 -999.9 -999.9 -999.9 -999.9 -999.9 -999.9 -999.9 -999.9 -999.9 -999.9 -999.9 -999.9 -999.9 -999.9 4.2 5.2 49.4 51.6 51.6 52.2 -999.9 -999.9 -999.9 -999.9 -999.9 SGB/CPRM_-_Linha_José_Júlio_(82_m) -999.9 -999.9 -999.9 -999.9 -999.9 -999.9 -999.9 -999.9 Brasil SGB/CPRM -999.9 0.0 5.2 7.15 7.15 6.48 1 0.53 7.15 7.15 7.15 7.15
-29.09777 -51.69972 86472000 2026-08-13_02:00 -999.9 -999.9 -999.9 -999.9 -999.9 -999.9 -999.9 -999.9 -999.9 -999.9 -999.9 -999.9 -999.9 -999.9 -999.9 -999.9 0.0 5.2 49.4 51.6 51.6 52.2 -999.9 -999.9 -999.9 -999.9 -999.9 SGB/CPRM_-_Linha_José_Júlio_(82_m) -999.9 -999.9 -999.9 -999.9 -999.9 -999.9 -999.9 -999.9 Brasil SGB/CPRM -999.9 0.0 5.2 7.34 7.34 6.48 1 0.63 7.34 7.34 7.34 7.34
-29.09777 -51.69972 86472000 2026-08-13_02:15 -999.9 -999.9 -999.9 -999.9 -999.9 -999.9 -999.9 -999.9 -999.9 -999.9 -999.9 -999.9 -999.9 -999.9 -999.9 -999.9 0.0 5.2 49.4 51.6 51.6 52.2 -999.9 -999.9 -999.9 -999.9 -999.9 SGB/CPRM_-_Linha_José_Júlio_(82_m) -999.9 -999.9 -999.9 -999.9 -999.9 -999.9 -999.9 -999.9 Brasil SGB/CPRM -999.9 0.0 5.2 7.54 7.54 6.48 1 0.72 7.54 7.54 7.54 7.54
-29.09777 -51.69972 86472000 2026-08-13_02:30 -999.9 -999.9 -999.9 -999.9 -999.9 -999.9 -999.9 -999.9 -999.9 -999.9 -999.9 -999.9 -999.9 -999.9 -999.9 -999.9 0.0 5.2 49.4 51.6 51.6 52.2 -999.9 -999.9 -999.9 -999.9 -999.9 SGB/CPRM_-_Linha_José_Júlio_(82_m) -999.9 -999.9 -999.9 -999.9 -999.9 -999.9 -999.9 -999.9 Brasil SGB/CPRM -999.9 0.0 5.2 7.73 7.73 6.48 1 0.76 7.73 7.73 7.73 7.73
-29.09777 -51.69972 86472000 2026-08-13_02:45 -999.9 -999.9 -999.9 -999.9 -999.9 -999.9 -999.9 -999.9 -999.9 -999.9 -999.9 -999.9 -999.9 -999.9 -999.9 -999.9 0.8 6.0 50.2 52.4 52.4 53.0 -999.9 -999.9 -999.9 -999.9 -999.9 SGB/CPRM_-_Linha_José_Júlio_(82_m) -999.9 -999.9 -999.9 -999.9 -999.9 -999.9 -999.9 -999.9 Brasil SGB/CPRM -999.9 0.8 6.0 7.89 7.89 6.48 1 0.74 7.89 7.89 7.89 7.89
-29.09777 -51.69972 86472000 2026-08-13_03:00 -999.9 -999.9 -999.9 -999.9 -999.9 -999.9 -999.9 -999.9 -999.9 -999.9 -999.9 -999.9 -999.9 -999.9 -999.9 -999.9 5.2 10.4 54.6 56.8 56.8 57.4 -999.9 -999.9 -999.9 -999.9 -999.9 SGB/CPRM_-_Linha_José_Júlio_(82_m) -999.9 -999.9 -999.9 -999.9 -999.9 -999.9 -999.9 -999.9 Brasil SGB/CPRM -999.9 4.4 10.4 8.09 8.09 6.48 1 0.75 8.09 8.09 8.09 8.09
-29.09777 -51.69972 86472000 2026-08-13_03:15 -999.9 -999.9 -999.9 -999.9 -999.9 -999.9 -999.9 -999.9 -999.9 -999.9 -999.9 -999.9 -999.9 -999.9 -999.9 -999.9 5.8 11.0 55.2 57.4 57.4 58.0 -999.9 -999.9 -999.9 -999.9 -999.9 SGB/CPRM_-_Linha_José_Júlio_(82_m) -999.9 -999.9 -999.9 -999.9 -999.9 -999.9 -999.9 -999.9 Brasil SGB/CPRM -999.9 0.6 11.0 8.26 8.26 6.48 1 0.72 8.26 8.26 8.26 8.26
-29.09777 -51.69972 86472000 2026-08-13_03:30 -999.9 -999.9 -999.9 -999.9 -999.9 -999.9 -999.9 -999.9 -999.9 -999.9 -999.9 -999.9 -999.9 -999.9 -999.9 -999.9 6.0 11.2 55.4 57.6 57.6 58.2 -999.9 -999.9 -999.9 -999.9 -999.9 SGB/CPRM_-_Linha_José_Júlio_(82_m) -999.9 -999.9 -999.9 -999.9 -999.9 -999.9 -999.9 -999.9 Brasil SGB/CPRM -999.9 0.2 11.2 8.41 8.41 6.48 1 0.68 8.41 8.41 8.41 8.41
-29.09777 -51.69972 86472000 2026-08-13_03:45 -999.9 -999.9 -999.9 -999.9 -999.9 -999.9 -999.9 -999.9 -999.9 -999.9 -999.9 -999.9 -999.9 -999.9 -999.9 -999.9 5.2 11.2 55.4 57.6 57.6 58.2 -999.9 -999.9 -999.9 -999.9 -999.9 SGB/CPRM_-_Linha_José_Júlio_(82_m) -999.9 -999.9 -999.9 -999.9 -999.9 -999.9 -999.9 -999.9 Brasil SGB/CPRM -999.9 0.0 11.2 8.52 8.52 6.48 1 0.63 8.52 8.52 8.52 8.52
-29.09777 -51.69972 86472000 2026-08-13_04:00 -999.9 -999.9 -999.9 -999.9 -999.9 -999.9 -999.9 -999.9 -999.9 -999.9 -999.9 -999.9 -999.9 -999.9 -999.9 -999.9 1.4 11.8 56.0 58.2 58.2 58.8 -999.9 -999.9 -999.9 -999.9 -999.9 SGB/CPRM_-_Linha_José_Júlio_(82_m) -999.9 -999.9 -999.9 -999.9 -999.9 -999.9 -999.9 -999.9 Brasil SGB/CPRM -999.9 0.6 11.8 8.6 8.6 6.48 1 0.51 8.6 8.6 8.6 8.6
-29.09777 -51.69972 86472000 2026-08-13_04:15 -999.9 -999.9 -999.9 -999.9 -999.9 -999.9 -999.9 -999.9 -999.9 -999.9 -999.9 -999.9 -999.9 -999.9 -999.9 -999.9 1.4 12.4 56.6 58.8 58.8 59.4 -999.9 -999.9 -999.9 -999.9 -999.9 SGB/CPRM_-_Linha_José_Júlio_(82_m) -999.9 -999.9 -999.9 -999.9 -999.9 -999.9 -999.9 -999.9 Brasil SGB/CPRM -999.9 0.6 12.4 8.68 8.68 6.48 1 0.42 8.68 8.68 8.68 8.68
-29.09777 -51.69972 86472000 2026-08-13_04:30 -999.9 -999.9 -999.9 -999.9 -999.9 -999.9 -999.9 -999.9 -999.9 -999.9 -999.9 -999.9 -999.9 -999.9 -999.9 -999.9 1.6 12.8 57.0 59.2 59.2 59.8 -999.9 -999.9 -999.9 -999.9 -999.9 SGB/CPRM_-_Linha_José_Júlio_(82_m) -999.9 -999.9 -999.9 -999.9 -999.9 -999.9 -999.9 -999.9 Brasil SGB/CPRM -999.9 0.4 12.8 8.76 8.76 6.48 1 0.35 8.76 8.76 8.76 8.76
-29.09777 -51.69972 86472000 2026-08-13_04:45 -999.9 -999.9 -999.9 -999.9 -999.9 -999.9 -999.9 -999.9 -999.9 -999.9 -999.9 -999.9 -999.9 -999.9 -999.9 -999.9 1.8 13.0 57.2 59.4 59.4 60.0 -999.9 -999.9 -999.9 -999.9 -999.9 SGB/CPRM_-_Linha_José_Júlio_(82_m) -999.9 -999.9 -999.9 -999.9 -999.9 -999.9 -999.9 -999.9 Brasil SGB/CPRM -999.9 0.2 13.0 8.79 8.79 6.48 1 0.27 8.79 8.79 8.79 8.79
-29.09777 -51.69972 86472000 2026-08-13_05:00 -999.9 -999.9 -999.9 -999.9 -999.9 -999.9 -999.9 -999.9 -999.9 -999.9 -999.9 -999.9 -999.9 -999.9 -999.9 -999.9 1.2 13.0 57.2 59.4 59.4 60.0 -999.9 -999.9 -999.9 -999.9 -999.9 SGB/CPRM_-_Linha_José_Júlio_(82_m) -999.9 -999.9 -999.9 -999.9 -999.9 -999.9 -999.9 -999.9 Brasil SGB/CPRM -999.9 0.0 13.0 8.84 8.84 6.48 1 0.24 8.84 8.84 8.84 8.84
-29.09777 -51.69972 86472000 2026-08-13_05:15 -999.9 -999.9 -999.9 -999.9 -999.9 -999.9 -999.9 -999.9 -999.9 -999.9 -999.9 -999.9 -999.9 -999.9 -999.9 -999.9 0.6 13.0 57.2 59.4 59.4 60.0 -999.9 -999.9 -999.9 -999.9 -999.9 SGB/CPRM_-_Linha_José_Júlio_(82_m) -999.9 -999.9 -999.9 -999.9 -999.9 -999.9 -999.9 -999.9 Brasil SGB/CPRM -999.9 0.0 13.0 8.88 8.88 6.48 1 0.2 8.88 8.88 8.88 8.88
-29.09777 -51.69972 86472000 2026-08-13_05:30 -999.9 -999.9 -999.9 -999.9 -999.9 -999.9 -999.9 -999.9 -999.9 -999.9 -999.9 -999.9 -999.9 -999.9 -999.9 -999.9 0.6 13.4 57.6 59.8 59.8 60.4 -999.9 -999.9 -999.9 -999.9 -999.9 SGB/CPRM_-_Linha_José_Júlio_(82_m) -999.9 -999.9 -999.9 -999.9 -999.9 -999.9 -999.9 -999.9 Brasil SGB/CPRM -999.9 0.4 13.4 8.95 8.95 6.48 1 0.19 8.95 8.95 8.95 8.95
-29.09777 -51.69972 86472000 2026-08-13_05:45 -999.9 -999.9 -999.9 -999.9 -999.9 -999.9 -999.9 -999.9 -999.9 -999.9 -999.9 -999.9 -999.9 -999.9 -999.9 -999.9 1.2 14.2 58.4 60.6 60.6 61.2 -999.9 -999.9 -999.9 -999.9 -999.9 SGB/CPRM_-_Linha_José_Júlio_(82_m) -999.9 -999.9 -999.9 -999.9 -999.9 -999.9 -999.9 -999.9 Brasil SGB/CPRM -999.9 0.8 14.2 9.03 9.03 6.48 1 0.24 9.03 9.03 9.03 9.03
-29.09777 -51.69972 86472000 2026-08-13_06:00 -999.9 -999.9 -999.9 -999.9 -999.9 -999.9 -999.9 -999.9 -999.9 -999.9 -999.9 -999.9 -999.9 -999.9 -999.9 -999.9 2.0 15.0 59.2 61.4 61.4 62.0 -999.9 -999.9 -999.9 -999.9 -999.9 SGB/CPRM_-_Linha_José_Júlio_(82_m) -999.9 -999.9 -999.9 -999.9 -999.9 -999.9 -999.9 -999.9 Brasil SGB/CPRM -999.9 0.8 15.0 9.1 9.1 6.48 1 0.26 9.1 9.1 9.1 9.1
-29.09777 -51.69972 86472000 2026-08-13_06:15 -999.9 -999.9 -999.9 -999.9 -999.9 -999.9 -999.9 -999.9 -999.9 -999.9 -999.9 -999.9 -999.9 -999.9 -999.9 -999.9 3.0 16.0 60.2 62.4 62.4 63.0 -999.9 -999.9 -999.9 -999.9 -999.9 SGB/CPRM_-_Linha_José_Júlio_(82_m) -999.9 -999.9 -999.9 -999.9 -999.9 -999.9 -999.9 -999.9 Brasil SGB/CPRM -999.9 1.0 16.0 9.18 9.18 6.48 1 0.3 9.18 9.18 9.18 9.18
-29.09777 -51.69972 86472000 2026-08-13_06:30 -999.9 -999.9 -999.9 -999.9 -999.9 -999.9 -999.9 -999.9 -999.9 -999.9 -999.9 -999.9 -999.9 -999.9 -999.9 -999.9 3.0 16.4 60.6 62.8 62.8 63.4 -999.9 -999.9 -999.9 -999.9 -999.9 SGB/CPRM_-_Linha_José_Júlio_(82_m) -999.9 -999.9 -999.9 -999.9 -999.9 -999.9 -999.9 -999.9 Brasil SGB/CPRM -999.9 0.4 16.4 9.22 9.22 6.48 1 0.27 9.22 9.22 9.22 9.22
-29.09777 -51.69972 86472000 2026-08-13_06:45 -999.9 -999.9 -999.9 -999.9 -999.9 -999.9 -999.9 -999.9 -999.9 -999.9 -999.9 -999.9 -999.9 -999.9 -999.9 -999.9 2.6 16.8 61.0 63.2 63.2 63.8 -999.9 -999.9 -999.9 -999.9 -999.9 SGB/CPRM_-_Linha_José_Júlio_(82_m) -999.9 -999.9 -999.9 -999.9 -999.9 -999.9 -999.9 -999.9 Brasil SGB/CPRM -999.9 0.4 16.8 9.24 9.24 6.48 1 0.21 9.24 9.24 9.24 9.24
-29.09777 -51.69972 86472000 2026-08-13_07:00 -999.9 -999.9 -999.9 -999.9 -999.9 -999.9 -999.9 -999.9 -999.9 -999.9 -999.9 -999.9 -999.9 -999.9 -999.9 -999.9 1.8 16.8 61.0 63.2 63.2 63.8 -999.9 -999.9 -999.9 -999.9 -999.9 SGB/CPRM_-_Linha_José_Júlio_(82_m) -999.9 -999.9 -999.9 -999.9 -999.9 -999.9 -999.9 -999.9 Brasil SGB/CPRM -999.9 0.0 16.8 9.26 9.26 6.48 1 0.16 9.26 9.26 9.26 9.26
-29.09777 -51.69972 86472000 2026-08-13_07:15 -999.9 -999.9 -999.9 -999.9 -999.9 -999.9 -999.9 -999.9 -999.9 -999.9 -999.9 -999.9 -999.9 -999.9 -999.9 -999.9 1.0 17.0 61.2 63.4 63.4 64.0 -999.9 -999.9 -999.9 -999.9 -999.9 SGB/CPRM_-_Linha_José_Júlio_(82_m) -999.9 -999.9 -999.9 -999.9 -999.9 -999.9 -999.9 -999.9 Brasil SGB/CPRM -999.9 0.2 17.0 9.29 9.29 6.48 1 0.11 9.29 9.29 9.29 9.29
-29.09777 -51.69972 86472000 2026-08-13_07:30 -999.9 -999.9 -999.9 -999.9 -999.9 -999.9 -999.9 -999.9 -999.9 -999.9 -999.9 -999.9 -999.9 -999.9 -999.9 -999.9 0.8 17.2 61.4 63.6 63.6 64.2 -999.9 -999.9 -999.9 -999.9 -999.9 SGB/CPRM_-_Linha_José_Júlio_(82_m) -999.9 -999.9 -999.9 -999.9 -999.9 -999.9 -999.9 -999.9 Brasil SGB/CPRM -999.9 0.2 17.2 9.3 9.3 6.48 1 0.08 9.3 9.3 9.3 9.3
-29.09777 -51.69972 86472000 2026-08-13_07:45 -999.9 -999.9 -999.9 -999.9 -999.9 -999.9 -999.9 -999.9 -999.9 -999.9 -999.9 -999.9 -999.9 -999.9 -999.9 -999.9 0.8 17.6 61.8 64.0 64.0 64.6 -999.9 -999.9 -999.9 -999.9 -999.9 SGB/CPRM_-_Linha_José_Júlio_(82_m) -999.9 -999.9 -999.9 -999.9 -999.9 -999.9 -999.9 -999.9 Brasil SGB/CPRM -999.9 0.4 17.6 9.33 9.33 6.48 1 0.09 9.33 9.33 9.33 9.33
-29.09777 -51.69972 86472000 2026-08-13_08:00 -999.9 -999.9 -999.9 -999.9 -999.9 -999.9 -999.9 -999.9 -999.9 -999.9 -999.9 -999.9 -999.9 -999.9 -999.9 -999.9 0.8 17.6 61.8 64.0 64.0 64.6 -999.9 -999.9 -999.9 -999.9 -999.9 SGB/CPRM_-_Linha_José_Júlio_(82_m) -999.9 -999.9 -999.9 -999.9 -999.9 -999.9 -999.9 -999.9 Brasil SGB/CPRM -999.9 0.0 17.6 9.34 9.34 6.48 1 0.08 9.34 9.34 9.34 9.34
-29.09777 -51.69972 86472000 2026-08-13_08:15 -999.9 -999.9 -999.9 -999.9 -999.9 -999.9 -999.9 -999.9 -999.9 -999.9 -999.9 -999.9 -999.9 -999.9 -999.9 -999.9 3.0 20.0 64.2 66.4 66.4 67.0 -999.9 -999.9 -999.9 -999.9 -999.9 SGB/CPRM_-_Linha_José_Júlio_(82_m) -999.9 -999.9 -999.9 -999.9 -999.9 -999.9 -999.9 -999.9 Brasil SGB/CPRM -999.9 2.4 20.0 9.35 9.35 6.48 1 0.06 9.35 9.35 9.35 9.35
-29.09777 -51.69972 86472000 2026-08-13_08:30 -999.9 -999.9 -999.9 -999.9 -999.9 -999.9 -999.9 -999.9 -999.9 -999.9 -999.9 -999.9 -999.9 -999.9 -999.9 -999.9 5.0 22.2 66.4 68.6 68.6 69.2 -999.9 -999.9 -999.9 -999.9 -999.9 SGB/CPRM_-_Linha_José_Júlio_(82_m) -999.9 -999.9 -999.9 -999.9 -999.9 -999.9 -999.9 -999.9 Brasil SGB/CPRM -999.9 2.2 22.2 9.36 9.36 6.48 1 0.06 9.36 9.36 9.36 9.36
-29.09777 -51.69972 86472000 2026-08-13_08:45 -999.9 -999.9 -999.9 -999.9 -999.9 -999.9 -999.9 -999.9 -999.9 -999.9 -999.9 -999.9 -999.9 -999.9 -999.9 -999.9 5.8 23.4 67.6 69.8 69.8 70.4 -999.9 -999.9 -999.9 -999.9 -999.9 SGB/CPRM_-_Linha_José_Júlio_(82_m) -999.9 -999.9 -999.9 -999.9 -999.9 -999.9 -999.9 -999.9 Brasil SGB/CPRM -999.9 1.2 23.4 9.36 9.36 6.48 1 0.03 9.36 9.36 9.36 9.36
-29.09777 -51.69972 86472000 2026-08-13_09:00 -999.9 -999.9 -999.9 -999.9 -999.9 -999.9 -999.9 -999.9 -999.9 -999.9 -999.9 -999.9 -999.9 -999.9 -999.9 -999.9 6.2 23.8 68.0 70.2 70.2 70.8 -999.9 -999.9 -999.9 -999.9 -999.9 SGB/CPRM_-_Linha_José_Júlio_(82_m) -999.9 -999.9 -999.9 -999.9 -999.9 -999.9 -999.9 -999.9 Brasil SGB/CPRM -999.9 0.4 23.8 9.36 9.36 6.48 1 0.02 9.36 9.36 9.36 9.36
-29.09777 -51.69972 86472000 2026-08-13_09:15 -999.9 -999.9 -999.9 -999.9 -999.9 -999.9 -999.9 -999.9 -999.9 -999.9 -999.9 -999.9 -999.9 -999.9 -999.9 -999.9 3.8 23.8 68.0 70.2 70.2 70.8 -999.9 -999.9 -999.9 -999.9 -999.9 SGB/CPRM_-_Linha_José_Júlio_(82_m) -999.9 -999.9 -999.9 -999.9 -999.9 -999.9 -999.9 -999.9 Brasil SGB/CPRM -999.9 0.0 23.8 9.4 9.4 6.48 1 0.05 9.4 9.4 9.4 9.4
-29.09777 -51.69972 86472000 2026-08-13_09:30 -999.9 -999.9 -999.9 -999.9 -999.9 -999.9 -999.9 -999.9 -999.9 -999.9 -999.9 -999.9 -999.9 -999.9 -999.9 -999.9 1.6 23.8 68.0 70.2 70.2 70.8 -999.9 -999.9 -999.9 -999.9 -999.9 SGB/CPRM_-_Linha_José_Júlio_(82_m) -999.9 -999.9 -999.9 -999.9 -999.9 -999.9 -999.9 -999.9 Brasil SGB/CPRM -999.9 0.0 23.8 9.51 9.51 6.48 1 0.15 9.51 9.51 9.51 9.51
-29.09777 -51.69972 86472000 2026-08-13_09:45 -999.9 -999.9 -999.9 -999.9 -999.9 -999.9 -999.9 -999.9 -999.9 -999.9 -999.9 -999.9 -999.9 -999.9 -999.9 -999.9 0.6 24.0 68.2 70.4 70.4 71.0 -999.9 -999.9 -999.9 -999.9 -999.9 SGB/CPRM_-_Linha_José_Júlio_(82_m) -999.9 -999.9 -999.9 -999.9 -999.9 -999.9 -999.9 -999.9 Brasil SGB/CPRM -999.9 0.2 24.0 9.64 9.64 6.48 1 0.28 9.64 9.64 9.64 9.64
-29.09777 -51.69972 86472000 2026-08-13_10:00 -999.9 -999.9 -999.9 -999.9 -999.9 -999.9 -999.9 -999.9 -999.9 -999.9 -999.9 -999.9 -999.9 -999.9 -999.9 -999.9 1.0 24.8 69.0 71.2 71.2 71.8 -999.9 -999.9 -999.9 -999.9 -999.9 SGB/CPRM_-_Linha_José_Júlio_(82_m) -999.9 -999.9 -999.9 -999.9 -999.9 -999.9 -999.9 -999.9 Brasil SGB/CPRM -999.9 0.8 24.8 9.69 9.69 6.48 1 0.33 9.69 9.69 9.69 9.69
-29.09777 -51.69972 86472000 2026-08-13_10:15 -999.9 -999.9 -999.9 -999.9 -999.9 -999.9 -999.9 -999.9 -999.9 -999.9 -999.9 -999.9 -999.9 -999.9 -999.9 -999.9 1.0 24.8 69.0 71.2 71.2 71.8 -999.9 -999.9 -999.9 -999.9 -999.9 SGB/CPRM_-_Linha_José_Júlio_(82_m) -999.9 -999.9 -999.9 -999.9 -999.9 -999.9 -999.9 -999.9 Brasil SGB/CPRM -999.9 0.0 24.8 9.62 9.69 6.48 1 0.22 9.69 9.69 9.69 9.69
-29.09777 -51.69972 86472000 2026-08-13_10:30 -999.9 -999.9 -999.9 -999.9 -999.9 -999.9 -999.9 -999.9 -999.9 -999.9 -999.9 -999.9 -999.9 -999.9 -999.9 -999.9 1.0 24.8 69.0 71.2 71.2 71.8 -999.9 -999.9 -999.9 -999.9 -999.9 SGB/CPRM_-_Linha_José_Júlio_(82_m) -999.9 -999.9 -999.9 -999.9 -999.9 -999.9 -999.9 -999.9 Brasil SGB/CPRM -999.9 0.0 24.8 9.55 9.69 6.48 1 0.04 9.69 9.69 9.69 9.69
-29.09777 -51.69972 86472000 2026-08-13_10:45 -999.9 -999.9 -999.9 -999.9 -999.9 -999.9 -999.9 -999.9 -999.9 -999.9 -999.9 -999.9 -999.9 -999.9 -999.9 -999.9 0.8 24.8 69.0 71.2 71.2 71.8 -999.9 -999.9 -999.9 -999.9 -999.9 SGB/CPRM_-_Linha_José_Júlio_(82_m) -999.9 -999.9 -999.9 -999.9 -999.9 -999.9 -999.9 -999.9 Brasil SGB/CPRM -999.9 0.0 24.8 9.51 9.69 6.48 -1 -0.13 9.69 9.69 9.69 9.69
-29.09777 -51.69972 86472000 2026-08-13_11:00 -999.9 -999.9 -999.9 -999.9 -999.9 -999.9 -999.9 -999.9 -999.9 -999.9 -999.9 -999.9 -999.9 -999.9 -999.9 -999.9 0.0 24.8 69.0 71.2 71.2 71.8 -999.9 -999.9 -999.9 -999.9 -999.9 SGB/CPRM_-_Linha_José_Júlio_(82_m) -999.9 -999.9 -999.9 -999.9 -999.9 -999.9 -999.9 -999.9 Brasil SGB/CPRM -999.9 0.0 24.8 9.46 9.69 6.48 -1 -0.23 9.69 9.69 9.69 9.69
-29.09777 -51.69972 86472000 2026-08-13_11:15 -999.9 -999.9 -999.9 -999.9 -999.9 -999.9 -999.9 -999.9 -999.9 -999.9 -999.9 -999.9 -999.9 -999.9 -999.9 -999.9 0.0 24.8 69.0 71.2 71.2 71.8 -999.9 -999.9 -999.9 -999.9 -999.9 SGB/CPRM_-_Linha_José_Júlio_(82_m) -999.9 -999.9 -999.9 -999.9 -999.9 -999.9 -999.9 -999.9 Brasil SGB/CPRM -999.9 0.0 24.8 9.43 9.69 6.48 -1 -0.19 9.69 9.69 9.69 9.69
-29.09777 -51.69972 86472000 2026-08-13_11:30 -999.9 -999.9 -999.9 -999.9 -999.9 -999.9 -999.9 -999.9 -999.9 -999.9 -999.9 -999.9 -999.9 -999.9 -999.9 -999.9 0.0 24.8 69.0 71.2 71.2 71.8 -999.9 -999.9 -999.9 -999.9 -999.9 SGB/CPRM_-_Linha_José_Júlio_(82_m) -999.9 -999.9 -999.9 -999.9 -999.9 -999.9 -999.9 -999.9 Brasil SGB/CPRM -999.9 0.0 24.8 9.39 9.69 6.48 -1 -0.16 9.69 9.69 9.69 9.69
-29.09777 -51.69972 86472000 2026-08-13_11:45 -999.9 -999.9 -999.9 -999.9 -999.9 -999.9 -999.9 -999.9 -999.9 -999.9 -999.9 -999.9 -999.9 -999.9 -999.9 -999.9 0.0 24.8 69.0 71.2 71.2 71.8 -999.9 -999.9 -999.9 -999.9 -999.9 SGB/CPRM_-_Linha_José_Júlio_(82_m) -999.9 -999.9 -999.9 -999.9 -999.9 -999.9 -999.9 -999.9 Brasil SGB/CPRM -999.9 0.0 24.8 9.36 9.69 6.48 -1 -0.15 9.69 9.69 9.69 9.69
-29.09777 -51.69972 86472000 2026-08-13_12:00 -999.9 -999.9 -999.9 -999.9 -999.9 -999.9 -999.9 -999.9 -999.9 -999.9 -999.9 -999.9 -999.9 -999.9 -999.9 -999.9 0.0 24.8 69.0 71.2 71.2 71.8 -999.9 -999.9 -999.9 -999.9 -999.9 SGB/CPRM_-_Linha_José_Júlio_(82_m) -999.9 -999.9 -999.9 -999.9 -999.9 -999.9 -999.9 -999.9 Brasil SGB/CPRM -999.9 0.0 24.8 9.31 9.69 6.48 -1 -0.15 9.69 9.69 9.69 9.69
-29.09777 -51.69972 86472000 2026-08-13_12:15 -999.9 -999.9 -999.9 -999.9 -999.9 -999.9 -999.9 -999.9 -999.9 -999.9 -999.9 -999.9 -999.9 -999.9 -999.9 -999.9 0.0 24.8 69.0 71.2 71.2 71.8 -999.9 -999.9 -999.9 -999.9 -999.9 SGB/CPRM_-_Linha_José_Júlio_(82_m) -999.9 -999.9 -999.9 -999.9 -999.9 -999.9 -999.9 -999.9 Brasil SGB/CPRM -999.9 0.0 24.8 9.28 9.69 6.48 -1 -0.15 9.69 9.69 9.69 9.69
-29.09777 -51.69972 86472000 2026-08-13_12:30 -999.9 -999.9 -999.9 -999.9 -999.9 -999.9 -999.9 -999.9 -999.9 -999.9 -999.9 -999.9 -999.9 -999.9 -999.9 -999.9 0.0 24.8 69.0 71.2 71.2 71.8 -999.9 -999.9 -999.9 -999.9 -999.9 SGB/CPRM_-_Linha_José_Júlio_(82_m) -999.9 -999.9 -999.9 -999.9 -999.9 -999.9 -999.9 -999.9 Brasil SGB/CPRM -999.9 0.0 24.8 9.24 9.69 6.48 -1 -0.15 9.69 9.69 9.69 9.69
-29.09777 -51.69972 86472000 2026-08-13_12:45 -999.9 -999.9 -999.9 -999.9 -999.9 -999.9 -999.9 -999.9 -999.9 -999.9 -999.9 -999.9 -999.9 -999.9 -999.9 -999.9 0.0 24.8 69.0 71.2 71.2 71.8 -999.9 -999.9 -999.9 -999.9 -999.9 SGB/CPRM_-_Linha_José_Júlio_(82_m) -999.9 -999.9 -999.9 -999.9 -999.9 -999.9 -999.9 -999.9 Brasil SGB/CPRM -999.9 0.0 24.8 9.22 9.69 6.48 -1 -0.14 9.69 9.69 9.69 9.69
-29.09777 -51.69972 86472000 2026-08-13_13:00 -999.9 -999.9 -999.9 -999.9 -999.9 -999.9 -999.9 -999.9 -999.9 -999.9 -999.9 -999.9 -999.9 -999.9 -999.9 -999.9 0.0 24.8 69.0 71.2 71.2 71.8 -999.9 -999.9 -999.9 -999.9 -999.9 SGB/CPRM_-_Linha_José_Júlio_(82_m) -999.9 -999.9 -999.9 -999.9 -999.9 -999.9 -999.9 -999.9 Brasil SGB/CPRM -999.9 0.0 24.8 9.22 9.69 6.48 -1 -0.09 9.69 9.69 9.69 9.69
-29.09777 -51.69972 86472000 2026-08-13_13:15 -999.9 -999.9 -999.9 -999.9 -999.9 -999.9 -999.9 -999.9 -999.9 -999.9 -999.9 -999.9 -999.9 -999.9 -999.9 -999.9 0.0 24.8 69.0 71.2 71.2 71.8 -999.9 -999.9 -999.9 -999.9 -999.9 SGB/CPRM_-_Linha_José_Júlio_(82_m) -999.9 -999.9 -999.9 -999.9 -999.9 -999.9 -999.9 -999.9 Brasil SGB/CPRM -999.9 0.0 24.8 9.23 9.69 6.48 -1 -0.05 9.69 9.69 9.69 9.69
-29.09777 -51.69972 86472000 2026-08-13_13:30 -999.9 -999.9 -999.9 -999.9 -999.9 -999.9 -999.9 -999.9 -999.9 -999.9 -999.9 -999.9 -999.9 -999.9 -999.9 -999.9 0.0 24.8 69.0 71.2 71.2 71.8 -999.9 -999.9 -999.9 -999.9 -999.9 SGB/CPRM_-_Linha_José_Júlio_(82_m) -999.9 -999.9 -999.9 -999.9 -999.9 -999.9 -999.9 -999.9 Brasil SGB/CPRM -999.9 0.0 24.8 9.24 9.69 6.48 -1 0 9.69 9.69 9.69 9.69
-29.09777 -51.69972 86472000 2026-08-13_13:45 -999.9 -999.9 -999.9 -999.9 -999.9 -999.9 -999.9 -999.9 -999.9 -999.9 -999.9 -999.9 -999.9 -999.9 -999.9 -999.9 0.0 24.8 69.0 71.2 71.2 71.8 -999.9 -999.9 -999.9 -999.9 -999.9 SGB/CPRM_-_Linha_José_Júlio_(82_m) -999.9 -999.9 -999.9 -999.9 -999.9 -999.9 -999.9 -999.9 Brasil SGB/CPRM -999.9 0.0 24.8 9.25 9.69 6.48 1 0.03 9.69 9.69 9.69 9.69
-29.09777 -51.69972 86472000 2026-08-13_14:00 -999.9 -999.9 -999.9 -999.9 -999.9 -999.9 -999.9 -999.9 -999.9 -999.9 -999.9 -999.9 -999.9 -999.9 -999.9 -999.9 0.0 24.8 69.0 71.2 71.2 71.8 -999.9 -999.9 -999.9 -999.9 -999.9 SGB/CPRM_-_Linha_José_Júlio_(82_m) -999.9 -999.9 -999.9 -999.9 -999.9 -999.9 -999.9 -999.9 Brasil SGB/CPRM -999.9 0.0 24.8 9.28 9.69 6.48 1 0.06 9.69 9.69 9.69 9.69
-29.09777 -51.69972 86472000 2026-08-13_14:15 -999.9 -999.9 -999.9 -999.9 -999.9 -999.9 -999.9 -999.9 -999.9 -999.9 -999.9 -999.9 -999.9 -999.9 -999.9 -999.9 0.0 24.8 69.0 71.2 71.2 71.8 -999.9 -999.9 -999.9 -999.9 -999.9 SGB/CPRM_-_Linha_José_Júlio_(82_m) -999.9 -999.9 -999.9 -999.9 -999.9 -999.9 -999.9 -999.9 Brasil SGB/CPRM -999.9 0.0 24.8 9.28 9.69 6.48 1 0.05 9.69 9.69 9.69 9.69
-29.09777 -51.69972 86472000 2026-08-13_14:30 -999.9 -999.9 -999.9 -999.9 -999.9 -999.9 -999.9 -999.9 -999.9 -999.9 -999.9 -999.9 -999.9 -999.9 -999.9 -999.9 0.0 24.8 69.0 71.2 71.2 71.8 -999.9 -999.9 -999.9 -999.9 -999.9 SGB/CPRM_-_Linha_José_Júlio_(82_m) -999.9 -999.9 -999.9 -999.9 -999.9 -999.9 -999.9 -999.9 Brasil SGB/CPRM -999.9 0.0 24.8 9.3 9.69 6.48 1 0.06 9.69 9.69 9.69 9.69
-29.09777 -51.69972 86472000 2026-08-13_14:45 -999.9 -999.9 -999.9 -999.9 -999.9 -999.9 -999.9 -999.9 -999.9 -999.9 -999.9 -999.9 -999.9 -999.9 -999.9 -999.9 0.0 24.8 69.0 71.2 71.2 71.8 -999.9 -999.9 -999.9 -999.9 -999.9 SGB/CPRM_-_Linha_José_Júlio_(82_m) -999.9 -999.9 -999.9 -999.9 -999.9 -999.9 -999.9 -999.9 Brasil SGB/CPRM -999.9 0.0 24.8 9.41 9.69 6.48 1 0.16 9.69 9.69 9.69 9.69
-29.09777 -51.69972 86472000 2026-08-13_15:00 -999.9 -999.9 -999.9 -999.9 -999.9 -999.9 -999.9 -999.9 -999.9 -999.9 -999.9 -999.9 -999.9 -999.9 -999.9 -999.9 0.0 24.8 69.0 71.2 71.2 71.8 -999.9 -999.9 -999.9 -999.9 -999.9 SGB/CPRM_-_Linha_José_Júlio_(82_m) -999.9 -999.9 -999.9 -999.9 -999.9 -999.9 -999.9 -999.9 Brasil SGB/CPRM -999.9 0.0 24.8 9.56 9.69 6.48 1 0.28 9.69 9.69 9.69 9.69
-29.09777 -51.69972 86472000 2026-08-13_15:15 -999.9 -999.9 -999.9 -999.9 -999.9 -999.9 -999.9 -999.9 -999.9 -999.9 -999.9 -999.9 -999.9 -999.9 -999.9 -999.9 0.0 24.8 69.0 71.2 71.2 71.8 -999.9 -999.9 -999.9 -999.9 -999.9 SGB/CPRM_-_Linha_José_Júlio_(82_m) -999.9 -999.9 -999.9 -999.9 -999.9 -999.9 -999.9 -999.9 Brasil SGB/CPRM -999.9 0.0 24.8 9.66 9.69 6.48 1 0.38 9.69 9.69 9.69 9.69
-29.09777 -51.69972 86472000 2026-08-13_15:30 -999.9 -999.9 -999.9 -999.9 -999.9 -999.9 -999.9 -999.9 -999.9 -999.9 -999.9 -999.9 -999.9 -999.9 -999.9 -999.9 0.0 24.8 69.0 71.2 71.2 71.8 -999.9 -999.9 -999.9 -999.9 -999.9 SGB/CPRM_-_Linha_José_Júlio_(82_m) -999.9 -999.9 -999.9 -999.9 -999.9 -999.9 -999.9 -999.9 Brasil SGB/CPRM -999.9 0.0 24.8 9.76 9.76 6.48 1 0.46 9.76 9.76 9.76 9.76
-29.09777 -51.69972 86472000 2026-08-13_15:45 -999.9 -999.9 -999.9 -999.9 -999.9 -999.9 -999.9 -999.9 -999.9 -999.9 -999.9 -999.9 -999.9 -999.9 -999.9 -999.9 0.0 24.8 69.0 71.2 71.2 71.8 -999.9 -999.9 -999.9 -999.9 -999.9 SGB/CPRM_-_Linha_José_Júlio_(82_m) -999.9 -999.9 -999.9 -999.9 -999.9 -999.9 -999.9 -999.9 Brasil SGB/CPRM -999.9 0.0 24.8 9.82 9.82 6.48 1 0.41 9.82 9.82 9.82 9.82
-29.09777 -51.69972 86472000 2026-08-13_16:00 -999.9 -999.9 -999.9 -999.9 -999.9 -999.9 -999.9 -999.9 -999.9 -999.9 -999.9 -999.9 -999.9 -999.9 -999.9 -999.9 0.0 24.8 69.0 71.2 71.2 71.8 -999.9 -999.9 -999.9 -999.9 -999.9 SGB/CPRM_-_Linha_José_Júlio_(82_m) -999.9 -999.9 -999.9 -999.9 -999.9 -999.9 -999.9 -999.9 Brasil SGB/CPRM -999.9 0.0 24.8 9.87 9.87 6.48 1 0.31 9.87 9.87 9.87 9.87
-29.09777 -51.69972 86472000 2026-08-13_16:15 -999.9 -999.9 -999.9 -999.9 -999.9 -999.9 -999.9 -999.9 -999.9 -999.9 -999.9 -999.9 -999.9 -999.9 -999.9 -999.9 0.0 24.8 69.0 71.2 71.2 71.8 -999.9 -999.9 -999.9 -999.9 -999.9 SGB/CPRM_-_Linha_José_Júlio_(82_m) -999.9 -999.9 -999.9 -999.9 -999.9 -999.9 -999.9 -999.9 Brasil SGB/CPRM -999.9 0.0 24.8 9.92 9.92 6.48 1 0.26 9.92 9.92 9.92 9.92
-29.09777 -51.69972 86472000 2026-08-13_16:30 -999.9 -999.9 -999.9 -999.9 -999.9 -999.9 -999.9 -999.9 -999.9 -999.9 -999.9 -999.9 -999.9 -999.9 -999.9 -999.9 0.0 24.8 69.0 71.2 71.2 71.8 -999.9 -999.9 -999.9 -999.9 -999.9 SGB/CPRM_-_Linha_José_Júlio_(82_m) -999.9 -999.9 -999.9 -999.9 -999.9 -999.9 -999.9 -999.9 Brasil SGB/CPRM -999.9 0.0 24.8 9.95 9.95 6.48 1 0.19 9.95 9.95 9.95 9.95
-29.09777 -51.69972 86472000 2026-08-13_16:45 -999.9 -999.9 -999.9 -999.9 -999.9 -999.9 -999.9 -999.9 -999.9 -999.9 -999.9 -999.9 -999.9 -999.9 -999.9 -999.9 0.0 24.8 69.0 71.2 71.2 71.8 -999.9 -999.9 -999.9 -999.9 -999.9 SGB/CPRM_-_Linha_José_Júlio_(82_m) -999.9 -999.9 -999.9 -999.9 -999.9 -999.9 -999.9 -999.9 Brasil SGB/CPRM -999.9 0.0 24.8 9.98 9.98 6.48 1 0.16 9.98 9.98 9.98 9.98
-29.09777 -51.69972 86472000 2026-08-13_17:00 -999.9 -999.9 -999.9 -999.9 -999.9 -999.9 -999.9 -999.9 -999.9 -999.9 -999.9 -999.9 -999.9 -999.9 -999.9 -999.9 0.0 24.8 69.0 71.2 71.2 71.8 -999.9 -999.9 -999.9 -999.9 -999.9 SGB/CPRM_-_Linha_José_Júlio_(82_m) -999.9 -999.9 -999.9 -999.9 -999.9 -999.9 -999.9 -999.9 Brasil SGB/CPRM -999.9 0.0 24.8 10.03 10.03 6.48 1 0.16 10.03 10.03 10.03 10.03
-29.09777 -51.69972 86472000 2026-08-13_17:15 -999.9 -999.9 -999.9 -999.9 -999.9 -999.9 -999.9 -999.9 -999.9 -999.9 -999.9 -999.9 -999.9 -999.9 -999.9 -999.9 0.0 24.8 69.0 71.2 71.2 71.8 -999.9 -999.9 -999.9 -999.9 -999.9 SGB/CPRM_-_Linha_José_Júlio_(82_m) -999.9 -999.9 -999.9 -999.9 -999.9 -999.9 -999.9 -999.9 Brasil SGB/CPRM -999.9 0.0 24.8 10.08 10.08 6.48 1 0.16 10.08 10.08 10.08 10.08
-29.09777 -51.69972 86472000 2026-08-13_17:30 -999.9 -999.9 -999.9 -999.9 -999.9 -999.9 -999.9 -999.9 -999.9 -999.9 -999.9 -999.9 -999.9 -999.9 -999.9 -999.9 0.0 24.8 69.0 71.2 71.2 71.8 -999.9 -999.9 -999.9 -999.9 -999.9 SGB/CPRM_-_Linha_José_Júlio_(82_m) -999.9 -999.9 -999.9 -999.9 -999.9 -999.9 -999.9 -999.9 Brasil SGB/CPRM -999.9 0.0 24.8 10.15 10.15 6.48 1 0.2 10.15 10.15 10.15 10.15
-29.09777 -51.69972 86472000 2026-08-13_17:45 -999.9 -999.9 -999.9 -999.9 -999.9 -999.9 -999.9 -999.9 -999.9 -999.9 -999.9 -999.9 -999.9 -999.9 -999.9 -999.9 0.0 24.8 69.0 71.2 71.2 71.8 -999.9 -999.9 -999.9 -999.9 -999.9 SGB/CPRM_-_Linha_José_Júlio_(82_m) -999.9 -999.9 -999.9 -999.9 -999.9 -999.9 -999.9 -999.9 Brasil SGB/CPRM -999.9 0.0 24.8 10.2 10.2 6.48 1 0.22 10.2 10.2 10.2 10.2
-29.09777 -51.69972 86472000 2026-08-13_18:00 -999.9 -999.9 -999.9 -999.9 -999.9 -999.9 -999.9 -999.9 -999.9 -999.9 -999.9 -999.9 -999.9 -999.9 -999.9 -999.9 0.0 24.8 69.0 71.2 71.2 71.8 -999.9 -999.9 -999.9 -999.9 -999.9 SGB/CPRM_-_Linha_José_Júlio_(82_m) -999.9 -999.9 -999.9 -999.9 -999.9 -999.9 -999.9 -999.9 Brasil SGB/CPRM -999.9 0.0 24.8 10.24 10.24 6.48 1 0.21 10.24 10.24 10.24 10.24
-29.09777 -51.69972 86472000 2026-08-13_18:15 -999.9 -999.9 -999.9 -999.9 -999.9 -999.9 -999.9 -999.9 -999.9 -999.9 -999.9 -999.9 -999.9 -999.9 -999.9 -999.9 0.0 24.8 69.0 71.2 71.2 71.8 -999.9 -999.9 -999.9 -999.9 -999.9 SGB/CPRM_-_Linha_José_Júlio_(82_m) -999.9 -999.9 -999.9 -999.9 -999.9 -999.9 -999.9 -999.9 Brasil SGB/CPRM -999.9 0.0 24.8 10.26 10.26 6.48 1 0.18 10.26 10.26 10.26 10.26
-29.09777 -51.69972 86472000 2026-08-13_18:30 -999.9 -999.9 -999.9 -999.9 -999.9 -999.9 -999.9 -999.9 -999.9 -999.9 -999.9 -999.9 -999.9 -999.9 -999.9 -999.9 0.0 24.8 69.0 71.2 71.2 71.8 -999.9 -999.9 -999.9 -999.9 -999.9 SGB/CPRM_-_Linha_José_Júlio_(82_m) -999.9 -999.9 -999.9 -999.9 -999.9 -999.9 -999.9 -999.9 Brasil SGB/CPRM -999.9 0.0 24.8 10.29 10.29 6.48 1 0.14 10.29 10.29 10.29 10.29
-29.09777 -51.69972 86472000 2026-08-13_18:45 -999.9 -999.9 -999.9 -999.9 -999.9 -999.9 -999.9 -999.9 -999.9 -999.9 -999.9 -999.9 -999.9 -999.9 -999.9 -999.9 0.0 24.8 69.0 71.2 71.2 71.8 -999.9 -999.9 -999.9 -999.9 -999.9 SGB/CPRM_-_Linha_José_Júlio_(82_m) -999.9 -999.9 -999.9 -999.9 -999.9 -999.9 -999.9 -999.9 Brasil SGB/CPRM -999.9 0.0 24.8 10.3 10.3 6.48 1 0.1 10.3 10.3 10.3 10.3
-29.09777 -51.69972 86472000 2026-08-13_19:00 -999.9 -999.9 -999.9 -999.9 -999.9 -999.9 -999.9 -999.9 -999.9 -999.9 -999.9 -999.9 -999.9 -999.9 -999.9 -999.9 0.0 24.8 69.0 71.2 71.2 71.8 -999.9 -999.9 -999.9 -999.9 -999.9 SGB/CPRM_-_Linha_José_Júlio_(82_m) -999.9 -999.9 -999.9 -999.9 -999.9 -999.9 -999.9 -999.9 Brasil SGB/CPRM -999.9 0.0 24.8 10.31 10.31 6.48 1 0.07 10.31 10.31 10.31 10.31
-29.09777 -51.69972 86472000 2026-08-13_19:15 -999.9 -999.9 -999.9 -999.9 -999.9 -999.9 -999.9 -999.9 -999.9 -999.9 -999.9 -999.9 -999.9 -999.9 -999.9 -999.9 0.0 24.8 69.0 71.2 71.2 71.8 -999.9 -999.9 -999.9 -999.9 -999.9 SGB/CPRM_-_Linha_José_Júlio_(82_m) -999.9 -999.9 -999.9 -999.9 -999.9 -999.9 -999.9 -999.9 Brasil SGB/CPRM -999.9 0.0 24.8 10.31 10.31 6.48 1 0.05 10.31 10.31 10.31 10.31
-29.09777 -51.69972 86472000 2026-08-13_19:30 -999.9 -999.9 -999.9 -999.9 -999.9 -999.9 -999.9 -999.9 -999.9 -999.9 -999.9 -999.9 -999.9 -999.9 -999.9 -999.9 0.0 24.8 69.0 71.2 71.2 71.8 -999.9 -999.9 -999.9 -999.9 -999.9 SGB/CPRM_-_Linha_José_Júlio_(82_m) -999.9 -999.9 -999.9 -999.9 -999.9 -999.9 -999.9 -999.9 Brasil SGB/CPRM -999.9 0.0 24.8 10.34 10.34 6.48 1 0.05 10.34 10.34 10.34 10.34
-29.09777 -51.69972 86472000 2026-08-13_19:45 -999.9 -999.9 -999.9 -999.9 -999.9 -999.9 -999.9 -999.9 -999.9 -999.9 -999.9 -999.9 -999.9 -999.9 -999.9 -999.9 0.0 24.8 69.0 71.2 71.2 71.8 -999.9 -999.9 -999.9 -999.9 -999.9 SGB/CPRM_-_Linha_José_Júlio_(82_m) -999.9 -999.9 -999.9 -999.9 -999.9 -999.9 -999.9 -999.9 Brasil SGB/CPRM -999.9 0.0 24.8 10.35 10.35 6.48 1 0.05 10.35 10.35 10.35 10.35
-29.09777 -51.69972 86472000 2026-08-13_20:00 -999.9 -999.9 -999.9 -999.9 -999.9 -999.9 -999.9 -999.9 -999.9 -999.9 -999.9 -999.9 -999.9 -999.9 -999.9 -999.9 0.0 24.8 69.0 71.2 71.2 71.8 -999.9 -999.9 -999.9 -999.9 -999.9 SGB/CPRM_-_Linha_José_Júlio_(82_m) -999.9 -999.9 -999.9 -999.9 -999.9 -999.9 -999.9 -999.9 Brasil SGB/CPRM -999.9 0.0 24.8 10.38 10.38 6.48 1 0.07 10.38 10.38 10.38 10.38
-29.09777 -51.69972 86472000 2026-08-13_20:15 -999.9 -999.9 -999.9 -999.9 -999.9 -999.9 -999.9 -999.9 -999.9 -999.9 -999.9 -999.9 -999.9 -999.9 -999.9 -999.9 0.0 24.8 69.0 71.2 71.2 71.8 -999.9 -999.9 -999.9 -999.9 -999.9 SGB/CPRM_-_Linha_José_Júlio_(82_m) -999.9 -999.9 -999.9 -999.9 -999.9 -999.9 -999.9 -999.9 Brasil SGB/CPRM -999.9 0.0 24.8 10.39 10.39 6.48 1 0.08 10.39 10.39 10.39 10.39
-29.09777 -51.69972 86472000 2026-08-13_20:30 -999.9 -999.9 -999.9 -999.9 -999.9 -999.9 -999.9 -999.9 -999.9 -999.9 -999.9 -999.9 -999.9 -999.9 -999.9 -999.9 0.0 24.8 69.0 71.2 71.2 71.8 -999.9 -999.9 -999.9 -999.9 -999.9 SGB/CPRM_-_Linha_José_Júlio_(82_m) -999.9 -999.9 -999.9 -999.9 -999.9 -999.9 -999.9 -999.9 Brasil SGB/CPRM -999.9 0.0 24.8 10.43 10.43 6.48 1 0.09 10.43 10.43 10.43 10.43
-29.09777 -51.69972 86472000 2026-08-13_20:45 -999.9 -999.9 -999.9 -999.9 -999.9 -999.9 -999.9 -999.9 -999.9 -999.9 -999.9 -999.9 -999.9 -999.9 -999.9 -999.9 0.0 24.8 69.0 71.2 71.2 71.8 -999.9 -999.9 -999.9 -999.9 -999.9 SGB/CPRM_-_Linha_José_Júlio_(82_m) -999.9 -999.9 -999.9 -999.9 -999.9 -999.9 -999.9 -999.9 Brasil SGB/CPRM -999.9 0.0 24.8 10.45 10.45 6.48 1 0.1 10.45 10.45 10.45 10.45
-29.09777 -51.69972 86472000 2026-08-13_21:00 -999.9 -999.9 -999.9 -999.9 -999.9 -999.9 -999.9 -999.9 -999.9 -999.9 -999.9 -999.9 -999.9 -999.9 -999.9 -999.9 0.0 24.8 69.0 71.2 71.2 71.8 -999.9 -999.9 -999.9 -999.9 -999.9 SGB/CPRM_-_Linha_José_Júlio_(82_m) -999.9 -999.9 -999.9 -999.9 -999.9 -999.9 -999.9 -999.9 Brasil SGB/CPRM -999.9 0.0 24.8 10.48 10.48 6.48 1 0.1 10.48 10.48 10.48 10.48
-29.09777 -51.69972 86472000 2026-08-13_21:15 -999.9 -999.9 -999.9 -999.9 -999.9 -999.9 -999.9 -999.9 -999.9 -999.9 -999.9 -999.9 -999.9 -999.9 -999.9 -999.9 0.0 24.8 69.0 71.2 71.2 71.8 -999.9 -999.9 -999.9 -999.9 -999.9 SGB/CPRM_-_Linha_José_Júlio_(82_m) -999.9 -999.9 -999.9 -999.9 -999.9 -999.9 -999.9 -999.9 Brasil SGB/CPRM -999.9 0.0 24.8 10.51 10.51 6.48 1 0.12 10.51 10.51 10.51 10.51
-29.09777 -51.69972 86472000 2026-08-13_21:30 -999.9 -999.9 -999.9 -999.9 -999.9 -999.9 -999.9 -999.9 -999.9 -999.9 -999.9 -999.9 -999.9 -999.9 -999.9 -999.9 0.0 24.8 69.0 71.2 71.2 71.8 -999.9 -999.9 -999.9 -999.9 -999.9 SGB/CPRM_-_Linha_José_Júlio_(82_m) -999.9 -999.9 -999.9 -999.9 -999.9 -999.9 -999.9 -999.9 Brasil SGB/CPRM -999.9 0.0 24.8 10.54 10.54 6.48 1 0.11 10.54 10.54 10.54 10.54
-29.09777 -51.69972 86472000 2026-08-13_21:45 -999.9 -999.9 -999.9 -999.9 -999.9 -999.9 -999.9 -999.9 -999.9 -999.9 -999.9 -999.9 -999.9 -999.9 -999.9 -999.9 0.0 24.8 69.0 71.2 71.2 71.8 -999.9 -999.9 -999.9 -999.9 -999.9 SGB/CPRM_-_Linha_José_Júlio_(82_m) -999.9 -999.9 -999.9 -999.9 -999.9 -999.9 -999.9 -999.9 Brasil SGB/CPRM -999.9 0.0 24.8 10.57 10.57 6.48 1 0.12 10.57 10.57 10.57 10.57
-29.09777 -51.69972 86472000 2026-08-13_22:00 -999.9 -999.9 -999.9 -999.9 -999.9 -999.9 -999.9 -999.9 -999.9 -999.9 -999.9 -999.9 -999.9 -999.9 -999.9 -999.9 0.0 24.8 69.0 71.2 71.2 71.8 -999.9 -999.9 -999.9 -999.9 -999.9 SGB/CPRM_-_Linha_José_Júlio_(82_m) -999.9 -999.9 -999.9 -999.9 -999.9 -999.9 -999.9 -999.9 Brasil SGB/CPRM -999.9 0.0 24.8 10.59 10.59 6.48 1 0.11 10.59 10.59 10.59 10.59
-29.09777 -51.69972 86472000 2026-08-13_22:15 -999.9 -999.9 -999.9 -999.9 -999.9 -999.9 -999.9 -999.9 -999.9 -999.9 -999.9 -999.9 -999.9 -999.9 -999.9 -999.9 0.0 24.8 69.0 71.2 71.2 71.8 -999.9 -999.9 -999.9 -999.9 -999.9 SGB/CPRM_-_Linha_José_Júlio_(82_m) -999.9 -999.9 -999.9 -999.9 -999.9 -999.9 -999.9 -999.9 Brasil SGB/CPRM -999.9 0.0 24.8 10.62 10.62 6.48 1 0.11 10.62 10.62 10.62 10.62
-29.09777 -51.69972 86472000 2026-08-13_22:30 -999.9 -999.9 -999.9 -999.9 -999.9 -999.9 -999.9 -999.9 -999.9 -999.9 -999.9 -999.9 -999.9 -999.9 -999.9 -999.9 0.0 24.8 69.0 71.2 71.2 71.8 -999.9 -999.9 -999.9 -999.9 -999.9 SGB/CPRM_-_Linha_José_Júlio_(82_m) -999.9 -999.9 -999.9 -999.9 -999.9 -999.9 -999.9 -999.9 Brasil SGB/CPRM -999.9 0.0 24.8 10.65 10.65 6.48 1 0.11 10.65 10.65 10.65 10.65
-29.09777 -51.69972 86472000 2026-08-13_22:45 -999.9 -999.9 -999.9 -999.9 -999.9 -999.9 -999.9 -999.9 -999.9 -999.9 -999.9 -999.9 -999.9 -999.9 -999.9 -999.9 0.0 24.8 69.0 71.2 71.2 71.8 -999.9 -999.9 -999.9 -999.9 -999.9 SGB/CPRM_-_Linha_José_Júlio_(82_m) -999.9 -999.9 -999.9 -999.9 -999.9 -999.9 -999.9 -999.9 Brasil SGB/CPRM -999.9 0.0 24.8 10.67 10.67 6.48 1 0.1 10.67 10.67 10.67 10.67
-29.09777 -51.69972 86472000 2026-08-13_23:00 -999.9 -999.9 -999.9 -999.9 -999.9 -999.9 -999.9 -999.9 -999.9 -999.9 -999.9 -999.9 -999.9 -999.9 -999.9 -999.9 0.0 24.8 69.0 71.2 71.2 71.8 -999.9 -999.9 -999.9 -999.9 -999.9 SGB/CPRM_-_Linha_José_Júlio_(82_m) -999.9 -999.9 -999.9 -999.9 -999.9 -999.9 -999.9 -999.9 Brasil SGB/CPRM -999.9 0.0 24.8 10.7 10.7 6.48 1 0.11 10.7 10.7 10.7 10.7
-29.09777 -51.69972 86472000 2026-08-13_23:15 -999.9 -999.9 -999.9 -999.9 -999.9 -999.9 -999.9 -999.9 -999.9 -999.9 -999.9 -999.9 -999.9 -999.9 -999.9 -999.9 0.2 25.0 69.2 71.4 71.4 72.0 -999.9 -999.9 -999.9 -999.9 -999.9 SGB/CPRM_-_Linha_José_Júlio_(82_m) -999.9 -999.9 -999.9 -999.9 -999.9 -999.9 -999.9 -999.9 Brasil SGB/CPRM -999.9 0.2 25.0 10.71 10.71 6.48 1 0.09 10.71 10.71 10.71 10.71
-29.09777 -51.69972 86472000 2026-08-13_23:30 -999.9 -999.9 -999.9 -999.9 -999.9 -999.9 -999.9 -999.9 -999.9 -999.9 -999.9 -999.9 -999.9 -999.9 -999.9 -999.9 0.2 25.0 69.2 71.4 71.4 72.0 -999.9 -999.9 -999.9 -999.9 -999.9 SGB/CPRM_-_Linha_José_Júlio_(82_m) -999.9 -999.9 -999.9 -999.9 -999.9 -999.9 -999.9 -999.9 Brasil SGB/CPRM -999.9 0.0 25.0 10.73 10.73 6.48 1 0.08 10.73 10.73 10.73 10.73
-29.09777 -51.69972 86472000 2026-08-13_23:45 -999.9 -999.9 -999.9 -999.9 -999.9 -999.9 -999.9 -999.9 -999.9 -999.9 -999.9 -999.9 -999.9 -999.9 -999.9 -999.9 0.2 25.0 69.2 71.4 71.4 72.0 -999.9 -999.9 -999.9 -999.9 -999.9 SGB/CPRM_-_Linha_José_Júlio_(82_m) -999.9 -999.9 -999.9 -999.9 -999.9 -999.9 -999.9 -999.9 Brasil SGB/CPRM -999.9 0.0 25.0 10.75 10.75 6.48 1 0.08 10.75 10.75 10.75 10.75
