-29.16674 -51.87146 17717 2026-08-10_00:10 -999.9 -999.9 -999.9 -999.9 -999.9 -999.9 -999.9 -999.9 -999.9 -999.9 -999.9 -999.9 -999.9 -999.9 -999.9 -999.9 -999.9 0.0 -999.9 0.2 24.8 51.6 -999.9 -999.9 -999.9 -999.9 -999.9 CEMADEN_-_Muçum_-_G2-431260903A_(60_m) -999.9 -999.9 -999.9 -999.9 -999.9 -999.9 -999.9 -999.9 Rio_Grande_do_Sul CEMADEN -999.9 0.0 -999.9
-29.16674 -51.87146 17717 2026-08-10_01:10 -999.9 -999.9 -999.9 -999.9 -999.9 -999.9 -999.9 -999.9 -999.9 -999.9 -999.9 -999.9 -999.9 -999.9 -999.9 -999.9 -999.9 0.0 -999.9 0.2 24.8 51.6 -999.9 -999.9 -999.9 -999.9 -999.9 CEMADEN_-_Muçum_-_G2-431260903A_(60_m) -999.9 -999.9 -999.9 -999.9 -999.9 -999.9 -999.9 -999.9 Rio_Grande_do_Sul CEMADEN -999.9 0.0 -999.9
-29.16674 -51.87146 17717 2026-08-10_02:10 -999.9 -999.9 -999.9 -999.9 -999.9 -999.9 -999.9 -999.9 -999.9 -999.9 -999.9 -999.9 -999.9 -999.9 -999.9 -999.9 -999.9 0.0 -999.9 0.2 24.8 51.6 -999.9 -999.9 -999.9 -999.9 -999.9 CEMADEN_-_Muçum_-_G2-431260903A_(60_m) -999.9 -999.9 -999.9 -999.9 -999.9 -999.9 -999.9 -999.9 Rio_Grande_do_Sul CEMADEN -999.9 0.0 -999.9
-29.16674 -51.87146 17717 2026-08-10_03:10 -999.9 -999.9 -999.9 -999.9 -999.9 -999.9 -999.9 -999.9 -999.9 -999.9 -999.9 -999.9 -999.9 -999.9 -999.9 -999.9 -999.9 0.0 -999.9 -999.9 24.8 51.6 -999.9 -999.9 -999.9 -999.9 -999.9 CEMADEN_-_Muçum_-_G2-431260903A_(60_m) -999.9 -999.9 -999.9 -999.9 -999.9 -999.9 -999.9 -999.9 Rio_Grande_do_Sul CEMADEN -999.9 0.0 -999.9
-29.16674 -51.87146 17717 2026-08-10_04:10 -999.9 -999.9 -999.9 -999.9 -999.9 -999.9 -999.9 -999.9 -999.9 -999.9 -999.9 -999.9 -999.9 -999.9 -999.9 -999.9 -999.9 0.0 -999.9 -999.9 24.8 51.6 -999.9 -999.9 -999.9 -999.9 -999.9 CEMADEN_-_Muçum_-_G2-431260903A_(60_m) -999.9 -999.9 -999.9 -999.9 -999.9 -999.9 -999.9 -999.9 Rio_Grande_do_Sul CEMADEN -999.9 0.0 -999.9
-29.16674 -51.87146 17717 2026-08-10_05:10 -999.9 -999.9 -999.9 -999.9 -999.9 -999.9 -999.9 -999.9 -999.9 -999.9 -999.9 -999.9 -999.9 -999.9 -999.9 -999.9 -999.9 0.0 -999.9 -999.9 24.8 51.6 -999.9 -999.9 -999.9 -999.9 -999.9 CEMADEN_-_Muçum_-_G2-431260903A_(60_m) -999.9 -999.9 -999.9 -999.9 -999.9 -999.9 -999.9 -999.9 Rio_Grande_do_Sul CEMADEN -999.9 0.0 -999.9
-29.16674 -51.87146 17717 2026-08-10_06:10 -999.9 -999.9 -999.9 -999.9 -999.9 -999.9 -999.9 -999.9 -999.9 -999.9 -999.9 -999.9 -999.9 -999.9 -999.9 -999.9 -999.9 0.0 -999.9 -999.9 24.8 51.6 -999.9 -999.9 -999.9 -999.9 -999.9 CEMADEN_-_Muçum_-_G2-431260903A_(60_m) -999.9 -999.9 -999.9 -999.9 -999.9 -999.9 -999.9 -999.9 Rio_Grande_do_Sul CEMADEN -999.9 0.0 -999.9
-29.16674 -51.87146 17717 2026-08-10_07:10 -999.9 -999.9 -999.9 -999.9 -999.9 -999.9 -999.9 -999.9 -999.9 -999.9 -999.9 -999.9 -999.9 -999.9 -999.9 -999.9 -999.9 0.0 -999.9 -999.9 24.8 51.6 -999.9 -999.9 -999.9 -999.9 -999.9 CEMADEN_-_Muçum_-_G2-431260903A_(60_m) -999.9 -999.9 -999.9 -999.9 -999.9 -999.9 -999.9 -999.9 Rio_Grande_do_Sul CEMADEN -999.9 0.0 -999.9
-29.16674 -51.87146 17717 2026-08-10_08:10 -999.9 -999.9 -999.9 -999.9 -999.9 -999.9 -999.9 -999.9 -999.9 -999.9 -999.9 -999.9 -999.9 -999.9 -999.9 -999.9 -999.9 0.0 -999.9 -999.9 24.8 51.6 -999.9 -999.9 -999.9 -999.9 -999.9 CEMADEN_-_Muçum_-_G2-431260903A_(60_m) -999.9 -999.9 -999.9 -999.9 -999.9 -999.9 -999.9 -999.9 Rio_Grande_do_Sul CEMADEN -999.9 0.0 -999.9
-29.16674 -51.87146 17717 2026-08-10_09:10 -999.9 -999.9 -999.9 -999.9 -999.9 -999.9 -999.9 -999.9 -999.9 -999.9 -999.9 -999.9 -999.9 -999.9 -999.9 -999.9 -999.9 0.0 -999.9 -999.9 24.8 51.6 -999.9 -999.9 -999.9 -999.9 -999.9 CEMADEN_-_Muçum_-_G2-431260903A_(60_m) -999.9 -999.9 -999.9 -999.9 -999.9 -999.9 -999.9 -999.9 Rio_Grande_do_Sul CEMADEN -999.9 0.0 -999.9
-29.16674 -51.87146 17717 2026-08-10_10:10 -999.9 -999.9 -999.9 -999.9 -999.9 -999.9 -999.9 -999.9 -999.9 -999.9 -999.9 -999.9 -999.9 -999.9 -999.9 -999.9 -999.9 0.0 -999.9 -999.9 24.8 51.6 -999.9 -999.9 -999.9 -999.9 -999.9 CEMADEN_-_Muçum_-_G2-431260903A_(60_m) -999.9 -999.9 -999.9 -999.9 -999.9 -999.9 -999.9 -999.9 Rio_Grande_do_Sul CEMADEN -999.9 0.0 -999.9
-29.16674 -51.87146 17717 2026-08-10_11:10 -999.9 -999.9 -999.9 -999.9 -999.9 -999.9 -999.9 -999.9 -999.9 -999.9 -999.9 -999.9 -999.9 -999.9 -999.9 -999.9 -999.9 0.0 -999.9 -999.9 24.8 51.6 -999.9 -999.9 -999.9 -999.9 -999.9 CEMADEN_-_Muçum_-_G2-431260903A_(60_m) -999.9 -999.9 -999.9 -999.9 -999.9 -999.9 -999.9 -999.9 Rio_Grande_do_Sul CEMADEN -999.9 0.0 -999.9
-29.16674 -51.87146 17717 2026-08-10_12:10 -999.9 -999.9 -999.9 -999.9 -999.9 -999.9 -999.9 -999.9 -999.9 -999.9 -999.9 -999.9 -999.9 -999.9 -999.9 -999.9 -999.9 -5.0 -999.9 -999.9 19.8 46.6 -999.9 -999.9 -999.9 -999.9 -999.9 CEMADEN_-_Muçum_-_G2-431260903A_(60_m) -999.9 -999.9 -999.9 -999.9 -999.9 -999.9 -999.9 -999.9 Rio_Grande_do_Sul CEMADEN -999.9 -5.0 -999.9
-29.16674 -51.87146 17717 2026-08-10_13:10 -999.9 -999.9 -999.9 -999.9 -999.9 -999.9 -999.9 -999.9 -999.9 -999.9 -999.9 -999.9 -999.9 -999.9 -999.9 -999.9 -999.9 -5.0 -999.9 -999.9 19.8 46.6 -999.9 -999.9 -999.9 -999.9 -999.9 CEMADEN_-_Muçum_-_G2-431260903A_(60_m) -999.9 -999.9 -999.9 -999.9 -999.9 -999.9 -999.9 -999.9 Rio_Grande_do_Sul CEMADEN -999.9 0.0 -999.9
-29.16674 -51.87146 17717 2026-08-10_14:10 -999.9 -999.9 -999.9 -999.9 -999.9 -999.9 -999.9 -999.9 -999.9 -999.9 -999.9 -999.9 -999.9 -999.9 -999.9 -999.9 -999.9 -5.0 -999.9 -999.9 19.8 46.6 -999.9 -999.9 -999.9 -999.9 -999.9 CEMADEN_-_Muçum_-_G2-431260903A_(60_m) -999.9 -999.9 -999.9 -999.9 -999.9 -999.9 -999.9 -999.9 Rio_Grande_do_Sul CEMADEN -999.9 0.0 -999.9
-29.16674 -51.87146 17717 2026-08-10_15:10 -999.9 -999.9 -999.9 -999.9 -999.9 -999.9 -999.9 -999.9 -999.9 -999.9 -999.9 -999.9 -999.9 -999.9 -999.9 -999.9 -999.9 -5.0 -999.9 -999.9 19.8 46.6 -999.9 -999.9 -999.9 -999.9 -999.9 CEMADEN_-_Muçum_-_G2-431260903A_(60_m) -999.9 -999.9 -999.9 -999.9 -999.9 -999.9 -999.9 -999.9 Rio_Grande_do_Sul CEMADEN -999.9 0.0 -999.9
-29.16674 -51.87146 17717 2026-08-10_16:10 -999.9 -999.9 -999.9 -999.9 -999.9 -999.9 -999.9 -999.9 -999.9 -999.9 -999.9 -999.9 -999.9 -999.9 -999.9 -999.9 -999.9 -5.0 -999.9 -999.9 19.8 46.6 -999.9 -999.9 -999.9 -999.9 -999.9 CEMADEN_-_Muçum_-_G2-431260903A_(60_m) -999.9 -999.9 -999.9 -999.9 -999.9 -999.9 -999.9 -999.9 Rio_Grande_do_Sul CEMADEN -999.9 0.0 -999.9
-29.16674 -51.87146 17717 2026-08-10_17:10 -999.9 -999.9 -999.9 -999.9 -999.9 -999.9 -999.9 -999.9 -999.9 -999.9 -999.9 -999.9 -999.9 -999.9 -999.9 -999.9 -999.9 -5.0 -999.9 -999.9 19.8 46.6 -999.9 -999.9 -999.9 -999.9 -999.9 CEMADEN_-_Muçum_-_G2-431260903A_(60_m) -999.9 -999.9 -999.9 -999.9 -999.9 -999.9 -999.9 -999.9 Rio_Grande_do_Sul CEMADEN -999.9 0.0 -999.9
-29.16674 -51.87146 17717 2026-08-10_18:10 -999.9 -999.9 -999.9 -999.9 -999.9 -999.9 -999.9 -999.9 -999.9 -999.9 -999.9 -999.9 -999.9 -999.9 -999.9 -999.9 -999.9 -7.6 -999.9 -999.9 17.2 44.0 -999.9 -999.9 -999.9 -999.9 -999.9 CEMADEN_-_Muçum_-_G2-431260903A_(60_m) -999.9 -999.9 -999.9 -999.9 -999.9 -999.9 -999.9 -999.9 Rio_Grande_do_Sul CEMADEN -999.9 -2.6 -999.9
-29.16674 -51.87146 17717 2026-08-10_20:10 -999.9 -999.9 -999.9 -999.9 -999.9 -999.9 -999.9 -999.9 -999.9 -999.9 -999.9 -999.9 -999.9 -999.9 -999.9 -999.9 -999.9 -11.8 -999.9 -999.9 13.0 39.8 -999.9 -999.9 -999.9 -999.9 -999.9 CEMADEN_-_Muçum_-_G2-431260903A_(60_m) -999.9 -999.9 -999.9 -999.9 -999.9 -999.9 -999.9 -999.9 Rio_Grande_do_Sul CEMADEN -999.9 -4.2 -999.9
-29.16674 -51.87146 17717 2026-08-10_21:10 -999.9 -999.9 -999.9 -999.9 -999.9 -999.9 -999.9 -999.9 -999.9 -999.9 -999.9 -999.9 -999.9 -999.9 -999.9 -999.9 -999.9 -22.6 -999.9 -999.9 2.2 29.0 -999.9 -999.9 -999.9 -999.9 -999.9 CEMADEN_-_Muçum_-_G2-431260903A_(60_m) -999.9 -999.9 -999.9 -999.9 -999.9 -999.9 -999.9 -999.9 Rio_Grande_do_Sul CEMADEN -999.9 -10.8 -999.9
-29.16674 -51.87146 17717 2026-08-10_22:10 -999.9 -999.9 -999.9 -999.9 -999.9 -999.9 -999.9 -999.9 -999.9 -999.9 -999.9 -999.9 -999.9 -999.9 -999.9 -999.9 -999.9 -24.0 -999.9 -999.9 0.8 27.6 -999.9 -999.9 -999.9 -999.9 -999.9 CEMADEN_-_Muçum_-_G2-431260903A_(60_m) -999.9 -999.9 -999.9 -999.9 -999.9 -999.9 -999.9 -999.9 Rio_Grande_do_Sul CEMADEN -999.9 -1.4 -999.9
-29.16674 -51.87146 17717 2026-08-10_23:10 -999.9 -999.9 -999.9 -999.9 -999.9 -999.9 -999.9 -999.9 -999.9 -999.9 -999.9 -999.9 -999.9 -999.9 -999.9 -999.9 -999.9 -24.0 -999.9 -999.9 0.8 27.6 -999.9 -999.9 -999.9 -999.9 -999.9 CEMADEN_-_Muçum_-_G2-431260903A_(60_m) -999.9 -999.9 -999.9 -999.9 -999.9 -999.9 -999.9 -999.9 Rio_Grande_do_Sul CEMADEN -999.9 0.0 -999.9
