-28.6851 -50.7831 17793 2026-09-20_00:00 -999.9 -999.9 -999.9 -999.9 -999.9 -999.9 -999.9 -999.9 -999.9 -999.9 -999.9 -999.9 -999.9 -999.9 -999.9 -999.9 3.6 0.0 21.0 21.0 21.0 21.2 -999.9 -999.9 -999.9 -999.9 -999.9 CEMADEN_-_Monte_Alegre_dos_Campos_-_G2-431237701A_(964_m) -999.9 -999.9 -999.9 -999.9 -999.9 -999.9 -999.9 -999.9 Rio_Grande_do_Sul CEMADEN -999.9 0.0 -999.9
-28.6851 -50.7831 17793 2026-09-20_00:30 -999.9 -999.9 -999.9 -999.9 -999.9 -999.9 -999.9 -999.9 -999.9 -999.9 -999.9 -999.9 -999.9 -999.9 -999.9 -999.9 7.2 5.0 26.0 26.0 26.0 26.2 -999.9 -999.9 -999.9 -999.9 -999.9 CEMADEN_-_Monte_Alegre_dos_Campos_-_G2-431237701A_(964_m) -999.9 -999.9 -999.9 -999.9 -999.9 -999.9 -999.9 -999.9 Rio_Grande_do_Sul CEMADEN -999.9 5.0 -999.9
-28.6851 -50.7831 17793 2026-09-20_00:50 -999.9 -999.9 -999.9 -999.9 -999.9 -999.9 -999.9 -999.9 -999.9 -999.9 -999.9 -999.9 -999.9 -999.9 -999.9 -999.9 9.2 7.8 28.8 28.8 28.8 29.0 -999.9 -999.9 -999.9 -999.9 -999.9 CEMADEN_-_Monte_Alegre_dos_Campos_-_G2-431237701A_(964_m) -999.9 -999.9 -999.9 -999.9 -999.9 -999.9 -999.9 -999.9 Rio_Grande_do_Sul CEMADEN -999.9 2.8 -999.9
-28.6851 -50.7831 17793 2026-09-20_01:00 -999.9 -999.9 -999.9 -999.9 -999.9 -999.9 -999.9 -999.9 -999.9 -999.9 -999.9 -999.9 -999.9 -999.9 -999.9 -999.9 6.8 9.6 30.6 30.6 30.6 30.8 -999.9 -999.9 -999.9 -999.9 -999.9 CEMADEN_-_Monte_Alegre_dos_Campos_-_G2-431237701A_(964_m) -999.9 -999.9 -999.9 -999.9 -999.9 -999.9 -999.9 -999.9 Rio_Grande_do_Sul CEMADEN -999.9 1.8 -999.9
-28.6851 -50.7831 17793 2026-09-20_01:30 -999.9 -999.9 -999.9 -999.9 -999.9 -999.9 -999.9 -999.9 -999.9 -999.9 -999.9 -999.9 -999.9 -999.9 -999.9 -999.9 5.4 11.8 32.8 32.8 32.8 33.0 -999.9 -999.9 -999.9 -999.9 -999.9 CEMADEN_-_Monte_Alegre_dos_Campos_-_G2-431237701A_(964_m) -999.9 -999.9 -999.9 -999.9 -999.9 -999.9 -999.9 -999.9 Rio_Grande_do_Sul CEMADEN -999.9 2.2 -999.9
-28.6851 -50.7831 17793 2026-09-20_01:50 -999.9 -999.9 -999.9 -999.9 -999.9 -999.9 -999.9 -999.9 -999.9 -999.9 -999.9 -999.9 -999.9 -999.9 -999.9 -999.9 4.4 12.2 33.2 33.2 33.2 33.4 -999.9 -999.9 -999.9 -999.9 -999.9 CEMADEN_-_Monte_Alegre_dos_Campos_-_G2-431237701A_(964_m) -999.9 -999.9 -999.9 -999.9 -999.9 -999.9 -999.9 -999.9 Rio_Grande_do_Sul CEMADEN -999.9 0.4 -999.9
-28.6851 -50.7831 17793 2026-09-20_02:00 -999.9 -999.9 -999.9 -999.9 -999.9 -999.9 -999.9 -999.9 -999.9 -999.9 -999.9 -999.9 -999.9 -999.9 -999.9 -999.9 1.8 12.4 33.4 33.4 33.4 33.6 -999.9 -999.9 -999.9 -999.9 -999.9 CEMADEN_-_Monte_Alegre_dos_Campos_-_G2-431237701A_(964_m) -999.9 -999.9 -999.9 -999.9 -999.9 -999.9 -999.9 -999.9 Rio_Grande_do_Sul CEMADEN -999.9 0.2 -999.9
-28.6851 -50.7831 17793 2026-09-20_02:20 -999.9 -999.9 -999.9 -999.9 -999.9 -999.9 -999.9 -999.9 -999.9 -999.9 -999.9 -999.9 -999.9 -999.9 -999.9 -999.9 1.0 12.6 33.6 33.6 33.6 33.8 -999.9 -999.9 -999.9 -999.9 -999.9 CEMADEN_-_Monte_Alegre_dos_Campos_-_G2-431237701A_(964_m) -999.9 -999.9 -999.9 -999.9 -999.9 -999.9 -999.9 -999.9 Rio_Grande_do_Sul CEMADEN -999.9 0.2 -999.9
-28.6851 -50.7831 17793 2026-09-20_02:30 -999.9 -999.9 -999.9 -999.9 -999.9 -999.9 -999.9 -999.9 -999.9 -999.9 -999.9 -999.9 -999.9 -999.9 -999.9 -999.9 1.2 13.0 34.0 34.0 34.0 34.2 -999.9 -999.9 -999.9 -999.9 -999.9 CEMADEN_-_Monte_Alegre_dos_Campos_-_G2-431237701A_(964_m) -999.9 -999.9 -999.9 -999.9 -999.9 -999.9 -999.9 -999.9 Rio_Grande_do_Sul CEMADEN -999.9 0.4 -999.9
-28.6851 -50.7831 17793 2026-09-20_02:40 -999.9 -999.9 -999.9 -999.9 -999.9 -999.9 -999.9 -999.9 -999.9 -999.9 -999.9 -999.9 -999.9 -999.9 -999.9 -999.9 1.4 13.2 34.2 34.2 34.2 34.4 -999.9 -999.9 -999.9 -999.9 -999.9 CEMADEN_-_Monte_Alegre_dos_Campos_-_G2-431237701A_(964_m) -999.9 -999.9 -999.9 -999.9 -999.9 -999.9 -999.9 -999.9 Rio_Grande_do_Sul CEMADEN -999.9 0.2 -999.9
-28.6851 -50.7831 17793 2026-09-20_02:50 -999.9 -999.9 -999.9 -999.9 -999.9 -999.9 -999.9 -999.9 -999.9 -999.9 -999.9 -999.9 -999.9 -999.9 -999.9 -999.9 1.2 13.4 34.4 34.4 34.4 34.6 -999.9 -999.9 -999.9 -999.9 -999.9 CEMADEN_-_Monte_Alegre_dos_Campos_-_G2-431237701A_(964_m) -999.9 -999.9 -999.9 -999.9 -999.9 -999.9 -999.9 -999.9 Rio_Grande_do_Sul CEMADEN -999.9 0.2 -999.9
-28.6851 -50.7831 17793 2026-09-20_03:10 -999.9 -999.9 -999.9 -999.9 -999.9 -999.9 -999.9 -999.9 -999.9 -999.9 -999.9 -999.9 -999.9 -999.9 -999.9 -999.9 -999.9 13.4 34.4 34.4 34.4 34.6 -999.9 -999.9 -999.9 -999.9 -999.9 CEMADEN_-_Monte_Alegre_dos_Campos_-_G2-431237701A_(964_m) -999.9 -999.9 -999.9 -999.9 -999.9 -999.9 -999.9 -999.9 Rio_Grande_do_Sul CEMADEN -999.9 0.0 -999.9
-28.6851 -50.7831 17793 2026-09-20_04:10 -999.9 -999.9 -999.9 -999.9 -999.9 -999.9 -999.9 -999.9 -999.9 -999.9 -999.9 -999.9 -999.9 -999.9 -999.9 -999.9 -999.9 13.4 34.4 34.4 34.4 34.6 -999.9 -999.9 -999.9 -999.9 -999.9 CEMADEN_-_Monte_Alegre_dos_Campos_-_G2-431237701A_(964_m) -999.9 -999.9 -999.9 -999.9 -999.9 -999.9 -999.9 -999.9 Rio_Grande_do_Sul CEMADEN -999.9 0.0 -999.9
-28.6851 -50.7831 17793 2026-09-20_05:10 -999.9 -999.9 -999.9 -999.9 -999.9 -999.9 -999.9 -999.9 -999.9 -999.9 -999.9 -999.9 -999.9 -999.9 -999.9 -999.9 -999.9 13.4 34.4 34.4 34.4 34.6 -999.9 -999.9 -999.9 -999.9 -999.9 CEMADEN_-_Monte_Alegre_dos_Campos_-_G2-431237701A_(964_m) -999.9 -999.9 -999.9 -999.9 -999.9 -999.9 -999.9 -999.9 Rio_Grande_do_Sul CEMADEN -999.9 0.0 -999.9
-28.6851 -50.7831 17793 2026-09-20_06:10 -999.9 -999.9 -999.9 -999.9 -999.9 -999.9 -999.9 -999.9 -999.9 -999.9 -999.9 -999.9 -999.9 -999.9 -999.9 -999.9 0.2 13.6 34.6 34.6 34.6 34.8 -999.9 -999.9 -999.9 -999.9 -999.9 CEMADEN_-_Monte_Alegre_dos_Campos_-_G2-431237701A_(964_m) -999.9 -999.9 -999.9 -999.9 -999.9 -999.9 -999.9 -999.9 Rio_Grande_do_Sul CEMADEN -999.9 0.2 -999.9
-28.6851 -50.7831 17793 2026-09-20_06:20 -999.9 -999.9 -999.9 -999.9 -999.9 -999.9 -999.9 -999.9 -999.9 -999.9 -999.9 -999.9 -999.9 -999.9 -999.9 -999.9 0.6 14.0 35.0 35.0 35.0 35.2 -999.9 -999.9 -999.9 -999.9 -999.9 CEMADEN_-_Monte_Alegre_dos_Campos_-_G2-431237701A_(964_m) -999.9 -999.9 -999.9 -999.9 -999.9 -999.9 -999.9 -999.9 Rio_Grande_do_Sul CEMADEN -999.9 0.4 -999.9
-28.6851 -50.7831 17793 2026-09-20_07:10 -999.9 -999.9 -999.9 -999.9 -999.9 -999.9 -999.9 -999.9 -999.9 -999.9 -999.9 -999.9 -999.9 -999.9 -999.9 -999.9 -999.9 14.0 35.0 35.0 35.0 35.2 -999.9 -999.9 -999.9 -999.9 -999.9 CEMADEN_-_Monte_Alegre_dos_Campos_-_G2-431237701A_(964_m) -999.9 -999.9 -999.9 -999.9 -999.9 -999.9 -999.9 -999.9 Rio_Grande_do_Sul CEMADEN -999.9 0.0 -999.9
-28.6851 -50.7831 17793 2026-09-20_08:10 -999.9 -999.9 -999.9 -999.9 -999.9 -999.9 -999.9 -999.9 -999.9 -999.9 -999.9 -999.9 -999.9 -999.9 -999.9 -999.9 -999.9 14.0 35.0 35.0 35.0 35.2 -999.9 -999.9 -999.9 -999.9 -999.9 CEMADEN_-_Monte_Alegre_dos_Campos_-_G2-431237701A_(964_m) -999.9 -999.9 -999.9 -999.9 -999.9 -999.9 -999.9 -999.9 Rio_Grande_do_Sul CEMADEN -999.9 0.0 -999.9
-28.6851 -50.7831 17793 2026-09-20_09:10 -999.9 -999.9 -999.9 -999.9 -999.9 -999.9 -999.9 -999.9 -999.9 -999.9 -999.9 -999.9 -999.9 -999.9 -999.9 -999.9 -999.9 14.0 35.0 35.0 35.0 35.2 -999.9 -999.9 -999.9 -999.9 -999.9 CEMADEN_-_Monte_Alegre_dos_Campos_-_G2-431237701A_(964_m) -999.9 -999.9 -999.9 -999.9 -999.9 -999.9 -999.9 -999.9 Rio_Grande_do_Sul CEMADEN -999.9 0.0 -999.9
-28.6851 -50.7831 17793 2026-09-20_10:10 -999.9 -999.9 -999.9 -999.9 -999.9 -999.9 -999.9 -999.9 -999.9 -999.9 -999.9 -999.9 -999.9 -999.9 -999.9 -999.9 -999.9 14.0 35.0 35.0 35.0 35.2 -999.9 -999.9 -999.9 -999.9 -999.9 CEMADEN_-_Monte_Alegre_dos_Campos_-_G2-431237701A_(964_m) -999.9 -999.9 -999.9 -999.9 -999.9 -999.9 -999.9 -999.9 Rio_Grande_do_Sul CEMADEN -999.9 0.0 -999.9
-28.6851 -50.7831 17793 2026-09-20_11:10 -999.9 -999.9 -999.9 -999.9 -999.9 -999.9 -999.9 -999.9 -999.9 -999.9 -999.9 -999.9 -999.9 -999.9 -999.9 -999.9 -999.9 14.0 35.0 35.0 35.0 35.2 -999.9 -999.9 -999.9 -999.9 -999.9 CEMADEN_-_Monte_Alegre_dos_Campos_-_G2-431237701A_(964_m) -999.9 -999.9 -999.9 -999.9 -999.9 -999.9 -999.9 -999.9 Rio_Grande_do_Sul CEMADEN -999.9 0.0 -999.9
-28.6851 -50.7831 17793 2026-09-20_12:10 -999.9 -999.9 -999.9 -999.9 -999.9 -999.9 -999.9 -999.9 -999.9 -999.9 -999.9 -999.9 -999.9 -999.9 -999.9 -999.9 -999.9 14.0 35.0 35.0 35.0 35.2 -999.9 -999.9 -999.9 -999.9 -999.9 CEMADEN_-_Monte_Alegre_dos_Campos_-_G2-431237701A_(964_m) -999.9 -999.9 -999.9 -999.9 -999.9 -999.9 -999.9 -999.9 Rio_Grande_do_Sul CEMADEN -999.9 0.0 -999.9
-28.6851 -50.7831 17793 2026-09-20_13:10 -999.9 -999.9 -999.9 -999.9 -999.9 -999.9 -999.9 -999.9 -999.9 -999.9 -999.9 -999.9 -999.9 -999.9 -999.9 -999.9 -999.9 14.0 35.0 35.0 35.0 35.2 -999.9 -999.9 -999.9 -999.9 -999.9 CEMADEN_-_Monte_Alegre_dos_Campos_-_G2-431237701A_(964_m) -999.9 -999.9 -999.9 -999.9 -999.9 -999.9 -999.9 -999.9 Rio_Grande_do_Sul CEMADEN -999.9 0.0 -999.9
-28.6851 -50.7831 17793 2026-09-20_14:10 -999.9 -999.9 -999.9 -999.9 -999.9 -999.9 -999.9 -999.9 -999.9 -999.9 -999.9 -999.9 -999.9 -999.9 -999.9 -999.9 -999.9 14.0 35.0 35.0 35.0 35.2 -999.9 -999.9 -999.9 -999.9 -999.9 CEMADEN_-_Monte_Alegre_dos_Campos_-_G2-431237701A_(964_m) -999.9 -999.9 -999.9 -999.9 -999.9 -999.9 -999.9 -999.9 Rio_Grande_do_Sul CEMADEN -999.9 0.0 -999.9
-28.6851 -50.7831 17793 2026-09-20_15:10 -999.9 -999.9 -999.9 -999.9 -999.9 -999.9 -999.9 -999.9 -999.9 -999.9 -999.9 -999.9 -999.9 -999.9 -999.9 -999.9 -999.9 14.0 35.0 35.0 35.0 35.2 -999.9 -999.9 -999.9 -999.9 -999.9 CEMADEN_-_Monte_Alegre_dos_Campos_-_G2-431237701A_(964_m) -999.9 -999.9 -999.9 -999.9 -999.9 -999.9 -999.9 -999.9 Rio_Grande_do_Sul CEMADEN -999.9 0.0 -999.9
-28.6851 -50.7831 17793 2026-09-20_16:10 -999.9 -999.9 -999.9 -999.9 -999.9 -999.9 -999.9 -999.9 -999.9 -999.9 -999.9 -999.9 -999.9 -999.9 -999.9 -999.9 -999.9 14.0 35.0 35.0 35.0 35.2 -999.9 -999.9 -999.9 -999.9 -999.9 CEMADEN_-_Monte_Alegre_dos_Campos_-_G2-431237701A_(964_m) -999.9 -999.9 -999.9 -999.9 -999.9 -999.9 -999.9 -999.9 Rio_Grande_do_Sul CEMADEN -999.9 0.0 -999.9
-28.6851 -50.7831 17793 2026-09-20_17:10 -999.9 -999.9 -999.9 -999.9 -999.9 -999.9 -999.9 -999.9 -999.9 -999.9 -999.9 -999.9 -999.9 -999.9 -999.9 -999.9 -999.9 14.0 35.0 35.0 35.0 35.2 -999.9 -999.9 -999.9 -999.9 -999.9 CEMADEN_-_Monte_Alegre_dos_Campos_-_G2-431237701A_(964_m) -999.9 -999.9 -999.9 -999.9 -999.9 -999.9 -999.9 -999.9 Rio_Grande_do_Sul CEMADEN -999.9 0.0 -999.9
-28.6851 -50.7831 17793 2026-09-20_18:10 -999.9 -999.9 -999.9 -999.9 -999.9 -999.9 -999.9 -999.9 -999.9 -999.9 -999.9 -999.9 -999.9 -999.9 -999.9 -999.9 -999.9 14.0 35.0 35.0 35.0 35.2 -999.9 -999.9 -999.9 -999.9 -999.9 CEMADEN_-_Monte_Alegre_dos_Campos_-_G2-431237701A_(964_m) -999.9 -999.9 -999.9 -999.9 -999.9 -999.9 -999.9 -999.9 Rio_Grande_do_Sul CEMADEN -999.9 0.0 -999.9
-28.6851 -50.7831 17793 2026-09-20_19:10 -999.9 -999.9 -999.9 -999.9 -999.9 -999.9 -999.9 -999.9 -999.9 -999.9 -999.9 -999.9 -999.9 -999.9 -999.9 -999.9 -999.9 14.0 35.0 35.0 35.0 35.2 -999.9 -999.9 -999.9 -999.9 -999.9 CEMADEN_-_Monte_Alegre_dos_Campos_-_G2-431237701A_(964_m) -999.9 -999.9 -999.9 -999.9 -999.9 -999.9 -999.9 -999.9 Rio_Grande_do_Sul CEMADEN -999.9 0.0 -999.9
-28.6851 -50.7831 17793 2026-09-20_20:10 -999.9 -999.9 -999.9 -999.9 -999.9 -999.9 -999.9 -999.9 -999.9 -999.9 -999.9 -999.9 -999.9 -999.9 -999.9 -999.9 -999.9 14.0 35.0 35.0 35.0 35.2 -999.9 -999.9 -999.9 -999.9 -999.9 CEMADEN_-_Monte_Alegre_dos_Campos_-_G2-431237701A_(964_m) -999.9 -999.9 -999.9 -999.9 -999.9 -999.9 -999.9 -999.9 Rio_Grande_do_Sul CEMADEN -999.9 0.0 -999.9
-28.6851 -50.7831 17793 2026-09-20_21:10 -999.9 -999.9 -999.9 -999.9 -999.9 -999.9 -999.9 -999.9 -999.9 -999.9 -999.9 -999.9 -999.9 -999.9 -999.9 -999.9 -999.9 14.0 35.0 35.0 35.0 35.2 -999.9 -999.9 -999.9 -999.9 -999.9 CEMADEN_-_Monte_Alegre_dos_Campos_-_G2-431237701A_(964_m) -999.9 -999.9 -999.9 -999.9 -999.9 -999.9 -999.9 -999.9 Rio_Grande_do_Sul CEMADEN -999.9 0.0 -999.9
-28.6851 -50.7831 17793 2026-09-20_22:10 -999.9 -999.9 -999.9 -999.9 -999.9 -999.9 -999.9 -999.9 -999.9 -999.9 -999.9 -999.9 -999.9 -999.9 -999.9 -999.9 -999.9 14.0 35.0 35.0 35.0 35.2 -999.9 -999.9 -999.9 -999.9 -999.9 CEMADEN_-_Monte_Alegre_dos_Campos_-_G2-431237701A_(964_m) -999.9 -999.9 -999.9 -999.9 -999.9 -999.9 -999.9 -999.9 Rio_Grande_do_Sul CEMADEN -999.9 0.0 -999.9
-28.6851 -50.7831 17793 2026-09-20_23:10 -999.9 -999.9 -999.9 -999.9 -999.9 -999.9 -999.9 -999.9 -999.9 -999.9 -999.9 -999.9 -999.9 -999.9 -999.9 -999.9 -999.9 14.0 35.0 35.0 35.0 35.2 -999.9 -999.9 -999.9 -999.9 -999.9 CEMADEN_-_Monte_Alegre_dos_Campos_-_G2-431237701A_(964_m) -999.9 -999.9 -999.9 -999.9 -999.9 -999.9 -999.9 -999.9 Rio_Grande_do_Sul CEMADEN -999.9 0.0 -999.9
