-28.8406 -51.9024 16952 2026-09-01_00:10 -999.9 -999.9 -999.9 -999.9 -999.9 -999.9 -999.9 -999.9 -999.9 -999.9 -999.9 -999.9 -999.9 -999.9 -999.9 -999.9 -999.9 0.0 34.8 101.2 123.4 212.0 -999.9 -999.9 -999.9 -999.9 -999.9 CEMADEN_-_Guaporé_-_G2-430940701A_(473_m) -999.9 -999.9 -999.9 -999.9 -999.9 -999.9 -999.9 -999.9 Rio_Grande_do_Sul CEMADEN -999.9 0.0 -999.9
-28.8406 -51.9024 16952 2026-09-01_00:40 -999.9 -999.9 -999.9 -999.9 -999.9 -999.9 -999.9 -999.9 -999.9 -999.9 -999.9 -999.9 -999.9 -999.9 -999.9 -999.9 0.4 0.4 35.2 101.6 123.8 212.4 -999.9 -999.9 -999.9 -999.9 -999.9 CEMADEN_-_Guaporé_-_G2-430940701A_(473_m) -999.9 -999.9 -999.9 -999.9 -999.9 -999.9 -999.9 -999.9 Rio_Grande_do_Sul CEMADEN -999.9 0.4 -999.9
-28.8406 -51.9024 16952 2026-09-01_00:50 -999.9 -999.9 -999.9 -999.9 -999.9 -999.9 -999.9 -999.9 -999.9 -999.9 -999.9 -999.9 -999.9 -999.9 -999.9 -999.9 0.6 0.6 35.4 101.8 124.0 212.6 -999.9 -999.9 -999.9 -999.9 -999.9 CEMADEN_-_Guaporé_-_G2-430940701A_(473_m) -999.9 -999.9 -999.9 -999.9 -999.9 -999.9 -999.9 -999.9 Rio_Grande_do_Sul CEMADEN -999.9 0.2 -999.9
-28.8406 -51.9024 16952 2026-09-01_01:00 -999.9 -999.9 -999.9 -999.9 -999.9 -999.9 -999.9 -999.9 -999.9 -999.9 -999.9 -999.9 -999.9 -999.9 -999.9 -999.9 0.8 0.8 35.6 102.0 124.2 212.8 -999.9 -999.9 -999.9 -999.9 -999.9 CEMADEN_-_Guaporé_-_G2-430940701A_(473_m) -999.9 -999.9 -999.9 -999.9 -999.9 -999.9 -999.9 -999.9 Rio_Grande_do_Sul CEMADEN -999.9 0.2 -999.9
-28.8406 -51.9024 16952 2026-09-01_01:20 -999.9 -999.9 -999.9 -999.9 -999.9 -999.9 -999.9 -999.9 -999.9 -999.9 -999.9 -999.9 -999.9 -999.9 -999.9 -999.9 0.4 1.0 35.8 100.8 124.4 213.0 -999.9 -999.9 -999.9 -999.9 -999.9 CEMADEN_-_Guaporé_-_G2-430940701A_(473_m) -999.9 -999.9 -999.9 -999.9 -999.9 -999.9 -999.9 -999.9 Rio_Grande_do_Sul CEMADEN -999.9 0.2 -999.9
-28.8406 -51.9024 16952 2026-09-01_02:10 -999.9 -999.9 -999.9 -999.9 -999.9 -999.9 -999.9 -999.9 -999.9 -999.9 -999.9 -999.9 -999.9 -999.9 -999.9 -999.9 -999.9 1.0 35.8 100.8 124.4 213.0 -999.9 -999.9 -999.9 -999.9 -999.9 CEMADEN_-_Guaporé_-_G2-430940701A_(473_m) -999.9 -999.9 -999.9 -999.9 -999.9 -999.9 -999.9 -999.9 Rio_Grande_do_Sul CEMADEN -999.9 0.0 -999.9
-28.8406 -51.9024 16952 2026-09-01_03:10 -999.9 -999.9 -999.9 -999.9 -999.9 -999.9 -999.9 -999.9 -999.9 -999.9 -999.9 -999.9 -999.9 -999.9 -999.9 -999.9 -999.9 1.0 35.8 100.2 124.4 213.0 -999.9 -999.9 -999.9 -999.9 -999.9 CEMADEN_-_Guaporé_-_G2-430940701A_(473_m) -999.9 -999.9 -999.9 -999.9 -999.9 -999.9 -999.9 -999.9 Rio_Grande_do_Sul CEMADEN -999.9 0.0 -999.9
-28.8406 -51.9024 16952 2026-09-01_04:10 -999.9 -999.9 -999.9 -999.9 -999.9 -999.9 -999.9 -999.9 -999.9 -999.9 -999.9 -999.9 -999.9 -999.9 -999.9 -999.9 -999.9 1.0 35.8 99.6 124.4 213.0 -999.9 -999.9 -999.9 -999.9 -999.9 CEMADEN_-_Guaporé_-_G2-430940701A_(473_m) -999.9 -999.9 -999.9 -999.9 -999.9 -999.9 -999.9 -999.9 Rio_Grande_do_Sul CEMADEN -999.9 0.0 -999.9
-28.8406 -51.9024 16952 2026-09-01_04:50 -999.9 -999.9 -999.9 -999.9 -999.9 -999.9 -999.9 -999.9 -999.9 -999.9 -999.9 -999.9 -999.9 -999.9 -999.9 -999.9 0.2 1.2 36.0 99.8 124.6 213.2 -999.9 -999.9 -999.9 -999.9 -999.9 CEMADEN_-_Guaporé_-_G2-430940701A_(473_m) -999.9 -999.9 -999.9 -999.9 -999.9 -999.9 -999.9 -999.9 Rio_Grande_do_Sul CEMADEN -999.9 0.2 -999.9
-28.8406 -51.9024 16952 2026-09-01_05:10 -999.9 -999.9 -999.9 -999.9 -999.9 -999.9 -999.9 -999.9 -999.9 -999.9 -999.9 -999.9 -999.9 -999.9 -999.9 -999.9 -999.9 1.2 36.0 99.8 124.6 213.2 -999.9 -999.9 -999.9 -999.9 -999.9 CEMADEN_-_Guaporé_-_G2-430940701A_(473_m) -999.9 -999.9 -999.9 -999.9 -999.9 -999.9 -999.9 -999.9 Rio_Grande_do_Sul CEMADEN -999.9 0.0 -999.9
-28.8406 -51.9024 16952 2026-09-01_06:10 -999.9 -999.9 -999.9 -999.9 -999.9 -999.9 -999.9 -999.9 -999.9 -999.9 -999.9 -999.9 -999.9 -999.9 -999.9 -999.9 -999.9 1.2 36.0 83.4 124.6 213.2 -999.9 -999.9 -999.9 -999.9 -999.9 CEMADEN_-_Guaporé_-_G2-430940701A_(473_m) -999.9 -999.9 -999.9 -999.9 -999.9 -999.9 -999.9 -999.9 Rio_Grande_do_Sul CEMADEN -999.9 0.0 -999.9
-28.8406 -51.9024 16952 2026-09-01_07:10 -999.9 -999.9 -999.9 -999.9 -999.9 -999.9 -999.9 -999.9 -999.9 -999.9 -999.9 -999.9 -999.9 -999.9 -999.9 -999.9 -999.9 1.2 36.0 83.4 124.6 213.2 -999.9 -999.9 -999.9 -999.9 -999.9 CEMADEN_-_Guaporé_-_G2-430940701A_(473_m) -999.9 -999.9 -999.9 -999.9 -999.9 -999.9 -999.9 -999.9 Rio_Grande_do_Sul CEMADEN -999.9 0.0 -999.9
-28.8406 -51.9024 16952 2026-09-01_07:40 -999.9 -999.9 -999.9 -999.9 -999.9 -999.9 -999.9 -999.9 -999.9 -999.9 -999.9 -999.9 -999.9 -999.9 -999.9 -999.9 0.2 1.4 36.2 83.4 124.8 213.4 -999.9 -999.9 -999.9 -999.9 -999.9 CEMADEN_-_Guaporé_-_G2-430940701A_(473_m) -999.9 -999.9 -999.9 -999.9 -999.9 -999.9 -999.9 -999.9 Rio_Grande_do_Sul CEMADEN -999.9 0.2 -999.9
-28.8406 -51.9024 16952 2026-09-01_08:10 -999.9 -999.9 -999.9 -999.9 -999.9 -999.9 -999.9 -999.9 -999.9 -999.9 -999.9 -999.9 -999.9 -999.9 -999.9 -999.9 -999.9 1.4 36.2 80.0 124.8 213.4 -999.9 -999.9 -999.9 -999.9 -999.9 CEMADEN_-_Guaporé_-_G2-430940701A_(473_m) -999.9 -999.9 -999.9 -999.9 -999.9 -999.9 -999.9 -999.9 Rio_Grande_do_Sul CEMADEN -999.9 0.0 -999.9
-28.8406 -51.9024 16952 2026-09-01_09:10 -999.9 -999.9 -999.9 -999.9 -999.9 -999.9 -999.9 -999.9 -999.9 -999.9 -999.9 -999.9 -999.9 -999.9 -999.9 -999.9 -999.9 1.4 36.2 79.6 124.8 213.4 -999.9 -999.9 -999.9 -999.9 -999.9 CEMADEN_-_Guaporé_-_G2-430940701A_(473_m) -999.9 -999.9 -999.9 -999.9 -999.9 -999.9 -999.9 -999.9 Rio_Grande_do_Sul CEMADEN -999.9 0.0 -999.9
-28.8406 -51.9024 16952 2026-09-01_10:10 -999.9 -999.9 -999.9 -999.9 -999.9 -999.9 -999.9 -999.9 -999.9 -999.9 -999.9 -999.9 -999.9 -999.9 -999.9 -999.9 -999.9 1.4 36.2 79.2 124.8 213.4 -999.9 -999.9 -999.9 -999.9 -999.9 CEMADEN_-_Guaporé_-_G2-430940701A_(473_m) -999.9 -999.9 -999.9 -999.9 -999.9 -999.9 -999.9 -999.9 Rio_Grande_do_Sul CEMADEN -999.9 0.0 -999.9
-28.8406 -51.9024 16952 2026-09-01_11:10 -999.9 -999.9 -999.9 -999.9 -999.9 -999.9 -999.9 -999.9 -999.9 -999.9 -999.9 -999.9 -999.9 -999.9 -999.9 -999.9 -999.9 1.4 36.2 79.2 124.8 213.4 -999.9 -999.9 -999.9 -999.9 -999.9 CEMADEN_-_Guaporé_-_G2-430940701A_(473_m) -999.9 -999.9 -999.9 -999.9 -999.9 -999.9 -999.9 -999.9 Rio_Grande_do_Sul CEMADEN -999.9 0.0 -999.9
-28.8406 -51.9024 16952 2026-09-01_12:10 -999.9 -999.9 -999.9 -999.9 -999.9 -999.9 -999.9 -999.9 -999.9 -999.9 -999.9 -999.9 -999.9 -999.9 -999.9 -999.9 -999.9 1.4 36.2 77.2 124.8 213.4 -999.9 -999.9 -999.9 -999.9 -999.9 CEMADEN_-_Guaporé_-_G2-430940701A_(473_m) -999.9 -999.9 -999.9 -999.9 -999.9 -999.9 -999.9 -999.9 Rio_Grande_do_Sul CEMADEN -999.9 0.0 -999.9
-28.8406 -51.9024 16952 2026-09-01_13:10 -999.9 -999.9 -999.9 -999.9 -999.9 -999.9 -999.9 -999.9 -999.9 -999.9 -999.9 -999.9 -999.9 -999.9 -999.9 -999.9 -999.9 1.4 36.0 76.4 124.8 213.4 -999.9 -999.9 -999.9 -999.9 -999.9 CEMADEN_-_Guaporé_-_G2-430940701A_(473_m) -999.9 -999.9 -999.9 -999.9 -999.9 -999.9 -999.9 -999.9 Rio_Grande_do_Sul CEMADEN -999.9 0.0 -999.9
-28.8406 -51.9024 16952 2026-09-01_14:10 -999.9 -999.9 -999.9 -999.9 -999.9 -999.9 -999.9 -999.9 -999.9 -999.9 -999.9 -999.9 -999.9 -999.9 -999.9 -999.9 -999.9 1.4 31.8 76.2 124.8 213.4 -999.9 -999.9 -999.9 -999.9 -999.9 CEMADEN_-_Guaporé_-_G2-430940701A_(473_m) -999.9 -999.9 -999.9 -999.9 -999.9 -999.9 -999.9 -999.9 Rio_Grande_do_Sul CEMADEN -999.9 0.0 -999.9
-28.8406 -51.9024 16952 2026-09-01_15:10 -999.9 -999.9 -999.9 -999.9 -999.9 -999.9 -999.9 -999.9 -999.9 -999.9 -999.9 -999.9 -999.9 -999.9 -999.9 -999.9 -999.9 -9.2 27.4 68.2 114.2 202.8 -999.9 -999.9 -999.9 -999.9 -999.9 CEMADEN_-_Guaporé_-_G2-430940701A_(473_m) -999.9 -999.9 -999.9 -999.9 -999.9 -999.9 -999.9 -999.9 Rio_Grande_do_Sul CEMADEN -999.9 -10.6 -999.9
-28.8406 -51.9024 16952 2026-09-01_16:10 -999.9 -999.9 -999.9 -999.9 -999.9 -999.9 -999.9 -999.9 -999.9 -999.9 -999.9 -999.9 -999.9 -999.9 -999.9 -999.9 -999.9 -11.6 27.0 60.0 111.8 200.4 -999.9 -999.9 -999.9 -999.9 -999.9 CEMADEN_-_Guaporé_-_G2-430940701A_(473_m) -999.9 -999.9 -999.9 -999.9 -999.9 -999.9 -999.9 -999.9 Rio_Grande_do_Sul CEMADEN -999.9 -2.4 -999.9
-28.8406 -51.9024 16952 2026-09-01_17:10 -999.9 -999.9 -999.9 -999.9 -999.9 -999.9 -999.9 -999.9 -999.9 -999.9 -999.9 -999.9 -999.9 -999.9 -999.9 -999.9 -999.9 -13.6 16.4 42.8 109.8 198.4 -999.9 -999.9 -999.9 -999.9 -999.9 CEMADEN_-_Guaporé_-_G2-430940701A_(473_m) -999.9 -999.9 -999.9 -999.9 -999.9 -999.9 -999.9 -999.9 Rio_Grande_do_Sul CEMADEN -999.9 -2.0 -999.9
-28.8406 -51.9024 16952 2026-09-01_18:10 -999.9 -999.9 -999.9 -999.9 -999.9 -999.9 -999.9 -999.9 -999.9 -999.9 -999.9 -999.9 -999.9 -999.9 -999.9 -999.9 -999.9 -20.4 15.8 42.2 103.0 191.6 -999.9 -999.9 -999.9 -999.9 -999.9 CEMADEN_-_Guaporé_-_G2-430940701A_(473_m) -999.9 -999.9 -999.9 -999.9 -999.9 -999.9 -999.9 -999.9 Rio_Grande_do_Sul CEMADEN -999.9 -6.8 -999.9
-28.8406 -51.9024 16952 2026-09-01_19:10 -999.9 -999.9 -999.9 -999.9 -999.9 -999.9 -999.9 -999.9 -999.9 -999.9 -999.9 -999.9 -999.9 -999.9 -999.9 -999.9 -999.9 -20.6 15.0 39.2 102.8 191.4 -999.9 -999.9 -999.9 -999.9 -999.9 CEMADEN_-_Guaporé_-_G2-430940701A_(473_m) -999.9 -999.9 -999.9 -999.9 -999.9 -999.9 -999.9 -999.9 Rio_Grande_do_Sul CEMADEN -999.9 -0.2 -999.9
-28.8406 -51.9024 16952 2026-09-01_20:10 -999.9 -999.9 -999.9 -999.9 -999.9 -999.9 -999.9 -999.9 -999.9 -999.9 -999.9 -999.9 -999.9 -999.9 -999.9 -999.9 -999.9 -20.6 12.6 37.4 102.8 191.4 -999.9 -999.9 -999.9 -999.9 -999.9 CEMADEN_-_Guaporé_-_G2-430940701A_(473_m) -999.9 -999.9 -999.9 -999.9 -999.9 -999.9 -999.9 -999.9 Rio_Grande_do_Sul CEMADEN -999.9 0.0 -999.9
-28.8406 -51.9024 16952 2026-09-01_21:10 -999.9 -999.9 -999.9 -999.9 -999.9 -999.9 -999.9 -999.9 -999.9 -999.9 -999.9 -999.9 -999.9 -999.9 -999.9 -999.9 -999.9 -20.8 8.8 36.2 102.6 191.2 -999.9 -999.9 -999.9 -999.9 -999.9 CEMADEN_-_Guaporé_-_G2-430940701A_(473_m) -999.9 -999.9 -999.9 -999.9 -999.9 -999.9 -999.9 -999.9 Rio_Grande_do_Sul CEMADEN -999.9 -0.2 -999.9
-28.8406 -51.9024 16952 2026-09-01_22:10 -999.9 -999.9 -999.9 -999.9 -999.9 -999.9 -999.9 -999.9 -999.9 -999.9 -999.9 -999.9 -999.9 -999.9 -999.9 -999.9 -999.9 -20.8 7.4 36.2 102.6 191.2 -999.9 -999.9 -999.9 -999.9 -999.9 CEMADEN_-_Guaporé_-_G2-430940701A_(473_m) -999.9 -999.9 -999.9 -999.9 -999.9 -999.9 -999.9 -999.9 Rio_Grande_do_Sul CEMADEN -999.9 0.0 -999.9
-28.8406 -51.9024 16952 2026-09-01_23:10 -999.9 -999.9 -999.9 -999.9 -999.9 -999.9 -999.9 -999.9 -999.9 -999.9 -999.9 -999.9 -999.9 -999.9 -999.9 -999.9 -999.9 -20.8 7.0 36.2 102.6 191.2 -999.9 -999.9 -999.9 -999.9 -999.9 CEMADEN_-_Guaporé_-_G2-430940701A_(473_m) -999.9 -999.9 -999.9 -999.9 -999.9 -999.9 -999.9 -999.9 Rio_Grande_do_Sul CEMADEN -999.9 0.0 -999.9
