-28.5986 -51.7807 17826 2026-08-20_00:10 -999.9 -999.9 -999.9 -999.9 -999.9 -999.9 -999.9 -999.9 -999.9 -999.9 -999.9 -999.9 -999.9 -999.9 -999.9 -999.9 -999.9 0.0 0.2 0.2 0.2 0.4 -999.9 -999.9 -999.9 -999.9 -999.9 CEMADEN_-_Paraí_-_G2-431400102A_(718_m) -999.9 -999.9 -999.9 -999.9 -999.9 -999.9 -999.9 -999.9 Rio_Grande_do_Sul CEMADEN -999.9 0.0 -999.9
-28.5986 -51.7807 17826 2026-08-20_01:10 -999.9 -999.9 -999.9 -999.9 -999.9 -999.9 -999.9 -999.9 -999.9 -999.9 -999.9 -999.9 -999.9 -999.9 -999.9 -999.9 -999.9 0.0 0.2 0.2 0.2 0.4 -999.9 -999.9 -999.9 -999.9 -999.9 CEMADEN_-_Paraí_-_G2-431400102A_(718_m) -999.9 -999.9 -999.9 -999.9 -999.9 -999.9 -999.9 -999.9 Rio_Grande_do_Sul CEMADEN -999.9 0.0 -999.9
-28.5986 -51.7807 17826 2026-08-20_02:10 -999.9 -999.9 -999.9 -999.9 -999.9 -999.9 -999.9 -999.9 -999.9 -999.9 -999.9 -999.9 -999.9 -999.9 -999.9 -999.9 -999.9 0.0 0.2 0.2 0.2 0.4 -999.9 -999.9 -999.9 -999.9 -999.9 CEMADEN_-_Paraí_-_G2-431400102A_(718_m) -999.9 -999.9 -999.9 -999.9 -999.9 -999.9 -999.9 -999.9 Rio_Grande_do_Sul CEMADEN -999.9 0.0 -999.9
-28.5986 -51.7807 17826 2026-08-20_03:10 -999.9 -999.9 -999.9 -999.9 -999.9 -999.9 -999.9 -999.9 -999.9 -999.9 -999.9 -999.9 -999.9 -999.9 -999.9 -999.9 -999.9 0.0 0.2 0.2 0.2 0.4 -999.9 -999.9 -999.9 -999.9 -999.9 CEMADEN_-_Paraí_-_G2-431400102A_(718_m) -999.9 -999.9 -999.9 -999.9 -999.9 -999.9 -999.9 -999.9 Rio_Grande_do_Sul CEMADEN -999.9 0.0 -999.9
-28.5986 -51.7807 17826 2026-08-20_04:10 -999.9 -999.9 -999.9 -999.9 -999.9 -999.9 -999.9 -999.9 -999.9 -999.9 -999.9 -999.9 -999.9 -999.9 -999.9 -999.9 -999.9 0.0 0.2 0.2 0.2 0.4 -999.9 -999.9 -999.9 -999.9 -999.9 CEMADEN_-_Paraí_-_G2-431400102A_(718_m) -999.9 -999.9 -999.9 -999.9 -999.9 -999.9 -999.9 -999.9 Rio_Grande_do_Sul CEMADEN -999.9 0.0 -999.9
-28.5986 -51.7807 17826 2026-08-20_05:10 -999.9 -999.9 -999.9 -999.9 -999.9 -999.9 -999.9 -999.9 -999.9 -999.9 -999.9 -999.9 -999.9 -999.9 -999.9 -999.9 -999.9 0.0 0.2 0.2 0.2 0.4 -999.9 -999.9 -999.9 -999.9 -999.9 CEMADEN_-_Paraí_-_G2-431400102A_(718_m) -999.9 -999.9 -999.9 -999.9 -999.9 -999.9 -999.9 -999.9 Rio_Grande_do_Sul CEMADEN -999.9 0.0 -999.9
-28.5986 -51.7807 17826 2026-08-20_06:10 -999.9 -999.9 -999.9 -999.9 -999.9 -999.9 -999.9 -999.9 -999.9 -999.9 -999.9 -999.9 -999.9 -999.9 -999.9 -999.9 -999.9 0.0 0.2 0.2 0.2 0.4 -999.9 -999.9 -999.9 -999.9 -999.9 CEMADEN_-_Paraí_-_G2-431400102A_(718_m) -999.9 -999.9 -999.9 -999.9 -999.9 -999.9 -999.9 -999.9 Rio_Grande_do_Sul CEMADEN -999.9 0.0 -999.9
-28.5986 -51.7807 17826 2026-08-20_07:10 -999.9 -999.9 -999.9 -999.9 -999.9 -999.9 -999.9 -999.9 -999.9 -999.9 -999.9 -999.9 -999.9 -999.9 -999.9 -999.9 -999.9 0.0 0.2 0.2 0.2 0.4 -999.9 -999.9 -999.9 -999.9 -999.9 CEMADEN_-_Paraí_-_G2-431400102A_(718_m) -999.9 -999.9 -999.9 -999.9 -999.9 -999.9 -999.9 -999.9 Rio_Grande_do_Sul CEMADEN -999.9 0.0 -999.9
-28.5986 -51.7807 17826 2026-08-20_08:10 -999.9 -999.9 -999.9 -999.9 -999.9 -999.9 -999.9 -999.9 -999.9 -999.9 -999.9 -999.9 -999.9 -999.9 -999.9 -999.9 -999.9 0.0 0.2 0.2 0.2 0.4 -999.9 -999.9 -999.9 -999.9 -999.9 CEMADEN_-_Paraí_-_G2-431400102A_(718_m) -999.9 -999.9 -999.9 -999.9 -999.9 -999.9 -999.9 -999.9 Rio_Grande_do_Sul CEMADEN -999.9 0.0 -999.9
-28.5986 -51.7807 17826 2026-08-20_09:10 -999.9 -999.9 -999.9 -999.9 -999.9 -999.9 -999.9 -999.9 -999.9 -999.9 -999.9 -999.9 -999.9 -999.9 -999.9 -999.9 -999.9 0.0 0.2 0.2 0.2 0.4 -999.9 -999.9 -999.9 -999.9 -999.9 CEMADEN_-_Paraí_-_G2-431400102A_(718_m) -999.9 -999.9 -999.9 -999.9 -999.9 -999.9 -999.9 -999.9 Rio_Grande_do_Sul CEMADEN -999.9 0.0 -999.9
-28.5986 -51.7807 17826 2026-08-20_10:10 -999.9 -999.9 -999.9 -999.9 -999.9 -999.9 -999.9 -999.9 -999.9 -999.9 -999.9 -999.9 -999.9 -999.9 -999.9 -999.9 -999.9 0.0 0.2 0.2 0.2 0.4 -999.9 -999.9 -999.9 -999.9 -999.9 CEMADEN_-_Paraí_-_G2-431400102A_(718_m) -999.9 -999.9 -999.9 -999.9 -999.9 -999.9 -999.9 -999.9 Rio_Grande_do_Sul CEMADEN -999.9 0.0 -999.9
-28.5986 -51.7807 17826 2026-08-20_10:20 -999.9 -999.9 -999.9 -999.9 -999.9 -999.9 -999.9 -999.9 -999.9 -999.9 -999.9 -999.9 -999.9 -999.9 -999.9 -999.9 6.0 6.0 6.2 6.2 6.2 6.4 -999.9 -999.9 -999.9 -999.9 -999.9 CEMADEN_-_Paraí_-_G2-431400102A_(718_m) -999.9 -999.9 -999.9 -999.9 -999.9 -999.9 -999.9 -999.9 Rio_Grande_do_Sul CEMADEN -999.9 6.0 -999.9
-28.5986 -51.7807 17826 2026-08-20_10:30 -999.9 -999.9 -999.9 -999.9 -999.9 -999.9 -999.9 -999.9 -999.9 -999.9 -999.9 -999.9 -999.9 -999.9 -999.9 -999.9 7.2 7.2 7.4 7.4 7.4 7.6 -999.9 -999.9 -999.9 -999.9 -999.9 CEMADEN_-_Paraí_-_G2-431400102A_(718_m) -999.9 -999.9 -999.9 -999.9 -999.9 -999.9 -999.9 -999.9 Rio_Grande_do_Sul CEMADEN -999.9 1.2 -999.9
-28.5986 -51.7807 17826 2026-08-20_10:40 -999.9 -999.9 -999.9 -999.9 -999.9 -999.9 -999.9 -999.9 -999.9 -999.9 -999.9 -999.9 -999.9 -999.9 -999.9 -999.9 7.4 7.4 7.6 7.6 7.6 7.8 -999.9 -999.9 -999.9 -999.9 -999.9 CEMADEN_-_Paraí_-_G2-431400102A_(718_m) -999.9 -999.9 -999.9 -999.9 -999.9 -999.9 -999.9 -999.9 Rio_Grande_do_Sul CEMADEN -999.9 0.2 -999.9
-28.5986 -51.7807 17826 2026-08-20_10:50 -999.9 -999.9 -999.9 -999.9 -999.9 -999.9 -999.9 -999.9 -999.9 -999.9 -999.9 -999.9 -999.9 -999.9 -999.9 -999.9 7.6 7.6 7.8 7.8 7.8 8.0 -999.9 -999.9 -999.9 -999.9 -999.9 CEMADEN_-_Paraí_-_G2-431400102A_(718_m) -999.9 -999.9 -999.9 -999.9 -999.9 -999.9 -999.9 -999.9 Rio_Grande_do_Sul CEMADEN -999.9 0.2 -999.9
-28.5986 -51.7807 17826 2026-08-20_11:10 -999.9 -999.9 -999.9 -999.9 -999.9 -999.9 -999.9 -999.9 -999.9 -999.9 -999.9 -999.9 -999.9 -999.9 -999.9 -999.9 1.6 7.6 7.8 7.8 7.8 8.0 -999.9 -999.9 -999.9 -999.9 -999.9 CEMADEN_-_Paraí_-_G2-431400102A_(718_m) -999.9 -999.9 -999.9 -999.9 -999.9 -999.9 -999.9 -999.9 Rio_Grande_do_Sul CEMADEN -999.9 0.0 -999.9
-28.5986 -51.7807 17826 2026-08-20_11:20 -999.9 -999.9 -999.9 -999.9 -999.9 -999.9 -999.9 -999.9 -999.9 -999.9 -999.9 -999.9 -999.9 -999.9 -999.9 -999.9 1.2 8.4 8.6 8.6 8.6 8.8 -999.9 -999.9 -999.9 -999.9 -999.9 CEMADEN_-_Paraí_-_G2-431400102A_(718_m) -999.9 -999.9 -999.9 -999.9 -999.9 -999.9 -999.9 -999.9 Rio_Grande_do_Sul CEMADEN -999.9 0.8 -999.9
-28.5986 -51.7807 17826 2026-08-20_11:30 -999.9 -999.9 -999.9 -999.9 -999.9 -999.9 -999.9 -999.9 -999.9 -999.9 -999.9 -999.9 -999.9 -999.9 -999.9 -999.9 1.0 8.6 8.8 8.8 8.8 9.0 -999.9 -999.9 -999.9 -999.9 -999.9 CEMADEN_-_Paraí_-_G2-431400102A_(718_m) -999.9 -999.9 -999.9 -999.9 -999.9 -999.9 -999.9 -999.9 Rio_Grande_do_Sul CEMADEN -999.9 0.2 -999.9
-28.5986 -51.7807 17826 2026-08-20_11:50 -999.9 -999.9 -999.9 -999.9 -999.9 -999.9 -999.9 -999.9 -999.9 -999.9 -999.9 -999.9 -999.9 -999.9 -999.9 -999.9 1.6 9.2 9.4 9.4 9.4 9.6 -999.9 -999.9 -999.9 -999.9 -999.9 CEMADEN_-_Paraí_-_G2-431400102A_(718_m) -999.9 -999.9 -999.9 -999.9 -999.9 -999.9 -999.9 -999.9 Rio_Grande_do_Sul CEMADEN -999.9 0.6 -999.9
-28.5986 -51.7807 17826 2026-08-20_12:00 -999.9 -999.9 -999.9 -999.9 -999.9 -999.9 -999.9 -999.9 -999.9 -999.9 -999.9 -999.9 -999.9 -999.9 -999.9 -999.9 2.2 10.6 10.8 10.8 10.8 11.0 -999.9 -999.9 -999.9 -999.9 -999.9 CEMADEN_-_Paraí_-_G2-431400102A_(718_m) -999.9 -999.9 -999.9 -999.9 -999.9 -999.9 -999.9 -999.9 Rio_Grande_do_Sul CEMADEN -999.9 1.4 -999.9
-28.5986 -51.7807 17826 2026-08-20_12:20 -999.9 -999.9 -999.9 -999.9 -999.9 -999.9 -999.9 -999.9 -999.9 -999.9 -999.9 -999.9 -999.9 -999.9 -999.9 -999.9 2.2 10.8 11.0 11.0 11.0 11.2 -999.9 -999.9 -999.9 -999.9 -999.9 CEMADEN_-_Paraí_-_G2-431400102A_(718_m) -999.9 -999.9 -999.9 -999.9 -999.9 -999.9 -999.9 -999.9 Rio_Grande_do_Sul CEMADEN -999.9 0.2 -999.9
-28.5986 -51.7807 17826 2026-08-20_12:40 -999.9 -999.9 -999.9 -999.9 -999.9 -999.9 -999.9 -999.9 -999.9 -999.9 -999.9 -999.9 -999.9 -999.9 -999.9 -999.9 1.8 11.0 11.2 11.2 11.2 11.4 -999.9 -999.9 -999.9 -999.9 -999.9 CEMADEN_-_Paraí_-_G2-431400102A_(718_m) -999.9 -999.9 -999.9 -999.9 -999.9 -999.9 -999.9 -999.9 Rio_Grande_do_Sul CEMADEN -999.9 0.2 -999.9
-28.5986 -51.7807 17826 2026-08-20_12:50 -999.9 -999.9 -999.9 -999.9 -999.9 -999.9 -999.9 -999.9 -999.9 -999.9 -999.9 -999.9 -999.9 -999.9 -999.9 -999.9 0.8 11.4 11.6 11.6 11.6 11.8 -999.9 -999.9 -999.9 -999.9 -999.9 CEMADEN_-_Paraí_-_G2-431400102A_(718_m) -999.9 -999.9 -999.9 -999.9 -999.9 -999.9 -999.9 -999.9 Rio_Grande_do_Sul CEMADEN -999.9 0.4 -999.9
-28.5986 -51.7807 17826 2026-08-20_13:10 -999.9 -999.9 -999.9 -999.9 -999.9 -999.9 -999.9 -999.9 -999.9 -999.9 -999.9 -999.9 -999.9 -999.9 -999.9 -999.9 0.6 11.6 11.8 11.8 11.8 12.0 -999.9 -999.9 -999.9 -999.9 -999.9 CEMADEN_-_Paraí_-_G2-431400102A_(718_m) -999.9 -999.9 -999.9 -999.9 -999.9 -999.9 -999.9 -999.9 Rio_Grande_do_Sul CEMADEN -999.9 0.2 -999.9
-28.5986 -51.7807 17826 2026-08-20_13:40 -999.9 -999.9 -999.9 -999.9 -999.9 -999.9 -999.9 -999.9 -999.9 -999.9 -999.9 -999.9 -999.9 -999.9 -999.9 -999.9 0.4 11.8 12.0 12.0 12.0 12.2 -999.9 -999.9 -999.9 -999.9 -999.9 CEMADEN_-_Paraí_-_G2-431400102A_(718_m) -999.9 -999.9 -999.9 -999.9 -999.9 -999.9 -999.9 -999.9 Rio_Grande_do_Sul CEMADEN -999.9 0.2 -999.9
-28.5986 -51.7807 17826 2026-08-20_13:50 -999.9 -999.9 -999.9 -999.9 -999.9 -999.9 -999.9 -999.9 -999.9 -999.9 -999.9 -999.9 -999.9 -999.9 -999.9 -999.9 0.6 12.0 12.2 12.2 12.2 12.4 -999.9 -999.9 -999.9 -999.9 -999.9 CEMADEN_-_Paraí_-_G2-431400102A_(718_m) -999.9 -999.9 -999.9 -999.9 -999.9 -999.9 -999.9 -999.9 Rio_Grande_do_Sul CEMADEN -999.9 0.2 -999.9
-28.5986 -51.7807 17826 2026-08-20_14:10 -999.9 -999.9 -999.9 -999.9 -999.9 -999.9 -999.9 -999.9 -999.9 -999.9 -999.9 -999.9 -999.9 -999.9 -999.9 -999.9 -999.9 12.0 12.2 12.2 12.2 12.4 -999.9 -999.9 -999.9 -999.9 -999.9 CEMADEN_-_Paraí_-_G2-431400102A_(718_m) -999.9 -999.9 -999.9 -999.9 -999.9 -999.9 -999.9 -999.9 Rio_Grande_do_Sul CEMADEN -999.9 0.0 -999.9
-28.5986 -51.7807 17826 2026-08-20_15:10 -999.9 -999.9 -999.9 -999.9 -999.9 -999.9 -999.9 -999.9 -999.9 -999.9 -999.9 -999.9 -999.9 -999.9 -999.9 -999.9 -999.9 12.0 12.2 12.2 12.2 12.4 -999.9 -999.9 -999.9 -999.9 -999.9 CEMADEN_-_Paraí_-_G2-431400102A_(718_m) -999.9 -999.9 -999.9 -999.9 -999.9 -999.9 -999.9 -999.9 Rio_Grande_do_Sul CEMADEN -999.9 0.0 -999.9
-28.5986 -51.7807 17826 2026-08-20_15:50 -999.9 -999.9 -999.9 -999.9 -999.9 -999.9 -999.9 -999.9 -999.9 -999.9 -999.9 -999.9 -999.9 -999.9 -999.9 -999.9 0.2 12.2 12.4 12.4 12.4 12.6 -999.9 -999.9 -999.9 -999.9 -999.9 CEMADEN_-_Paraí_-_G2-431400102A_(718_m) -999.9 -999.9 -999.9 -999.9 -999.9 -999.9 -999.9 -999.9 Rio_Grande_do_Sul CEMADEN -999.9 0.2 -999.9
-28.5986 -51.7807 17826 2026-08-20_16:10 -999.9 -999.9 -999.9 -999.9 -999.9 -999.9 -999.9 -999.9 -999.9 -999.9 -999.9 -999.9 -999.9 -999.9 -999.9 -999.9 -999.9 12.2 12.4 12.4 12.4 12.6 -999.9 -999.9 -999.9 -999.9 -999.9 CEMADEN_-_Paraí_-_G2-431400102A_(718_m) -999.9 -999.9 -999.9 -999.9 -999.9 -999.9 -999.9 -999.9 Rio_Grande_do_Sul CEMADEN -999.9 0.0 -999.9
-28.5986 -51.7807 17826 2026-08-20_17:10 -999.9 -999.9 -999.9 -999.9 -999.9 -999.9 -999.9 -999.9 -999.9 -999.9 -999.9 -999.9 -999.9 -999.9 -999.9 -999.9 -999.9 12.2 12.4 12.4 12.4 12.6 -999.9 -999.9 -999.9 -999.9 -999.9 CEMADEN_-_Paraí_-_G2-431400102A_(718_m) -999.9 -999.9 -999.9 -999.9 -999.9 -999.9 -999.9 -999.9 Rio_Grande_do_Sul CEMADEN -999.9 0.0 -999.9
-28.5986 -51.7807 17826 2026-08-20_18:10 -999.9 -999.9 -999.9 -999.9 -999.9 -999.9 -999.9 -999.9 -999.9 -999.9 -999.9 -999.9 -999.9 -999.9 -999.9 -999.9 -999.9 12.2 12.4 12.4 12.4 12.6 -999.9 -999.9 -999.9 -999.9 -999.9 CEMADEN_-_Paraí_-_G2-431400102A_(718_m) -999.9 -999.9 -999.9 -999.9 -999.9 -999.9 -999.9 -999.9 Rio_Grande_do_Sul CEMADEN -999.9 0.0 -999.9
-28.5986 -51.7807 17826 2026-08-20_19:10 -999.9 -999.9 -999.9 -999.9 -999.9 -999.9 -999.9 -999.9 -999.9 -999.9 -999.9 -999.9 -999.9 -999.9 -999.9 -999.9 -999.9 12.2 12.4 12.4 12.4 12.6 -999.9 -999.9 -999.9 -999.9 -999.9 CEMADEN_-_Paraí_-_G2-431400102A_(718_m) -999.9 -999.9 -999.9 -999.9 -999.9 -999.9 -999.9 -999.9 Rio_Grande_do_Sul CEMADEN -999.9 0.0 -999.9
-28.5986 -51.7807 17826 2026-08-20_20:10 -999.9 -999.9 -999.9 -999.9 -999.9 -999.9 -999.9 -999.9 -999.9 -999.9 -999.9 -999.9 -999.9 -999.9 -999.9 -999.9 -999.9 12.2 12.4 12.4 12.4 12.6 -999.9 -999.9 -999.9 -999.9 -999.9 CEMADEN_-_Paraí_-_G2-431400102A_(718_m) -999.9 -999.9 -999.9 -999.9 -999.9 -999.9 -999.9 -999.9 Rio_Grande_do_Sul CEMADEN -999.9 0.0 -999.9
-28.5986 -51.7807 17826 2026-08-20_20:20 -999.9 -999.9 -999.9 -999.9 -999.9 -999.9 -999.9 -999.9 -999.9 -999.9 -999.9 -999.9 -999.9 -999.9 -999.9 -999.9 0.4 12.6 12.8 12.8 12.8 13.0 -999.9 -999.9 -999.9 -999.9 -999.9 CEMADEN_-_Paraí_-_G2-431400102A_(718_m) -999.9 -999.9 -999.9 -999.9 -999.9 -999.9 -999.9 -999.9 Rio_Grande_do_Sul CEMADEN -999.9 0.4 -999.9
-28.5986 -51.7807 17826 2026-08-20_20:30 -999.9 -999.9 -999.9 -999.9 -999.9 -999.9 -999.9 -999.9 -999.9 -999.9 -999.9 -999.9 -999.9 -999.9 -999.9 -999.9 0.6 12.8 13.0 13.0 13.0 13.2 -999.9 -999.9 -999.9 -999.9 -999.9 CEMADEN_-_Paraí_-_G2-431400102A_(718_m) -999.9 -999.9 -999.9 -999.9 -999.9 -999.9 -999.9 -999.9 Rio_Grande_do_Sul CEMADEN -999.9 0.2 -999.9
-28.5986 -51.7807 17826 2026-08-20_21:10 -999.9 -999.9 -999.9 -999.9 -999.9 -999.9 -999.9 -999.9 -999.9 -999.9 -999.9 -999.9 -999.9 -999.9 -999.9 -999.9 -999.9 12.8 13.0 13.0 13.0 13.2 -999.9 -999.9 -999.9 -999.9 -999.9 CEMADEN_-_Paraí_-_G2-431400102A_(718_m) -999.9 -999.9 -999.9 -999.9 -999.9 -999.9 -999.9 -999.9 Rio_Grande_do_Sul CEMADEN -999.9 0.0 -999.9
-28.5986 -51.7807 17826 2026-08-20_22:10 -999.9 -999.9 -999.9 -999.9 -999.9 -999.9 -999.9 -999.9 -999.9 -999.9 -999.9 -999.9 -999.9 -999.9 -999.9 -999.9 -999.9 12.8 13.0 13.0 13.0 13.2 -999.9 -999.9 -999.9 -999.9 -999.9 CEMADEN_-_Paraí_-_G2-431400102A_(718_m) -999.9 -999.9 -999.9 -999.9 -999.9 -999.9 -999.9 -999.9 Rio_Grande_do_Sul CEMADEN -999.9 0.0 -999.9
