-28.669444 -50.441944 B856 2026-08-14_00:00 11.1 11.3 11 93 94 92 10.0 -999.9 -999.9 -999.9 -999.9 -999.9 17.6 86 29.2 -999.9 0.0 0.0 3.2 25.6 30.0 31.0 13.8 11.0 95.0 84.0 40.0 INMET_-_BOM_JESUS_(INMET)_(1054_m) -999.9 -999.9 -999.9 -999.9 -999.9 -999.9 -999.9 -999.9 Rio_Grande_do_Sul INMET -999.9 -999.9 -999.9
-28.669444 -50.441944 B856 2026-08-14_01:00 11 11.1 11 92 93 91 9.7 -999.9 -999.9 -999.9 -999.9 -999.9 15.8 82 27.7 -999.9 0.0 0.0 3.2 25.6 30.0 31.0 13.8 11.0 95.0 84.0 40.0 INMET_-_BOM_JESUS_(INMET)_(1054_m) -999.9 -999.9 -999.9 -999.9 -999.9 -999.9 -999.9 -999.9 Rio_Grande_do_Sul INMET -999.9 -999.9 -999.9
-28.669444 -50.441944 B856 2026-08-14_02:00 11.1 11.1 11 91 92 91 9.7 -999.9 -999.9 -999.9 -999.9 -999.9 16.2 80 26.3 -999.9 0.0 0.0 3.2 25.6 30.0 31.0 13.8 11.0 95.0 84.0 40.0 INMET_-_BOM_JESUS_(INMET)_(1054_m) -999.9 -999.9 -999.9 -999.9 -999.9 -999.9 -999.9 -999.9 Rio_Grande_do_Sul INMET -999.9 -999.9 -999.9
-28.669444 -50.441944 B856 2026-08-14_03:00 11 11.1 11 92 93 91 9.7 -999.9 -999.9 -999.9 -999.9 -999.9 15.1 88 27.0 -999.9 0.0 0.0 3.2 25.6 30.0 31.0 13.8 11.0 95.0 84.0 40.0 INMET_-_BOM_JESUS_(INMET)_(1054_m) -999.9 -999.9 -999.9 -999.9 -999.9 -999.9 -999.9 -999.9 Rio_Grande_do_Sul INMET -999.9 -999.9 -999.9
-28.669444 -50.441944 B856 2026-08-14_05:00 11.1 11.2 11.1 91 93 91 9.7 -999.9 -999.9 -999.9 -999.9 -999.9 16.6 88 24.1 -999.9 0.0 0.0 3.2 25.6 30.0 31.0 13.8 11.0 95.0 84.0 40.0 INMET_-_BOM_JESUS_(INMET)_(1054_m) -999.9 -999.9 -999.9 -999.9 -999.9 -999.9 -999.9 -999.9 Rio_Grande_do_Sul INMET -999.9 -999.9 -999.9
-28.669444 -50.441944 B856 2026-08-14_09:00 11.9 11.9 11.3 87 90 87 9.8 -999.9 -999.9 -999.9 -999.9 -999.9 16.9 79 27.7 -999.9 0.0 0.0 3.2 25.6 30.0 31.0 13.8 11.0 95.0 84.0 40.0 INMET_-_BOM_JESUS_(INMET)_(1054_m) -999.9 -999.9 -999.9 -999.9 -999.9 -999.9 -999.9 -999.9 Rio_Grande_do_Sul INMET -999.9 -999.9 -999.9
-28.669444 -50.441944 B856 2026-08-14_15:00 13.7 13.8 13.7 85 85 84 11.2 -999.9 -999.9 -999.9 -999.9 -999.9 15.1 90 24.8 -999.9 0.0 0.0 3.2 25.6 30.0 31.0 13.8 11.0 95.0 84.0 40.0 INMET_-_BOM_JESUS_(INMET)_(1054_m) -999.9 -999.9 -999.9 -999.9 -999.9 -999.9 -999.9 -999.9 Rio_Grande_do_Sul INMET -999.9 -999.9 -999.9
-28.669444 -50.441944 B856 2026-08-14_16:00 13.7 13.8 13.7 86 86 84 11.4 -999.9 -999.9 -999.9 -999.9 -999.9 16.6 76 29.5 -999.9 0.0 0.0 3.2 25.6 30.0 31.0 13.8 11.0 95.0 84.0 40.0 INMET_-_BOM_JESUS_(INMET)_(1054_m) -999.9 -999.9 -999.9 -999.9 -999.9 -999.9 -999.9 -999.9 Rio_Grande_do_Sul INMET -999.9 -999.9 -999.9
-28.669444 -50.441944 B856 2026-08-14_19:00 12.5 12.7 12.5 89 90 88 10.7 -999.9 -999.9 -999.9 -999.9 -999.9 15.8 85 31.0 -999.9 0.0 0.0 3.2 25.6 30.0 31.0 13.8 11.0 95.0 84.0 40.0 INMET_-_BOM_JESUS_(INMET)_(1054_m) -999.9 -999.9 -999.9 -999.9 -999.9 -999.9 -999.9 -999.9 Rio_Grande_do_Sul INMET -999.9 -999.9 -999.9
-28.669444 -50.441944 B856 2026-08-14_20:00 12.5 12.5 12.4 89 89 89 10.7 -999.9 -999.9 -999.9 -999.9 -999.9 19.4 72 30.2 -999.9 0.0 0.0 3.2 25.6 30.0 31.0 13.8 11.0 95.0 84.0 40.0 INMET_-_BOM_JESUS_(INMET)_(1054_m) -999.9 -999.9 -999.9 -999.9 -999.9 -999.9 -999.9 -999.9 Rio_Grande_do_Sul INMET -999.9 -999.9 -999.9
-28.669444 -50.441944 B856 2026-08-14_21:00 12.5 12.5 12.4 89 89 88 10.7 -999.9 -999.9 -999.9 -999.9 -999.9 20.2 81 40.0 -999.9 0.0 0.0 3.2 25.6 30.0 31.0 13.8 11.0 95.0 84.0 40.0 INMET_-_BOM_JESUS_(INMET)_(1054_m) -999.9 -999.9 -999.9 -999.9 -999.9 -999.9 -999.9 -999.9 Rio_Grande_do_Sul INMET -999.9 -999.9 -999.9
-28.669444 -50.441944 B856 2026-08-14_22:00 12.4 12.6 12.4 89 89 88 10.6 -999.9 -999.9 -999.9 -999.9 -999.9 12.6 90 29.2 -999.9 0.0 0.0 3.2 25.6 30.0 31.0 13.8 11.0 95.0 84.0 40.0 INMET_-_BOM_JESUS_(INMET)_(1054_m) -999.9 -999.9 -999.9 -999.9 -999.9 -999.9 -999.9 -999.9 Rio_Grande_do_Sul INMET -999.9 -999.9 -999.9
-28.669444 -50.441944 B856 2026-08-14_23:00 11.7 12.4 11.7 95 95 89 10.9 -999.9 -999.9 -999.9 -999.9 -999.9 22.3 57 37.1 -999.9 1.2 1.2 3.2 25.6 30.0 31.0 13.8 11.0 95.0 84.0 40.0 INMET_-_BOM_JESUS_(INMET)_(1054_m) -999.9 -999.9 -999.9 -999.9 -999.9 -999.9 -999.9 -999.9 Rio_Grande_do_Sul INMET -999.9 -999.9 -999.9
