-28.8831 -51.4175 16929 2026-08-02_00:10 -999.9 -999.9 -999.9 -999.9 -999.9 -999.9 -999.9 -999.9 -999.9 -999.9 -999.9 -999.9 -999.9 -999.9 -999.9 -999.9 -999.9 0.0 1.4 2.2 3.0 5.4 -999.9 -999.9 -999.9 -999.9 -999.9 CEMADEN_-_Antônio_Prado_-_G2-430080201A_(688_m) -999.9 -999.9 -999.9 -999.9 -999.9 -999.9 -999.9 -999.9 Rio_Grande_do_Sul CEMADEN -999.9 0.0 -999.9
-28.8831 -51.4175 16929 2026-08-02_01:10 -999.9 -999.9 -999.9 -999.9 -999.9 -999.9 -999.9 -999.9 -999.9 -999.9 -999.9 -999.9 -999.9 -999.9 -999.9 -999.9 -999.9 0.0 1.4 2.2 3.0 5.4 -999.9 -999.9 -999.9 -999.9 -999.9 CEMADEN_-_Antônio_Prado_-_G2-430080201A_(688_m) -999.9 -999.9 -999.9 -999.9 -999.9 -999.9 -999.9 -999.9 Rio_Grande_do_Sul CEMADEN -999.9 0.0 -999.9
-28.8831 -51.4175 16929 2026-08-02_02:10 -999.9 -999.9 -999.9 -999.9 -999.9 -999.9 -999.9 -999.9 -999.9 -999.9 -999.9 -999.9 -999.9 -999.9 -999.9 -999.9 -999.9 -0.2 1.4 2.2 2.8 5.2 -999.9 -999.9 -999.9 -999.9 -999.9 CEMADEN_-_Antônio_Prado_-_G2-430080201A_(688_m) -999.9 -999.9 -999.9 -999.9 -999.9 -999.9 -999.9 -999.9 Rio_Grande_do_Sul CEMADEN -999.9 -0.2 -999.9
-28.8831 -51.4175 16929 2026-08-02_03:10 -999.9 -999.9 -999.9 -999.9 -999.9 -999.9 -999.9 -999.9 -999.9 -999.9 -999.9 -999.9 -999.9 -999.9 -999.9 -999.9 -999.9 -0.2 1.4 2.0 2.8 5.2 -999.9 -999.9 -999.9 -999.9 -999.9 CEMADEN_-_Antônio_Prado_-_G2-430080201A_(688_m) -999.9 -999.9 -999.9 -999.9 -999.9 -999.9 -999.9 -999.9 Rio_Grande_do_Sul CEMADEN -999.9 0.0 -999.9
-28.8831 -51.4175 16929 2026-08-02_04:10 -999.9 -999.9 -999.9 -999.9 -999.9 -999.9 -999.9 -999.9 -999.9 -999.9 -999.9 -999.9 -999.9 -999.9 -999.9 -999.9 -999.9 -0.2 1.2 2.0 2.8 5.2 -999.9 -999.9 -999.9 -999.9 -999.9 CEMADEN_-_Antônio_Prado_-_G2-430080201A_(688_m) -999.9 -999.9 -999.9 -999.9 -999.9 -999.9 -999.9 -999.9 Rio_Grande_do_Sul CEMADEN -999.9 0.0 -999.9
-28.8831 -51.4175 16929 2026-08-02_05:10 -999.9 -999.9 -999.9 -999.9 -999.9 -999.9 -999.9 -999.9 -999.9 -999.9 -999.9 -999.9 -999.9 -999.9 -999.9 -999.9 -999.9 -0.2 1.2 2.0 2.8 5.2 -999.9 -999.9 -999.9 -999.9 -999.9 CEMADEN_-_Antônio_Prado_-_G2-430080201A_(688_m) -999.9 -999.9 -999.9 -999.9 -999.9 -999.9 -999.9 -999.9 Rio_Grande_do_Sul CEMADEN -999.9 0.0 -999.9
-28.8831 -51.4175 16929 2026-08-02_06:10 -999.9 -999.9 -999.9 -999.9 -999.9 -999.9 -999.9 -999.9 -999.9 -999.9 -999.9 -999.9 -999.9 -999.9 -999.9 -999.9 -999.9 -0.2 1.2 2.0 2.8 5.2 -999.9 -999.9 -999.9 -999.9 -999.9 CEMADEN_-_Antônio_Prado_-_G2-430080201A_(688_m) -999.9 -999.9 -999.9 -999.9 -999.9 -999.9 -999.9 -999.9 Rio_Grande_do_Sul CEMADEN -999.9 0.0 -999.9
-28.8831 -51.4175 16929 2026-08-02_06:40 -999.9 -999.9 -999.9 -999.9 -999.9 -999.9 -999.9 -999.9 -999.9 -999.9 -999.9 -999.9 -999.9 -999.9 -999.9 -999.9 0.2 0.0 1.4 2.2 3.0 5.4 -999.9 -999.9 -999.9 -999.9 -999.9 CEMADEN_-_Antônio_Prado_-_G2-430080201A_(688_m) -999.9 -999.9 -999.9 -999.9 -999.9 -999.9 -999.9 -999.9 Rio_Grande_do_Sul CEMADEN -999.9 0.2 -999.9
-28.8831 -51.4175 16929 2026-08-02_07:10 -999.9 -999.9 -999.9 -999.9 -999.9 -999.9 -999.9 -999.9 -999.9 -999.9 -999.9 -999.9 -999.9 -999.9 -999.9 -999.9 -999.9 0.0 1.4 2.2 3.0 5.4 -999.9 -999.9 -999.9 -999.9 -999.9 CEMADEN_-_Antônio_Prado_-_G2-430080201A_(688_m) -999.9 -999.9 -999.9 -999.9 -999.9 -999.9 -999.9 -999.9 Rio_Grande_do_Sul CEMADEN -999.9 0.0 -999.9
-28.8831 -51.4175 16929 2026-08-02_08:10 -999.9 -999.9 -999.9 -999.9 -999.9 -999.9 -999.9 -999.9 -999.9 -999.9 -999.9 -999.9 -999.9 -999.9 -999.9 -999.9 -999.9 0.0 1.4 2.2 3.0 5.4 -999.9 -999.9 -999.9 -999.9 -999.9 CEMADEN_-_Antônio_Prado_-_G2-430080201A_(688_m) -999.9 -999.9 -999.9 -999.9 -999.9 -999.9 -999.9 -999.9 Rio_Grande_do_Sul CEMADEN -999.9 0.0 -999.9
-28.8831 -51.4175 16929 2026-08-02_09:10 -999.9 -999.9 -999.9 -999.9 -999.9 -999.9 -999.9 -999.9 -999.9 -999.9 -999.9 -999.9 -999.9 -999.9 -999.9 -999.9 -999.9 -0.2 1.4 2.2 2.8 5.2 -999.9 -999.9 -999.9 -999.9 -999.9 CEMADEN_-_Antônio_Prado_-_G2-430080201A_(688_m) -999.9 -999.9 -999.9 -999.9 -999.9 -999.9 -999.9 -999.9 Rio_Grande_do_Sul CEMADEN -999.9 -0.2 -999.9
-28.8831 -51.4175 16929 2026-08-02_10:10 -999.9 -999.9 -999.9 -999.9 -999.9 -999.9 -999.9 -999.9 -999.9 -999.9 -999.9 -999.9 -999.9 -999.9 -999.9 -999.9 -999.9 -0.2 1.4 2.0 2.8 5.2 -999.9 -999.9 -999.9 -999.9 -999.9 CEMADEN_-_Antônio_Prado_-_G2-430080201A_(688_m) -999.9 -999.9 -999.9 -999.9 -999.9 -999.9 -999.9 -999.9 Rio_Grande_do_Sul CEMADEN -999.9 0.0 -999.9
-28.8831 -51.4175 16929 2026-08-02_11:10 -999.9 -999.9 -999.9 -999.9 -999.9 -999.9 -999.9 -999.9 -999.9 -999.9 -999.9 -999.9 -999.9 -999.9 -999.9 -999.9 -999.9 -0.2 1.2 2.0 2.8 5.2 -999.9 -999.9 -999.9 -999.9 -999.9 CEMADEN_-_Antônio_Prado_-_G2-430080201A_(688_m) -999.9 -999.9 -999.9 -999.9 -999.9 -999.9 -999.9 -999.9 Rio_Grande_do_Sul CEMADEN -999.9 0.0 -999.9
-28.8831 -51.4175 16929 2026-08-02_12:10 -999.9 -999.9 -999.9 -999.9 -999.9 -999.9 -999.9 -999.9 -999.9 -999.9 -999.9 -999.9 -999.9 -999.9 -999.9 -999.9 -999.9 -0.2 1.2 2.0 2.8 5.2 -999.9 -999.9 -999.9 -999.9 -999.9 CEMADEN_-_Antônio_Prado_-_G2-430080201A_(688_m) -999.9 -999.9 -999.9 -999.9 -999.9 -999.9 -999.9 -999.9 Rio_Grande_do_Sul CEMADEN -999.9 0.0 -999.9
-28.8831 -51.4175 16929 2026-08-02_13:10 -999.9 -999.9 -999.9 -999.9 -999.9 -999.9 -999.9 -999.9 -999.9 -999.9 -999.9 -999.9 -999.9 -999.9 -999.9 -999.9 -999.9 -0.2 1.2 2.0 2.8 5.2 -999.9 -999.9 -999.9 -999.9 -999.9 CEMADEN_-_Antônio_Prado_-_G2-430080201A_(688_m) -999.9 -999.9 -999.9 -999.9 -999.9 -999.9 -999.9 -999.9 Rio_Grande_do_Sul CEMADEN -999.9 0.0 -999.9
-28.8831 -51.4175 16929 2026-08-02_13:50 -999.9 -999.9 -999.9 -999.9 -999.9 -999.9 -999.9 -999.9 -999.9 -999.9 -999.9 -999.9 -999.9 -999.9 -999.9 -999.9 0.2 0.0 1.4 2.2 3.0 5.4 -999.9 -999.9 -999.9 -999.9 -999.9 CEMADEN_-_Antônio_Prado_-_G2-430080201A_(688_m) -999.9 -999.9 -999.9 -999.9 -999.9 -999.9 -999.9 -999.9 Rio_Grande_do_Sul CEMADEN -999.9 0.2 -999.9
-28.8831 -51.4175 16929 2026-08-02_14:10 -999.9 -999.9 -999.9 -999.9 -999.9 -999.9 -999.9 -999.9 -999.9 -999.9 -999.9 -999.9 -999.9 -999.9 -999.9 -999.9 -999.9 -0.2 1.4 2.2 2.8 5.2 -999.9 -999.9 -999.9 -999.9 -999.9 CEMADEN_-_Antônio_Prado_-_G2-430080201A_(688_m) -999.9 -999.9 -999.9 -999.9 -999.9 -999.9 -999.9 -999.9 Rio_Grande_do_Sul CEMADEN -999.9 -0.2 -999.9
-28.8831 -51.4175 16929 2026-08-02_15:10 -999.9 -999.9 -999.9 -999.9 -999.9 -999.9 -999.9 -999.9 -999.9 -999.9 -999.9 -999.9 -999.9 -999.9 -999.9 -999.9 -999.9 -0.2 1.4 2.0 2.8 5.2 -999.9 -999.9 -999.9 -999.9 -999.9 CEMADEN_-_Antônio_Prado_-_G2-430080201A_(688_m) -999.9 -999.9 -999.9 -999.9 -999.9 -999.9 -999.9 -999.9 Rio_Grande_do_Sul CEMADEN -999.9 0.0 -999.9
-28.8831 -51.4175 16929 2026-08-02_16:10 -999.9 -999.9 -999.9 -999.9 -999.9 -999.9 -999.9 -999.9 -999.9 -999.9 -999.9 -999.9 -999.9 -999.9 -999.9 -999.9 -999.9 -0.2 1.4 2.0 2.8 5.2 -999.9 -999.9 -999.9 -999.9 -999.9 CEMADEN_-_Antônio_Prado_-_G2-430080201A_(688_m) -999.9 -999.9 -999.9 -999.9 -999.9 -999.9 -999.9 -999.9 Rio_Grande_do_Sul CEMADEN -999.9 0.0 -999.9
-28.8831 -51.4175 16929 2026-08-02_17:10 -999.9 -999.9 -999.9 -999.9 -999.9 -999.9 -999.9 -999.9 -999.9 -999.9 -999.9 -999.9 -999.9 -999.9 -999.9 -999.9 -999.9 -0.2 1.2 2.0 2.8 5.2 -999.9 -999.9 -999.9 -999.9 -999.9 CEMADEN_-_Antônio_Prado_-_G2-430080201A_(688_m) -999.9 -999.9 -999.9 -999.9 -999.9 -999.9 -999.9 -999.9 Rio_Grande_do_Sul CEMADEN -999.9 0.0 -999.9
-28.8831 -51.4175 16929 2026-08-02_18:10 -999.9 -999.9 -999.9 -999.9 -999.9 -999.9 -999.9 -999.9 -999.9 -999.9 -999.9 -999.9 -999.9 -999.9 -999.9 -999.9 -999.9 -0.2 1.2 2.0 2.8 5.2 -999.9 -999.9 -999.9 -999.9 -999.9 CEMADEN_-_Antônio_Prado_-_G2-430080201A_(688_m) -999.9 -999.9 -999.9 -999.9 -999.9 -999.9 -999.9 -999.9 Rio_Grande_do_Sul CEMADEN -999.9 0.0 -999.9
-28.8831 -51.4175 16929 2026-08-02_19:10 -999.9 -999.9 -999.9 -999.9 -999.9 -999.9 -999.9 -999.9 -999.9 -999.9 -999.9 -999.9 -999.9 -999.9 -999.9 -999.9 -999.9 -0.2 1.2 2.0 2.8 5.2 -999.9 -999.9 -999.9 -999.9 -999.9 CEMADEN_-_Antônio_Prado_-_G2-430080201A_(688_m) -999.9 -999.9 -999.9 -999.9 -999.9 -999.9 -999.9 -999.9 Rio_Grande_do_Sul CEMADEN -999.9 0.0 -999.9
-28.8831 -51.4175 16929 2026-08-02_20:10 -999.9 -999.9 -999.9 -999.9 -999.9 -999.9 -999.9 -999.9 -999.9 -999.9 -999.9 -999.9 -999.9 -999.9 -999.9 -999.9 -999.9 -0.4 1.2 2.0 2.6 5.0 -999.9 -999.9 -999.9 -999.9 -999.9 CEMADEN_-_Antônio_Prado_-_G2-430080201A_(688_m) -999.9 -999.9 -999.9 -999.9 -999.9 -999.9 -999.9 -999.9 Rio_Grande_do_Sul CEMADEN -999.9 -0.2 -999.9
-28.8831 -51.4175 16929 2026-08-02_21:10 -999.9 -999.9 -999.9 -999.9 -999.9 -999.9 -999.9 -999.9 -999.9 -999.9 -999.9 -999.9 -999.9 -999.9 -999.9 -999.9 -999.9 -0.4 1.2 2.0 2.6 5.0 -999.9 -999.9 -999.9 -999.9 -999.9 CEMADEN_-_Antônio_Prado_-_G2-430080201A_(688_m) -999.9 -999.9 -999.9 -999.9 -999.9 -999.9 -999.9 -999.9 Rio_Grande_do_Sul CEMADEN -999.9 0.0 -999.9
-28.8831 -51.4175 16929 2026-08-02_21:30 -999.9 -999.9 -999.9 -999.9 -999.9 -999.9 -999.9 -999.9 -999.9 -999.9 -999.9 -999.9 -999.9 -999.9 -999.9 -999.9 0.2 -0.2 1.4 2.2 2.8 5.2 -999.9 -999.9 -999.9 -999.9 -999.9 CEMADEN_-_Antônio_Prado_-_G2-430080201A_(688_m) -999.9 -999.9 -999.9 -999.9 -999.9 -999.9 -999.9 -999.9 Rio_Grande_do_Sul CEMADEN -999.9 0.2 -999.9
-28.8831 -51.4175 16929 2026-08-02_22:10 -999.9 -999.9 -999.9 -999.9 -999.9 -999.9 -999.9 -999.9 -999.9 -999.9 -999.9 -999.9 -999.9 -999.9 -999.9 -999.9 -999.9 -0.2 1.4 2.0 2.8 5.2 -999.9 -999.9 -999.9 -999.9 -999.9 CEMADEN_-_Antônio_Prado_-_G2-430080201A_(688_m) -999.9 -999.9 -999.9 -999.9 -999.9 -999.9 -999.9 -999.9 Rio_Grande_do_Sul CEMADEN -999.9 0.0 -999.9
-28.8831 -51.4175 16929 2026-08-02_23:10 -999.9 -999.9 -999.9 -999.9 -999.9 -999.9 -999.9 -999.9 -999.9 -999.9 -999.9 -999.9 -999.9 -999.9 -999.9 -999.9 -999.9 -0.2 1.4 2.0 2.8 5.2 -999.9 -999.9 -999.9 -999.9 -999.9 CEMADEN_-_Antônio_Prado_-_G2-430080201A_(688_m) -999.9 -999.9 -999.9 -999.9 -999.9 -999.9 -999.9 -999.9 Rio_Grande_do_Sul CEMADEN -999.9 0.0 -999.9
