-28.748611 -50.057778 A829 2026-08-30_00:00 11.3 11.3 10.8 100 100 100 11.3 -999.9 -999.9 -999.9 -999.9 -999.9 14.4 104 32.4 -999.9 0.0 0.0 37.2 40.8 40.8 40.8 11.7 9.5 100.0 77.0 53.3 INMET_-_SAO_JOSE_DOS_AUSENTES_(1229_m) -999.9 -999.9 -999.9 -999.9 -999.9 -999.9 -999.9 -999.9 Rio_Grande_do_Sul INMET -999.9 -999.9 -999.9
-28.748611 -50.057778 A829 2026-08-30_01:00 11.3 11.3 -999.9 100 100 100 11.3 -999.9 -999.9 -999.9 -999.9 -999.9 18.7 85 34.2 -999.9 0.0 0.0 37.2 40.8 40.8 40.8 11.7 9.5 100.0 77.0 53.3 INMET_-_SAO_JOSE_DOS_AUSENTES_(1229_m) -999.9 -999.9 -999.9 -999.9 -999.9 -999.9 -999.9 -999.9 Rio_Grande_do_Sul INMET -999.9 -999.9 -999.9
-28.748611 -50.057778 A829 2026-08-30_03:00 11.7 11.7 11.1 78 95 77 8.0 -999.9 -999.9 -999.9 -999.9 -999.9 20.2 72 28.4 -999.9 0.0 0.0 37.2 40.8 40.8 40.8 11.7 9.5 100.0 77.0 53.3 INMET_-_SAO_JOSE_DOS_AUSENTES_(1229_m) -999.9 -999.9 -999.9 -999.9 -999.9 -999.9 -999.9 -999.9 Rio_Grande_do_Sul INMET -999.9 -999.9 -999.9
-28.748611 -50.057778 A829 2026-08-30_04:00 10.9 11.7 10.7 85 87 77 8.5 -999.9 -999.9 -999.9 -999.9 -999.9 24.8 89 34.6 -999.9 0.6 0.6 37.2 40.8 40.8 40.8 11.7 9.5 100.0 77.0 53.3 INMET_-_SAO_JOSE_DOS_AUSENTES_(1229_m) -999.9 -999.9 -999.9 -999.9 -999.9 -999.9 -999.9 -999.9 Rio_Grande_do_Sul INMET -999.9 -999.9 -999.9
-28.748611 -50.057778 A829 2026-08-30_05:00 10.8 11.1 10.7 84 88 83 8.2 -999.9 -999.9 -999.9 -999.9 -999.9 25.2 83 35.3 -999.9 0.0 0.6 37.2 40.8 40.8 40.8 11.7 9.5 100.0 77.0 53.3 INMET_-_SAO_JOSE_DOS_AUSENTES_(1229_m) -999.9 -999.9 -999.9 -999.9 -999.9 -999.9 -999.9 -999.9 Rio_Grande_do_Sul INMET -999.9 -999.9 -999.9
-28.748611 -50.057778 A829 2026-08-30_06:00 9.7 10.9 9.7 99 99 82 9.5 -999.9 -999.9 -999.9 -999.9 -999.9 20.9 88 37.4 -999.9 0.6 1.2 37.2 40.8 40.8 40.8 11.7 9.5 100.0 77.0 53.3 INMET_-_SAO_JOSE_DOS_AUSENTES_(1229_m) -999.9 -999.9 -999.9 -999.9 -999.9 -999.9 -999.9 -999.9 Rio_Grande_do_Sul INMET -999.9 -999.9 -999.9
-28.748611 -50.057778 A829 2026-08-30_07:00 9.7 9.7 9.5 100 100 99 9.7 -999.9 -999.9 -999.9 -999.9 -999.9 22.7 81 30.2 -999.9 0.0 1.2 37.2 40.8 40.8 40.8 11.7 9.5 100.0 77.0 53.3 INMET_-_SAO_JOSE_DOS_AUSENTES_(1229_m) -999.9 -999.9 -999.9 -999.9 -999.9 -999.9 -999.9 -999.9 Rio_Grande_do_Sul INMET -999.9 -999.9 -999.9
-28.748611 -50.057778 A829 2026-08-30_08:00 10 10.1 9.8 100 100 100 10.0 -999.9 -999.9 -999.9 -999.9 -999.9 24.8 76 40.3 -999.9 -999.9 1.2 37.2 40.8 40.8 40.8 11.7 9.5 100.0 77.0 53.3 INMET_-_SAO_JOSE_DOS_AUSENTES_(1229_m) -999.9 -999.9 -999.9 -999.9 -999.9 -999.9 -999.9 -999.9 Rio_Grande_do_Sul INMET -999.9 -999.9 -999.9
-28.748611 -50.057778 A829 2026-08-30_09:00 10.4 10.5 10 100 100 100 10.4 -999.9 -999.9 -999.9 -999.9 -999.9 18.7 218 38.5 -999.9 0.0 1.2 37.2 40.8 40.8 40.8 11.7 9.5 100.0 77.0 53.3 INMET_-_SAO_JOSE_DOS_AUSENTES_(1229_m) -999.9 -999.9 -999.9 -999.9 -999.9 -999.9 -999.9 -999.9 Rio_Grande_do_Sul INMET -999.9 -999.9 -999.9
-28.748611 -50.057778 A829 2026-08-30_11:00 10.8 10.8 10.4 100 100 100 10.8 -999.9 -999.9 -999.9 -999.9 -999.9 15.5 245 40.0 -999.9 0.0 1.2 37.2 40.8 40.8 40.8 11.7 9.5 100.0 77.0 53.3 INMET_-_SAO_JOSE_DOS_AUSENTES_(1229_m) -999.9 -999.9 -999.9 -999.9 -999.9 -999.9 -999.9 -999.9 Rio_Grande_do_Sul INMET -999.9 -999.9 -999.9
-28.748611 -50.057778 A829 2026-08-30_16:00 10.6 10.7 10.6 100 100 100 10.6 -999.9 -999.9 -999.9 -999.9 -999.9 23.4 104 46.4 -999.9 0.2 1.4 37.2 40.8 40.8 40.8 11.7 9.5 100.0 77.0 53.3 INMET_-_SAO_JOSE_DOS_AUSENTES_(1229_m) -999.9 -999.9 -999.9 -999.9 -999.9 -999.9 -999.9 -999.9 Rio_Grande_do_Sul INMET -999.9 -999.9 -999.9
-28.748611 -50.057778 A829 2026-08-30_17:00 10.7 10.8 10.6 100 100 100 10.7 -999.9 -999.9 -999.9 -999.9 -999.9 34.6 108 51.1 -999.9 0.2 1.6 37.2 40.8 40.8 40.8 11.7 9.5 100.0 77.0 53.3 INMET_-_SAO_JOSE_DOS_AUSENTES_(1229_m) -999.9 -999.9 -999.9 -999.9 -999.9 -999.9 -999.9 -999.9 Rio_Grande_do_Sul INMET -999.9 -999.9 -999.9
-28.748611 -50.057778 A829 2026-08-30_18:00 10.4 10.7 10.4 100 100 100 10.4 -999.9 -999.9 -999.9 -999.9 -999.9 34.9 97 51.1 -999.9 5.4 7.0 37.2 40.8 40.8 40.8 11.7 9.5 100.0 77.0 53.3 INMET_-_SAO_JOSE_DOS_AUSENTES_(1229_m) -999.9 -999.9 -999.9 -999.9 -999.9 -999.9 -999.9 -999.9 Rio_Grande_do_Sul INMET -999.9 -999.9 -999.9
-28.748611 -50.057778 A829 2026-08-30_19:00 10.3 10.4 10.2 100 100 100 10.3 -999.9 -999.9 -999.9 -999.9 -999.9 29.5 109 47.9 -999.9 0.4 7.4 37.2 40.8 40.8 40.8 11.7 9.5 100.0 77.0 53.3 INMET_-_SAO_JOSE_DOS_AUSENTES_(1229_m) -999.9 -999.9 -999.9 -999.9 -999.9 -999.9 -999.9 -999.9 Rio_Grande_do_Sul INMET -999.9 -999.9 -999.9
-28.748611 -50.057778 A829 2026-08-30_20:00 10.4 10.4 10.2 100 100 100 10.4 -999.9 -999.9 -999.9 -999.9 -999.9 37.1 101 53.3 -999.9 0.6 8.0 37.2 40.8 40.8 40.8 11.7 9.5 100.0 77.0 53.3 INMET_-_SAO_JOSE_DOS_AUSENTES_(1229_m) -999.9 -999.9 -999.9 -999.9 -999.9 -999.9 -999.9 -999.9 Rio_Grande_do_Sul INMET -999.9 -999.9 -999.9
-28.748611 -50.057778 A829 2026-08-30_22:00 10.4 10.6 10.4 100 100 100 10.4 -999.9 -999.9 -999.9 -999.9 -999.9 17.3 78 46.8 -999.9 1.8 9.8 37.2 40.8 40.8 40.8 11.7 9.5 100.0 77.0 53.3 INMET_-_SAO_JOSE_DOS_AUSENTES_(1229_m) -999.9 -999.9 -999.9 -999.9 -999.9 -999.9 -999.9 -999.9 Rio_Grande_do_Sul INMET -999.9 -999.9 -999.9
-28.748611 -50.057778 A829 2026-08-30_23:00 10.6 10.7 10.4 100 100 100 10.6 -999.9 -999.9 -999.9 -999.9 -999.9 20.5 74 32.4 -999.9 0.2 10.0 37.2 40.8 40.8 40.8 11.7 9.5 100.0 77.0 53.3 INMET_-_SAO_JOSE_DOS_AUSENTES_(1229_m) -999.9 -999.9 -999.9 -999.9 -999.9 -999.9 -999.9 -999.9 Rio_Grande_do_Sul INMET -999.9 -999.9 -999.9
