-28.669444 -50.441944 B856 2026-08-26_00:00 10.3 10.8 10.3 93 93 91 9.2 -999.9 -999.9 -999.9 -999.9 -999.9 3.2 48 15.1 -999.9 0.0 0.0 0.0 0.0 0.0 8.9 22.6 8.9 100.0 42.0 29.9 INMET_-_BOM_JESUS_(INMET)_(1054_m) -999.9 -999.9 -999.9 -999.9 -999.9 -999.9 -999.9 -999.9 Rio_Grande_do_Sul INMET -999.9 -999.9 -999.9
-28.669444 -50.441944 B856 2026-08-26_01:00 9.3 10.3 9.3 100 100 93 9.3 -999.9 -999.9 -999.9 -999.9 -999.9 6.5 355 18.0 -999.9 0.0 0.0 0.0 0.0 0.0 8.9 22.6 8.9 100.0 42.0 29.9 INMET_-_BOM_JESUS_(INMET)_(1054_m) -999.9 -999.9 -999.9 -999.9 -999.9 -999.9 -999.9 -999.9 Rio_Grande_do_Sul INMET -999.9 -999.9 -999.9
-28.669444 -50.441944 B856 2026-08-26_02:00 9.5 9.5 9.3 100 100 100 9.5 -999.9 -999.9 -999.9 -999.9 -999.9 9.7 29 22.0 -999.9 0.0 0.0 0.0 0.0 0.0 8.9 22.6 8.9 100.0 42.0 29.9 INMET_-_BOM_JESUS_(INMET)_(1054_m) -999.9 -999.9 -999.9 -999.9 -999.9 -999.9 -999.9 -999.9 Rio_Grande_do_Sul INMET -999.9 -999.9 -999.9
-28.669444 -50.441944 B856 2026-08-26_03:00 9.6 9.6 9.5 100 100 100 9.6 -999.9 -999.9 -999.9 -999.9 -999.9 10.1 20 24.8 -999.9 0.0 0.0 0.0 0.0 0.0 8.9 22.6 8.9 100.0 42.0 29.9 INMET_-_BOM_JESUS_(INMET)_(1054_m) -999.9 -999.9 -999.9 -999.9 -999.9 -999.9 -999.9 -999.9 Rio_Grande_do_Sul INMET -999.9 -999.9 -999.9
-28.669444 -50.441944 B856 2026-08-26_04:00 9.4 9.6 9.4 100 100 100 9.4 -999.9 -999.9 -999.9 -999.9 -999.9 9.7 18 18.4 -999.9 0.0 0.0 0.0 0.0 0.0 8.9 22.6 8.9 100.0 42.0 29.9 INMET_-_BOM_JESUS_(INMET)_(1054_m) -999.9 -999.9 -999.9 -999.9 -999.9 -999.9 -999.9 -999.9 Rio_Grande_do_Sul INMET -999.9 -999.9 -999.9
-28.669444 -50.441944 B856 2026-08-26_08:00 9.5 9.5 8.9 100 100 100 9.5 -999.9 -999.9 -999.9 -999.9 -999.9 6.1 27 16.2 -999.9 0.0 0.0 0.0 0.0 0.0 8.9 22.6 8.9 100.0 42.0 29.9 INMET_-_BOM_JESUS_(INMET)_(1054_m) -999.9 -999.9 -999.9 -999.9 -999.9 -999.9 -999.9 -999.9 Rio_Grande_do_Sul INMET -999.9 -999.9 -999.9
-28.669444 -50.441944 B856 2026-08-26_09:00 11.6 11.6 9.5 98 100 97 11.3 -999.9 -999.9 -999.9 -999.9 -999.9 7.6 16 17.3 -999.9 0.0 0.0 0.0 0.0 0.0 8.9 22.6 8.9 100.0 42.0 29.9 INMET_-_BOM_JESUS_(INMET)_(1054_m) -999.9 -999.9 -999.9 -999.9 -999.9 -999.9 -999.9 -999.9 Rio_Grande_do_Sul INMET -999.9 -999.9 -999.9
-28.669444 -50.441944 B856 2026-08-26_10:00 -999.9 14.7 11.7 84 97 82 -999.9 -999.9 -999.9 -999.9 -999.9 -999.9 6.8 358 18.4 -999.9 0.0 0.0 0.0 0.0 0.0 8.9 22.6 8.9 100.0 42.0 29.9 INMET_-_BOM_JESUS_(INMET)_(1054_m) -999.9 -999.9 -999.9 -999.9 -999.9 -999.9 -999.9 -999.9 Rio_Grande_do_Sul INMET -999.9 -999.9 -999.9
-28.669444 -50.441944 B856 2026-08-26_14:00 22 22.1 21 49 53 45 10.8 -999.9 -999.9 -999.9 -999.9 -999.9 11.2 293 20.5 -999.9 0.0 0.0 0.0 0.0 0.0 8.9 22.6 8.9 100.0 42.0 29.9 INMET_-_BOM_JESUS_(INMET)_(1054_m) -999.9 -999.9 -999.9 -999.9 -999.9 -999.9 -999.9 -999.9 Rio_Grande_do_Sul INMET -999.9 -999.9 -999.9
-28.669444 -50.441944 B856 2026-08-26_15:00 22.5 22.6 21.8 42 50 42 8.9 -999.9 -999.9 -999.9 -999.9 -999.9 9.7 313 23.0 -999.9 0.0 0.0 0.0 0.0 0.0 8.9 22.6 8.9 100.0 42.0 29.9 INMET_-_BOM_JESUS_(INMET)_(1054_m) -999.9 -999.9 -999.9 -999.9 -999.9 -999.9 -999.9 -999.9 Rio_Grande_do_Sul INMET -999.9 -999.9 -999.9
-28.669444 -50.441944 B856 2026-08-26_18:00 17.6 19.7 17.6 61 61 50 9.9 -999.9 -999.9 -999.9 -999.9 -999.9 4.0 352 18.4 -999.9 0.0 0.0 0.0 0.0 0.0 8.9 22.6 8.9 100.0 42.0 29.9 INMET_-_BOM_JESUS_(INMET)_(1054_m) -999.9 -999.9 -999.9 -999.9 -999.9 -999.9 -999.9 -999.9 Rio_Grande_do_Sul INMET -999.9 -999.9 -999.9
-28.669444 -50.441944 B856 2026-08-26_19:00 16.5 17.6 16.5 67 67 61 10.3 -999.9 -999.9 -999.9 -999.9 -999.9 9.7 20 23.4 -999.9 0.0 0.0 0.0 0.0 0.0 8.9 22.6 8.9 100.0 42.0 29.9 INMET_-_BOM_JESUS_(INMET)_(1054_m) -999.9 -999.9 -999.9 -999.9 -999.9 -999.9 -999.9 -999.9 Rio_Grande_do_Sul INMET -999.9 -999.9 -999.9
-28.669444 -50.441944 B856 2026-08-26_20:00 15.1 16.5 15.1 77 77 67 11.1 -999.9 -999.9 -999.9 -999.9 -999.9 9.0 21 17.3 -999.9 0.0 0.0 0.0 0.0 0.0 8.9 22.6 8.9 100.0 42.0 29.9 INMET_-_BOM_JESUS_(INMET)_(1054_m) -999.9 -999.9 -999.9 -999.9 -999.9 -999.9 -999.9 -999.9 Rio_Grande_do_Sul INMET -999.9 -999.9 -999.9
-28.669444 -50.441944 B856 2026-08-26_21:00 14.1 15.1 14.1 81 81 76 10.9 -999.9 -999.9 -999.9 -999.9 -999.9 9.0 21 18.7 -999.9 0.0 0.0 0.0 0.0 0.0 8.9 22.6 8.9 100.0 42.0 29.9 INMET_-_BOM_JESUS_(INMET)_(1054_m) -999.9 -999.9 -999.9 -999.9 -999.9 -999.9 -999.9 -999.9 Rio_Grande_do_Sul INMET -999.9 -999.9 -999.9
-28.669444 -50.441944 B856 2026-08-26_22:00 13.3 14.1 13.3 88 88 82 11.3 -999.9 -999.9 -999.9 -999.9 -999.9 13.7 33 29.9 -999.9 0.0 0.0 0.0 0.0 0.0 8.9 22.6 8.9 100.0 42.0 29.9 INMET_-_BOM_JESUS_(INMET)_(1054_m) -999.9 -999.9 -999.9 -999.9 -999.9 -999.9 -999.9 -999.9 Rio_Grande_do_Sul INMET -999.9 -999.9 -999.9
-28.669444 -50.441944 B856 2026-08-26_23:00 13.1 13.4 13.1 92 92 88 11.8 -999.9 -999.9 -999.9 -999.9 -999.9 11.2 38 24.8 -999.9 0.0 0.0 0.0 0.0 0.0 8.9 22.6 8.9 100.0 42.0 29.9 INMET_-_BOM_JESUS_(INMET)_(1054_m) -999.9 -999.9 -999.9 -999.9 -999.9 -999.9 -999.9 -999.9 Rio_Grande_do_Sul INMET -999.9 -999.9 -999.9
