-29.09604 -51.45046 16918 2026-08-27_00:10 -999.9 -999.9 -999.9 -999.9 -999.9 -999.9 -999.9 -999.9 -999.9 -999.9 -999.9 -999.9 -999.9 -999.9 -999.9 -999.9 -999.9 0.0 0.2 0.2 0.4 0.6 -999.9 -999.9 -999.9 -999.9 -999.9 CEMADEN_-_Pinto_Bandeira_-_G2-431454802A_(641_m) -999.9 -999.9 -999.9 -999.9 -999.9 -999.9 -999.9 -999.9 Rio_Grande_do_Sul CEMADEN -999.9 0.0 -999.9
-29.09604 -51.45046 16918 2026-08-27_01:10 -999.9 -999.9 -999.9 -999.9 -999.9 -999.9 -999.9 -999.9 -999.9 -999.9 -999.9 -999.9 -999.9 -999.9 -999.9 -999.9 -999.9 0.0 0.2 0.2 0.4 0.6 -999.9 -999.9 -999.9 -999.9 -999.9 CEMADEN_-_Pinto_Bandeira_-_G2-431454802A_(641_m) -999.9 -999.9 -999.9 -999.9 -999.9 -999.9 -999.9 -999.9 Rio_Grande_do_Sul CEMADEN -999.9 0.0 -999.9
-29.09604 -51.45046 16918 2026-08-27_02:10 -999.9 -999.9 -999.9 -999.9 -999.9 -999.9 -999.9 -999.9 -999.9 -999.9 -999.9 -999.9 -999.9 -999.9 -999.9 -999.9 -999.9 0.0 0.2 0.2 0.4 0.6 -999.9 -999.9 -999.9 -999.9 -999.9 CEMADEN_-_Pinto_Bandeira_-_G2-431454802A_(641_m) -999.9 -999.9 -999.9 -999.9 -999.9 -999.9 -999.9 -999.9 Rio_Grande_do_Sul CEMADEN -999.9 0.0 -999.9
-29.09604 -51.45046 16918 2026-08-27_03:10 -999.9 -999.9 -999.9 -999.9 -999.9 -999.9 -999.9 -999.9 -999.9 -999.9 -999.9 -999.9 -999.9 -999.9 -999.9 -999.9 -999.9 0.0 0.2 0.2 0.4 0.6 -999.9 -999.9 -999.9 -999.9 -999.9 CEMADEN_-_Pinto_Bandeira_-_G2-431454802A_(641_m) -999.9 -999.9 -999.9 -999.9 -999.9 -999.9 -999.9 -999.9 Rio_Grande_do_Sul CEMADEN -999.9 0.0 -999.9
-29.09604 -51.45046 16918 2026-08-27_04:10 -999.9 -999.9 -999.9 -999.9 -999.9 -999.9 -999.9 -999.9 -999.9 -999.9 -999.9 -999.9 -999.9 -999.9 -999.9 -999.9 -999.9 0.0 0.2 0.2 0.4 0.6 -999.9 -999.9 -999.9 -999.9 -999.9 CEMADEN_-_Pinto_Bandeira_-_G2-431454802A_(641_m) -999.9 -999.9 -999.9 -999.9 -999.9 -999.9 -999.9 -999.9 Rio_Grande_do_Sul CEMADEN -999.9 0.0 -999.9
-29.09604 -51.45046 16918 2026-08-27_05:10 -999.9 -999.9 -999.9 -999.9 -999.9 -999.9 -999.9 -999.9 -999.9 -999.9 -999.9 -999.9 -999.9 -999.9 -999.9 -999.9 -999.9 0.0 0.2 0.2 0.4 0.6 -999.9 -999.9 -999.9 -999.9 -999.9 CEMADEN_-_Pinto_Bandeira_-_G2-431454802A_(641_m) -999.9 -999.9 -999.9 -999.9 -999.9 -999.9 -999.9 -999.9 Rio_Grande_do_Sul CEMADEN -999.9 0.0 -999.9
-29.09604 -51.45046 16918 2026-08-27_06:10 -999.9 -999.9 -999.9 -999.9 -999.9 -999.9 -999.9 -999.9 -999.9 -999.9 -999.9 -999.9 -999.9 -999.9 -999.9 -999.9 -999.9 0.0 0.2 0.2 0.4 0.6 -999.9 -999.9 -999.9 -999.9 -999.9 CEMADEN_-_Pinto_Bandeira_-_G2-431454802A_(641_m) -999.9 -999.9 -999.9 -999.9 -999.9 -999.9 -999.9 -999.9 Rio_Grande_do_Sul CEMADEN -999.9 0.0 -999.9
-29.09604 -51.45046 16918 2026-08-27_07:10 -999.9 -999.9 -999.9 -999.9 -999.9 -999.9 -999.9 -999.9 -999.9 -999.9 -999.9 -999.9 -999.9 -999.9 -999.9 -999.9 -999.9 0.0 0.2 0.2 0.4 0.6 -999.9 -999.9 -999.9 -999.9 -999.9 CEMADEN_-_Pinto_Bandeira_-_G2-431454802A_(641_m) -999.9 -999.9 -999.9 -999.9 -999.9 -999.9 -999.9 -999.9 Rio_Grande_do_Sul CEMADEN -999.9 0.0 -999.9
-29.09604 -51.45046 16918 2026-08-27_08:10 -999.9 -999.9 -999.9 -999.9 -999.9 -999.9 -999.9 -999.9 -999.9 -999.9 -999.9 -999.9 -999.9 -999.9 -999.9 -999.9 -999.9 0.0 0.2 0.2 0.4 0.6 -999.9 -999.9 -999.9 -999.9 -999.9 CEMADEN_-_Pinto_Bandeira_-_G2-431454802A_(641_m) -999.9 -999.9 -999.9 -999.9 -999.9 -999.9 -999.9 -999.9 Rio_Grande_do_Sul CEMADEN -999.9 0.0 -999.9
-29.09604 -51.45046 16918 2026-08-27_09:10 -999.9 -999.9 -999.9 -999.9 -999.9 -999.9 -999.9 -999.9 -999.9 -999.9 -999.9 -999.9 -999.9 -999.9 -999.9 -999.9 -999.9 0.0 0.2 0.2 0.4 0.6 -999.9 -999.9 -999.9 -999.9 -999.9 CEMADEN_-_Pinto_Bandeira_-_G2-431454802A_(641_m) -999.9 -999.9 -999.9 -999.9 -999.9 -999.9 -999.9 -999.9 Rio_Grande_do_Sul CEMADEN -999.9 0.0 -999.9
-29.09604 -51.45046 16918 2026-08-27_10:10 -999.9 -999.9 -999.9 -999.9 -999.9 -999.9 -999.9 -999.9 -999.9 -999.9 -999.9 -999.9 -999.9 -999.9 -999.9 -999.9 -999.9 0.0 0.2 0.2 0.4 0.6 -999.9 -999.9 -999.9 -999.9 -999.9 CEMADEN_-_Pinto_Bandeira_-_G2-431454802A_(641_m) -999.9 -999.9 -999.9 -999.9 -999.9 -999.9 -999.9 -999.9 Rio_Grande_do_Sul CEMADEN -999.9 0.0 -999.9
-29.09604 -51.45046 16918 2026-08-27_11:10 -999.9 -999.9 -999.9 -999.9 -999.9 -999.9 -999.9 -999.9 -999.9 -999.9 -999.9 -999.9 -999.9 -999.9 -999.9 -999.9 -999.9 0.0 0.2 0.2 0.4 0.6 -999.9 -999.9 -999.9 -999.9 -999.9 CEMADEN_-_Pinto_Bandeira_-_G2-431454802A_(641_m) -999.9 -999.9 -999.9 -999.9 -999.9 -999.9 -999.9 -999.9 Rio_Grande_do_Sul CEMADEN -999.9 0.0 -999.9
-29.09604 -51.45046 16918 2026-08-27_14:10 -999.9 -999.9 -999.9 -999.9 -999.9 -999.9 -999.9 -999.9 -999.9 -999.9 -999.9 -999.9 -999.9 -999.9 -999.9 -999.9 -999.9 0.0 0.2 0.2 0.4 0.6 -999.9 -999.9 -999.9 -999.9 -999.9 CEMADEN_-_Pinto_Bandeira_-_G2-431454802A_(641_m) -999.9 -999.9 -999.9 -999.9 -999.9 -999.9 -999.9 -999.9 Rio_Grande_do_Sul CEMADEN -999.9 0.0 -999.9
-29.09604 -51.45046 16918 2026-08-27_15:10 -999.9 -999.9 -999.9 -999.9 -999.9 -999.9 -999.9 -999.9 -999.9 -999.9 -999.9 -999.9 -999.9 -999.9 -999.9 -999.9 -999.9 0.0 0.2 0.2 0.4 0.6 -999.9 -999.9 -999.9 -999.9 -999.9 CEMADEN_-_Pinto_Bandeira_-_G2-431454802A_(641_m) -999.9 -999.9 -999.9 -999.9 -999.9 -999.9 -999.9 -999.9 Rio_Grande_do_Sul CEMADEN -999.9 0.0 -999.9
-29.09604 -51.45046 16918 2026-08-27_16:10 -999.9 -999.9 -999.9 -999.9 -999.9 -999.9 -999.9 -999.9 -999.9 -999.9 -999.9 -999.9 -999.9 -999.9 -999.9 -999.9 -999.9 0.0 0.2 0.2 0.4 0.6 -999.9 -999.9 -999.9 -999.9 -999.9 CEMADEN_-_Pinto_Bandeira_-_G2-431454802A_(641_m) -999.9 -999.9 -999.9 -999.9 -999.9 -999.9 -999.9 -999.9 Rio_Grande_do_Sul CEMADEN -999.9 0.0 -999.9
-29.09604 -51.45046 16918 2026-08-27_17:10 -999.9 -999.9 -999.9 -999.9 -999.9 -999.9 -999.9 -999.9 -999.9 -999.9 -999.9 -999.9 -999.9 -999.9 -999.9 -999.9 -999.9 0.0 0.2 0.2 0.4 0.6 -999.9 -999.9 -999.9 -999.9 -999.9 CEMADEN_-_Pinto_Bandeira_-_G2-431454802A_(641_m) -999.9 -999.9 -999.9 -999.9 -999.9 -999.9 -999.9 -999.9 Rio_Grande_do_Sul CEMADEN -999.9 0.0 -999.9
-29.09604 -51.45046 16918 2026-08-27_18:10 -999.9 -999.9 -999.9 -999.9 -999.9 -999.9 -999.9 -999.9 -999.9 -999.9 -999.9 -999.9 -999.9 -999.9 -999.9 -999.9 -999.9 0.0 0.2 0.2 0.4 0.6 -999.9 -999.9 -999.9 -999.9 -999.9 CEMADEN_-_Pinto_Bandeira_-_G2-431454802A_(641_m) -999.9 -999.9 -999.9 -999.9 -999.9 -999.9 -999.9 -999.9 Rio_Grande_do_Sul CEMADEN -999.9 0.0 -999.9
-29.09604 -51.45046 16918 2026-08-27_19:10 -999.9 -999.9 -999.9 -999.9 -999.9 -999.9 -999.9 -999.9 -999.9 -999.9 -999.9 -999.9 -999.9 -999.9 -999.9 -999.9 -999.9 -0.2 0.2 0.2 0.2 0.4 -999.9 -999.9 -999.9 -999.9 -999.9 CEMADEN_-_Pinto_Bandeira_-_G2-431454802A_(641_m) -999.9 -999.9 -999.9 -999.9 -999.9 -999.9 -999.9 -999.9 Rio_Grande_do_Sul CEMADEN -999.9 -0.2 -999.9
-29.09604 -51.45046 16918 2026-08-27_20:10 -999.9 -999.9 -999.9 -999.9 -999.9 -999.9 -999.9 -999.9 -999.9 -999.9 -999.9 -999.9 -999.9 -999.9 -999.9 -999.9 -999.9 -0.2 0.2 0.2 0.2 0.4 -999.9 -999.9 -999.9 -999.9 -999.9 CEMADEN_-_Pinto_Bandeira_-_G2-431454802A_(641_m) -999.9 -999.9 -999.9 -999.9 -999.9 -999.9 -999.9 -999.9 Rio_Grande_do_Sul CEMADEN -999.9 0.0 -999.9
-29.09604 -51.45046 16918 2026-08-27_21:10 -999.9 -999.9 -999.9 -999.9 -999.9 -999.9 -999.9 -999.9 -999.9 -999.9 -999.9 -999.9 -999.9 -999.9 -999.9 -999.9 -999.9 -0.2 0.2 0.2 0.2 0.4 -999.9 -999.9 -999.9 -999.9 -999.9 CEMADEN_-_Pinto_Bandeira_-_G2-431454802A_(641_m) -999.9 -999.9 -999.9 -999.9 -999.9 -999.9 -999.9 -999.9 Rio_Grande_do_Sul CEMADEN -999.9 0.0 -999.9
-29.09604 -51.45046 16918 2026-08-27_22:10 -999.9 -999.9 -999.9 -999.9 -999.9 -999.9 -999.9 -999.9 -999.9 -999.9 -999.9 -999.9 -999.9 -999.9 -999.9 -999.9 -999.9 -0.2 0.2 0.2 0.2 0.4 -999.9 -999.9 -999.9 -999.9 -999.9 CEMADEN_-_Pinto_Bandeira_-_G2-431454802A_(641_m) -999.9 -999.9 -999.9 -999.9 -999.9 -999.9 -999.9 -999.9 Rio_Grande_do_Sul CEMADEN -999.9 0.0 -999.9
-29.09604 -51.45046 16918 2026-08-27_23:10 -999.9 -999.9 -999.9 -999.9 -999.9 -999.9 -999.9 -999.9 -999.9 -999.9 -999.9 -999.9 -999.9 -999.9 -999.9 -999.9 -999.9 -0.2 0.2 0.2 0.2 0.4 -999.9 -999.9 -999.9 -999.9 -999.9 CEMADEN_-_Pinto_Bandeira_-_G2-431454802A_(641_m) -999.9 -999.9 -999.9 -999.9 -999.9 -999.9 -999.9 -999.9 Rio_Grande_do_Sul CEMADEN -999.9 0.0 -999.9
