-28.874167 -50.975556 B817 2026-08-22_00:00 6.1 6.5 6.1 92 92 89 4.9 -999.9 -999.9 -999.9 -999.9 -999.9 4.0 273 -999.9 -999.9 0.0 0.0 2.2 19.1 33.8 33.8 12.3 3.2 98.0 37.0 28.1 INMET_-_CAXIAS_DO_SUL_-_CRIUVA_(857_m) -999.9 -999.9 -999.9 -999.9 -999.9 -999.9 -999.9 -999.9 Rio_Grande_do_Sul INMET -999.9 -999.9 -999.9
-28.874167 -50.975556 B817 2026-08-22_01:00 6.4 6.4 5.9 93 95 92 5.3 -999.9 -999.9 -999.9 -999.9 -999.9 6.1 -999.9 12.2 -999.9 0.0 0.0 2.2 19.1 33.8 33.8 12.3 3.2 98.0 37.0 28.1 INMET_-_CAXIAS_DO_SUL_-_CRIUVA_(857_m) -999.9 -999.9 -999.9 -999.9 -999.9 -999.9 -999.9 -999.9 Rio_Grande_do_Sul INMET -999.9 -999.9 -999.9
-28.874167 -50.975556 B817 2026-08-22_02:00 6.3 6.4 6.3 95 96 93 5.5 -999.9 -999.9 -999.9 -999.9 -999.9 4.7 276 -999.9 -999.9 0.0 0.0 2.2 19.1 33.8 33.8 12.3 3.2 98.0 37.0 28.1 INMET_-_CAXIAS_DO_SUL_-_CRIUVA_(857_m) -999.9 -999.9 -999.9 -999.9 -999.9 -999.9 -999.9 -999.9 Rio_Grande_do_Sul INMET -999.9 -999.9 -999.9
-28.874167 -50.975556 B817 2026-08-22_03:00 5.6 6.3 -999.9 95 95 -999.9 4.9 -999.9 -999.9 -999.9 -999.9 -999.9 9.7 305 18.7 -999.9 0.0 0.0 2.2 19.1 33.8 33.8 12.3 3.2 98.0 37.0 28.1 INMET_-_CAXIAS_DO_SUL_-_CRIUVA_(857_m) -999.9 -999.9 -999.9 -999.9 -999.9 -999.9 -999.9 -999.9 Rio_Grande_do_Sul INMET -999.9 -999.9 -999.9
-28.874167 -50.975556 B817 2026-08-22_04:00 4.9 5.6 4.9 94 95 92 4.0 -999.9 -999.9 -999.9 -999.9 -999.9 8.6 292 18.0 -999.9 0.0 0.0 2.2 19.1 33.8 33.8 12.3 3.2 98.0 37.0 28.1 INMET_-_CAXIAS_DO_SUL_-_CRIUVA_(857_m) -999.9 -999.9 -999.9 -999.9 -999.9 -999.9 -999.9 -999.9 Rio_Grande_do_Sul INMET -999.9 -999.9 -999.9
-28.874167 -50.975556 B817 2026-08-22_05:00 4.3 4.9 4.3 97 97 94 3.9 -999.9 -999.9 -999.9 -999.9 -999.9 5.4 287 16.9 -999.9 0.0 0.0 2.2 19.1 33.8 33.8 12.3 3.2 98.0 37.0 28.1 INMET_-_CAXIAS_DO_SUL_-_CRIUVA_(857_m) -999.9 -999.9 -999.9 -999.9 -999.9 -999.9 -999.9 -999.9 Rio_Grande_do_Sul INMET -999.9 -999.9 -999.9
-28.874167 -50.975556 B817 2026-08-22_06:00 3.7 4.3 3.7 97 97 96 3.3 -999.9 -999.9 -999.9 -999.9 -999.9 4.3 290 13.7 -999.9 -999.9 0.0 2.2 19.1 33.8 33.8 12.3 3.2 98.0 37.0 28.1 INMET_-_CAXIAS_DO_SUL_-_CRIUVA_(857_m) -999.9 -999.9 -999.9 -999.9 -999.9 -999.9 -999.9 -999.9 Rio_Grande_do_Sul INMET -999.9 -999.9 -999.9
-28.874167 -50.975556 B817 2026-08-22_07:00 -999.9 3.7 3.2 97 98 96 -999.9 -999.9 -999.9 -999.9 -999.9 -999.9 -999.9 258 12.6 -999.9 0.0 0.0 2.2 19.1 33.8 33.8 12.3 3.2 98.0 37.0 28.1 INMET_-_CAXIAS_DO_SUL_-_CRIUVA_(857_m) -999.9 -999.9 -999.9 -999.9 -999.9 -999.9 -999.9 -999.9 Rio_Grande_do_Sul INMET -999.9 -999.9 -999.9
-28.874167 -50.975556 B817 2026-08-22_08:00 4.5 4.5 3.2 89 97 89 2.8 -999.9 -999.9 -999.9 -999.9 -999.9 5.4 -999.9 15.1 -999.9 0.0 0.0 2.2 19.1 33.8 33.8 12.3 3.2 98.0 37.0 28.1 INMET_-_CAXIAS_DO_SUL_-_CRIUVA_(857_m) -999.9 -999.9 -999.9 -999.9 -999.9 -999.9 -999.9 -999.9 Rio_Grande_do_Sul INMET -999.9 -999.9 -999.9
-28.874167 -50.975556 B817 2026-08-22_09:00 5.2 5.2 4.5 87 90 82 3.2 -999.9 -999.9 -999.9 -999.9 -999.9 8.6 295 19.4 -999.9 0.0 0.0 2.2 19.1 33.8 33.8 12.3 3.2 98.0 37.0 28.1 INMET_-_CAXIAS_DO_SUL_-_CRIUVA_(857_m) -999.9 -999.9 -999.9 -999.9 -999.9 -999.9 -999.9 -999.9 Rio_Grande_do_Sul INMET -999.9 -999.9 -999.9
-28.874167 -50.975556 B817 2026-08-22_10:00 6.7 6.8 -999.9 78 87 74 3.1 -999.9 -999.9 -999.9 -999.9 -999.9 10.1 310 20.5 -999.9 0.0 0.0 2.2 19.1 33.8 33.8 12.3 3.2 98.0 37.0 28.1 INMET_-_CAXIAS_DO_SUL_-_CRIUVA_(857_m) -999.9 -999.9 -999.9 -999.9 -999.9 -999.9 -999.9 -999.9 Rio_Grande_do_Sul INMET -999.9 -999.9 -999.9
-28.874167 -50.975556 B817 2026-08-22_11:00 7.6 8.2 6 72 81 68 2.8 -999.9 -999.9 -999.9 -999.9 -999.9 6.5 279 -999.9 -999.9 -999.9 0.0 2.2 19.1 33.8 33.8 12.3 3.2 98.0 37.0 28.1 INMET_-_CAXIAS_DO_SUL_-_CRIUVA_(857_m) -999.9 -999.9 -999.9 -999.9 -999.9 -999.9 -999.9 -999.9 Rio_Grande_do_Sul INMET -999.9 -999.9 -999.9
-28.874167 -50.975556 B817 2026-08-22_12:00 8.5 9.7 7.5 64 74 59 2.0 -999.9 -999.9 -999.9 -999.9 -999.9 10.1 284 -999.9 -999.9 0.0 0.0 2.2 19.1 33.8 33.8 12.3 3.2 98.0 37.0 28.1 INMET_-_CAXIAS_DO_SUL_-_CRIUVA_(857_m) -999.9 -999.9 -999.9 -999.9 -999.9 -999.9 -999.9 -999.9 Rio_Grande_do_Sul INMET -999.9 -999.9 -999.9
-28.874167 -50.975556 B817 2026-08-22_13:00 10.1 10.5 8.3 58 66 52 2.1 -999.9 -999.9 -999.9 -999.9 -999.9 12.2 309 24.8 -999.9 0.0 0.0 2.2 19.1 33.8 33.8 12.3 3.2 98.0 37.0 28.1 INMET_-_CAXIAS_DO_SUL_-_CRIUVA_(857_m) -999.9 -999.9 -999.9 -999.9 -999.9 -999.9 -999.9 -999.9 Rio_Grande_do_Sul INMET -999.9 -999.9 -999.9
-28.874167 -50.975556 B817 2026-08-22_14:00 11.6 11.6 10.3 50 62 47 1.4 -999.9 -999.9 -999.9 -999.9 -999.9 10.1 297 28.1 -999.9 0.0 0.0 2.2 19.1 33.8 33.8 12.3 3.2 98.0 37.0 28.1 INMET_-_CAXIAS_DO_SUL_-_CRIUVA_(857_m) -999.9 -999.9 -999.9 -999.9 -999.9 -999.9 -999.9 -999.9 Rio_Grande_do_Sul INMET -999.9 -999.9 -999.9
-28.874167 -50.975556 B817 2026-08-22_15:00 11.8 12.1 11.2 44 54 -999.9 -0.2 -999.9 -999.9 -999.9 -999.9 -999.9 14.4 310 26.6 -999.9 0.0 0.0 2.2 19.1 33.8 33.8 12.3 3.2 98.0 37.0 28.1 INMET_-_CAXIAS_DO_SUL_-_CRIUVA_(857_m) -999.9 -999.9 -999.9 -999.9 -999.9 -999.9 -999.9 -999.9 Rio_Grande_do_Sul INMET -999.9 -999.9 -999.9
-28.874167 -50.975556 B817 2026-08-22_16:00 12.1 12.2 -999.9 43 47 37 -0.2 -999.9 -999.9 -999.9 -999.9 -999.9 11.9 -999.9 28.1 -999.9 0.0 0.0 2.2 19.1 33.8 33.8 12.3 3.2 98.0 37.0 28.1 INMET_-_CAXIAS_DO_SUL_-_CRIUVA_(857_m) -999.9 -999.9 -999.9 -999.9 -999.9 -999.9 -999.9 -999.9 Rio_Grande_do_Sul INMET -999.9 -999.9 -999.9
-28.874167 -50.975556 B817 2026-08-22_17:00 11.7 12.3 11.6 45 50 40 0.1 -999.9 -999.9 -999.9 -999.9 -999.9 -999.9 281 22.0 -999.9 0.0 0.0 2.2 19.1 33.8 33.8 12.3 3.2 98.0 37.0 28.1 INMET_-_CAXIAS_DO_SUL_-_CRIUVA_(857_m) -999.9 -999.9 -999.9 -999.9 -999.9 -999.9 -999.9 -999.9 Rio_Grande_do_Sul INMET -999.9 -999.9 -999.9
-28.874167 -50.975556 B817 2026-08-22_18:00 -999.9 11.7 9.2 -999.9 56 45 -999.9 -999.9 -999.9 -999.9 -999.9 -999.9 2.5 -999.9 -999.9 -999.9 -999.9 0.0 2.2 19.1 33.8 33.8 12.3 3.2 98.0 37.0 28.1 INMET_-_CAXIAS_DO_SUL_-_CRIUVA_(857_m) -999.9 -999.9 -999.9 -999.9 -999.9 -999.9 -999.9 -999.9 Rio_Grande_do_Sul INMET -999.9 -999.9 -999.9
-28.874167 -50.975556 B817 2026-08-22_19:00 7.2 9.1 6.9 64 69 56 0.8 -999.9 -999.9 -999.9 -999.9 -999.9 4.0 216 8.3 -999.9 -999.9 0.0 2.2 19.1 33.8 33.8 12.3 3.2 98.0 37.0 28.1 INMET_-_CAXIAS_DO_SUL_-_CRIUVA_(857_m) -999.9 -999.9 -999.9 -999.9 -999.9 -999.9 -999.9 -999.9 Rio_Grande_do_Sul INMET -999.9 -999.9 -999.9
-28.874167 -50.975556 B817 2026-08-22_20:00 6.3 7.2 6.1 72 73 64 1.6 -999.9 -999.9 -999.9 -999.9 -999.9 2.9 285 8.6 -999.9 0.0 0.0 2.2 19.1 33.8 33.8 12.3 3.2 98.0 37.0 28.1 INMET_-_CAXIAS_DO_SUL_-_CRIUVA_(857_m) -999.9 -999.9 -999.9 -999.9 -999.9 -999.9 -999.9 -999.9 Rio_Grande_do_Sul INMET -999.9 -999.9 -999.9
-28.874167 -50.975556 B817 2026-08-22_21:00 5.7 6.2 5.3 76 -999.9 71 1.8 -999.9 -999.9 -999.9 -999.9 -999.9 4.7 305 9.0 -999.9 0.0 0.0 2.2 19.1 33.8 33.8 12.3 3.2 98.0 37.0 28.1 INMET_-_CAXIAS_DO_SUL_-_CRIUVA_(857_m) -999.9 -999.9 -999.9 -999.9 -999.9 -999.9 -999.9 -999.9 Rio_Grande_do_Sul INMET -999.9 -999.9 -999.9
-28.874167 -50.975556 B817 2026-08-22_22:00 5.8 6.1 5.4 76 79 75 1.8 -999.9 -999.9 -999.9 -999.9 -999.9 6.5 303 12.6 -999.9 0.0 0.0 2.2 19.1 33.8 33.8 12.3 3.2 98.0 37.0 28.1 INMET_-_CAXIAS_DO_SUL_-_CRIUVA_(857_m) -999.9 -999.9 -999.9 -999.9 -999.9 -999.9 -999.9 -999.9 Rio_Grande_do_Sul INMET -999.9 -999.9 -999.9
-28.874167 -50.975556 B817 2026-08-22_23:00 5.2 6 -999.9 79 83 76 1.8 -999.9 -999.9 -999.9 -999.9 -999.9 5.8 280 -999.9 -999.9 -999.9 0.0 2.2 19.1 33.8 33.8 12.3 3.2 98.0 37.0 28.1 INMET_-_CAXIAS_DO_SUL_-_CRIUVA_(857_m) -999.9 -999.9 -999.9 -999.9 -999.9 -999.9 -999.9 -999.9 Rio_Grande_do_Sul INMET -999.9 -999.9 -999.9
