-29.103 -51.08 7331 2026-08-21_00:10 -999.9 -999.9 -999.9 -999.9 -999.9 -999.9 -999.9 -999.9 -999.9 -999.9 -999.9 -999.9 -999.9 -999.9 -999.9 -999.9 -999.9 0.0 13.6 13.6 13.6 -999.9 -999.9 -999.9 -999.9 -999.9 -999.9 CEMADEN_-_Caxias_do_Sul_-_G2-Parque_dos_Pinheiros_(832_m) -999.9 -999.9 -999.9 -999.9 -999.9 -999.9 -999.9 -999.9 Rio_Grande_do_Sul CEMADEN -999.9 0.0 -999.9
-29.103 -51.08 7331 2026-08-21_01:10 -999.9 -999.9 -999.9 -999.9 -999.9 -999.9 -999.9 -999.9 -999.9 -999.9 -999.9 -999.9 -999.9 -999.9 -999.9 -999.9 -999.9 0.0 13.6 13.6 13.6 -999.9 -999.9 -999.9 -999.9 -999.9 -999.9 CEMADEN_-_Caxias_do_Sul_-_G2-Parque_dos_Pinheiros_(832_m) -999.9 -999.9 -999.9 -999.9 -999.9 -999.9 -999.9 -999.9 Rio_Grande_do_Sul CEMADEN -999.9 0.0 -999.9
-29.103 -51.08 7331 2026-08-21_02:00 -999.9 -999.9 -999.9 -999.9 -999.9 -999.9 -999.9 -999.9 -999.9 -999.9 -999.9 -999.9 -999.9 -999.9 -999.9 -999.9 -999.9 0.2 13.8 13.8 13.8 -999.9 -999.9 -999.9 -999.9 -999.9 -999.9 CEMADEN_-_Caxias_do_Sul_-_G2-Parque_dos_Pinheiros_(832_m) -999.9 -999.9 -999.9 -999.9 -999.9 -999.9 -999.9 -999.9 Rio_Grande_do_Sul CEMADEN -999.9 0.2 -999.9
-29.103 -51.08 7331 2026-08-21_03:10 -999.9 -999.9 -999.9 -999.9 -999.9 -999.9 -999.9 -999.9 -999.9 -999.9 -999.9 -999.9 -999.9 -999.9 -999.9 -999.9 -999.9 0.2 13.8 13.8 13.8 -999.9 -999.9 -999.9 -999.9 -999.9 -999.9 CEMADEN_-_Caxias_do_Sul_-_G2-Parque_dos_Pinheiros_(832_m) -999.9 -999.9 -999.9 -999.9 -999.9 -999.9 -999.9 -999.9 Rio_Grande_do_Sul CEMADEN -999.9 0.0 -999.9
-29.103 -51.08 7331 2026-08-21_03:30 -999.9 -999.9 -999.9 -999.9 -999.9 -999.9 -999.9 -999.9 -999.9 -999.9 -999.9 -999.9 -999.9 -999.9 -999.9 -999.9 0.2 0.4 14.0 14.0 14.0 -999.9 -999.9 -999.9 -999.9 -999.9 -999.9 CEMADEN_-_Caxias_do_Sul_-_G2-Parque_dos_Pinheiros_(832_m) -999.9 -999.9 -999.9 -999.9 -999.9 -999.9 -999.9 -999.9 Rio_Grande_do_Sul CEMADEN -999.9 0.2 -999.9
-29.103 -51.08 7331 2026-08-21_04:10 -999.9 -999.9 -999.9 -999.9 -999.9 -999.9 -999.9 -999.9 -999.9 -999.9 -999.9 -999.9 -999.9 -999.9 -999.9 -999.9 0.2 0.4 14.0 14.0 14.0 -999.9 -999.9 -999.9 -999.9 -999.9 -999.9 CEMADEN_-_Caxias_do_Sul_-_G2-Parque_dos_Pinheiros_(832_m) -999.9 -999.9 -999.9 -999.9 -999.9 -999.9 -999.9 -999.9 Rio_Grande_do_Sul CEMADEN -999.9 0.0 -999.9
-29.103 -51.08 7331 2026-08-21_04:20 -999.9 -999.9 -999.9 -999.9 -999.9 -999.9 -999.9 -999.9 -999.9 -999.9 -999.9 -999.9 -999.9 -999.9 -999.9 -999.9 0.4 0.6 14.2 14.2 14.2 -999.9 -999.9 -999.9 -999.9 -999.9 -999.9 CEMADEN_-_Caxias_do_Sul_-_G2-Parque_dos_Pinheiros_(832_m) -999.9 -999.9 -999.9 -999.9 -999.9 -999.9 -999.9 -999.9 Rio_Grande_do_Sul CEMADEN -999.9 0.2 -999.9
-29.103 -51.08 7331 2026-08-21_04:30 -999.9 -999.9 -999.9 -999.9 -999.9 -999.9 -999.9 -999.9 -999.9 -999.9 -999.9 -999.9 -999.9 -999.9 -999.9 -999.9 0.4 0.8 14.4 14.4 14.4 -999.9 -999.9 -999.9 -999.9 -999.9 -999.9 CEMADEN_-_Caxias_do_Sul_-_G2-Parque_dos_Pinheiros_(832_m) -999.9 -999.9 -999.9 -999.9 -999.9 -999.9 -999.9 -999.9 Rio_Grande_do_Sul CEMADEN -999.9 0.2 -999.9
-29.103 -51.08 7331 2026-08-21_04:40 -999.9 -999.9 -999.9 -999.9 -999.9 -999.9 -999.9 -999.9 -999.9 -999.9 -999.9 -999.9 -999.9 -999.9 -999.9 -999.9 0.6 1.0 14.6 14.6 14.6 -999.9 -999.9 -999.9 -999.9 -999.9 -999.9 CEMADEN_-_Caxias_do_Sul_-_G2-Parque_dos_Pinheiros_(832_m) -999.9 -999.9 -999.9 -999.9 -999.9 -999.9 -999.9 -999.9 Rio_Grande_do_Sul CEMADEN -999.9 0.2 -999.9
-29.103 -51.08 7331 2026-08-21_04:50 -999.9 -999.9 -999.9 -999.9 -999.9 -999.9 -999.9 -999.9 -999.9 -999.9 -999.9 -999.9 -999.9 -999.9 -999.9 -999.9 0.8 1.2 14.8 14.8 14.8 -999.9 -999.9 -999.9 -999.9 -999.9 -999.9 CEMADEN_-_Caxias_do_Sul_-_G2-Parque_dos_Pinheiros_(832_m) -999.9 -999.9 -999.9 -999.9 -999.9 -999.9 -999.9 -999.9 Rio_Grande_do_Sul CEMADEN -999.9 0.2 -999.9
-29.103 -51.08 7331 2026-08-21_05:10 -999.9 -999.9 -999.9 -999.9 -999.9 -999.9 -999.9 -999.9 -999.9 -999.9 -999.9 -999.9 -999.9 -999.9 -999.9 -999.9 0.2 1.4 15.0 15.0 15.0 -999.9 -999.9 -999.9 -999.9 -999.9 -999.9 CEMADEN_-_Caxias_do_Sul_-_G2-Parque_dos_Pinheiros_(832_m) -999.9 -999.9 -999.9 -999.9 -999.9 -999.9 -999.9 -999.9 Rio_Grande_do_Sul CEMADEN -999.9 0.2 -999.9
-29.103 -51.08 7331 2026-08-21_06:00 -999.9 -999.9 -999.9 -999.9 -999.9 -999.9 -999.9 -999.9 -999.9 -999.9 -999.9 -999.9 -999.9 -999.9 -999.9 -999.9 0.2 1.6 15.2 15.2 15.2 -999.9 -999.9 -999.9 -999.9 -999.9 -999.9 CEMADEN_-_Caxias_do_Sul_-_G2-Parque_dos_Pinheiros_(832_m) -999.9 -999.9 -999.9 -999.9 -999.9 -999.9 -999.9 -999.9 Rio_Grande_do_Sul CEMADEN -999.9 0.2 -999.9
-29.103 -51.08 7331 2026-08-21_06:20 -999.9 -999.9 -999.9 -999.9 -999.9 -999.9 -999.9 -999.9 -999.9 -999.9 -999.9 -999.9 -999.9 -999.9 -999.9 -999.9 0.4 1.8 15.4 15.4 15.4 -999.9 -999.9 -999.9 -999.9 -999.9 -999.9 CEMADEN_-_Caxias_do_Sul_-_G2-Parque_dos_Pinheiros_(832_m) -999.9 -999.9 -999.9 -999.9 -999.9 -999.9 -999.9 -999.9 Rio_Grande_do_Sul CEMADEN -999.9 0.2 -999.9
-29.103 -51.08 7331 2026-08-21_06:50 -999.9 -999.9 -999.9 -999.9 -999.9 -999.9 -999.9 -999.9 -999.9 -999.9 -999.9 -999.9 -999.9 -999.9 -999.9 -999.9 0.4 2.0 15.6 15.6 15.6 -999.9 -999.9 -999.9 -999.9 -999.9 -999.9 CEMADEN_-_Caxias_do_Sul_-_G2-Parque_dos_Pinheiros_(832_m) -999.9 -999.9 -999.9 -999.9 -999.9 -999.9 -999.9 -999.9 Rio_Grande_do_Sul CEMADEN -999.9 0.2 -999.9
-29.103 -51.08 7331 2026-08-21_07:10 -999.9 -999.9 -999.9 -999.9 -999.9 -999.9 -999.9 -999.9 -999.9 -999.9 -999.9 -999.9 -999.9 -999.9 -999.9 -999.9 0.2 2.2 15.8 15.8 15.8 -999.9 -999.9 -999.9 -999.9 -999.9 -999.9 CEMADEN_-_Caxias_do_Sul_-_G2-Parque_dos_Pinheiros_(832_m) -999.9 -999.9 -999.9 -999.9 -999.9 -999.9 -999.9 -999.9 Rio_Grande_do_Sul CEMADEN -999.9 0.2 -999.9
-29.103 -51.08 7331 2026-08-21_08:10 -999.9 -999.9 -999.9 -999.9 -999.9 -999.9 -999.9 -999.9 -999.9 -999.9 -999.9 -999.9 -999.9 -999.9 -999.9 -999.9 -999.9 2.2 15.8 15.8 15.8 -999.9 -999.9 -999.9 -999.9 -999.9 -999.9 CEMADEN_-_Caxias_do_Sul_-_G2-Parque_dos_Pinheiros_(832_m) -999.9 -999.9 -999.9 -999.9 -999.9 -999.9 -999.9 -999.9 Rio_Grande_do_Sul CEMADEN -999.9 0.0 -999.9
-29.103 -51.08 7331 2026-08-21_09:10 -999.9 -999.9 -999.9 -999.9 -999.9 -999.9 -999.9 -999.9 -999.9 -999.9 -999.9 -999.9 -999.9 -999.9 -999.9 -999.9 -999.9 2.2 15.8 15.8 15.8 -999.9 -999.9 -999.9 -999.9 -999.9 -999.9 CEMADEN_-_Caxias_do_Sul_-_G2-Parque_dos_Pinheiros_(832_m) -999.9 -999.9 -999.9 -999.9 -999.9 -999.9 -999.9 -999.9 Rio_Grande_do_Sul CEMADEN -999.9 0.0 -999.9
-29.103 -51.08 7331 2026-08-21_10:10 -999.9 -999.9 -999.9 -999.9 -999.9 -999.9 -999.9 -999.9 -999.9 -999.9 -999.9 -999.9 -999.9 -999.9 -999.9 -999.9 -999.9 2.2 15.8 15.8 15.8 -999.9 -999.9 -999.9 -999.9 -999.9 -999.9 CEMADEN_-_Caxias_do_Sul_-_G2-Parque_dos_Pinheiros_(832_m) -999.9 -999.9 -999.9 -999.9 -999.9 -999.9 -999.9 -999.9 Rio_Grande_do_Sul CEMADEN -999.9 0.0 -999.9
-29.103 -51.08 7331 2026-08-21_11:10 -999.9 -999.9 -999.9 -999.9 -999.9 -999.9 -999.9 -999.9 -999.9 -999.9 -999.9 -999.9 -999.9 -999.9 -999.9 -999.9 -999.9 2.2 15.8 15.8 15.8 -999.9 -999.9 -999.9 -999.9 -999.9 -999.9 CEMADEN_-_Caxias_do_Sul_-_G2-Parque_dos_Pinheiros_(832_m) -999.9 -999.9 -999.9 -999.9 -999.9 -999.9 -999.9 -999.9 Rio_Grande_do_Sul CEMADEN -999.9 0.0 -999.9
-29.103 -51.08 7331 2026-08-21_12:10 -999.9 -999.9 -999.9 -999.9 -999.9 -999.9 -999.9 -999.9 -999.9 -999.9 -999.9 -999.9 -999.9 -999.9 -999.9 -999.9 -999.9 2.2 15.8 15.8 15.8 -999.9 -999.9 -999.9 -999.9 -999.9 -999.9 CEMADEN_-_Caxias_do_Sul_-_G2-Parque_dos_Pinheiros_(832_m) -999.9 -999.9 -999.9 -999.9 -999.9 -999.9 -999.9 -999.9 Rio_Grande_do_Sul CEMADEN -999.9 0.0 -999.9
-29.103 -51.08 7331 2026-08-21_13:10 -999.9 -999.9 -999.9 -999.9 -999.9 -999.9 -999.9 -999.9 -999.9 -999.9 -999.9 -999.9 -999.9 -999.9 -999.9 -999.9 -999.9 2.2 15.8 15.8 15.8 -999.9 -999.9 -999.9 -999.9 -999.9 -999.9 CEMADEN_-_Caxias_do_Sul_-_G2-Parque_dos_Pinheiros_(832_m) -999.9 -999.9 -999.9 -999.9 -999.9 -999.9 -999.9 -999.9 Rio_Grande_do_Sul CEMADEN -999.9 0.0 -999.9
-29.103 -51.08 7331 2026-08-21_14:10 -999.9 -999.9 -999.9 -999.9 -999.9 -999.9 -999.9 -999.9 -999.9 -999.9 -999.9 -999.9 -999.9 -999.9 -999.9 -999.9 -999.9 2.2 15.8 15.8 15.8 -999.9 -999.9 -999.9 -999.9 -999.9 -999.9 CEMADEN_-_Caxias_do_Sul_-_G2-Parque_dos_Pinheiros_(832_m) -999.9 -999.9 -999.9 -999.9 -999.9 -999.9 -999.9 -999.9 Rio_Grande_do_Sul CEMADEN -999.9 0.0 -999.9
-29.103 -51.08 7331 2026-08-21_15:10 -999.9 -999.9 -999.9 -999.9 -999.9 -999.9 -999.9 -999.9 -999.9 -999.9 -999.9 -999.9 -999.9 -999.9 -999.9 -999.9 -999.9 2.2 15.0 15.8 15.8 -999.9 -999.9 -999.9 -999.9 -999.9 -999.9 CEMADEN_-_Caxias_do_Sul_-_G2-Parque_dos_Pinheiros_(832_m) -999.9 -999.9 -999.9 -999.9 -999.9 -999.9 -999.9 -999.9 Rio_Grande_do_Sul CEMADEN -999.9 0.0 -999.9
-29.103 -51.08 7331 2026-08-21_16:10 -999.9 -999.9 -999.9 -999.9 -999.9 -999.9 -999.9 -999.9 -999.9 -999.9 -999.9 -999.9 -999.9 -999.9 -999.9 -999.9 -999.9 2.2 14.8 15.8 15.8 -999.9 -999.9 -999.9 -999.9 -999.9 -999.9 CEMADEN_-_Caxias_do_Sul_-_G2-Parque_dos_Pinheiros_(832_m) -999.9 -999.9 -999.9 -999.9 -999.9 -999.9 -999.9 -999.9 Rio_Grande_do_Sul CEMADEN -999.9 0.0 -999.9
-29.103 -51.08 7331 2026-08-21_17:10 -999.9 -999.9 -999.9 -999.9 -999.9 -999.9 -999.9 -999.9 -999.9 -999.9 -999.9 -999.9 -999.9 -999.9 -999.9 -999.9 -999.9 2.2 14.8 15.8 15.8 -999.9 -999.9 -999.9 -999.9 -999.9 -999.9 CEMADEN_-_Caxias_do_Sul_-_G2-Parque_dos_Pinheiros_(832_m) -999.9 -999.9 -999.9 -999.9 -999.9 -999.9 -999.9 -999.9 Rio_Grande_do_Sul CEMADEN -999.9 0.0 -999.9
-29.103 -51.08 7331 2026-08-21_18:10 -999.9 -999.9 -999.9 -999.9 -999.9 -999.9 -999.9 -999.9 -999.9 -999.9 -999.9 -999.9 -999.9 -999.9 -999.9 -999.9 -999.9 2.2 14.8 15.8 15.8 -999.9 -999.9 -999.9 -999.9 -999.9 -999.9 CEMADEN_-_Caxias_do_Sul_-_G2-Parque_dos_Pinheiros_(832_m) -999.9 -999.9 -999.9 -999.9 -999.9 -999.9 -999.9 -999.9 Rio_Grande_do_Sul CEMADEN -999.9 0.0 -999.9
-29.103 -51.08 7331 2026-08-21_19:10 -999.9 -999.9 -999.9 -999.9 -999.9 -999.9 -999.9 -999.9 -999.9 -999.9 -999.9 -999.9 -999.9 -999.9 -999.9 -999.9 -999.9 2.2 14.8 15.8 15.8 -999.9 -999.9 -999.9 -999.9 -999.9 -999.9 CEMADEN_-_Caxias_do_Sul_-_G2-Parque_dos_Pinheiros_(832_m) -999.9 -999.9 -999.9 -999.9 -999.9 -999.9 -999.9 -999.9 Rio_Grande_do_Sul CEMADEN -999.9 0.0 -999.9
-29.103 -51.08 7331 2026-08-21_20:10 -999.9 -999.9 -999.9 -999.9 -999.9 -999.9 -999.9 -999.9 -999.9 -999.9 -999.9 -999.9 -999.9 -999.9 -999.9 -999.9 -999.9 2.2 14.8 15.8 15.8 -999.9 -999.9 -999.9 -999.9 -999.9 -999.9 CEMADEN_-_Caxias_do_Sul_-_G2-Parque_dos_Pinheiros_(832_m) -999.9 -999.9 -999.9 -999.9 -999.9 -999.9 -999.9 -999.9 Rio_Grande_do_Sul CEMADEN -999.9 0.0 -999.9
-29.103 -51.08 7331 2026-08-21_21:10 -999.9 -999.9 -999.9 -999.9 -999.9 -999.9 -999.9 -999.9 -999.9 -999.9 -999.9 -999.9 -999.9 -999.9 -999.9 -999.9 -999.9 2.2 14.8 15.8 15.8 -999.9 -999.9 -999.9 -999.9 -999.9 -999.9 CEMADEN_-_Caxias_do_Sul_-_G2-Parque_dos_Pinheiros_(832_m) -999.9 -999.9 -999.9 -999.9 -999.9 -999.9 -999.9 -999.9 Rio_Grande_do_Sul CEMADEN -999.9 0.0 -999.9
-29.103 -51.08 7331 2026-08-21_22:10 -999.9 -999.9 -999.9 -999.9 -999.9 -999.9 -999.9 -999.9 -999.9 -999.9 -999.9 -999.9 -999.9 -999.9 -999.9 -999.9 -999.9 2.2 14.8 15.8 15.8 -999.9 -999.9 -999.9 -999.9 -999.9 -999.9 CEMADEN_-_Caxias_do_Sul_-_G2-Parque_dos_Pinheiros_(832_m) -999.9 -999.9 -999.9 -999.9 -999.9 -999.9 -999.9 -999.9 Rio_Grande_do_Sul CEMADEN -999.9 0.0 -999.9
-29.103 -51.08 7331 2026-08-21_23:10 -999.9 -999.9 -999.9 -999.9 -999.9 -999.9 -999.9 -999.9 -999.9 -999.9 -999.9 -999.9 -999.9 -999.9 -999.9 -999.9 -999.9 2.2 14.8 15.8 15.8 -999.9 -999.9 -999.9 -999.9 -999.9 -999.9 CEMADEN_-_Caxias_do_Sul_-_G2-Parque_dos_Pinheiros_(832_m) -999.9 -999.9 -999.9 -999.9 -999.9 -999.9 -999.9 -999.9 Rio_Grande_do_Sul CEMADEN -999.9 0.0 -999.9
