-28.84444 -51.87916 02851044 2026-07-26_00:00 -999.9 -999.9 -999.9 -999.9 -999.9 -999.9 -999.9 -999.9 -999.9 -999.9 -999.9 -999.9 -999.9 -999.9 -999.9 -999.9 0.0 0.0 0.0 0.0 0.0 0.0 -999.9 -999.9 -999.9 -999.9 -999.9 SGB/CPRM_-_Guaporé_(525_m) -999.9 -999.9 -999.9 -999.9 -999.9 -999.9 -999.9 -999.9 Brasil SGB/CPRM -999.9 0.0 0.0 -999.9 -999.9 -999.9 0 0 0 0 0 0.1
-28.84444 -51.87916 02851044 2026-07-26_00:15 -999.9 -999.9 -999.9 -999.9 -999.9 -999.9 -999.9 -999.9 -999.9 -999.9 -999.9 -999.9 -999.9 -999.9 -999.9 -999.9 0.0 0.0 0.0 0.0 0.0 0.0 -999.9 -999.9 -999.9 -999.9 -999.9 SGB/CPRM_-_Guaporé_(525_m) -999.9 -999.9 -999.9 -999.9 -999.9 -999.9 -999.9 -999.9 Brasil SGB/CPRM -999.9 0.0 0.0 -999.9 -999.9 -999.9 0 0 0 0 0 0.1
-28.84444 -51.87916 02851044 2026-07-26_00:30 -999.9 -999.9 -999.9 -999.9 -999.9 -999.9 -999.9 -999.9 -999.9 -999.9 -999.9 -999.9 -999.9 -999.9 -999.9 -999.9 0.0 0.0 0.0 0.0 0.0 0.0 -999.9 -999.9 -999.9 -999.9 -999.9 SGB/CPRM_-_Guaporé_(525_m) -999.9 -999.9 -999.9 -999.9 -999.9 -999.9 -999.9 -999.9 Brasil SGB/CPRM -999.9 0.0 0.0 -999.9 -999.9 -999.9 0 0 0 0 0 0.1
-28.84444 -51.87916 02851044 2026-07-26_00:45 -999.9 -999.9 -999.9 -999.9 -999.9 -999.9 -999.9 -999.9 -999.9 -999.9 -999.9 -999.9 -999.9 -999.9 -999.9 -999.9 0.0 0.0 0.0 0.0 0.0 0.0 -999.9 -999.9 -999.9 -999.9 -999.9 SGB/CPRM_-_Guaporé_(525_m) -999.9 -999.9 -999.9 -999.9 -999.9 -999.9 -999.9 -999.9 Brasil SGB/CPRM -999.9 0.0 0.0 -999.9 -999.9 -999.9 0 0 0 0 0 0.1
-28.84444 -51.87916 02851044 2026-07-26_01:00 -999.9 -999.9 -999.9 -999.9 -999.9 -999.9 -999.9 -999.9 -999.9 -999.9 -999.9 -999.9 -999.9 -999.9 -999.9 -999.9 0.0 0.0 0.0 0.0 0.0 0.0 -999.9 -999.9 -999.9 -999.9 -999.9 SGB/CPRM_-_Guaporé_(525_m) -999.9 -999.9 -999.9 -999.9 -999.9 -999.9 -999.9 -999.9 Brasil SGB/CPRM -999.9 0.0 0.0 -999.9 -999.9 -999.9 0 0 0 0 0 0.1
-28.84444 -51.87916 02851044 2026-07-26_01:15 -999.9 -999.9 -999.9 -999.9 -999.9 -999.9 -999.9 -999.9 -999.9 -999.9 -999.9 -999.9 -999.9 -999.9 -999.9 -999.9 0.0 0.0 0.0 0.0 0.0 0.0 -999.9 -999.9 -999.9 -999.9 -999.9 SGB/CPRM_-_Guaporé_(525_m) -999.9 -999.9 -999.9 -999.9 -999.9 -999.9 -999.9 -999.9 Brasil SGB/CPRM -999.9 0.0 0.0 -999.9 -999.9 -999.9 0 0 0 0 0 0.1
-28.84444 -51.87916 02851044 2026-07-26_01:30 -999.9 -999.9 -999.9 -999.9 -999.9 -999.9 -999.9 -999.9 -999.9 -999.9 -999.9 -999.9 -999.9 -999.9 -999.9 -999.9 0.0 0.0 0.0 0.0 0.0 0.0 -999.9 -999.9 -999.9 -999.9 -999.9 SGB/CPRM_-_Guaporé_(525_m) -999.9 -999.9 -999.9 -999.9 -999.9 -999.9 -999.9 -999.9 Brasil SGB/CPRM -999.9 0.0 0.0 -999.9 -999.9 -999.9 0 0 0 0 0 0.1
-28.84444 -51.87916 02851044 2026-07-26_01:45 -999.9 -999.9 -999.9 -999.9 -999.9 -999.9 -999.9 -999.9 -999.9 -999.9 -999.9 -999.9 -999.9 -999.9 -999.9 -999.9 0.0 0.0 0.0 0.0 0.0 0.0 -999.9 -999.9 -999.9 -999.9 -999.9 SGB/CPRM_-_Guaporé_(525_m) -999.9 -999.9 -999.9 -999.9 -999.9 -999.9 -999.9 -999.9 Brasil SGB/CPRM -999.9 0.0 0.0 -999.9 -999.9 -999.9 0 0 0 0 0 0.1
-28.84444 -51.87916 02851044 2026-07-26_02:00 -999.9 -999.9 -999.9 -999.9 -999.9 -999.9 -999.9 -999.9 -999.9 -999.9 -999.9 -999.9 -999.9 -999.9 -999.9 -999.9 0.0 0.0 0.0 0.0 0.0 0.0 -999.9 -999.9 -999.9 -999.9 -999.9 SGB/CPRM_-_Guaporé_(525_m) -999.9 -999.9 -999.9 -999.9 -999.9 -999.9 -999.9 -999.9 Brasil SGB/CPRM -999.9 0.0 0.0 0 0 0 0 0 0 0 0 0.1
-28.84444 -51.87916 02851044 2026-07-26_02:15 -999.9 -999.9 -999.9 -999.9 -999.9 -999.9 -999.9 -999.9 -999.9 -999.9 -999.9 -999.9 -999.9 -999.9 -999.9 -999.9 0.0 0.0 0.0 0.0 0.0 0.0 -999.9 -999.9 -999.9 -999.9 -999.9 SGB/CPRM_-_Guaporé_(525_m) -999.9 -999.9 -999.9 -999.9 -999.9 -999.9 -999.9 -999.9 Brasil SGB/CPRM -999.9 0.0 0.0 -999.9 0 0 0 0 0 0 0 0.1
-28.84444 -51.87916 02851044 2026-07-26_02:30 -999.9 -999.9 -999.9 -999.9 -999.9 -999.9 -999.9 -999.9 -999.9 -999.9 -999.9 -999.9 -999.9 -999.9 -999.9 -999.9 0.0 0.0 0.0 0.0 0.0 0.0 -999.9 -999.9 -999.9 -999.9 -999.9 SGB/CPRM_-_Guaporé_(525_m) -999.9 -999.9 -999.9 -999.9 -999.9 -999.9 -999.9 -999.9 Brasil SGB/CPRM -999.9 0.0 0.0 -999.9 0 0 0 0 0 0 0 0.1
-28.84444 -51.87916 02851044 2026-07-26_02:45 -999.9 -999.9 -999.9 -999.9 -999.9 -999.9 -999.9 -999.9 -999.9 -999.9 -999.9 -999.9 -999.9 -999.9 -999.9 -999.9 0.0 0.0 0.0 0.0 0.0 0.0 -999.9 -999.9 -999.9 -999.9 -999.9 SGB/CPRM_-_Guaporé_(525_m) -999.9 -999.9 -999.9 -999.9 -999.9 -999.9 -999.9 -999.9 Brasil SGB/CPRM -999.9 0.0 0.0 -999.9 0 0 0 0 0 0 0 0.1
-28.84444 -51.87916 02851044 2026-07-26_03:00 -999.9 -999.9 -999.9 -999.9 -999.9 -999.9 -999.9 -999.9 -999.9 -999.9 -999.9 -999.9 -999.9 -999.9 -999.9 -999.9 0.0 0.0 0.0 0.0 0.0 0.0 -999.9 -999.9 -999.9 -999.9 -999.9 SGB/CPRM_-_Guaporé_(525_m) -999.9 -999.9 -999.9 -999.9 -999.9 -999.9 -999.9 -999.9 Brasil SGB/CPRM -999.9 0.0 0.0 -999.9 0 0 0 0 0 0 0 0.1
-28.84444 -51.87916 02851044 2026-07-26_03:15 -999.9 -999.9 -999.9 -999.9 -999.9 -999.9 -999.9 -999.9 -999.9 -999.9 -999.9 -999.9 -999.9 -999.9 -999.9 -999.9 0.0 0.0 0.0 0.0 0.0 0.0 -999.9 -999.9 -999.9 -999.9 -999.9 SGB/CPRM_-_Guaporé_(525_m) -999.9 -999.9 -999.9 -999.9 -999.9 -999.9 -999.9 -999.9 Brasil SGB/CPRM -999.9 0.0 0.0 -999.9 0 0 0 0 0 0 0 0.1
-28.84444 -51.87916 02851044 2026-07-26_03:30 -999.9 -999.9 -999.9 -999.9 -999.9 -999.9 -999.9 -999.9 -999.9 -999.9 -999.9 -999.9 -999.9 -999.9 -999.9 -999.9 0.0 0.0 0.0 0.0 0.0 0.0 -999.9 -999.9 -999.9 -999.9 -999.9 SGB/CPRM_-_Guaporé_(525_m) -999.9 -999.9 -999.9 -999.9 -999.9 -999.9 -999.9 -999.9 Brasil SGB/CPRM -999.9 0.0 0.0 -999.9 0 0 0 0 0 0 0 0.1
-28.84444 -51.87916 02851044 2026-07-26_03:45 -999.9 -999.9 -999.9 -999.9 -999.9 -999.9 -999.9 -999.9 -999.9 -999.9 -999.9 -999.9 -999.9 -999.9 -999.9 -999.9 0.0 0.0 0.0 0.0 0.0 0.0 -999.9 -999.9 -999.9 -999.9 -999.9 SGB/CPRM_-_Guaporé_(525_m) -999.9 -999.9 -999.9 -999.9 -999.9 -999.9 -999.9 -999.9 Brasil SGB/CPRM -999.9 0.0 0.0 -999.9 0 0 0 0 0 0 0 0.1
-28.84444 -51.87916 02851044 2026-07-26_04:00 -999.9 -999.9 -999.9 -999.9 -999.9 -999.9 -999.9 -999.9 -999.9 -999.9 -999.9 -999.9 -999.9 -999.9 -999.9 -999.9 0.0 0.0 0.0 0.0 0.0 0.0 -999.9 -999.9 -999.9 -999.9 -999.9 SGB/CPRM_-_Guaporé_(525_m) -999.9 -999.9 -999.9 -999.9 -999.9 -999.9 -999.9 -999.9 Brasil SGB/CPRM -999.9 0.0 0.0 -999.9 0 0 0 0 0 0 0 0.1
-28.84444 -51.87916 02851044 2026-07-26_04:15 -999.9 -999.9 -999.9 -999.9 -999.9 -999.9 -999.9 -999.9 -999.9 -999.9 -999.9 -999.9 -999.9 -999.9 -999.9 -999.9 0.0 0.0 0.0 0.0 0.0 0.0 -999.9 -999.9 -999.9 -999.9 -999.9 SGB/CPRM_-_Guaporé_(525_m) -999.9 -999.9 -999.9 -999.9 -999.9 -999.9 -999.9 -999.9 Brasil SGB/CPRM -999.9 0.0 0.0 -999.9 0 0 0 0 0 0 0 0.1
-28.84444 -51.87916 02851044 2026-07-26_04:30 -999.9 -999.9 -999.9 -999.9 -999.9 -999.9 -999.9 -999.9 -999.9 -999.9 -999.9 -999.9 -999.9 -999.9 -999.9 -999.9 0.0 0.0 0.0 0.0 0.0 0.0 -999.9 -999.9 -999.9 -999.9 -999.9 SGB/CPRM_-_Guaporé_(525_m) -999.9 -999.9 -999.9 -999.9 -999.9 -999.9 -999.9 -999.9 Brasil SGB/CPRM -999.9 0.0 0.0 -999.9 0 0 0 0 0 0 0 0.1
-28.84444 -51.87916 02851044 2026-07-26_04:45 -999.9 -999.9 -999.9 -999.9 -999.9 -999.9 -999.9 -999.9 -999.9 -999.9 -999.9 -999.9 -999.9 -999.9 -999.9 -999.9 0.0 0.0 0.0 0.0 0.0 0.0 -999.9 -999.9 -999.9 -999.9 -999.9 SGB/CPRM_-_Guaporé_(525_m) -999.9 -999.9 -999.9 -999.9 -999.9 -999.9 -999.9 -999.9 Brasil SGB/CPRM -999.9 0.0 0.0 -999.9 0 0 0 0 0 0 0 0.1
-28.84444 -51.87916 02851044 2026-07-26_05:00 -999.9 -999.9 -999.9 -999.9 -999.9 -999.9 -999.9 -999.9 -999.9 -999.9 -999.9 -999.9 -999.9 -999.9 -999.9 -999.9 0.0 0.0 0.0 0.0 0.0 0.0 -999.9 -999.9 -999.9 -999.9 -999.9 SGB/CPRM_-_Guaporé_(525_m) -999.9 -999.9 -999.9 -999.9 -999.9 -999.9 -999.9 -999.9 Brasil SGB/CPRM -999.9 0.0 0.0 -999.9 0 0 0 0 0 0 0 0.1
-28.84444 -51.87916 02851044 2026-07-26_05:15 -999.9 -999.9 -999.9 -999.9 -999.9 -999.9 -999.9 -999.9 -999.9 -999.9 -999.9 -999.9 -999.9 -999.9 -999.9 -999.9 0.0 0.0 0.0 0.0 0.0 0.0 -999.9 -999.9 -999.9 -999.9 -999.9 SGB/CPRM_-_Guaporé_(525_m) -999.9 -999.9 -999.9 -999.9 -999.9 -999.9 -999.9 -999.9 Brasil SGB/CPRM -999.9 0.0 0.0 -999.9 0 0 0 0 0 0 0 0.1
-28.84444 -51.87916 02851044 2026-07-26_05:30 -999.9 -999.9 -999.9 -999.9 -999.9 -999.9 -999.9 -999.9 -999.9 -999.9 -999.9 -999.9 -999.9 -999.9 -999.9 -999.9 0.0 0.0 0.0 0.0 0.0 0.0 -999.9 -999.9 -999.9 -999.9 -999.9 SGB/CPRM_-_Guaporé_(525_m) -999.9 -999.9 -999.9 -999.9 -999.9 -999.9 -999.9 -999.9 Brasil SGB/CPRM -999.9 0.0 0.0 -999.9 0 0 0 0 0 0 0 0.1
-28.84444 -51.87916 02851044 2026-07-26_05:45 -999.9 -999.9 -999.9 -999.9 -999.9 -999.9 -999.9 -999.9 -999.9 -999.9 -999.9 -999.9 -999.9 -999.9 -999.9 -999.9 0.0 0.0 0.0 0.0 0.0 0.0 -999.9 -999.9 -999.9 -999.9 -999.9 SGB/CPRM_-_Guaporé_(525_m) -999.9 -999.9 -999.9 -999.9 -999.9 -999.9 -999.9 -999.9 Brasil SGB/CPRM -999.9 0.0 0.0 -999.9 0 0 0 0 0 0 0 0.1
-28.84444 -51.87916 02851044 2026-07-26_06:00 -999.9 -999.9 -999.9 -999.9 -999.9 -999.9 -999.9 -999.9 -999.9 -999.9 -999.9 -999.9 -999.9 -999.9 -999.9 -999.9 0.0 0.0 0.0 0.0 0.0 0.0 -999.9 -999.9 -999.9 -999.9 -999.9 SGB/CPRM_-_Guaporé_(525_m) -999.9 -999.9 -999.9 -999.9 -999.9 -999.9 -999.9 -999.9 Brasil SGB/CPRM -999.9 0.0 0.0 -999.9 0 0 0 0 0 0 0 0.1
-28.84444 -51.87916 02851044 2026-07-26_06:15 -999.9 -999.9 -999.9 -999.9 -999.9 -999.9 -999.9 -999.9 -999.9 -999.9 -999.9 -999.9 -999.9 -999.9 -999.9 -999.9 0.0 0.0 0.0 0.0 0.0 0.0 -999.9 -999.9 -999.9 -999.9 -999.9 SGB/CPRM_-_Guaporé_(525_m) -999.9 -999.9 -999.9 -999.9 -999.9 -999.9 -999.9 -999.9 Brasil SGB/CPRM -999.9 0.0 0.0 -999.9 0 0 0 0 0 0 0 0.1
-28.84444 -51.87916 02851044 2026-07-26_06:30 -999.9 -999.9 -999.9 -999.9 -999.9 -999.9 -999.9 -999.9 -999.9 -999.9 -999.9 -999.9 -999.9 -999.9 -999.9 -999.9 0.0 0.0 0.0 0.0 0.0 0.0 -999.9 -999.9 -999.9 -999.9 -999.9 SGB/CPRM_-_Guaporé_(525_m) -999.9 -999.9 -999.9 -999.9 -999.9 -999.9 -999.9 -999.9 Brasil SGB/CPRM -999.9 0.0 0.0 -999.9 0 0 0 0 0 0 0 0.1
-28.84444 -51.87916 02851044 2026-07-26_06:45 -999.9 -999.9 -999.9 -999.9 -999.9 -999.9 -999.9 -999.9 -999.9 -999.9 -999.9 -999.9 -999.9 -999.9 -999.9 -999.9 0.0 0.0 0.0 0.0 0.0 0.0 -999.9 -999.9 -999.9 -999.9 -999.9 SGB/CPRM_-_Guaporé_(525_m) -999.9 -999.9 -999.9 -999.9 -999.9 -999.9 -999.9 -999.9 Brasil SGB/CPRM -999.9 0.0 0.0 -999.9 0 0 0 0 0 0 0 0.1
-28.84444 -51.87916 02851044 2026-07-26_07:00 -999.9 -999.9 -999.9 -999.9 -999.9 -999.9 -999.9 -999.9 -999.9 -999.9 -999.9 -999.9 -999.9 -999.9 -999.9 -999.9 0.0 0.0 0.0 0.0 0.0 0.0 -999.9 -999.9 -999.9 -999.9 -999.9 SGB/CPRM_-_Guaporé_(525_m) -999.9 -999.9 -999.9 -999.9 -999.9 -999.9 -999.9 -999.9 Brasil SGB/CPRM -999.9 0.0 0.0 -999.9 0 0 0 0 0 0 0 0.1
-28.84444 -51.87916 02851044 2026-07-26_07:15 -999.9 -999.9 -999.9 -999.9 -999.9 -999.9 -999.9 -999.9 -999.9 -999.9 -999.9 -999.9 -999.9 -999.9 -999.9 -999.9 0.0 0.0 0.0 0.0 0.0 0.0 -999.9 -999.9 -999.9 -999.9 -999.9 SGB/CPRM_-_Guaporé_(525_m) -999.9 -999.9 -999.9 -999.9 -999.9 -999.9 -999.9 -999.9 Brasil SGB/CPRM -999.9 0.0 0.0 -999.9 0 0 0 0 0 0 0 0.1
-28.84444 -51.87916 02851044 2026-07-26_07:30 -999.9 -999.9 -999.9 -999.9 -999.9 -999.9 -999.9 -999.9 -999.9 -999.9 -999.9 -999.9 -999.9 -999.9 -999.9 -999.9 0.0 0.0 0.0 0.0 0.0 0.0 -999.9 -999.9 -999.9 -999.9 -999.9 SGB/CPRM_-_Guaporé_(525_m) -999.9 -999.9 -999.9 -999.9 -999.9 -999.9 -999.9 -999.9 Brasil SGB/CPRM -999.9 0.0 0.0 -999.9 0 0 0 0 0 0 0 0.1
-28.84444 -51.87916 02851044 2026-07-26_07:45 -999.9 -999.9 -999.9 -999.9 -999.9 -999.9 -999.9 -999.9 -999.9 -999.9 -999.9 -999.9 -999.9 -999.9 -999.9 -999.9 0.0 0.0 0.0 0.0 0.0 0.0 -999.9 -999.9 -999.9 -999.9 -999.9 SGB/CPRM_-_Guaporé_(525_m) -999.9 -999.9 -999.9 -999.9 -999.9 -999.9 -999.9 -999.9 Brasil SGB/CPRM -999.9 0.0 0.0 -999.9 0 0 0 0 0 0 0 0.1
-28.84444 -51.87916 02851044 2026-07-26_08:00 -999.9 -999.9 -999.9 -999.9 -999.9 -999.9 -999.9 -999.9 -999.9 -999.9 -999.9 -999.9 -999.9 -999.9 -999.9 -999.9 0.0 0.0 0.0 0.0 0.0 0.0 -999.9 -999.9 -999.9 -999.9 -999.9 SGB/CPRM_-_Guaporé_(525_m) -999.9 -999.9 -999.9 -999.9 -999.9 -999.9 -999.9 -999.9 Brasil SGB/CPRM -999.9 0.0 0.0 -999.9 0 0 0 0 0 0 0 0.1
-28.84444 -51.87916 02851044 2026-07-26_08:15 -999.9 -999.9 -999.9 -999.9 -999.9 -999.9 -999.9 -999.9 -999.9 -999.9 -999.9 -999.9 -999.9 -999.9 -999.9 -999.9 0.0 0.0 0.0 0.0 0.0 0.0 -999.9 -999.9 -999.9 -999.9 -999.9 SGB/CPRM_-_Guaporé_(525_m) -999.9 -999.9 -999.9 -999.9 -999.9 -999.9 -999.9 -999.9 Brasil SGB/CPRM -999.9 0.0 0.0 -999.9 0 0 0 0 0 0 0 0.1
-28.84444 -51.87916 02851044 2026-07-26_08:30 -999.9 -999.9 -999.9 -999.9 -999.9 -999.9 -999.9 -999.9 -999.9 -999.9 -999.9 -999.9 -999.9 -999.9 -999.9 -999.9 0.0 0.0 0.0 0.0 0.0 0.0 -999.9 -999.9 -999.9 -999.9 -999.9 SGB/CPRM_-_Guaporé_(525_m) -999.9 -999.9 -999.9 -999.9 -999.9 -999.9 -999.9 -999.9 Brasil SGB/CPRM -999.9 0.0 0.0 -999.9 0 0 0 0 0 0 0 0.1
-28.84444 -51.87916 02851044 2026-07-26_08:45 -999.9 -999.9 -999.9 -999.9 -999.9 -999.9 -999.9 -999.9 -999.9 -999.9 -999.9 -999.9 -999.9 -999.9 -999.9 -999.9 0.0 0.0 0.0 0.0 0.0 0.0 -999.9 -999.9 -999.9 -999.9 -999.9 SGB/CPRM_-_Guaporé_(525_m) -999.9 -999.9 -999.9 -999.9 -999.9 -999.9 -999.9 -999.9 Brasil SGB/CPRM -999.9 0.0 0.0 0 0 0 0 0 0 0 0 0.1
-28.84444 -51.87916 02851044 2026-07-26_09:00 -999.9 -999.9 -999.9 -999.9 -999.9 -999.9 -999.9 -999.9 -999.9 -999.9 -999.9 -999.9 -999.9 -999.9 -999.9 -999.9 0.0 0.0 0.0 0.0 0.0 0.0 -999.9 -999.9 -999.9 -999.9 -999.9 SGB/CPRM_-_Guaporé_(525_m) -999.9 -999.9 -999.9 -999.9 -999.9 -999.9 -999.9 -999.9 Brasil SGB/CPRM -999.9 0.0 0.0 -999.9 0 0 0 0 0 0 0 0.1
-28.84444 -51.87916 02851044 2026-07-26_09:15 -999.9 -999.9 -999.9 -999.9 -999.9 -999.9 -999.9 -999.9 -999.9 -999.9 -999.9 -999.9 -999.9 -999.9 -999.9 -999.9 0.0 0.0 0.0 0.0 0.0 0.0 -999.9 -999.9 -999.9 -999.9 -999.9 SGB/CPRM_-_Guaporé_(525_m) -999.9 -999.9 -999.9 -999.9 -999.9 -999.9 -999.9 -999.9 Brasil SGB/CPRM -999.9 0.0 0.0 -999.9 0 0 0 0 0 0 0 0.1
-28.84444 -51.87916 02851044 2026-07-26_09:30 -999.9 -999.9 -999.9 -999.9 -999.9 -999.9 -999.9 -999.9 -999.9 -999.9 -999.9 -999.9 -999.9 -999.9 -999.9 -999.9 0.0 0.0 0.0 0.0 0.0 0.0 -999.9 -999.9 -999.9 -999.9 -999.9 SGB/CPRM_-_Guaporé_(525_m) -999.9 -999.9 -999.9 -999.9 -999.9 -999.9 -999.9 -999.9 Brasil SGB/CPRM -999.9 0.0 0.0 -999.9 0 0 0 0 0 0 0 0.1
-28.84444 -51.87916 02851044 2026-07-26_09:45 -999.9 -999.9 -999.9 -999.9 -999.9 -999.9 -999.9 -999.9 -999.9 -999.9 -999.9 -999.9 -999.9 -999.9 -999.9 -999.9 0.0 0.0 0.0 0.0 0.0 0.0 -999.9 -999.9 -999.9 -999.9 -999.9 SGB/CPRM_-_Guaporé_(525_m) -999.9 -999.9 -999.9 -999.9 -999.9 -999.9 -999.9 -999.9 Brasil SGB/CPRM -999.9 0.0 0.0 -999.9 0 0 0 0 0 0 0 0.1
-28.84444 -51.87916 02851044 2026-07-26_10:00 -999.9 -999.9 -999.9 -999.9 -999.9 -999.9 -999.9 -999.9 -999.9 -999.9 -999.9 -999.9 -999.9 -999.9 -999.9 -999.9 0.0 0.0 0.0 0.0 0.0 0.0 -999.9 -999.9 -999.9 -999.9 -999.9 SGB/CPRM_-_Guaporé_(525_m) -999.9 -999.9 -999.9 -999.9 -999.9 -999.9 -999.9 -999.9 Brasil SGB/CPRM -999.9 0.0 0.0 -999.9 0 0 0 0 0 0 0 0.1
-28.84444 -51.87916 02851044 2026-07-26_10:15 -999.9 -999.9 -999.9 -999.9 -999.9 -999.9 -999.9 -999.9 -999.9 -999.9 -999.9 -999.9 -999.9 -999.9 -999.9 -999.9 0.0 0.0 0.0 0.0 0.0 0.0 -999.9 -999.9 -999.9 -999.9 -999.9 SGB/CPRM_-_Guaporé_(525_m) -999.9 -999.9 -999.9 -999.9 -999.9 -999.9 -999.9 -999.9 Brasil SGB/CPRM -999.9 0.0 0.0 -999.9 0 0 0 0 0 0 0 0.1
-28.84444 -51.87916 02851044 2026-07-26_10:30 -999.9 -999.9 -999.9 -999.9 -999.9 -999.9 -999.9 -999.9 -999.9 -999.9 -999.9 -999.9 -999.9 -999.9 -999.9 -999.9 0.0 0.0 0.0 0.0 0.0 0.0 -999.9 -999.9 -999.9 -999.9 -999.9 SGB/CPRM_-_Guaporé_(525_m) -999.9 -999.9 -999.9 -999.9 -999.9 -999.9 -999.9 -999.9 Brasil SGB/CPRM -999.9 0.0 0.0 -999.9 0 0 0 0 0 0 0 0.1
-28.84444 -51.87916 02851044 2026-07-26_10:45 -999.9 -999.9 -999.9 -999.9 -999.9 -999.9 -999.9 -999.9 -999.9 -999.9 -999.9 -999.9 -999.9 -999.9 -999.9 -999.9 0.0 0.0 0.0 0.0 0.0 0.0 -999.9 -999.9 -999.9 -999.9 -999.9 SGB/CPRM_-_Guaporé_(525_m) -999.9 -999.9 -999.9 -999.9 -999.9 -999.9 -999.9 -999.9 Brasil SGB/CPRM -999.9 0.0 0.0 -999.9 0 0 0 0 0 0 0 0.1
-28.84444 -51.87916 02851044 2026-07-26_11:00 -999.9 -999.9 -999.9 -999.9 -999.9 -999.9 -999.9 -999.9 -999.9 -999.9 -999.9 -999.9 -999.9 -999.9 -999.9 -999.9 0.0 0.0 0.0 0.0 0.0 0.0 -999.9 -999.9 -999.9 -999.9 -999.9 SGB/CPRM_-_Guaporé_(525_m) -999.9 -999.9 -999.9 -999.9 -999.9 -999.9 -999.9 -999.9 Brasil SGB/CPRM -999.9 0.0 0.0 -999.9 0 0 0 0 0 0 0 0.1
-28.84444 -51.87916 02851044 2026-07-26_11:15 -999.9 -999.9 -999.9 -999.9 -999.9 -999.9 -999.9 -999.9 -999.9 -999.9 -999.9 -999.9 -999.9 -999.9 -999.9 -999.9 0.0 0.0 0.0 0.0 0.0 0.0 -999.9 -999.9 -999.9 -999.9 -999.9 SGB/CPRM_-_Guaporé_(525_m) -999.9 -999.9 -999.9 -999.9 -999.9 -999.9 -999.9 -999.9 Brasil SGB/CPRM -999.9 0.0 0.0 -999.9 0 0 0 0 0 0 0 0.1
-28.84444 -51.87916 02851044 2026-07-26_11:30 -999.9 -999.9 -999.9 -999.9 -999.9 -999.9 -999.9 -999.9 -999.9 -999.9 -999.9 -999.9 -999.9 -999.9 -999.9 -999.9 0.0 0.0 0.0 0.0 0.0 0.0 -999.9 -999.9 -999.9 -999.9 -999.9 SGB/CPRM_-_Guaporé_(525_m) -999.9 -999.9 -999.9 -999.9 -999.9 -999.9 -999.9 -999.9 Brasil SGB/CPRM -999.9 0.0 0.0 -999.9 0 0 0 0 0 0 0 0.1
-28.84444 -51.87916 02851044 2026-07-26_11:45 -999.9 -999.9 -999.9 -999.9 -999.9 -999.9 -999.9 -999.9 -999.9 -999.9 -999.9 -999.9 -999.9 -999.9 -999.9 -999.9 0.0 0.0 0.0 0.0 0.0 0.0 -999.9 -999.9 -999.9 -999.9 -999.9 SGB/CPRM_-_Guaporé_(525_m) -999.9 -999.9 -999.9 -999.9 -999.9 -999.9 -999.9 -999.9 Brasil SGB/CPRM -999.9 0.0 0.0 0.03 0.03 0 0 0 0.03 0.03 0.03 0.1
-28.84444 -51.87916 02851044 2026-07-26_12:00 -999.9 -999.9 -999.9 -999.9 -999.9 -999.9 -999.9 -999.9 -999.9 -999.9 -999.9 -999.9 -999.9 -999.9 -999.9 -999.9 0.0 0.0 0.0 0.0 0.0 0.0 -999.9 -999.9 -999.9 -999.9 -999.9 SGB/CPRM_-_Guaporé_(525_m) -999.9 -999.9 -999.9 -999.9 -999.9 -999.9 -999.9 -999.9 Brasil SGB/CPRM -999.9 0.0 0.0 0.01 0.03 0 -1 -0.02 0.03 0.03 0.03 0.1
-28.84444 -51.87916 02851044 2026-07-26_12:15 -999.9 -999.9 -999.9 -999.9 -999.9 -999.9 -999.9 -999.9 -999.9 -999.9 -999.9 -999.9 -999.9 -999.9 -999.9 -999.9 0.0 0.0 0.0 0.0 0.0 0.0 -999.9 -999.9 -999.9 -999.9 -999.9 SGB/CPRM_-_Guaporé_(525_m) -999.9 -999.9 -999.9 -999.9 -999.9 -999.9 -999.9 -999.9 Brasil SGB/CPRM -999.9 0.0 0.0 0 0.03 0 -1 -0.03 0.03 0.03 0.03 0.1
-28.84444 -51.87916 02851044 2026-07-26_12:30 -999.9 -999.9 -999.9 -999.9 -999.9 -999.9 -999.9 -999.9 -999.9 -999.9 -999.9 -999.9 -999.9 -999.9 -999.9 -999.9 0.0 0.0 0.0 0.0 0.0 0.0 -999.9 -999.9 -999.9 -999.9 -999.9 SGB/CPRM_-_Guaporé_(525_m) -999.9 -999.9 -999.9 -999.9 -999.9 -999.9 -999.9 -999.9 Brasil SGB/CPRM -999.9 0.0 0.0 -999.9 0.03 0 -1 -0.03 0.03 0.03 0.03 0.1
-28.84444 -51.87916 02851044 2026-07-26_12:45 -999.9 -999.9 -999.9 -999.9 -999.9 -999.9 -999.9 -999.9 -999.9 -999.9 -999.9 -999.9 -999.9 -999.9 -999.9 -999.9 0.0 0.0 0.0 0.0 0.0 0.0 -999.9 -999.9 -999.9 -999.9 -999.9 SGB/CPRM_-_Guaporé_(525_m) -999.9 -999.9 -999.9 -999.9 -999.9 -999.9 -999.9 -999.9 Brasil SGB/CPRM -999.9 0.0 0.0 -999.9 0.03 0 -1 -0.03 0.03 0.03 0.03 0.1
-28.84444 -51.87916 02851044 2026-07-26_13:00 -999.9 -999.9 -999.9 -999.9 -999.9 -999.9 -999.9 -999.9 -999.9 -999.9 -999.9 -999.9 -999.9 -999.9 -999.9 -999.9 0.0 0.0 0.0 0.0 0.0 0.0 -999.9 -999.9 -999.9 -999.9 -999.9 SGB/CPRM_-_Guaporé_(525_m) -999.9 -999.9 -999.9 -999.9 -999.9 -999.9 -999.9 -999.9 Brasil SGB/CPRM -999.9 0.0 0.0 -999.9 0.03 0 0 -0.01 0.03 0.03 0.03 0.1
-28.84444 -51.87916 02851044 2026-07-26_13:15 -999.9 -999.9 -999.9 -999.9 -999.9 -999.9 -999.9 -999.9 -999.9 -999.9 -999.9 -999.9 -999.9 -999.9 -999.9 -999.9 0.0 0.0 0.0 0.0 0.0 0.0 -999.9 -999.9 -999.9 -999.9 -999.9 SGB/CPRM_-_Guaporé_(525_m) -999.9 -999.9 -999.9 -999.9 -999.9 -999.9 -999.9 -999.9 Brasil SGB/CPRM -999.9 0.0 0.0 -999.9 0.03 0 0 0 0.03 0.03 0.03 0.1
-28.84444 -51.87916 02851044 2026-07-26_13:30 -999.9 -999.9 -999.9 -999.9 -999.9 -999.9 -999.9 -999.9 -999.9 -999.9 -999.9 -999.9 -999.9 -999.9 -999.9 -999.9 0.0 0.0 0.0 0.0 0.0 0.0 -999.9 -999.9 -999.9 -999.9 -999.9 SGB/CPRM_-_Guaporé_(525_m) -999.9 -999.9 -999.9 -999.9 -999.9 -999.9 -999.9 -999.9 Brasil SGB/CPRM -999.9 0.0 0.0 -999.9 0.03 0 0 0 0.03 0.03 0.03 0.1
-28.84444 -51.87916 02851044 2026-07-26_13:45 -999.9 -999.9 -999.9 -999.9 -999.9 -999.9 -999.9 -999.9 -999.9 -999.9 -999.9 -999.9 -999.9 -999.9 -999.9 -999.9 0.0 0.0 0.0 0.0 0.0 0.0 -999.9 -999.9 -999.9 -999.9 -999.9 SGB/CPRM_-_Guaporé_(525_m) -999.9 -999.9 -999.9 -999.9 -999.9 -999.9 -999.9 -999.9 Brasil SGB/CPRM -999.9 0.0 0.0 -999.9 0.03 0 0 0 0.03 0.03 0.03 0.1
-28.84444 -51.87916 02851044 2026-07-26_14:00 -999.9 -999.9 -999.9 -999.9 -999.9 -999.9 -999.9 -999.9 -999.9 -999.9 -999.9 -999.9 -999.9 -999.9 -999.9 -999.9 0.0 0.0 0.0 0.0 0.0 0.0 -999.9 -999.9 -999.9 -999.9 -999.9 SGB/CPRM_-_Guaporé_(525_m) -999.9 -999.9 -999.9 -999.9 -999.9 -999.9 -999.9 -999.9 Brasil SGB/CPRM -999.9 0.0 0.0 -999.9 0.03 0 0 0 0.03 0.03 0.03 0.1
-28.84444 -51.87916 02851044 2026-07-26_14:15 -999.9 -999.9 -999.9 -999.9 -999.9 -999.9 -999.9 -999.9 -999.9 -999.9 -999.9 -999.9 -999.9 -999.9 -999.9 -999.9 0.0 0.0 0.0 0.0 0.0 0.0 -999.9 -999.9 -999.9 -999.9 -999.9 SGB/CPRM_-_Guaporé_(525_m) -999.9 -999.9 -999.9 -999.9 -999.9 -999.9 -999.9 -999.9 Brasil SGB/CPRM -999.9 0.0 0.0 -999.9 0.03 0 0 0 0.03 0.03 0.03 0.1
-28.84444 -51.87916 02851044 2026-07-26_14:30 -999.9 -999.9 -999.9 -999.9 -999.9 -999.9 -999.9 -999.9 -999.9 -999.9 -999.9 -999.9 -999.9 -999.9 -999.9 -999.9 0.0 0.0 0.0 0.0 0.0 0.0 -999.9 -999.9 -999.9 -999.9 -999.9 SGB/CPRM_-_Guaporé_(525_m) -999.9 -999.9 -999.9 -999.9 -999.9 -999.9 -999.9 -999.9 Brasil SGB/CPRM -999.9 0.0 0.0 -999.9 0.03 0 0 0 0.03 0.03 0.03 0.1
-28.84444 -51.87916 02851044 2026-07-26_14:45 -999.9 -999.9 -999.9 -999.9 -999.9 -999.9 -999.9 -999.9 -999.9 -999.9 -999.9 -999.9 -999.9 -999.9 -999.9 -999.9 0.0 0.0 0.0 0.0 0.0 0.0 -999.9 -999.9 -999.9 -999.9 -999.9 SGB/CPRM_-_Guaporé_(525_m) -999.9 -999.9 -999.9 -999.9 -999.9 -999.9 -999.9 -999.9 Brasil SGB/CPRM -999.9 0.0 0.0 -999.9 0.03 0 0 0 0.03 0.03 0.03 0.1
-28.84444 -51.87916 02851044 2026-07-26_15:00 -999.9 -999.9 -999.9 -999.9 -999.9 -999.9 -999.9 -999.9 -999.9 -999.9 -999.9 -999.9 -999.9 -999.9 -999.9 -999.9 0.0 0.0 0.0 0.0 0.0 0.0 -999.9 -999.9 -999.9 -999.9 -999.9 SGB/CPRM_-_Guaporé_(525_m) -999.9 -999.9 -999.9 -999.9 -999.9 -999.9 -999.9 -999.9 Brasil SGB/CPRM -999.9 0.0 0.0 -999.9 0.03 0 0 0 0.03 0.03 0.03 0.1
-28.84444 -51.87916 02851044 2026-07-26_15:15 -999.9 -999.9 -999.9 -999.9 -999.9 -999.9 -999.9 -999.9 -999.9 -999.9 -999.9 -999.9 -999.9 -999.9 -999.9 -999.9 0.0 0.0 0.0 0.0 0.0 0.0 -999.9 -999.9 -999.9 -999.9 -999.9 SGB/CPRM_-_Guaporé_(525_m) -999.9 -999.9 -999.9 -999.9 -999.9 -999.9 -999.9 -999.9 Brasil SGB/CPRM -999.9 0.0 0.0 -999.9 0.03 0 0 0 0.03 0.03 0.03 0.1
-28.84444 -51.87916 02851044 2026-07-26_15:30 -999.9 -999.9 -999.9 -999.9 -999.9 -999.9 -999.9 -999.9 -999.9 -999.9 -999.9 -999.9 -999.9 -999.9 -999.9 -999.9 0.0 0.0 0.0 0.0 0.0 0.0 -999.9 -999.9 -999.9 -999.9 -999.9 SGB/CPRM_-_Guaporé_(525_m) -999.9 -999.9 -999.9 -999.9 -999.9 -999.9 -999.9 -999.9 Brasil SGB/CPRM -999.9 0.0 0.0 -999.9 0.03 0 0 0 0.03 0.03 0.03 0.1
-28.84444 -51.87916 02851044 2026-07-26_15:45 -999.9 -999.9 -999.9 -999.9 -999.9 -999.9 -999.9 -999.9 -999.9 -999.9 -999.9 -999.9 -999.9 -999.9 -999.9 -999.9 0.0 0.0 0.0 0.0 0.0 0.0 -999.9 -999.9 -999.9 -999.9 -999.9 SGB/CPRM_-_Guaporé_(525_m) -999.9 -999.9 -999.9 -999.9 -999.9 -999.9 -999.9 -999.9 Brasil SGB/CPRM -999.9 0.0 0.0 -999.9 0.03 0 0 0 0.03 0.03 0.03 0.1
-28.84444 -51.87916 02851044 2026-07-26_16:00 -999.9 -999.9 -999.9 -999.9 -999.9 -999.9 -999.9 -999.9 -999.9 -999.9 -999.9 -999.9 -999.9 -999.9 -999.9 -999.9 0.0 0.0 0.0 0.0 0.0 0.0 -999.9 -999.9 -999.9 -999.9 -999.9 SGB/CPRM_-_Guaporé_(525_m) -999.9 -999.9 -999.9 -999.9 -999.9 -999.9 -999.9 -999.9 Brasil SGB/CPRM -999.9 0.0 0.0 -999.9 0.03 0 0 0 0.03 0.03 0.03 0.1
-28.84444 -51.87916 02851044 2026-07-26_16:15 -999.9 -999.9 -999.9 -999.9 -999.9 -999.9 -999.9 -999.9 -999.9 -999.9 -999.9 -999.9 -999.9 -999.9 -999.9 -999.9 0.0 0.0 0.0 0.0 0.0 0.0 -999.9 -999.9 -999.9 -999.9 -999.9 SGB/CPRM_-_Guaporé_(525_m) -999.9 -999.9 -999.9 -999.9 -999.9 -999.9 -999.9 -999.9 Brasil SGB/CPRM -999.9 0.0 0.0 -999.9 0.03 0 0 0 0.03 0.03 0.03 0.1
-28.84444 -51.87916 02851044 2026-07-26_16:30 -999.9 -999.9 -999.9 -999.9 -999.9 -999.9 -999.9 -999.9 -999.9 -999.9 -999.9 -999.9 -999.9 -999.9 -999.9 -999.9 0.0 0.0 0.0 0.0 0.0 0.0 -999.9 -999.9 -999.9 -999.9 -999.9 SGB/CPRM_-_Guaporé_(525_m) -999.9 -999.9 -999.9 -999.9 -999.9 -999.9 -999.9 -999.9 Brasil SGB/CPRM -999.9 0.0 0.0 -999.9 0.03 0 0 0 0.03 0.03 0.03 0.1
-28.84444 -51.87916 02851044 2026-07-26_16:45 -999.9 -999.9 -999.9 -999.9 -999.9 -999.9 -999.9 -999.9 -999.9 -999.9 -999.9 -999.9 -999.9 -999.9 -999.9 -999.9 0.0 0.0 0.0 0.0 0.0 0.0 -999.9 -999.9 -999.9 -999.9 -999.9 SGB/CPRM_-_Guaporé_(525_m) -999.9 -999.9 -999.9 -999.9 -999.9 -999.9 -999.9 -999.9 Brasil SGB/CPRM -999.9 0.0 0.0 -999.9 0.03 0 0 0 0.03 0.03 0.03 0.1
-28.84444 -51.87916 02851044 2026-07-26_17:00 -999.9 -999.9 -999.9 -999.9 -999.9 -999.9 -999.9 -999.9 -999.9 -999.9 -999.9 -999.9 -999.9 -999.9 -999.9 -999.9 0.0 0.0 0.0 0.0 0.0 0.0 -999.9 -999.9 -999.9 -999.9 -999.9 SGB/CPRM_-_Guaporé_(525_m) -999.9 -999.9 -999.9 -999.9 -999.9 -999.9 -999.9 -999.9 Brasil SGB/CPRM -999.9 0.0 0.0 -999.9 0.03 0 0 0 0.03 0.03 0.03 0.1
-28.84444 -51.87916 02851044 2026-07-26_17:15 -999.9 -999.9 -999.9 -999.9 -999.9 -999.9 -999.9 -999.9 -999.9 -999.9 -999.9 -999.9 -999.9 -999.9 -999.9 -999.9 0.0 0.0 0.0 0.0 0.0 0.0 -999.9 -999.9 -999.9 -999.9 -999.9 SGB/CPRM_-_Guaporé_(525_m) -999.9 -999.9 -999.9 -999.9 -999.9 -999.9 -999.9 -999.9 Brasil SGB/CPRM -999.9 0.0 0.0 -999.9 0.03 0 0 0 0.03 0.03 0.03 0.1
-28.84444 -51.87916 02851044 2026-07-26_17:30 -999.9 -999.9 -999.9 -999.9 -999.9 -999.9 -999.9 -999.9 -999.9 -999.9 -999.9 -999.9 -999.9 -999.9 -999.9 -999.9 0.0 0.0 0.0 0.0 0.0 0.0 -999.9 -999.9 -999.9 -999.9 -999.9 SGB/CPRM_-_Guaporé_(525_m) -999.9 -999.9 -999.9 -999.9 -999.9 -999.9 -999.9 -999.9 Brasil SGB/CPRM -999.9 0.0 0.0 -999.9 0.03 0 0 0 0.03 0.03 0.03 0.1
-28.84444 -51.87916 02851044 2026-07-26_17:45 -999.9 -999.9 -999.9 -999.9 -999.9 -999.9 -999.9 -999.9 -999.9 -999.9 -999.9 -999.9 -999.9 -999.9 -999.9 -999.9 0.0 0.0 0.0 0.0 0.0 0.0 -999.9 -999.9 -999.9 -999.9 -999.9 SGB/CPRM_-_Guaporé_(525_m) -999.9 -999.9 -999.9 -999.9 -999.9 -999.9 -999.9 -999.9 Brasil SGB/CPRM -999.9 0.0 0.0 -999.9 0.03 0 0 0 0.03 0.03 0.03 0.1
-28.84444 -51.87916 02851044 2026-07-26_18:00 -999.9 -999.9 -999.9 -999.9 -999.9 -999.9 -999.9 -999.9 -999.9 -999.9 -999.9 -999.9 -999.9 -999.9 -999.9 -999.9 0.0 0.0 0.0 0.0 0.0 0.0 -999.9 -999.9 -999.9 -999.9 -999.9 SGB/CPRM_-_Guaporé_(525_m) -999.9 -999.9 -999.9 -999.9 -999.9 -999.9 -999.9 -999.9 Brasil SGB/CPRM -999.9 0.0 0.0 0 0.03 0 0 0 0.03 0.03 0.03 0.1
-28.84444 -51.87916 02851044 2026-07-26_18:15 -999.9 -999.9 -999.9 -999.9 -999.9 -999.9 -999.9 -999.9 -999.9 -999.9 -999.9 -999.9 -999.9 -999.9 -999.9 -999.9 0.0 0.0 0.0 0.0 0.0 0.0 -999.9 -999.9 -999.9 -999.9 -999.9 SGB/CPRM_-_Guaporé_(525_m) -999.9 -999.9 -999.9 -999.9 -999.9 -999.9 -999.9 -999.9 Brasil SGB/CPRM -999.9 0.0 0.0 -999.9 0.03 0 0 0 0.03 0.03 0.03 0.1
-28.84444 -51.87916 02851044 2026-07-26_18:30 -999.9 -999.9 -999.9 -999.9 -999.9 -999.9 -999.9 -999.9 -999.9 -999.9 -999.9 -999.9 -999.9 -999.9 -999.9 -999.9 0.0 0.0 0.0 0.0 0.0 0.0 -999.9 -999.9 -999.9 -999.9 -999.9 SGB/CPRM_-_Guaporé_(525_m) -999.9 -999.9 -999.9 -999.9 -999.9 -999.9 -999.9 -999.9 Brasil SGB/CPRM -999.9 0.0 0.0 -999.9 0.03 0 0 0 0.03 0.03 0.03 0.1
-28.84444 -51.87916 02851044 2026-07-26_18:45 -999.9 -999.9 -999.9 -999.9 -999.9 -999.9 -999.9 -999.9 -999.9 -999.9 -999.9 -999.9 -999.9 -999.9 -999.9 -999.9 0.0 0.0 0.0 0.0 0.0 0.0 -999.9 -999.9 -999.9 -999.9 -999.9 SGB/CPRM_-_Guaporé_(525_m) -999.9 -999.9 -999.9 -999.9 -999.9 -999.9 -999.9 -999.9 Brasil SGB/CPRM -999.9 0.0 0.0 0 0.03 0 0 0 0.03 0.03 0.03 0.1
-28.84444 -51.87916 02851044 2026-07-26_19:00 -999.9 -999.9 -999.9 -999.9 -999.9 -999.9 -999.9 -999.9 -999.9 -999.9 -999.9 -999.9 -999.9 -999.9 -999.9 -999.9 0.0 0.0 0.0 0.0 0.0 0.0 -999.9 -999.9 -999.9 -999.9 -999.9 SGB/CPRM_-_Guaporé_(525_m) -999.9 -999.9 -999.9 -999.9 -999.9 -999.9 -999.9 -999.9 Brasil SGB/CPRM -999.9 0.0 0.0 -999.9 0.03 0 0 0 0.03 0.03 0.03 0.1
-28.84444 -51.87916 02851044 2026-07-26_19:15 -999.9 -999.9 -999.9 -999.9 -999.9 -999.9 -999.9 -999.9 -999.9 -999.9 -999.9 -999.9 -999.9 -999.9 -999.9 -999.9 0.0 0.0 0.0 0.0 0.0 0.0 -999.9 -999.9 -999.9 -999.9 -999.9 SGB/CPRM_-_Guaporé_(525_m) -999.9 -999.9 -999.9 -999.9 -999.9 -999.9 -999.9 -999.9 Brasil SGB/CPRM -999.9 0.0 0.0 -999.9 0.03 0 0 0 0.03 0.03 0.03 0.1
-28.84444 -51.87916 02851044 2026-07-26_19:30 -999.9 -999.9 -999.9 -999.9 -999.9 -999.9 -999.9 -999.9 -999.9 -999.9 -999.9 -999.9 -999.9 -999.9 -999.9 -999.9 0.0 0.0 0.0 0.0 0.0 0.0 -999.9 -999.9 -999.9 -999.9 -999.9 SGB/CPRM_-_Guaporé_(525_m) -999.9 -999.9 -999.9 -999.9 -999.9 -999.9 -999.9 -999.9 Brasil SGB/CPRM -999.9 0.0 0.0 -999.9 0.03 0 0 0 0.03 0.03 0.03 0.1
-28.84444 -51.87916 02851044 2026-07-26_19:45 -999.9 -999.9 -999.9 -999.9 -999.9 -999.9 -999.9 -999.9 -999.9 -999.9 -999.9 -999.9 -999.9 -999.9 -999.9 -999.9 0.0 0.0 0.0 0.0 0.0 0.0 -999.9 -999.9 -999.9 -999.9 -999.9 SGB/CPRM_-_Guaporé_(525_m) -999.9 -999.9 -999.9 -999.9 -999.9 -999.9 -999.9 -999.9 Brasil SGB/CPRM -999.9 0.0 0.0 -999.9 0.03 0 0 0 0.03 0.03 0.03 0.1
-28.84444 -51.87916 02851044 2026-07-26_20:00 -999.9 -999.9 -999.9 -999.9 -999.9 -999.9 -999.9 -999.9 -999.9 -999.9 -999.9 -999.9 -999.9 -999.9 -999.9 -999.9 0.0 0.0 0.0 0.0 0.0 0.0 -999.9 -999.9 -999.9 -999.9 -999.9 SGB/CPRM_-_Guaporé_(525_m) -999.9 -999.9 -999.9 -999.9 -999.9 -999.9 -999.9 -999.9 Brasil SGB/CPRM -999.9 0.0 0.0 -999.9 0.03 0 0 0 0.03 0.03 0.03 0.1
-28.84444 -51.87916 02851044 2026-07-26_20:15 -999.9 -999.9 -999.9 -999.9 -999.9 -999.9 -999.9 -999.9 -999.9 -999.9 -999.9 -999.9 -999.9 -999.9 -999.9 -999.9 0.0 0.0 0.0 0.0 0.0 0.0 -999.9 -999.9 -999.9 -999.9 -999.9 SGB/CPRM_-_Guaporé_(525_m) -999.9 -999.9 -999.9 -999.9 -999.9 -999.9 -999.9 -999.9 Brasil SGB/CPRM -999.9 0.0 0.0 -999.9 0.03 0 0 0 0.03 0.03 0.03 0.1
-28.84444 -51.87916 02851044 2026-07-26_20:30 -999.9 -999.9 -999.9 -999.9 -999.9 -999.9 -999.9 -999.9 -999.9 -999.9 -999.9 -999.9 -999.9 -999.9 -999.9 -999.9 0.0 0.0 0.0 0.0 0.0 0.0 -999.9 -999.9 -999.9 -999.9 -999.9 SGB/CPRM_-_Guaporé_(525_m) -999.9 -999.9 -999.9 -999.9 -999.9 -999.9 -999.9 -999.9 Brasil SGB/CPRM -999.9 0.0 0.0 -999.9 0.03 0 0 0 0.03 0.03 0.03 0.1
-28.84444 -51.87916 02851044 2026-07-26_20:45 -999.9 -999.9 -999.9 -999.9 -999.9 -999.9 -999.9 -999.9 -999.9 -999.9 -999.9 -999.9 -999.9 -999.9 -999.9 -999.9 0.0 0.0 0.0 0.0 0.0 0.0 -999.9 -999.9 -999.9 -999.9 -999.9 SGB/CPRM_-_Guaporé_(525_m) -999.9 -999.9 -999.9 -999.9 -999.9 -999.9 -999.9 -999.9 Brasil SGB/CPRM -999.9 0.0 0.0 -999.9 0.03 0 0 0 0.03 0.03 0.03 0.1
-28.84444 -51.87916 02851044 2026-07-26_21:00 -999.9 -999.9 -999.9 -999.9 -999.9 -999.9 -999.9 -999.9 -999.9 -999.9 -999.9 -999.9 -999.9 -999.9 -999.9 -999.9 0.0 0.0 0.0 0.0 0.0 0.0 -999.9 -999.9 -999.9 -999.9 -999.9 SGB/CPRM_-_Guaporé_(525_m) -999.9 -999.9 -999.9 -999.9 -999.9 -999.9 -999.9 -999.9 Brasil SGB/CPRM -999.9 0.0 0.0 -999.9 0.03 0 0 0 0.03 0.03 0.03 0.1
-28.84444 -51.87916 02851044 2026-07-26_21:15 -999.9 -999.9 -999.9 -999.9 -999.9 -999.9 -999.9 -999.9 -999.9 -999.9 -999.9 -999.9 -999.9 -999.9 -999.9 -999.9 0.0 0.0 0.0 0.0 0.0 0.0 -999.9 -999.9 -999.9 -999.9 -999.9 SGB/CPRM_-_Guaporé_(525_m) -999.9 -999.9 -999.9 -999.9 -999.9 -999.9 -999.9 -999.9 Brasil SGB/CPRM -999.9 0.0 0.0 -999.9 0.03 0 0 0 0.03 0.03 0.03 0.1
-28.84444 -51.87916 02851044 2026-07-26_21:30 -999.9 -999.9 -999.9 -999.9 -999.9 -999.9 -999.9 -999.9 -999.9 -999.9 -999.9 -999.9 -999.9 -999.9 -999.9 -999.9 0.0 0.0 0.0 0.0 0.0 0.0 -999.9 -999.9 -999.9 -999.9 -999.9 SGB/CPRM_-_Guaporé_(525_m) -999.9 -999.9 -999.9 -999.9 -999.9 -999.9 -999.9 -999.9 Brasil SGB/CPRM -999.9 0.0 0.0 -999.9 0.03 0 0 0 0.03 0.03 0.03 0.1
-28.84444 -51.87916 02851044 2026-07-26_21:45 -999.9 -999.9 -999.9 -999.9 -999.9 -999.9 -999.9 -999.9 -999.9 -999.9 -999.9 -999.9 -999.9 -999.9 -999.9 -999.9 0.0 0.0 0.0 0.0 0.0 0.0 -999.9 -999.9 -999.9 -999.9 -999.9 SGB/CPRM_-_Guaporé_(525_m) -999.9 -999.9 -999.9 -999.9 -999.9 -999.9 -999.9 -999.9 Brasil SGB/CPRM -999.9 0.0 0.0 -999.9 0.03 0 0 0 0.03 0.03 0.03 0.1
-28.84444 -51.87916 02851044 2026-07-26_22:00 -999.9 -999.9 -999.9 -999.9 -999.9 -999.9 -999.9 -999.9 -999.9 -999.9 -999.9 -999.9 -999.9 -999.9 -999.9 -999.9 0.0 0.0 0.0 0.0 0.0 0.0 -999.9 -999.9 -999.9 -999.9 -999.9 SGB/CPRM_-_Guaporé_(525_m) -999.9 -999.9 -999.9 -999.9 -999.9 -999.9 -999.9 -999.9 Brasil SGB/CPRM -999.9 0.0 0.0 -999.9 0.03 0 0 0 0.03 0.03 0.03 0.1
-28.84444 -51.87916 02851044 2026-07-26_22:15 -999.9 -999.9 -999.9 -999.9 -999.9 -999.9 -999.9 -999.9 -999.9 -999.9 -999.9 -999.9 -999.9 -999.9 -999.9 -999.9 0.0 0.0 0.0 0.0 0.0 0.0 -999.9 -999.9 -999.9 -999.9 -999.9 SGB/CPRM_-_Guaporé_(525_m) -999.9 -999.9 -999.9 -999.9 -999.9 -999.9 -999.9 -999.9 Brasil SGB/CPRM -999.9 0.0 0.0 -999.9 0.03 0 0 0 0.03 0.03 0.03 0.1
-28.84444 -51.87916 02851044 2026-07-26_22:30 -999.9 -999.9 -999.9 -999.9 -999.9 -999.9 -999.9 -999.9 -999.9 -999.9 -999.9 -999.9 -999.9 -999.9 -999.9 -999.9 0.0 0.0 0.0 0.0 0.0 0.0 -999.9 -999.9 -999.9 -999.9 -999.9 SGB/CPRM_-_Guaporé_(525_m) -999.9 -999.9 -999.9 -999.9 -999.9 -999.9 -999.9 -999.9 Brasil SGB/CPRM -999.9 0.0 0.0 -999.9 0.03 0 0 0 0.03 0.03 0.03 0.1
-28.84444 -51.87916 02851044 2026-07-26_22:45 -999.9 -999.9 -999.9 -999.9 -999.9 -999.9 -999.9 -999.9 -999.9 -999.9 -999.9 -999.9 -999.9 -999.9 -999.9 -999.9 0.0 0.0 0.0 0.0 0.0 0.0 -999.9 -999.9 -999.9 -999.9 -999.9 SGB/CPRM_-_Guaporé_(525_m) -999.9 -999.9 -999.9 -999.9 -999.9 -999.9 -999.9 -999.9 Brasil SGB/CPRM -999.9 0.0 0.0 -999.9 0.03 0 0 0 0.03 0.03 0.03 0.1
-28.84444 -51.87916 02851044 2026-07-26_23:00 -999.9 -999.9 -999.9 -999.9 -999.9 -999.9 -999.9 -999.9 -999.9 -999.9 -999.9 -999.9 -999.9 -999.9 -999.9 -999.9 0.0 0.0 0.0 0.0 0.0 0.0 -999.9 -999.9 -999.9 -999.9 -999.9 SGB/CPRM_-_Guaporé_(525_m) -999.9 -999.9 -999.9 -999.9 -999.9 -999.9 -999.9 -999.9 Brasil SGB/CPRM -999.9 0.0 0.0 -999.9 0.03 0 0 0 0.03 0.03 0.03 0.1
-28.84444 -51.87916 02851044 2026-07-26_23:15 -999.9 -999.9 -999.9 -999.9 -999.9 -999.9 -999.9 -999.9 -999.9 -999.9 -999.9 -999.9 -999.9 -999.9 -999.9 -999.9 0.0 0.0 0.0 0.0 0.0 0.0 -999.9 -999.9 -999.9 -999.9 -999.9 SGB/CPRM_-_Guaporé_(525_m) -999.9 -999.9 -999.9 -999.9 -999.9 -999.9 -999.9 -999.9 Brasil SGB/CPRM -999.9 0.0 0.0 -999.9 0.03 0 0 0 0.03 0.03 0.03 0.1
-28.84444 -51.87916 02851044 2026-07-26_23:30 -999.9 -999.9 -999.9 -999.9 -999.9 -999.9 -999.9 -999.9 -999.9 -999.9 -999.9 -999.9 -999.9 -999.9 -999.9 -999.9 0.0 0.0 0.0 0.0 0.0 0.0 -999.9 -999.9 -999.9 -999.9 -999.9 SGB/CPRM_-_Guaporé_(525_m) -999.9 -999.9 -999.9 -999.9 -999.9 -999.9 -999.9 -999.9 Brasil SGB/CPRM -999.9 0.0 0.0 -999.9 0.03 0 0 0 0.03 0.03 0.03 0.1
-28.84444 -51.87916 02851044 2026-07-26_23:45 -999.9 -999.9 -999.9 -999.9 -999.9 -999.9 -999.9 -999.9 -999.9 -999.9 -999.9 -999.9 -999.9 -999.9 -999.9 -999.9 0.0 0.0 0.0 0.0 0.0 0.0 -999.9 -999.9 -999.9 -999.9 -999.9 SGB/CPRM_-_Guaporé_(525_m) -999.9 -999.9 -999.9 -999.9 -999.9 -999.9 -999.9 -999.9 Brasil SGB/CPRM -999.9 0.0 0.0 -999.9 0.03 0 0 0 0.03 0.03 0.03 0.1
