-28.99784 -51.69787 16939 2026-08-13_00:00 -999.9 -999.9 -999.9 -999.9 -999.9 -999.9 -999.9 -999.9 -999.9 -999.9 -999.9 -999.9 -999.9 -999.9 -999.9 -999.9 1.8 0.0 28.6 33.6 35.8 46.0 -999.9 -999.9 -999.9 -999.9 -999.9 CEMADEN_-_Cotiporã_-_G2-430595902A_(590_m) -999.9 -999.9 -999.9 -999.9 -999.9 -999.9 -999.9 -999.9 Rio_Grande_do_Sul CEMADEN -999.9 0.0 -999.9
-28.99784 -51.69787 16939 2026-08-13_00:10 -999.9 -999.9 -999.9 -999.9 -999.9 -999.9 -999.9 -999.9 -999.9 -999.9 -999.9 -999.9 -999.9 -999.9 -999.9 -999.9 1.8 0.4 29.0 34.0 36.2 46.4 -999.9 -999.9 -999.9 -999.9 -999.9 CEMADEN_-_Cotiporã_-_G2-430595902A_(590_m) -999.9 -999.9 -999.9 -999.9 -999.9 -999.9 -999.9 -999.9 Rio_Grande_do_Sul CEMADEN -999.9 0.4 -999.9
-28.99784 -51.69787 16939 2026-08-13_00:20 -999.9 -999.9 -999.9 -999.9 -999.9 -999.9 -999.9 -999.9 -999.9 -999.9 -999.9 -999.9 -999.9 -999.9 -999.9 -999.9 1.8 0.8 29.2 34.4 36.6 46.8 -999.9 -999.9 -999.9 -999.9 -999.9 CEMADEN_-_Cotiporã_-_G2-430595902A_(590_m) -999.9 -999.9 -999.9 -999.9 -999.9 -999.9 -999.9 -999.9 Rio_Grande_do_Sul CEMADEN -999.9 0.4 -999.9
-28.99784 -51.69787 16939 2026-08-13_00:30 -999.9 -999.9 -999.9 -999.9 -999.9 -999.9 -999.9 -999.9 -999.9 -999.9 -999.9 -999.9 -999.9 -999.9 -999.9 -999.9 2.2 1.2 29.6 34.8 37.0 47.2 -999.9 -999.9 -999.9 -999.9 -999.9 CEMADEN_-_Cotiporã_-_G2-430595902A_(590_m) -999.9 -999.9 -999.9 -999.9 -999.9 -999.9 -999.9 -999.9 Rio_Grande_do_Sul CEMADEN -999.9 0.4 -999.9
-28.99784 -51.69787 16939 2026-08-13_00:40 -999.9 -999.9 -999.9 -999.9 -999.9 -999.9 -999.9 -999.9 -999.9 -999.9 -999.9 -999.9 -999.9 -999.9 -999.9 -999.9 1.0 1.2 29.6 34.8 37.0 47.2 -999.9 -999.9 -999.9 -999.9 -999.9 CEMADEN_-_Cotiporã_-_G2-430595902A_(590_m) -999.9 -999.9 -999.9 -999.9 -999.9 -999.9 -999.9 -999.9 Rio_Grande_do_Sul CEMADEN -999.9 0.0 -999.9
-28.99784 -51.69787 16939 2026-08-13_01:10 -999.9 -999.9 -999.9 -999.9 -999.9 -999.9 -999.9 -999.9 -999.9 -999.9 -999.9 -999.9 -999.9 -999.9 -999.9 -999.9 1.8 2.4 30.6 36.0 38.2 48.4 -999.9 -999.9 -999.9 -999.9 -999.9 CEMADEN_-_Cotiporã_-_G2-430595902A_(590_m) -999.9 -999.9 -999.9 -999.9 -999.9 -999.9 -999.9 -999.9 Rio_Grande_do_Sul CEMADEN -999.9 1.2 -999.9
-28.99784 -51.69787 16939 2026-08-13_01:20 -999.9 -999.9 -999.9 -999.9 -999.9 -999.9 -999.9 -999.9 -999.9 -999.9 -999.9 -999.9 -999.9 -999.9 -999.9 -999.9 1.8 2.8 31.0 36.4 38.6 48.8 -999.9 -999.9 -999.9 -999.9 -999.9 CEMADEN_-_Cotiporã_-_G2-430595902A_(590_m) -999.9 -999.9 -999.9 -999.9 -999.9 -999.9 -999.9 -999.9 Rio_Grande_do_Sul CEMADEN -999.9 0.4 -999.9
-28.99784 -51.69787 16939 2026-08-13_01:30 -999.9 -999.9 -999.9 -999.9 -999.9 -999.9 -999.9 -999.9 -999.9 -999.9 -999.9 -999.9 -999.9 -999.9 -999.9 -999.9 2.0 3.0 31.2 36.6 38.8 49.0 -999.9 -999.9 -999.9 -999.9 -999.9 CEMADEN_-_Cotiporã_-_G2-430595902A_(590_m) -999.9 -999.9 -999.9 -999.9 -999.9 -999.9 -999.9 -999.9 Rio_Grande_do_Sul CEMADEN -999.9 0.2 -999.9
-28.99784 -51.69787 16939 2026-08-13_01:40 -999.9 -999.9 -999.9 -999.9 -999.9 -999.9 -999.9 -999.9 -999.9 -999.9 -999.9 -999.9 -999.9 -999.9 -999.9 -999.9 1.4 3.2 31.4 37.0 39.0 49.2 -999.9 -999.9 -999.9 -999.9 -999.9 CEMADEN_-_Cotiporã_-_G2-430595902A_(590_m) -999.9 -999.9 -999.9 -999.9 -999.9 -999.9 -999.9 -999.9 Rio_Grande_do_Sul CEMADEN -999.9 0.2 -999.9
-28.99784 -51.69787 16939 2026-08-13_02:20 -999.9 -999.9 -999.9 -999.9 -999.9 -999.9 -999.9 -999.9 -999.9 -999.9 -999.9 -999.9 -999.9 -999.9 -999.9 -999.9 1.8 4.6 32.6 38.2 40.4 50.6 -999.9 -999.9 -999.9 -999.9 -999.9 CEMADEN_-_Cotiporã_-_G2-430595902A_(590_m) -999.9 -999.9 -999.9 -999.9 -999.9 -999.9 -999.9 -999.9 Rio_Grande_do_Sul CEMADEN -999.9 1.4 -999.9
-28.99784 -51.69787 16939 2026-08-13_02:30 -999.9 -999.9 -999.9 -999.9 -999.9 -999.9 -999.9 -999.9 -999.9 -999.9 -999.9 -999.9 -999.9 -999.9 -999.9 -999.9 2.2 5.0 33.0 38.6 40.8 51.0 -999.9 -999.9 -999.9 -999.9 -999.9 CEMADEN_-_Cotiporã_-_G2-430595902A_(590_m) -999.9 -999.9 -999.9 -999.9 -999.9 -999.9 -999.9 -999.9 Rio_Grande_do_Sul CEMADEN -999.9 0.4 -999.9
-28.99784 -51.69787 16939 2026-08-13_02:40 -999.9 -999.9 -999.9 -999.9 -999.9 -999.9 -999.9 -999.9 -999.9 -999.9 -999.9 -999.9 -999.9 -999.9 -999.9 -999.9 1.8 5.4 33.2 39.0 41.2 51.4 -999.9 -999.9 -999.9 -999.9 -999.9 CEMADEN_-_Cotiporã_-_G2-430595902A_(590_m) -999.9 -999.9 -999.9 -999.9 -999.9 -999.9 -999.9 -999.9 Rio_Grande_do_Sul CEMADEN -999.9 0.4 -999.9
-28.99784 -51.69787 16939 2026-08-13_03:00 -999.9 -999.9 -999.9 -999.9 -999.9 -999.9 -999.9 -999.9 -999.9 -999.9 -999.9 -999.9 -999.9 -999.9 -999.9 -999.9 1.8 5.8 33.8 39.6 41.6 51.8 -999.9 -999.9 -999.9 -999.9 -999.9 CEMADEN_-_Cotiporã_-_G2-430595902A_(590_m) -999.9 -999.9 -999.9 -999.9 -999.9 -999.9 -999.9 -999.9 Rio_Grande_do_Sul CEMADEN -999.9 0.4 -999.9
-28.99784 -51.69787 16939 2026-08-13_03:10 -999.9 -999.9 -999.9 -999.9 -999.9 -999.9 -999.9 -999.9 -999.9 -999.9 -999.9 -999.9 -999.9 -999.9 -999.9 -999.9 1.8 6.2 34.0 40.0 42.0 52.2 -999.9 -999.9 -999.9 -999.9 -999.9 CEMADEN_-_Cotiporã_-_G2-430595902A_(590_m) -999.9 -999.9 -999.9 -999.9 -999.9 -999.9 -999.9 -999.9 Rio_Grande_do_Sul CEMADEN -999.9 0.4 -999.9
-28.99784 -51.69787 16939 2026-08-13_03:20 -999.9 -999.9 -999.9 -999.9 -999.9 -999.9 -999.9 -999.9 -999.9 -999.9 -999.9 -999.9 -999.9 -999.9 -999.9 -999.9 1.8 6.6 34.4 40.2 42.4 52.6 -999.9 -999.9 -999.9 -999.9 -999.9 CEMADEN_-_Cotiporã_-_G2-430595902A_(590_m) -999.9 -999.9 -999.9 -999.9 -999.9 -999.9 -999.9 -999.9 Rio_Grande_do_Sul CEMADEN -999.9 0.4 -999.9
-28.99784 -51.69787 16939 2026-08-13_03:30 -999.9 -999.9 -999.9 -999.9 -999.9 -999.9 -999.9 -999.9 -999.9 -999.9 -999.9 -999.9 -999.9 -999.9 -999.9 -999.9 2.0 6.8 34.6 40.4 42.6 52.8 -999.9 -999.9 -999.9 -999.9 -999.9 CEMADEN_-_Cotiporã_-_G2-430595902A_(590_m) -999.9 -999.9 -999.9 -999.9 -999.9 -999.9 -999.9 -999.9 Rio_Grande_do_Sul CEMADEN -999.9 0.2 -999.9
-28.99784 -51.69787 16939 2026-08-13_03:40 -999.9 -999.9 -999.9 -999.9 -999.9 -999.9 -999.9 -999.9 -999.9 -999.9 -999.9 -999.9 -999.9 -999.9 -999.9 -999.9 1.8 7.2 34.8 40.8 43.0 53.2 -999.9 -999.9 -999.9 -999.9 -999.9 CEMADEN_-_Cotiporã_-_G2-430595902A_(590_m) -999.9 -999.9 -999.9 -999.9 -999.9 -999.9 -999.9 -999.9 Rio_Grande_do_Sul CEMADEN -999.9 0.4 -999.9
-28.99784 -51.69787 16939 2026-08-13_03:50 -999.9 -999.9 -999.9 -999.9 -999.9 -999.9 -999.9 -999.9 -999.9 -999.9 -999.9 -999.9 -999.9 -999.9 -999.9 -999.9 1.8 7.6 35.2 41.2 43.4 53.6 -999.9 -999.9 -999.9 -999.9 -999.9 CEMADEN_-_Cotiporã_-_G2-430595902A_(590_m) -999.9 -999.9 -999.9 -999.9 -999.9 -999.9 -999.9 -999.9 Rio_Grande_do_Sul CEMADEN -999.9 0.4 -999.9
-28.99784 -51.69787 16939 2026-08-13_04:10 -999.9 -999.9 -999.9 -999.9 -999.9 -999.9 -999.9 -999.9 -999.9 -999.9 -999.9 -999.9 -999.9 -999.9 -999.9 -999.9 1.6 8.2 35.8 41.8 44.0 54.2 -999.9 -999.9 -999.9 -999.9 -999.9 CEMADEN_-_Cotiporã_-_G2-430595902A_(590_m) -999.9 -999.9 -999.9 -999.9 -999.9 -999.9 -999.9 -999.9 Rio_Grande_do_Sul CEMADEN -999.9 0.6 -999.9
-28.99784 -51.69787 16939 2026-08-13_04:20 -999.9 -999.9 -999.9 -999.9 -999.9 -999.9 -999.9 -999.9 -999.9 -999.9 -999.9 -999.9 -999.9 -999.9 -999.9 -999.9 1.8 8.6 36.0 42.2 44.4 54.6 -999.9 -999.9 -999.9 -999.9 -999.9 CEMADEN_-_Cotiporã_-_G2-430595902A_(590_m) -999.9 -999.9 -999.9 -999.9 -999.9 -999.9 -999.9 -999.9 Rio_Grande_do_Sul CEMADEN -999.9 0.4 -999.9
-28.99784 -51.69787 16939 2026-08-13_04:40 -999.9 -999.9 -999.9 -999.9 -999.9 -999.9 -999.9 -999.9 -999.9 -999.9 -999.9 -999.9 -999.9 -999.9 -999.9 -999.9 1.6 9.0 36.6 42.6 44.8 55.0 -999.9 -999.9 -999.9 -999.9 -999.9 CEMADEN_-_Cotiporã_-_G2-430595902A_(590_m) -999.9 -999.9 -999.9 -999.9 -999.9 -999.9 -999.9 -999.9 Rio_Grande_do_Sul CEMADEN -999.9 0.4 -999.9
-28.99784 -51.69787 16939 2026-08-13_04:50 -999.9 -999.9 -999.9 -999.9 -999.9 -999.9 -999.9 -999.9 -999.9 -999.9 -999.9 -999.9 -999.9 -999.9 -999.9 -999.9 1.8 9.4 36.8 43.0 45.2 55.4 -999.9 -999.9 -999.9 -999.9 -999.9 CEMADEN_-_Cotiporã_-_G2-430595902A_(590_m) -999.9 -999.9 -999.9 -999.9 -999.9 -999.9 -999.9 -999.9 Rio_Grande_do_Sul CEMADEN -999.9 0.4 -999.9
-28.99784 -51.69787 16939 2026-08-13_05:00 -999.9 -999.9 -999.9 -999.9 -999.9 -999.9 -999.9 -999.9 -999.9 -999.9 -999.9 -999.9 -999.9 -999.9 -999.9 -999.9 1.8 9.8 37.2 43.4 45.6 55.8 -999.9 -999.9 -999.9 -999.9 -999.9 CEMADEN_-_Cotiporã_-_G2-430595902A_(590_m) -999.9 -999.9 -999.9 -999.9 -999.9 -999.9 -999.9 -999.9 Rio_Grande_do_Sul CEMADEN -999.9 0.4 -999.9
-28.99784 -51.69787 16939 2026-08-13_05:10 -999.9 -999.9 -999.9 -999.9 -999.9 -999.9 -999.9 -999.9 -999.9 -999.9 -999.9 -999.9 -999.9 -999.9 -999.9 -999.9 2.0 10.0 37.4 43.6 45.8 56.0 -999.9 -999.9 -999.9 -999.9 -999.9 CEMADEN_-_Cotiporã_-_G2-430595902A_(590_m) -999.9 -999.9 -999.9 -999.9 -999.9 -999.9 -999.9 -999.9 Rio_Grande_do_Sul CEMADEN -999.9 0.2 -999.9
-28.99784 -51.69787 16939 2026-08-13_05:20 -999.9 -999.9 -999.9 -999.9 -999.9 -999.9 -999.9 -999.9 -999.9 -999.9 -999.9 -999.9 -999.9 -999.9 -999.9 -999.9 1.8 10.4 37.8 44.0 46.2 56.4 -999.9 -999.9 -999.9 -999.9 -999.9 CEMADEN_-_Cotiporã_-_G2-430595902A_(590_m) -999.9 -999.9 -999.9 -999.9 -999.9 -999.9 -999.9 -999.9 Rio_Grande_do_Sul CEMADEN -999.9 0.4 -999.9
-28.99784 -51.69787 16939 2026-08-13_05:30 -999.9 -999.9 -999.9 -999.9 -999.9 -999.9 -999.9 -999.9 -999.9 -999.9 -999.9 -999.9 -999.9 -999.9 -999.9 -999.9 2.2 10.8 38.2 44.4 46.6 56.8 -999.9 -999.9 -999.9 -999.9 -999.9 CEMADEN_-_Cotiporã_-_G2-430595902A_(590_m) -999.9 -999.9 -999.9 -999.9 -999.9 -999.9 -999.9 -999.9 Rio_Grande_do_Sul CEMADEN -999.9 0.4 -999.9
-28.99784 -51.69787 16939 2026-08-13_05:50 -999.9 -999.9 -999.9 -999.9 -999.9 -999.9 -999.9 -999.9 -999.9 -999.9 -999.9 -999.9 -999.9 -999.9 -999.9 -999.9 1.6 11.4 38.6 44.8 47.2 57.4 -999.9 -999.9 -999.9 -999.9 -999.9 CEMADEN_-_Cotiporã_-_G2-430595902A_(590_m) -999.9 -999.9 -999.9 -999.9 -999.9 -999.9 -999.9 -999.9 Rio_Grande_do_Sul CEMADEN -999.9 0.6 -999.9
-28.99784 -51.69787 16939 2026-08-13_06:00 -999.9 -999.9 -999.9 -999.9 -999.9 -999.9 -999.9 -999.9 -999.9 -999.9 -999.9 -999.9 -999.9 -999.9 -999.9 -999.9 2.0 11.8 39.0 45.2 47.6 57.8 -999.9 -999.9 -999.9 -999.9 -999.9 CEMADEN_-_Cotiporã_-_G2-430595902A_(590_m) -999.9 -999.9 -999.9 -999.9 -999.9 -999.9 -999.9 -999.9 Rio_Grande_do_Sul CEMADEN -999.9 0.4 -999.9
-28.99784 -51.69787 16939 2026-08-13_06:10 -999.9 -999.9 -999.9 -999.9 -999.9 -999.9 -999.9 -999.9 -999.9 -999.9 -999.9 -999.9 -999.9 -999.9 -999.9 -999.9 1.8 12.0 39.2 45.6 47.8 58.0 -999.9 -999.9 -999.9 -999.9 -999.9 CEMADEN_-_Cotiporã_-_G2-430595902A_(590_m) -999.9 -999.9 -999.9 -999.9 -999.9 -999.9 -999.9 -999.9 Rio_Grande_do_Sul CEMADEN -999.9 0.2 -999.9
-28.99784 -51.69787 16939 2026-08-13_06:20 -999.9 -999.9 -999.9 -999.9 -999.9 -999.9 -999.9 -999.9 -999.9 -999.9 -999.9 -999.9 -999.9 -999.9 -999.9 -999.9 1.8 12.4 39.6 46.0 48.2 58.4 -999.9 -999.9 -999.9 -999.9 -999.9 CEMADEN_-_Cotiporã_-_G2-430595902A_(590_m) -999.9 -999.9 -999.9 -999.9 -999.9 -999.9 -999.9 -999.9 Rio_Grande_do_Sul CEMADEN -999.9 0.4 -999.9
-28.99784 -51.69787 16939 2026-08-13_06:30 -999.9 -999.9 -999.9 -999.9 -999.9 -999.9 -999.9 -999.9 -999.9 -999.9 -999.9 -999.9 -999.9 -999.9 -999.9 -999.9 1.6 12.8 39.8 46.2 48.6 58.8 -999.9 -999.9 -999.9 -999.9 -999.9 CEMADEN_-_Cotiporã_-_G2-430595902A_(590_m) -999.9 -999.9 -999.9 -999.9 -999.9 -999.9 -999.9 -999.9 Rio_Grande_do_Sul CEMADEN -999.9 0.4 -999.9
-28.99784 -51.69787 16939 2026-08-13_06:40 -999.9 -999.9 -999.9 -999.9 -999.9 -999.9 -999.9 -999.9 -999.9 -999.9 -999.9 -999.9 -999.9 -999.9 -999.9 -999.9 1.0 13.0 40.0 46.4 48.8 59.0 -999.9 -999.9 -999.9 -999.9 -999.9 CEMADEN_-_Cotiporã_-_G2-430595902A_(590_m) -999.9 -999.9 -999.9 -999.9 -999.9 -999.9 -999.9 -999.9 Rio_Grande_do_Sul CEMADEN -999.9 0.2 -999.9
-28.99784 -51.69787 16939 2026-08-13_07:10 -999.9 -999.9 -999.9 -999.9 -999.9 -999.9 -999.9 -999.9 -999.9 -999.9 -999.9 -999.9 -999.9 -999.9 -999.9 -999.9 1.8 14.2 41.2 47.4 50.0 60.2 -999.9 -999.9 -999.9 -999.9 -999.9 CEMADEN_-_Cotiporã_-_G2-430595902A_(590_m) -999.9 -999.9 -999.9 -999.9 -999.9 -999.9 -999.9 -999.9 Rio_Grande_do_Sul CEMADEN -999.9 1.2 -999.9
-28.99784 -51.69787 16939 2026-08-13_07:20 -999.9 -999.9 -999.9 -999.9 -999.9 -999.9 -999.9 -999.9 -999.9 -999.9 -999.9 -999.9 -999.9 -999.9 -999.9 -999.9 1.6 14.4 41.2 47.6 50.2 60.4 -999.9 -999.9 -999.9 -999.9 -999.9 CEMADEN_-_Cotiporã_-_G2-430595902A_(590_m) -999.9 -999.9 -999.9 -999.9 -999.9 -999.9 -999.9 -999.9 Rio_Grande_do_Sul CEMADEN -999.9 0.2 -999.9
-28.99784 -51.69787 16939 2026-08-13_07:30 -999.9 -999.9 -999.9 -999.9 -999.9 -999.9 -999.9 -999.9 -999.9 -999.9 -999.9 -999.9 -999.9 -999.9 -999.9 -999.9 1.8 14.8 41.6 48.0 50.6 60.8 -999.9 -999.9 -999.9 -999.9 -999.9 CEMADEN_-_Cotiporã_-_G2-430595902A_(590_m) -999.9 -999.9 -999.9 -999.9 -999.9 -999.9 -999.9 -999.9 Rio_Grande_do_Sul CEMADEN -999.9 0.4 -999.9
-28.99784 -51.69787 16939 2026-08-13_07:40 -999.9 -999.9 -999.9 -999.9 -999.9 -999.9 -999.9 -999.9 -999.9 -999.9 -999.9 -999.9 -999.9 -999.9 -999.9 -999.9 2.2 15.2 42.0 48.4 51.0 61.2 -999.9 -999.9 -999.9 -999.9 -999.9 CEMADEN_-_Cotiporã_-_G2-430595902A_(590_m) -999.9 -999.9 -999.9 -999.9 -999.9 -999.9 -999.9 -999.9 Rio_Grande_do_Sul CEMADEN -999.9 0.4 -999.9
-28.99784 -51.69787 16939 2026-08-13_07:50 -999.9 -999.9 -999.9 -999.9 -999.9 -999.9 -999.9 -999.9 -999.9 -999.9 -999.9 -999.9 -999.9 -999.9 -999.9 -999.9 1.6 15.2 42.2 48.4 51.0 61.2 -999.9 -999.9 -999.9 -999.9 -999.9 CEMADEN_-_Cotiporã_-_G2-430595902A_(590_m) -999.9 -999.9 -999.9 -999.9 -999.9 -999.9 -999.9 -999.9 Rio_Grande_do_Sul CEMADEN -999.9 0.0 -999.9
-28.99784 -51.69787 16939 2026-08-13_08:00 -999.9 -999.9 -999.9 -999.9 -999.9 -999.9 -999.9 -999.9 -999.9 -999.9 -999.9 -999.9 -999.9 -999.9 -999.9 -999.9 2.0 15.6 42.6 48.8 51.4 61.6 -999.9 -999.9 -999.9 -999.9 -999.9 CEMADEN_-_Cotiporã_-_G2-430595902A_(590_m) -999.9 -999.9 -999.9 -999.9 -999.9 -999.9 -999.9 -999.9 Rio_Grande_do_Sul CEMADEN -999.9 0.4 -999.9
-28.99784 -51.69787 16939 2026-08-13_08:10 -999.9 -999.9 -999.9 -999.9 -999.9 -999.9 -999.9 -999.9 -999.9 -999.9 -999.9 -999.9 -999.9 -999.9 -999.9 -999.9 1.8 16.0 42.8 49.2 51.8 62.0 -999.9 -999.9 -999.9 -999.9 -999.9 CEMADEN_-_Cotiporã_-_G2-430595902A_(590_m) -999.9 -999.9 -999.9 -999.9 -999.9 -999.9 -999.9 -999.9 Rio_Grande_do_Sul CEMADEN -999.9 0.4 -999.9
-28.99784 -51.69787 16939 2026-08-13_08:20 -999.9 -999.9 -999.9 -999.9 -999.9 -999.9 -999.9 -999.9 -999.9 -999.9 -999.9 -999.9 -999.9 -999.9 -999.9 -999.9 1.8 16.4 43.2 49.4 52.2 62.4 -999.9 -999.9 -999.9 -999.9 -999.9 CEMADEN_-_Cotiporã_-_G2-430595902A_(590_m) -999.9 -999.9 -999.9 -999.9 -999.9 -999.9 -999.9 -999.9 Rio_Grande_do_Sul CEMADEN -999.9 0.4 -999.9
-28.99784 -51.69787 16939 2026-08-13_08:40 -999.9 -999.9 -999.9 -999.9 -999.9 -999.9 -999.9 -999.9 -999.9 -999.9 -999.9 -999.9 -999.9 -999.9 -999.9 -999.9 1.8 17.0 43.8 50.0 52.8 63.0 -999.9 -999.9 -999.9 -999.9 -999.9 CEMADEN_-_Cotiporã_-_G2-430595902A_(590_m) -999.9 -999.9 -999.9 -999.9 -999.9 -999.9 -999.9 -999.9 Rio_Grande_do_Sul CEMADEN -999.9 0.6 -999.9
-28.99784 -51.69787 16939 2026-08-13_08:50 -999.9 -999.9 -999.9 -999.9 -999.9 -999.9 -999.9 -999.9 -999.9 -999.9 -999.9 -999.9 -999.9 -999.9 -999.9 -999.9 1.8 17.4 44.0 50.2 53.2 63.4 -999.9 -999.9 -999.9 -999.9 -999.9 CEMADEN_-_Cotiporã_-_G2-430595902A_(590_m) -999.9 -999.9 -999.9 -999.9 -999.9 -999.9 -999.9 -999.9 Rio_Grande_do_Sul CEMADEN -999.9 0.4 -999.9
-28.99784 -51.69787 16939 2026-08-13_09:00 -999.9 -999.9 -999.9 -999.9 -999.9 -999.9 -999.9 -999.9 -999.9 -999.9 -999.9 -999.9 -999.9 -999.9 -999.9 -999.9 2.2 17.8 44.4 50.6 53.6 63.8 -999.9 -999.9 -999.9 -999.9 -999.9 CEMADEN_-_Cotiporã_-_G2-430595902A_(590_m) -999.9 -999.9 -999.9 -999.9 -999.9 -999.9 -999.9 -999.9 Rio_Grande_do_Sul CEMADEN -999.9 0.4 -999.9
-28.99784 -51.69787 16939 2026-08-13_09:10 -999.9 -999.9 -999.9 -999.9 -999.9 -999.9 -999.9 -999.9 -999.9 -999.9 -999.9 -999.9 -999.9 -999.9 -999.9 -999.9 1.6 18.0 44.6 50.8 53.8 64.0 -999.9 -999.9 -999.9 -999.9 -999.9 CEMADEN_-_Cotiporã_-_G2-430595902A_(590_m) -999.9 -999.9 -999.9 -999.9 -999.9 -999.9 -999.9 -999.9 Rio_Grande_do_Sul CEMADEN -999.9 0.2 -999.9
-28.99784 -51.69787 16939 2026-08-13_09:20 -999.9 -999.9 -999.9 -999.9 -999.9 -999.9 -999.9 -999.9 -999.9 -999.9 -999.9 -999.9 -999.9 -999.9 -999.9 -999.9 1.8 18.4 45.0 51.0 54.2 64.4 -999.9 -999.9 -999.9 -999.9 -999.9 CEMADEN_-_Cotiporã_-_G2-430595902A_(590_m) -999.9 -999.9 -999.9 -999.9 -999.9 -999.9 -999.9 -999.9 Rio_Grande_do_Sul CEMADEN -999.9 0.4 -999.9
-28.99784 -51.69787 16939 2026-08-13_09:30 -999.9 -999.9 -999.9 -999.9 -999.9 -999.9 -999.9 -999.9 -999.9 -999.9 -999.9 -999.9 -999.9 -999.9 -999.9 -999.9 1.6 18.6 45.2 51.2 54.4 64.6 -999.9 -999.9 -999.9 -999.9 -999.9 CEMADEN_-_Cotiporã_-_G2-430595902A_(590_m) -999.9 -999.9 -999.9 -999.9 -999.9 -999.9 -999.9 -999.9 Rio_Grande_do_Sul CEMADEN -999.9 0.2 -999.9
-28.99784 -51.69787 16939 2026-08-13_09:40 -999.9 -999.9 -999.9 -999.9 -999.9 -999.9 -999.9 -999.9 -999.9 -999.9 -999.9 -999.9 -999.9 -999.9 -999.9 -999.9 1.6 19.0 45.4 51.6 54.8 65.0 -999.9 -999.9 -999.9 -999.9 -999.9 CEMADEN_-_Cotiporã_-_G2-430595902A_(590_m) -999.9 -999.9 -999.9 -999.9 -999.9 -999.9 -999.9 -999.9 Rio_Grande_do_Sul CEMADEN -999.9 0.4 -999.9
-28.99784 -51.69787 16939 2026-08-13_10:00 -999.9 -999.9 -999.9 -999.9 -999.9 -999.9 -999.9 -999.9 -999.9 -999.9 -999.9 -999.9 -999.9 -999.9 -999.9 -999.9 1.8 19.6 46.0 52.2 55.4 65.6 -999.9 -999.9 -999.9 -999.9 -999.9 CEMADEN_-_Cotiporã_-_G2-430595902A_(590_m) -999.9 -999.9 -999.9 -999.9 -999.9 -999.9 -999.9 -999.9 Rio_Grande_do_Sul CEMADEN -999.9 0.6 -999.9
-28.99784 -51.69787 16939 2026-08-13_10:20 -999.9 -999.9 -999.9 -999.9 -999.9 -999.9 -999.9 -999.9 -999.9 -999.9 -999.9 -999.9 -999.9 -999.9 -999.9 -999.9 1.6 20.0 46.6 52.6 55.8 66.0 -999.9 -999.9 -999.9 -999.9 -999.9 CEMADEN_-_Cotiporã_-_G2-430595902A_(590_m) -999.9 -999.9 -999.9 -999.9 -999.9 -999.9 -999.9 -999.9 Rio_Grande_do_Sul CEMADEN -999.9 0.4 -999.9
-28.99784 -51.69787 16939 2026-08-13_10:30 -999.9 -999.9 -999.9 -999.9 -999.9 -999.9 -999.9 -999.9 -999.9 -999.9 -999.9 -999.9 -999.9 -999.9 -999.9 -999.9 1.8 20.2 46.8 52.8 56.0 66.2 -999.9 -999.9 -999.9 -999.9 -999.9 CEMADEN_-_Cotiporã_-_G2-430595902A_(590_m) -999.9 -999.9 -999.9 -999.9 -999.9 -999.9 -999.9 -999.9 Rio_Grande_do_Sul CEMADEN -999.9 0.2 -999.9
-28.99784 -51.69787 16939 2026-08-13_10:40 -999.9 -999.9 -999.9 -999.9 -999.9 -999.9 -999.9 -999.9 -999.9 -999.9 -999.9 -999.9 -999.9 -999.9 -999.9 -999.9 1.6 20.6 47.0 53.0 56.4 66.6 -999.9 -999.9 -999.9 -999.9 -999.9 CEMADEN_-_Cotiporã_-_G2-430595902A_(590_m) -999.9 -999.9 -999.9 -999.9 -999.9 -999.9 -999.9 -999.9 Rio_Grande_do_Sul CEMADEN -999.9 0.4 -999.9
-28.99784 -51.69787 16939 2026-08-13_10:50 -999.9 -999.9 -999.9 -999.9 -999.9 -999.9 -999.9 -999.9 -999.9 -999.9 -999.9 -999.9 -999.9 -999.9 -999.9 -999.9 1.4 20.8 47.2 53.2 56.6 66.8 -999.9 -999.9 -999.9 -999.9 -999.9 CEMADEN_-_Cotiporã_-_G2-430595902A_(590_m) -999.9 -999.9 -999.9 -999.9 -999.9 -999.9 -999.9 -999.9 Rio_Grande_do_Sul CEMADEN -999.9 0.2 -999.9
-28.99784 -51.69787 16939 2026-08-13_11:00 -999.9 -999.9 -999.9 -999.9 -999.9 -999.9 -999.9 -999.9 -999.9 -999.9 -999.9 -999.9 -999.9 -999.9 -999.9 -999.9 1.8 21.2 47.6 53.6 57.0 67.2 -999.9 -999.9 -999.9 -999.9 -999.9 CEMADEN_-_Cotiporã_-_G2-430595902A_(590_m) -999.9 -999.9 -999.9 -999.9 -999.9 -999.9 -999.9 -999.9 Rio_Grande_do_Sul CEMADEN -999.9 0.4 -999.9
-28.99784 -51.69787 16939 2026-08-13_11:10 -999.9 -999.9 -999.9 -999.9 -999.9 -999.9 -999.9 -999.9 -999.9 -999.9 -999.9 -999.9 -999.9 -999.9 -999.9 -999.9 1.4 21.4 47.8 53.6 57.2 67.4 -999.9 -999.9 -999.9 -999.9 -999.9 CEMADEN_-_Cotiporã_-_G2-430595902A_(590_m) -999.9 -999.9 -999.9 -999.9 -999.9 -999.9 -999.9 -999.9 Rio_Grande_do_Sul CEMADEN -999.9 0.2 -999.9
-28.99784 -51.69787 16939 2026-08-13_11:20 -999.9 -999.9 -999.9 -999.9 -999.9 -999.9 -999.9 -999.9 -999.9 -999.9 -999.9 -999.9 -999.9 -999.9 -999.9 -999.9 1.6 21.8 48.2 53.8 57.6 67.8 -999.9 -999.9 -999.9 -999.9 -999.9 CEMADEN_-_Cotiporã_-_G2-430595902A_(590_m) -999.9 -999.9 -999.9 -999.9 -999.9 -999.9 -999.9 -999.9 Rio_Grande_do_Sul CEMADEN -999.9 0.4 -999.9
-28.99784 -51.69787 16939 2026-08-13_11:30 -999.9 -999.9 -999.9 -999.9 -999.9 -999.9 -999.9 -999.9 -999.9 -999.9 -999.9 -999.9 -999.9 -999.9 -999.9 -999.9 1.8 22.0 48.4 54.0 57.8 68.0 -999.9 -999.9 -999.9 -999.9 -999.9 CEMADEN_-_Cotiporã_-_G2-430595902A_(590_m) -999.9 -999.9 -999.9 -999.9 -999.9 -999.9 -999.9 -999.9 Rio_Grande_do_Sul CEMADEN -999.9 0.2 -999.9
-28.99784 -51.69787 16939 2026-08-13_11:40 -999.9 -999.9 -999.9 -999.9 -999.9 -999.9 -999.9 -999.9 -999.9 -999.9 -999.9 -999.9 -999.9 -999.9 -999.9 -999.9 1.6 22.4 48.8 54.4 58.2 68.4 -999.9 -999.9 -999.9 -999.9 -999.9 CEMADEN_-_Cotiporã_-_G2-430595902A_(590_m) -999.9 -999.9 -999.9 -999.9 -999.9 -999.9 -999.9 -999.9 Rio_Grande_do_Sul CEMADEN -999.9 0.4 -999.9
-28.99784 -51.69787 16939 2026-08-13_11:50 -999.9 -999.9 -999.9 -999.9 -999.9 -999.9 -999.9 -999.9 -999.9 -999.9 -999.9 -999.9 -999.9 -999.9 -999.9 -999.9 1.4 22.6 49.0 54.6 58.4 68.6 -999.9 -999.9 -999.9 -999.9 -999.9 CEMADEN_-_Cotiporã_-_G2-430595902A_(590_m) -999.9 -999.9 -999.9 -999.9 -999.9 -999.9 -999.9 -999.9 Rio_Grande_do_Sul CEMADEN -999.9 0.2 -999.9
-28.99784 -51.69787 16939 2026-08-13_12:00 -999.9 -999.9 -999.9 -999.9 -999.9 -999.9 -999.9 -999.9 -999.9 -999.9 -999.9 -999.9 -999.9 -999.9 -999.9 -999.9 1.6 23.0 49.4 55.0 58.8 69.0 -999.9 -999.9 -999.9 -999.9 -999.9 CEMADEN_-_Cotiporã_-_G2-430595902A_(590_m) -999.9 -999.9 -999.9 -999.9 -999.9 -999.9 -999.9 -999.9 Rio_Grande_do_Sul CEMADEN -999.9 0.4 -999.9
-28.99784 -51.69787 16939 2026-08-13_12:10 -999.9 -999.9 -999.9 -999.9 -999.9 -999.9 -999.9 -999.9 -999.9 -999.9 -999.9 -999.9 -999.9 -999.9 -999.9 -999.9 1.4 23.2 49.6 55.2 59.0 69.2 -999.9 -999.9 -999.9 -999.9 -999.9 CEMADEN_-_Cotiporã_-_G2-430595902A_(590_m) -999.9 -999.9 -999.9 -999.9 -999.9 -999.9 -999.9 -999.9 Rio_Grande_do_Sul CEMADEN -999.9 0.2 -999.9
-28.99784 -51.69787 16939 2026-08-13_12:20 -999.9 -999.9 -999.9 -999.9 -999.9 -999.9 -999.9 -999.9 -999.9 -999.9 -999.9 -999.9 -999.9 -999.9 -999.9 -999.9 1.4 23.4 49.8 55.4 59.2 69.4 -999.9 -999.9 -999.9 -999.9 -999.9 CEMADEN_-_Cotiporã_-_G2-430595902A_(590_m) -999.9 -999.9 -999.9 -999.9 -999.9 -999.9 -999.9 -999.9 Rio_Grande_do_Sul CEMADEN -999.9 0.2 -999.9
-28.99784 -51.69787 16939 2026-08-13_12:30 -999.9 -999.9 -999.9 -999.9 -999.9 -999.9 -999.9 -999.9 -999.9 -999.9 -999.9 -999.9 -999.9 -999.9 -999.9 -999.9 1.4 23.8 50.2 55.8 59.6 69.8 -999.9 -999.9 -999.9 -999.9 -999.9 CEMADEN_-_Cotiporã_-_G2-430595902A_(590_m) -999.9 -999.9 -999.9 -999.9 -999.9 -999.9 -999.9 -999.9 Rio_Grande_do_Sul CEMADEN -999.9 0.4 -999.9
-28.99784 -51.69787 16939 2026-08-13_12:40 -999.9 -999.9 -999.9 -999.9 -999.9 -999.9 -999.9 -999.9 -999.9 -999.9 -999.9 -999.9 -999.9 -999.9 -999.9 -999.9 1.4 23.8 50.4 56.0 59.6 69.8 -999.9 -999.9 -999.9 -999.9 -999.9 CEMADEN_-_Cotiporã_-_G2-430595902A_(590_m) -999.9 -999.9 -999.9 -999.9 -999.9 -999.9 -999.9 -999.9 Rio_Grande_do_Sul CEMADEN -999.9 0.0 -999.9
-28.99784 -51.69787 16939 2026-08-13_13:00 -999.9 -999.9 -999.9 -999.9 -999.9 -999.9 -999.9 -999.9 -999.9 -999.9 -999.9 -999.9 -999.9 -999.9 -999.9 -999.9 1.4 24.4 51.0 56.6 60.2 70.4 -999.9 -999.9 -999.9 -999.9 -999.9 CEMADEN_-_Cotiporã_-_G2-430595902A_(590_m) -999.9 -999.9 -999.9 -999.9 -999.9 -999.9 -999.9 -999.9 Rio_Grande_do_Sul CEMADEN -999.9 0.6 -999.9
-28.99784 -51.69787 16939 2026-08-13_13:10 -999.9 -999.9 -999.9 -999.9 -999.9 -999.9 -999.9 -999.9 -999.9 -999.9 -999.9 -999.9 -999.9 -999.9 -999.9 -999.9 1.4 24.6 51.2 56.8 60.4 70.6 -999.9 -999.9 -999.9 -999.9 -999.9 CEMADEN_-_Cotiporã_-_G2-430595902A_(590_m) -999.9 -999.9 -999.9 -999.9 -999.9 -999.9 -999.9 -999.9 Rio_Grande_do_Sul CEMADEN -999.9 0.2 -999.9
-28.99784 -51.69787 16939 2026-08-13_13:20 -999.9 -999.9 -999.9 -999.9 -999.9 -999.9 -999.9 -999.9 -999.9 -999.9 -999.9 -999.9 -999.9 -999.9 -999.9 -999.9 1.2 24.8 51.0 57.0 60.6 70.8 -999.9 -999.9 -999.9 -999.9 -999.9 CEMADEN_-_Cotiporã_-_G2-430595902A_(590_m) -999.9 -999.9 -999.9 -999.9 -999.9 -999.9 -999.9 -999.9 Rio_Grande_do_Sul CEMADEN -999.9 0.2 -999.9
-28.99784 -51.69787 16939 2026-08-13_13:30 -999.9 -999.9 -999.9 -999.9 -999.9 -999.9 -999.9 -999.9 -999.9 -999.9 -999.9 -999.9 -999.9 -999.9 -999.9 -999.9 1.4 25.2 51.4 57.4 61.0 71.2 -999.9 -999.9 -999.9 -999.9 -999.9 CEMADEN_-_Cotiporã_-_G2-430595902A_(590_m) -999.9 -999.9 -999.9 -999.9 -999.9 -999.9 -999.9 -999.9 Rio_Grande_do_Sul CEMADEN -999.9 0.4 -999.9
-28.99784 -51.69787 16939 2026-08-13_13:40 -999.9 -999.9 -999.9 -999.9 -999.9 -999.9 -999.9 -999.9 -999.9 -999.9 -999.9 -999.9 -999.9 -999.9 -999.9 -999.9 0.6 25.4 51.6 57.6 61.2 71.4 -999.9 -999.9 -999.9 -999.9 -999.9 CEMADEN_-_Cotiporã_-_G2-430595902A_(590_m) -999.9 -999.9 -999.9 -999.9 -999.9 -999.9 -999.9 -999.9 Rio_Grande_do_Sul CEMADEN -999.9 0.2 -999.9
-28.99784 -51.69787 16939 2026-08-13_14:20 -999.9 -999.9 -999.9 -999.9 -999.9 -999.9 -999.9 -999.9 -999.9 -999.9 -999.9 -999.9 -999.9 -999.9 -999.9 -999.9 1.2 26.4 52.6 58.6 62.2 72.4 -999.9 -999.9 -999.9 -999.9 -999.9 CEMADEN_-_Cotiporã_-_G2-430595902A_(590_m) -999.9 -999.9 -999.9 -999.9 -999.9 -999.9 -999.9 -999.9 Rio_Grande_do_Sul CEMADEN -999.9 1.0 -999.9
-28.99784 -51.69787 16939 2026-08-13_14:30 -999.9 -999.9 -999.9 -999.9 -999.9 -999.9 -999.9 -999.9 -999.9 -999.9 -999.9 -999.9 -999.9 -999.9 -999.9 -999.9 1.4 26.6 52.8 58.8 62.4 72.6 -999.9 -999.9 -999.9 -999.9 -999.9 CEMADEN_-_Cotiporã_-_G2-430595902A_(590_m) -999.9 -999.9 -999.9 -999.9 -999.9 -999.9 -999.9 -999.9 Rio_Grande_do_Sul CEMADEN -999.9 0.2 -999.9
-28.99784 -51.69787 16939 2026-08-13_14:40 -999.9 -999.9 -999.9 -999.9 -999.9 -999.9 -999.9 -999.9 -999.9 -999.9 -999.9 -999.9 -999.9 -999.9 -999.9 -999.9 1.4 27.0 53.2 59.2 62.8 73.0 -999.9 -999.9 -999.9 -999.9 -999.9 CEMADEN_-_Cotiporã_-_G2-430595902A_(590_m) -999.9 -999.9 -999.9 -999.9 -999.9 -999.9 -999.9 -999.9 Rio_Grande_do_Sul CEMADEN -999.9 0.4 -999.9
-28.99784 -51.69787 16939 2026-08-13_14:50 -999.9 -999.9 -999.9 -999.9 -999.9 -999.9 -999.9 -999.9 -999.9 -999.9 -999.9 -999.9 -999.9 -999.9 -999.9 -999.9 1.2 27.2 53.2 59.4 63.0 73.2 -999.9 -999.9 -999.9 -999.9 -999.9 CEMADEN_-_Cotiporã_-_G2-430595902A_(590_m) -999.9 -999.9 -999.9 -999.9 -999.9 -999.9 -999.9 -999.9 Rio_Grande_do_Sul CEMADEN -999.9 0.2 -999.9
-28.99784 -51.69787 16939 2026-08-13_15:00 -999.9 -999.9 -999.9 -999.9 -999.9 -999.9 -999.9 -999.9 -999.9 -999.9 -999.9 -999.9 -999.9 -999.9 -999.9 -999.9 1.4 27.4 53.4 59.6 63.2 73.4 -999.9 -999.9 -999.9 -999.9 -999.9 CEMADEN_-_Cotiporã_-_G2-430595902A_(590_m) -999.9 -999.9 -999.9 -999.9 -999.9 -999.9 -999.9 -999.9 Rio_Grande_do_Sul CEMADEN -999.9 0.2 -999.9
-28.99784 -51.69787 16939 2026-08-13_15:10 -999.9 -999.9 -999.9 -999.9 -999.9 -999.9 -999.9 -999.9 -999.9 -999.9 -999.9 -999.9 -999.9 -999.9 -999.9 -999.9 1.2 27.6 53.6 59.6 63.4 73.6 -999.9 -999.9 -999.9 -999.9 -999.9 CEMADEN_-_Cotiporã_-_G2-430595902A_(590_m) -999.9 -999.9 -999.9 -999.9 -999.9 -999.9 -999.9 -999.9 Rio_Grande_do_Sul CEMADEN -999.9 0.2 -999.9
-28.99784 -51.69787 16939 2026-08-13_15:30 -999.9 -999.9 -999.9 -999.9 -999.9 -999.9 -999.9 -999.9 -999.9 -999.9 -999.9 -999.9 -999.9 -999.9 -999.9 -999.9 1.6 28.2 54.2 60.2 64.0 74.2 -999.9 -999.9 -999.9 -999.9 -999.9 CEMADEN_-_Cotiporã_-_G2-430595902A_(590_m) -999.9 -999.9 -999.9 -999.9 -999.9 -999.9 -999.9 -999.9 Rio_Grande_do_Sul CEMADEN -999.9 0.6 -999.9
-28.99784 -51.69787 16939 2026-08-13_15:40 -999.9 -999.9 -999.9 -999.9 -999.9 -999.9 -999.9 -999.9 -999.9 -999.9 -999.9 -999.9 -999.9 -999.9 -999.9 -999.9 1.2 28.4 54.4 60.4 64.2 74.4 -999.9 -999.9 -999.9 -999.9 -999.9 CEMADEN_-_Cotiporã_-_G2-430595902A_(590_m) -999.9 -999.9 -999.9 -999.9 -999.9 -999.9 -999.9 -999.9 Rio_Grande_do_Sul CEMADEN -999.9 0.2 -999.9
-28.99784 -51.69787 16939 2026-08-13_15:50 -999.9 -999.9 -999.9 -999.9 -999.9 -999.9 -999.9 -999.9 -999.9 -999.9 -999.9 -999.9 -999.9 -999.9 -999.9 -999.9 1.2 28.6 54.6 60.6 64.4 74.6 -999.9 -999.9 -999.9 -999.9 -999.9 CEMADEN_-_Cotiporã_-_G2-430595902A_(590_m) -999.9 -999.9 -999.9 -999.9 -999.9 -999.9 -999.9 -999.9 Rio_Grande_do_Sul CEMADEN -999.9 0.2 -999.9
-28.99784 -51.69787 16939 2026-08-13_16:00 -999.9 -999.9 -999.9 -999.9 -999.9 -999.9 -999.9 -999.9 -999.9 -999.9 -999.9 -999.9 -999.9 -999.9 -999.9 -999.9 1.2 28.8 54.8 60.8 64.6 74.8 -999.9 -999.9 -999.9 -999.9 -999.9 CEMADEN_-_Cotiporã_-_G2-430595902A_(590_m) -999.9 -999.9 -999.9 -999.9 -999.9 -999.9 -999.9 -999.9 Rio_Grande_do_Sul CEMADEN -999.9 0.2 -999.9
-28.99784 -51.69787 16939 2026-08-13_16:10 -999.9 -999.9 -999.9 -999.9 -999.9 -999.9 -999.9 -999.9 -999.9 -999.9 -999.9 -999.9 -999.9 -999.9 -999.9 -999.9 1.2 29.0 55.0 61.0 64.8 75.0 -999.9 -999.9 -999.9 -999.9 -999.9 CEMADEN_-_Cotiporã_-_G2-430595902A_(590_m) -999.9 -999.9 -999.9 -999.9 -999.9 -999.9 -999.9 -999.9 Rio_Grande_do_Sul CEMADEN -999.9 0.2 -999.9
-28.99784 -51.69787 16939 2026-08-13_16:30 -999.9 -999.9 -999.9 -999.9 -999.9 -999.9 -999.9 -999.9 -999.9 -999.9 -999.9 -999.9 -999.9 -999.9 -999.9 -999.9 1.4 29.6 55.6 61.6 65.4 75.6 -999.9 -999.9 -999.9 -999.9 -999.9 CEMADEN_-_Cotiporã_-_G2-430595902A_(590_m) -999.9 -999.9 -999.9 -999.9 -999.9 -999.9 -999.9 -999.9 Rio_Grande_do_Sul CEMADEN -999.9 0.6 -999.9
-28.99784 -51.69787 16939 2026-08-13_16:40 -999.9 -999.9 -999.9 -999.9 -999.9 -999.9 -999.9 -999.9 -999.9 -999.9 -999.9 -999.9 -999.9 -999.9 -999.9 -999.9 1.2 29.8 55.6 61.8 65.6 75.8 -999.9 -999.9 -999.9 -999.9 -999.9 CEMADEN_-_Cotiporã_-_G2-430595902A_(590_m) -999.9 -999.9 -999.9 -999.9 -999.9 -999.9 -999.9 -999.9 Rio_Grande_do_Sul CEMADEN -999.9 0.2 -999.9
-28.99784 -51.69787 16939 2026-08-13_16:50 -999.9 -999.9 -999.9 -999.9 -999.9 -999.9 -999.9 -999.9 -999.9 -999.9 -999.9 -999.9 -999.9 -999.9 -999.9 -999.9 1.2 30.0 55.8 62.0 65.8 76.0 -999.9 -999.9 -999.9 -999.9 -999.9 CEMADEN_-_Cotiporã_-_G2-430595902A_(590_m) -999.9 -999.9 -999.9 -999.9 -999.9 -999.9 -999.9 -999.9 Rio_Grande_do_Sul CEMADEN -999.9 0.2 -999.9
-28.99784 -51.69787 16939 2026-08-13_17:00 -999.9 -999.9 -999.9 -999.9 -999.9 -999.9 -999.9 -999.9 -999.9 -999.9 -999.9 -999.9 -999.9 -999.9 -999.9 -999.9 1.4 30.2 56.0 62.2 66.0 76.2 -999.9 -999.9 -999.9 -999.9 -999.9 CEMADEN_-_Cotiporã_-_G2-430595902A_(590_m) -999.9 -999.9 -999.9 -999.9 -999.9 -999.9 -999.9 -999.9 Rio_Grande_do_Sul CEMADEN -999.9 0.2 -999.9
-28.99784 -51.69787 16939 2026-08-13_17:10 -999.9 -999.9 -999.9 -999.9 -999.9 -999.9 -999.9 -999.9 -999.9 -999.9 -999.9 -999.9 -999.9 -999.9 -999.9 -999.9 1.2 30.4 56.2 62.4 66.2 76.4 -999.9 -999.9 -999.9 -999.9 -999.9 CEMADEN_-_Cotiporã_-_G2-430595902A_(590_m) -999.9 -999.9 -999.9 -999.9 -999.9 -999.9 -999.9 -999.9 Rio_Grande_do_Sul CEMADEN -999.9 0.2 -999.9
-28.99784 -51.69787 16939 2026-08-13_17:20 -999.9 -999.9 -999.9 -999.9 -999.9 -999.9 -999.9 -999.9 -999.9 -999.9 -999.9 -999.9 -999.9 -999.9 -999.9 -999.9 1.0 30.6 56.4 62.6 66.4 76.6 -999.9 -999.9 -999.9 -999.9 -999.9 CEMADEN_-_Cotiporã_-_G2-430595902A_(590_m) -999.9 -999.9 -999.9 -999.9 -999.9 -999.9 -999.9 -999.9 Rio_Grande_do_Sul CEMADEN -999.9 0.2 -999.9
-28.99784 -51.69787 16939 2026-08-13_17:30 -999.9 -999.9 -999.9 -999.9 -999.9 -999.9 -999.9 -999.9 -999.9 -999.9 -999.9 -999.9 -999.9 -999.9 -999.9 -999.9 1.2 30.8 56.6 62.8 66.6 76.8 -999.9 -999.9 -999.9 -999.9 -999.9 CEMADEN_-_Cotiporã_-_G2-430595902A_(590_m) -999.9 -999.9 -999.9 -999.9 -999.9 -999.9 -999.9 -999.9 Rio_Grande_do_Sul CEMADEN -999.9 0.2 -999.9
-28.99784 -51.69787 16939 2026-08-13_17:40 -999.9 -999.9 -999.9 -999.9 -999.9 -999.9 -999.9 -999.9 -999.9 -999.9 -999.9 -999.9 -999.9 -999.9 -999.9 -999.9 1.0 31.0 56.8 63.0 66.8 77.0 -999.9 -999.9 -999.9 -999.9 -999.9 CEMADEN_-_Cotiporã_-_G2-430595902A_(590_m) -999.9 -999.9 -999.9 -999.9 -999.9 -999.9 -999.9 -999.9 Rio_Grande_do_Sul CEMADEN -999.9 0.2 -999.9
-28.99784 -51.69787 16939 2026-08-13_18:00 -999.9 -999.9 -999.9 -999.9 -999.9 -999.9 -999.9 -999.9 -999.9 -999.9 -999.9 -999.9 -999.9 -999.9 -999.9 -999.9 1.4 31.6 57.2 63.6 67.4 77.6 -999.9 -999.9 -999.9 -999.9 -999.9 CEMADEN_-_Cotiporã_-_G2-430595902A_(590_m) -999.9 -999.9 -999.9 -999.9 -999.9 -999.9 -999.9 -999.9 Rio_Grande_do_Sul CEMADEN -999.9 0.6 -999.9
-28.99784 -51.69787 16939 2026-08-13_18:10 -999.9 -999.9 -999.9 -999.9 -999.9 -999.9 -999.9 -999.9 -999.9 -999.9 -999.9 -999.9 -999.9 -999.9 -999.9 -999.9 1.2 31.6 57.4 63.8 67.4 77.6 -999.9 -999.9 -999.9 -999.9 -999.9 CEMADEN_-_Cotiporã_-_G2-430595902A_(590_m) -999.9 -999.9 -999.9 -999.9 -999.9 -999.9 -999.9 -999.9 Rio_Grande_do_Sul CEMADEN -999.9 0.0 -999.9
-28.99784 -51.69787 16939 2026-08-13_18:20 -999.9 -999.9 -999.9 -999.9 -999.9 -999.9 -999.9 -999.9 -999.9 -999.9 -999.9 -999.9 -999.9 -999.9 -999.9 -999.9 1.2 31.8 57.6 64.0 67.6 77.8 -999.9 -999.9 -999.9 -999.9 -999.9 CEMADEN_-_Cotiporã_-_G2-430595902A_(590_m) -999.9 -999.9 -999.9 -999.9 -999.9 -999.9 -999.9 -999.9 Rio_Grande_do_Sul CEMADEN -999.9 0.2 -999.9
-28.99784 -51.69787 16939 2026-08-13_18:30 -999.9 -999.9 -999.9 -999.9 -999.9 -999.9 -999.9 -999.9 -999.9 -999.9 -999.9 -999.9 -999.9 -999.9 -999.9 -999.9 1.4 32.0 57.8 64.2 67.8 78.0 -999.9 -999.9 -999.9 -999.9 -999.9 CEMADEN_-_Cotiporã_-_G2-430595902A_(590_m) -999.9 -999.9 -999.9 -999.9 -999.9 -999.9 -999.9 -999.9 Rio_Grande_do_Sul CEMADEN -999.9 0.2 -999.9
-28.99784 -51.69787 16939 2026-08-13_18:40 -999.9 -999.9 -999.9 -999.9 -999.9 -999.9 -999.9 -999.9 -999.9 -999.9 -999.9 -999.9 -999.9 -999.9 -999.9 -999.9 1.2 32.2 58.0 64.4 68.0 78.2 -999.9 -999.9 -999.9 -999.9 -999.9 CEMADEN_-_Cotiporã_-_G2-430595902A_(590_m) -999.9 -999.9 -999.9 -999.9 -999.9 -999.9 -999.9 -999.9 Rio_Grande_do_Sul CEMADEN -999.9 0.2 -999.9
-28.99784 -51.69787 16939 2026-08-13_18:50 -999.9 -999.9 -999.9 -999.9 -999.9 -999.9 -999.9 -999.9 -999.9 -999.9 -999.9 -999.9 -999.9 -999.9 -999.9 -999.9 1.0 32.4 58.0 64.6 68.2 78.4 -999.9 -999.9 -999.9 -999.9 -999.9 CEMADEN_-_Cotiporã_-_G2-430595902A_(590_m) -999.9 -999.9 -999.9 -999.9 -999.9 -999.9 -999.9 -999.9 Rio_Grande_do_Sul CEMADEN -999.9 0.2 -999.9
-28.99784 -51.69787 16939 2026-08-13_19:00 -999.9 -999.9 -999.9 -999.9 -999.9 -999.9 -999.9 -999.9 -999.9 -999.9 -999.9 -999.9 -999.9 -999.9 -999.9 -999.9 1.0 32.6 58.2 64.8 68.4 78.6 -999.9 -999.9 -999.9 -999.9 -999.9 CEMADEN_-_Cotiporã_-_G2-430595902A_(590_m) -999.9 -999.9 -999.9 -999.9 -999.9 -999.9 -999.9 -999.9 Rio_Grande_do_Sul CEMADEN -999.9 0.2 -999.9
-28.99784 -51.69787 16939 2026-08-13_19:10 -999.9 -999.9 -999.9 -999.9 -999.9 -999.9 -999.9 -999.9 -999.9 -999.9 -999.9 -999.9 -999.9 -999.9 -999.9 -999.9 1.0 32.8 58.4 65.0 68.6 78.8 -999.9 -999.9 -999.9 -999.9 -999.9 CEMADEN_-_Cotiporã_-_G2-430595902A_(590_m) -999.9 -999.9 -999.9 -999.9 -999.9 -999.9 -999.9 -999.9 Rio_Grande_do_Sul CEMADEN -999.9 0.2 -999.9
-28.99784 -51.69787 16939 2026-08-13_19:20 -999.9 -999.9 -999.9 -999.9 -999.9 -999.9 -999.9 -999.9 -999.9 -999.9 -999.9 -999.9 -999.9 -999.9 -999.9 -999.9 1.0 33.0 58.6 65.2 68.8 79.0 -999.9 -999.9 -999.9 -999.9 -999.9 CEMADEN_-_Cotiporã_-_G2-430595902A_(590_m) -999.9 -999.9 -999.9 -999.9 -999.9 -999.9 -999.9 -999.9 Rio_Grande_do_Sul CEMADEN -999.9 0.2 -999.9
-28.99784 -51.69787 16939 2026-08-13_19:30 -999.9 -999.9 -999.9 -999.9 -999.9 -999.9 -999.9 -999.9 -999.9 -999.9 -999.9 -999.9 -999.9 -999.9 -999.9 -999.9 1.0 33.2 58.8 65.4 69.0 79.2 -999.9 -999.9 -999.9 -999.9 -999.9 CEMADEN_-_Cotiporã_-_G2-430595902A_(590_m) -999.9 -999.9 -999.9 -999.9 -999.9 -999.9 -999.9 -999.9 Rio_Grande_do_Sul CEMADEN -999.9 0.2 -999.9
-28.99784 -51.69787 16939 2026-08-13_19:50 -999.9 -999.9 -999.9 -999.9 -999.9 -999.9 -999.9 -999.9 -999.9 -999.9 -999.9 -999.9 -999.9 -999.9 -999.9 -999.9 1.2 33.8 59.2 66.0 69.6 79.8 -999.9 -999.9 -999.9 -999.9 -999.9 CEMADEN_-_Cotiporã_-_G2-430595902A_(590_m) -999.9 -999.9 -999.9 -999.9 -999.9 -999.9 -999.9 -999.9 Rio_Grande_do_Sul CEMADEN -999.9 0.6 -999.9
-28.99784 -51.69787 16939 2026-08-13_20:00 -999.9 -999.9 -999.9 -999.9 -999.9 -999.9 -999.9 -999.9 -999.9 -999.9 -999.9 -999.9 -999.9 -999.9 -999.9 -999.9 1.2 34.0 59.4 66.2 69.8 80.0 -999.9 -999.9 -999.9 -999.9 -999.9 CEMADEN_-_Cotiporã_-_G2-430595902A_(590_m) -999.9 -999.9 -999.9 -999.9 -999.9 -999.9 -999.9 -999.9 Rio_Grande_do_Sul CEMADEN -999.9 0.2 -999.9
-28.99784 -51.69787 16939 2026-08-13_20:10 -999.9 -999.9 -999.9 -999.9 -999.9 -999.9 -999.9 -999.9 -999.9 -999.9 -999.9 -999.9 -999.9 -999.9 -999.9 -999.9 1.2 34.2 59.6 66.4 70.0 80.2 -999.9 -999.9 -999.9 -999.9 -999.9 CEMADEN_-_Cotiporã_-_G2-430595902A_(590_m) -999.9 -999.9 -999.9 -999.9 -999.9 -999.9 -999.9 -999.9 Rio_Grande_do_Sul CEMADEN -999.9 0.2 -999.9
-28.99784 -51.69787 16939 2026-08-13_20:20 -999.9 -999.9 -999.9 -999.9 -999.9 -999.9 -999.9 -999.9 -999.9 -999.9 -999.9 -999.9 -999.9 -999.9 -999.9 -999.9 1.2 34.4 59.8 66.6 70.2 80.4 -999.9 -999.9 -999.9 -999.9 -999.9 CEMADEN_-_Cotiporã_-_G2-430595902A_(590_m) -999.9 -999.9 -999.9 -999.9 -999.9 -999.9 -999.9 -999.9 Rio_Grande_do_Sul CEMADEN -999.9 0.2 -999.9
-28.99784 -51.69787 16939 2026-08-13_20:30 -999.9 -999.9 -999.9 -999.9 -999.9 -999.9 -999.9 -999.9 -999.9 -999.9 -999.9 -999.9 -999.9 -999.9 -999.9 -999.9 1.2 34.6 59.8 66.6 70.4 80.6 -999.9 -999.9 -999.9 -999.9 -999.9 CEMADEN_-_Cotiporã_-_G2-430595902A_(590_m) -999.9 -999.9 -999.9 -999.9 -999.9 -999.9 -999.9 -999.9 Rio_Grande_do_Sul CEMADEN -999.9 0.2 -999.9
-28.99784 -51.69787 16939 2026-08-13_20:40 -999.9 -999.9 -999.9 -999.9 -999.9 -999.9 -999.9 -999.9 -999.9 -999.9 -999.9 -999.9 -999.9 -999.9 -999.9 -999.9 1.4 34.8 60.0 66.8 70.6 80.8 -999.9 -999.9 -999.9 -999.9 -999.9 CEMADEN_-_Cotiporã_-_G2-430595902A_(590_m) -999.9 -999.9 -999.9 -999.9 -999.9 -999.9 -999.9 -999.9 Rio_Grande_do_Sul CEMADEN -999.9 0.2 -999.9
-28.99784 -51.69787 16939 2026-08-13_20:50 -999.9 -999.9 -999.9 -999.9 -999.9 -999.9 -999.9 -999.9 -999.9 -999.9 -999.9 -999.9 -999.9 -999.9 -999.9 -999.9 1.0 34.8 60.2 66.8 70.6 80.8 -999.9 -999.9 -999.9 -999.9 -999.9 CEMADEN_-_Cotiporã_-_G2-430595902A_(590_m) -999.9 -999.9 -999.9 -999.9 -999.9 -999.9 -999.9 -999.9 Rio_Grande_do_Sul CEMADEN -999.9 0.0 -999.9
-28.99784 -51.69787 16939 2026-08-13_21:00 -999.9 -999.9 -999.9 -999.9 -999.9 -999.9 -999.9 -999.9 -999.9 -999.9 -999.9 -999.9 -999.9 -999.9 -999.9 -999.9 1.0 35.0 60.4 67.0 70.8 81.0 -999.9 -999.9 -999.9 -999.9 -999.9 CEMADEN_-_Cotiporã_-_G2-430595902A_(590_m) -999.9 -999.9 -999.9 -999.9 -999.9 -999.9 -999.9 -999.9 Rio_Grande_do_Sul CEMADEN -999.9 0.2 -999.9
-28.99784 -51.69787 16939 2026-08-13_21:10 -999.9 -999.9 -999.9 -999.9 -999.9 -999.9 -999.9 -999.9 -999.9 -999.9 -999.9 -999.9 -999.9 -999.9 -999.9 -999.9 1.0 35.2 60.4 67.2 71.0 81.2 -999.9 -999.9 -999.9 -999.9 -999.9 CEMADEN_-_Cotiporã_-_G2-430595902A_(590_m) -999.9 -999.9 -999.9 -999.9 -999.9 -999.9 -999.9 -999.9 Rio_Grande_do_Sul CEMADEN -999.9 0.2 -999.9
-28.99784 -51.69787 16939 2026-08-13_21:20 -999.9 -999.9 -999.9 -999.9 -999.9 -999.9 -999.9 -999.9 -999.9 -999.9 -999.9 -999.9 -999.9 -999.9 -999.9 -999.9 1.0 35.4 60.6 67.2 71.2 81.4 -999.9 -999.9 -999.9 -999.9 -999.9 CEMADEN_-_Cotiporã_-_G2-430595902A_(590_m) -999.9 -999.9 -999.9 -999.9 -999.9 -999.9 -999.9 -999.9 Rio_Grande_do_Sul CEMADEN -999.9 0.2 -999.9
-28.99784 -51.69787 16939 2026-08-13_21:30 -999.9 -999.9 -999.9 -999.9 -999.9 -999.9 -999.9 -999.9 -999.9 -999.9 -999.9 -999.9 -999.9 -999.9 -999.9 -999.9 1.4 35.8 61.0 67.6 71.6 81.8 -999.9 -999.9 -999.9 -999.9 -999.9 CEMADEN_-_Cotiporã_-_G2-430595902A_(590_m) -999.9 -999.9 -999.9 -999.9 -999.9 -999.9 -999.9 -999.9 Rio_Grande_do_Sul CEMADEN -999.9 0.4 -999.9
-28.99784 -51.69787 16939 2026-08-13_21:40 -999.9 -999.9 -999.9 -999.9 -999.9 -999.9 -999.9 -999.9 -999.9 -999.9 -999.9 -999.9 -999.9 -999.9 -999.9 -999.9 1.2 36.0 61.2 67.6 71.8 82.0 -999.9 -999.9 -999.9 -999.9 -999.9 CEMADEN_-_Cotiporã_-_G2-430595902A_(590_m) -999.9 -999.9 -999.9 -999.9 -999.9 -999.9 -999.9 -999.9 Rio_Grande_do_Sul CEMADEN -999.9 0.2 -999.9
-28.99784 -51.69787 16939 2026-08-13_21:50 -999.9 -999.9 -999.9 -999.9 -999.9 -999.9 -999.9 -999.9 -999.9 -999.9 -999.9 -999.9 -999.9 -999.9 -999.9 -999.9 1.2 36.2 61.4 67.8 72.0 82.2 -999.9 -999.9 -999.9 -999.9 -999.9 CEMADEN_-_Cotiporã_-_G2-430595902A_(590_m) -999.9 -999.9 -999.9 -999.9 -999.9 -999.9 -999.9 -999.9 Rio_Grande_do_Sul CEMADEN -999.9 0.2 -999.9
-28.99784 -51.69787 16939 2026-08-13_22:00 -999.9 -999.9 -999.9 -999.9 -999.9 -999.9 -999.9 -999.9 -999.9 -999.9 -999.9 -999.9 -999.9 -999.9 -999.9 -999.9 1.4 36.4 61.6 68.0 72.2 82.4 -999.9 -999.9 -999.9 -999.9 -999.9 CEMADEN_-_Cotiporã_-_G2-430595902A_(590_m) -999.9 -999.9 -999.9 -999.9 -999.9 -999.9 -999.9 -999.9 Rio_Grande_do_Sul CEMADEN -999.9 0.2 -999.9
-28.99784 -51.69787 16939 2026-08-13_22:10 -999.9 -999.9 -999.9 -999.9 -999.9 -999.9 -999.9 -999.9 -999.9 -999.9 -999.9 -999.9 -999.9 -999.9 -999.9 -999.9 1.2 36.6 61.6 68.0 72.4 82.6 -999.9 -999.9 -999.9 -999.9 -999.9 CEMADEN_-_Cotiporã_-_G2-430595902A_(590_m) -999.9 -999.9 -999.9 -999.9 -999.9 -999.9 -999.9 -999.9 Rio_Grande_do_Sul CEMADEN -999.9 0.2 -999.9
-28.99784 -51.69787 16939 2026-08-13_22:20 -999.9 -999.9 -999.9 -999.9 -999.9 -999.9 -999.9 -999.9 -999.9 -999.9 -999.9 -999.9 -999.9 -999.9 -999.9 -999.9 1.0 36.8 61.8 68.2 72.6 82.8 -999.9 -999.9 -999.9 -999.9 -999.9 CEMADEN_-_Cotiporã_-_G2-430595902A_(590_m) -999.9 -999.9 -999.9 -999.9 -999.9 -999.9 -999.9 -999.9 Rio_Grande_do_Sul CEMADEN -999.9 0.2 -999.9
-28.99784 -51.69787 16939 2026-08-13_22:30 -999.9 -999.9 -999.9 -999.9 -999.9 -999.9 -999.9 -999.9 -999.9 -999.9 -999.9 -999.9 -999.9 -999.9 -999.9 -999.9 1.2 37.0 62.0 68.4 72.8 83.0 -999.9 -999.9 -999.9 -999.9 -999.9 CEMADEN_-_Cotiporã_-_G2-430595902A_(590_m) -999.9 -999.9 -999.9 -999.9 -999.9 -999.9 -999.9 -999.9 Rio_Grande_do_Sul CEMADEN -999.9 0.2 -999.9
-28.99784 -51.69787 16939 2026-08-13_22:40 -999.9 -999.9 -999.9 -999.9 -999.9 -999.9 -999.9 -999.9 -999.9 -999.9 -999.9 -999.9 -999.9 -999.9 -999.9 -999.9 1.0 37.2 62.0 68.4 73.0 83.2 -999.9 -999.9 -999.9 -999.9 -999.9 CEMADEN_-_Cotiporã_-_G2-430595902A_(590_m) -999.9 -999.9 -999.9 -999.9 -999.9 -999.9 -999.9 -999.9 Rio_Grande_do_Sul CEMADEN -999.9 0.2 -999.9
-28.99784 -51.69787 16939 2026-08-13_22:50 -999.9 -999.9 -999.9 -999.9 -999.9 -999.9 -999.9 -999.9 -999.9 -999.9 -999.9 -999.9 -999.9 -999.9 -999.9 -999.9 1.0 37.2 62.2 68.6 73.0 83.2 -999.9 -999.9 -999.9 -999.9 -999.9 CEMADEN_-_Cotiporã_-_G2-430595902A_(590_m) -999.9 -999.9 -999.9 -999.9 -999.9 -999.9 -999.9 -999.9 Rio_Grande_do_Sul CEMADEN -999.9 0.0 -999.9
-28.99784 -51.69787 16939 2026-08-13_23:00 -999.9 -999.9 -999.9 -999.9 -999.9 -999.9 -999.9 -999.9 -999.9 -999.9 -999.9 -999.9 -999.9 -999.9 -999.9 -999.9 1.0 37.4 62.4 68.6 73.2 83.4 -999.9 -999.9 -999.9 -999.9 -999.9 CEMADEN_-_Cotiporã_-_G2-430595902A_(590_m) -999.9 -999.9 -999.9 -999.9 -999.9 -999.9 -999.9 -999.9 Rio_Grande_do_Sul CEMADEN -999.9 0.2 -999.9
-28.99784 -51.69787 16939 2026-08-13_23:10 -999.9 -999.9 -999.9 -999.9 -999.9 -999.9 -999.9 -999.9 -999.9 -999.9 -999.9 -999.9 -999.9 -999.9 -999.9 -999.9 1.0 37.6 62.6 68.8 73.4 83.6 -999.9 -999.9 -999.9 -999.9 -999.9 CEMADEN_-_Cotiporã_-_G2-430595902A_(590_m) -999.9 -999.9 -999.9 -999.9 -999.9 -999.9 -999.9 -999.9 Rio_Grande_do_Sul CEMADEN -999.9 0.2 -999.9
-28.99784 -51.69787 16939 2026-08-13_23:20 -999.9 -999.9 -999.9 -999.9 -999.9 -999.9 -999.9 -999.9 -999.9 -999.9 -999.9 -999.9 -999.9 -999.9 -999.9 -999.9 1.0 37.8 62.8 68.8 73.6 83.8 -999.9 -999.9 -999.9 -999.9 -999.9 CEMADEN_-_Cotiporã_-_G2-430595902A_(590_m) -999.9 -999.9 -999.9 -999.9 -999.9 -999.9 -999.9 -999.9 Rio_Grande_do_Sul CEMADEN -999.9 0.2 -999.9
-28.99784 -51.69787 16939 2026-08-13_23:30 -999.9 -999.9 -999.9 -999.9 -999.9 -999.9 -999.9 -999.9 -999.9 -999.9 -999.9 -999.9 -999.9 -999.9 -999.9 -999.9 1.0 38.0 62.8 69.0 73.8 84.0 -999.9 -999.9 -999.9 -999.9 -999.9 CEMADEN_-_Cotiporã_-_G2-430595902A_(590_m) -999.9 -999.9 -999.9 -999.9 -999.9 -999.9 -999.9 -999.9 Rio_Grande_do_Sul CEMADEN -999.9 0.2 -999.9
-28.99784 -51.69787 16939 2026-08-13_23:40 -999.9 -999.9 -999.9 -999.9 -999.9 -999.9 -999.9 -999.9 -999.9 -999.9 -999.9 -999.9 -999.9 -999.9 -999.9 -999.9 1.0 38.2 63.0 69.2 74.0 84.2 -999.9 -999.9 -999.9 -999.9 -999.9 CEMADEN_-_Cotiporã_-_G2-430595902A_(590_m) -999.9 -999.9 -999.9 -999.9 -999.9 -999.9 -999.9 -999.9 Rio_Grande_do_Sul CEMADEN -999.9 0.2 -999.9
-28.99784 -51.69787 16939 2026-08-13_23:50 -999.9 -999.9 -999.9 -999.9 -999.9 -999.9 -999.9 -999.9 -999.9 -999.9 -999.9 -999.9 -999.9 -999.9 -999.9 -999.9 1.2 38.4 63.2 69.4 74.2 84.4 -999.9 -999.9 -999.9 -999.9 -999.9 CEMADEN_-_Cotiporã_-_G2-430595902A_(590_m) -999.9 -999.9 -999.9 -999.9 -999.9 -999.9 -999.9 -999.9 Rio_Grande_do_Sul CEMADEN -999.9 0.2 -999.9
