-29.17805 -51.73222 86472600 2026-08-10_00:00 -999.9 -999.9 -999.9 -999.9 -999.9 -999.9 -999.9 -999.9 -999.9 -999.9 -999.9 -999.9 -999.9 -999.9 -999.9 -999.9 0.0 0.0 0.0 0.4 0.8 22.0 -999.9 -999.9 -999.9 -999.9 -999.9 SGB/CPRM_-_Santa_Tereza_(74_m) -999.9 -999.9 -999.9 -999.9 -999.9 -999.9 -999.9 -999.9 Brasil SGB/CPRM -999.9 0.0 0.0 4.02 4.02 4.02 0 0 4.41 4.52 4.52 4.52
-29.17805 -51.73222 86472600 2026-08-10_00:15 -999.9 -999.9 -999.9 -999.9 -999.9 -999.9 -999.9 -999.9 -999.9 -999.9 -999.9 -999.9 -999.9 -999.9 -999.9 -999.9 0.0 0.0 0.0 0.4 0.8 22.0 -999.9 -999.9 -999.9 -999.9 -999.9 SGB/CPRM_-_Santa_Tereza_(74_m) -999.9 -999.9 -999.9 -999.9 -999.9 -999.9 -999.9 -999.9 Brasil SGB/CPRM -999.9 0.0 0.0 4.03 4.03 4.02 0 0.01 4.41 4.52 4.52 4.52
-29.17805 -51.73222 86472600 2026-08-10_00:30 -999.9 -999.9 -999.9 -999.9 -999.9 -999.9 -999.9 -999.9 -999.9 -999.9 -999.9 -999.9 -999.9 -999.9 -999.9 -999.9 0.0 0.0 0.0 0.4 0.8 22.0 -999.9 -999.9 -999.9 -999.9 -999.9 SGB/CPRM_-_Santa_Tereza_(74_m) -999.9 -999.9 -999.9 -999.9 -999.9 -999.9 -999.9 -999.9 Brasil SGB/CPRM -999.9 0.0 0.0 4.03 4.03 4.02 0 0.01 4.41 4.52 4.52 4.52
-29.17805 -51.73222 86472600 2026-08-10_00:45 -999.9 -999.9 -999.9 -999.9 -999.9 -999.9 -999.9 -999.9 -999.9 -999.9 -999.9 -999.9 -999.9 -999.9 -999.9 -999.9 0.0 0.0 0.0 0.4 0.8 22.0 -999.9 -999.9 -999.9 -999.9 -999.9 SGB/CPRM_-_Santa_Tereza_(74_m) -999.9 -999.9 -999.9 -999.9 -999.9 -999.9 -999.9 -999.9 Brasil SGB/CPRM -999.9 0.0 0.0 4.04 4.04 4.02 1 0.02 4.41 4.52 4.52 4.52
-29.17805 -51.73222 86472600 2026-08-10_01:00 -999.9 -999.9 -999.9 -999.9 -999.9 -999.9 -999.9 -999.9 -999.9 -999.9 -999.9 -999.9 -999.9 -999.9 -999.9 -999.9 0.0 0.0 0.0 0.4 0.8 22.0 -999.9 -999.9 -999.9 -999.9 -999.9 SGB/CPRM_-_Santa_Tereza_(74_m) -999.9 -999.9 -999.9 -999.9 -999.9 -999.9 -999.9 -999.9 Brasil SGB/CPRM -999.9 0.0 0.0 4.04 4.04 4.02 1 0.02 4.41 4.52 4.52 4.52
-29.17805 -51.73222 86472600 2026-08-10_01:15 -999.9 -999.9 -999.9 -999.9 -999.9 -999.9 -999.9 -999.9 -999.9 -999.9 -999.9 -999.9 -999.9 -999.9 -999.9 -999.9 0.0 0.0 0.0 0.4 0.8 22.0 -999.9 -999.9 -999.9 -999.9 -999.9 SGB/CPRM_-_Santa_Tereza_(74_m) -999.9 -999.9 -999.9 -999.9 -999.9 -999.9 -999.9 -999.9 Brasil SGB/CPRM -999.9 0.0 0.0 4.03 4.04 4.02 0 0 4.41 4.52 4.52 4.52
-29.17805 -51.73222 86472600 2026-08-10_01:30 -999.9 -999.9 -999.9 -999.9 -999.9 -999.9 -999.9 -999.9 -999.9 -999.9 -999.9 -999.9 -999.9 -999.9 -999.9 -999.9 0.0 0.0 0.0 0.4 0.8 22.0 -999.9 -999.9 -999.9 -999.9 -999.9 SGB/CPRM_-_Santa_Tereza_(74_m) -999.9 -999.9 -999.9 -999.9 -999.9 -999.9 -999.9 -999.9 Brasil SGB/CPRM -999.9 0.0 0.0 4.03 4.04 4.02 0 0 4.41 4.52 4.52 4.52
-29.17805 -51.73222 86472600 2026-08-10_01:45 -999.9 -999.9 -999.9 -999.9 -999.9 -999.9 -999.9 -999.9 -999.9 -999.9 -999.9 -999.9 -999.9 -999.9 -999.9 -999.9 0.0 0.0 0.0 0.4 0.8 22.0 -999.9 -999.9 -999.9 -999.9 -999.9 SGB/CPRM_-_Santa_Tereza_(74_m) -999.9 -999.9 -999.9 -999.9 -999.9 -999.9 -999.9 -999.9 Brasil SGB/CPRM -999.9 0.0 0.0 4.03 4.04 4.02 -1 -0.01 4.41 4.52 4.52 4.52
-29.17805 -51.73222 86472600 2026-08-10_02:00 -999.9 -999.9 -999.9 -999.9 -999.9 -999.9 -999.9 -999.9 -999.9 -999.9 -999.9 -999.9 -999.9 -999.9 -999.9 -999.9 0.0 0.0 0.0 0.4 0.8 22.0 -999.9 -999.9 -999.9 -999.9 -999.9 SGB/CPRM_-_Santa_Tereza_(74_m) -999.9 -999.9 -999.9 -999.9 -999.9 -999.9 -999.9 -999.9 Brasil SGB/CPRM -999.9 0.0 0.0 4.02 4.04 4.02 -1 -0.02 4.41 4.52 4.52 4.52
-29.17805 -51.73222 86472600 2026-08-10_02:15 -999.9 -999.9 -999.9 -999.9 -999.9 -999.9 -999.9 -999.9 -999.9 -999.9 -999.9 -999.9 -999.9 -999.9 -999.9 -999.9 0.0 0.0 0.0 0.4 0.8 22.0 -999.9 -999.9 -999.9 -999.9 -999.9 SGB/CPRM_-_Santa_Tereza_(74_m) -999.9 -999.9 -999.9 -999.9 -999.9 -999.9 -999.9 -999.9 Brasil SGB/CPRM -999.9 0.0 0.0 4.02 4.04 4.02 0 -0.01 4.41 4.52 4.52 4.52
-29.17805 -51.73222 86472600 2026-08-10_02:30 -999.9 -999.9 -999.9 -999.9 -999.9 -999.9 -999.9 -999.9 -999.9 -999.9 -999.9 -999.9 -999.9 -999.9 -999.9 -999.9 0.0 0.0 0.0 0.4 0.8 22.0 -999.9 -999.9 -999.9 -999.9 -999.9 SGB/CPRM_-_Santa_Tereza_(74_m) -999.9 -999.9 -999.9 -999.9 -999.9 -999.9 -999.9 -999.9 Brasil SGB/CPRM -999.9 0.0 0.0 4.01 4.04 4.01 -1 -0.02 4.41 4.52 4.52 4.52
-29.17805 -51.73222 86472600 2026-08-10_02:45 -999.9 -999.9 -999.9 -999.9 -999.9 -999.9 -999.9 -999.9 -999.9 -999.9 -999.9 -999.9 -999.9 -999.9 -999.9 -999.9 0.0 0.0 0.0 0.4 0.8 22.0 -999.9 -999.9 -999.9 -999.9 -999.9 SGB/CPRM_-_Santa_Tereza_(74_m) -999.9 -999.9 -999.9 -999.9 -999.9 -999.9 -999.9 -999.9 Brasil SGB/CPRM -999.9 0.0 0.0 4 4.04 4 -1 -0.03 4.41 4.52 4.52 4.52
-29.17805 -51.73222 86472600 2026-08-10_03:00 -999.9 -999.9 -999.9 -999.9 -999.9 -999.9 -999.9 -999.9 -999.9 -999.9 -999.9 -999.9 -999.9 -999.9 -999.9 -999.9 0.0 0.0 0.0 0.4 0.8 22.0 -999.9 -999.9 -999.9 -999.9 -999.9 SGB/CPRM_-_Santa_Tereza_(74_m) -999.9 -999.9 -999.9 -999.9 -999.9 -999.9 -999.9 -999.9 Brasil SGB/CPRM -999.9 0.0 0.0 4 4.04 4 -1 -0.02 4.41 4.52 4.52 4.52
-29.17805 -51.73222 86472600 2026-08-10_03:15 -999.9 -999.9 -999.9 -999.9 -999.9 -999.9 -999.9 -999.9 -999.9 -999.9 -999.9 -999.9 -999.9 -999.9 -999.9 -999.9 0.0 0.0 0.0 0.4 0.8 22.0 -999.9 -999.9 -999.9 -999.9 -999.9 SGB/CPRM_-_Santa_Tereza_(74_m) -999.9 -999.9 -999.9 -999.9 -999.9 -999.9 -999.9 -999.9 Brasil SGB/CPRM -999.9 0.0 0.0 3.99 4.04 3.99 -1 -0.03 4.41 4.52 4.52 4.52
-29.17805 -51.73222 86472600 2026-08-10_03:30 -999.9 -999.9 -999.9 -999.9 -999.9 -999.9 -999.9 -999.9 -999.9 -999.9 -999.9 -999.9 -999.9 -999.9 -999.9 -999.9 0.0 0.0 0.0 0.4 0.8 22.0 -999.9 -999.9 -999.9 -999.9 -999.9 SGB/CPRM_-_Santa_Tereza_(74_m) -999.9 -999.9 -999.9 -999.9 -999.9 -999.9 -999.9 -999.9 Brasil SGB/CPRM -999.9 0.0 0.0 3.98 4.04 3.98 -1 -0.03 4.41 4.52 4.52 4.52
-29.17805 -51.73222 86472600 2026-08-10_03:45 -999.9 -999.9 -999.9 -999.9 -999.9 -999.9 -999.9 -999.9 -999.9 -999.9 -999.9 -999.9 -999.9 -999.9 -999.9 -999.9 0.0 0.0 0.0 0.4 0.8 22.0 -999.9 -999.9 -999.9 -999.9 -999.9 SGB/CPRM_-_Santa_Tereza_(74_m) -999.9 -999.9 -999.9 -999.9 -999.9 -999.9 -999.9 -999.9 Brasil SGB/CPRM -999.9 0.0 0.0 3.97 4.04 3.97 -1 -0.03 4.41 4.52 4.52 4.52
-29.17805 -51.73222 86472600 2026-08-10_04:00 -999.9 -999.9 -999.9 -999.9 -999.9 -999.9 -999.9 -999.9 -999.9 -999.9 -999.9 -999.9 -999.9 -999.9 -999.9 -999.9 0.0 0.0 0.0 0.4 0.8 22.0 -999.9 -999.9 -999.9 -999.9 -999.9 SGB/CPRM_-_Santa_Tereza_(74_m) -999.9 -999.9 -999.9 -999.9 -999.9 -999.9 -999.9 -999.9 Brasil SGB/CPRM -999.9 0.0 0.0 3.97 4.04 3.97 -1 -0.03 4.41 4.52 4.52 4.52
-29.17805 -51.73222 86472600 2026-08-10_04:15 -999.9 -999.9 -999.9 -999.9 -999.9 -999.9 -999.9 -999.9 -999.9 -999.9 -999.9 -999.9 -999.9 -999.9 -999.9 -999.9 0.0 0.0 0.0 0.4 0.8 22.0 -999.9 -999.9 -999.9 -999.9 -999.9 SGB/CPRM_-_Santa_Tereza_(74_m) -999.9 -999.9 -999.9 -999.9 -999.9 -999.9 -999.9 -999.9 Brasil SGB/CPRM -999.9 0.0 0.0 3.96 4.04 3.96 -1 -0.03 4.41 4.52 4.52 4.52
-29.17805 -51.73222 86472600 2026-08-10_04:30 -999.9 -999.9 -999.9 -999.9 -999.9 -999.9 -999.9 -999.9 -999.9 -999.9 -999.9 -999.9 -999.9 -999.9 -999.9 -999.9 0.0 0.0 0.0 0.4 0.8 22.0 -999.9 -999.9 -999.9 -999.9 -999.9 SGB/CPRM_-_Santa_Tereza_(74_m) -999.9 -999.9 -999.9 -999.9 -999.9 -999.9 -999.9 -999.9 Brasil SGB/CPRM -999.9 0.0 0.0 3.95 4.04 3.95 -1 -0.03 4.41 4.52 4.52 4.52
-29.17805 -51.73222 86472600 2026-08-10_04:45 -999.9 -999.9 -999.9 -999.9 -999.9 -999.9 -999.9 -999.9 -999.9 -999.9 -999.9 -999.9 -999.9 -999.9 -999.9 -999.9 0.0 0.0 0.0 0.4 0.8 22.0 -999.9 -999.9 -999.9 -999.9 -999.9 SGB/CPRM_-_Santa_Tereza_(74_m) -999.9 -999.9 -999.9 -999.9 -999.9 -999.9 -999.9 -999.9 Brasil SGB/CPRM -999.9 0.0 0.0 3.95 4.04 3.95 -1 -0.02 4.41 4.52 4.52 4.52
-29.17805 -51.73222 86472600 2026-08-10_05:00 -999.9 -999.9 -999.9 -999.9 -999.9 -999.9 -999.9 -999.9 -999.9 -999.9 -999.9 -999.9 -999.9 -999.9 -999.9 -999.9 0.0 0.0 0.0 0.4 0.8 22.0 -999.9 -999.9 -999.9 -999.9 -999.9 SGB/CPRM_-_Santa_Tereza_(74_m) -999.9 -999.9 -999.9 -999.9 -999.9 -999.9 -999.9 -999.9 Brasil SGB/CPRM -999.9 0.0 0.0 3.94 4.04 3.94 -1 -0.03 4.41 4.52 4.52 4.52
-29.17805 -51.73222 86472600 2026-08-10_05:15 -999.9 -999.9 -999.9 -999.9 -999.9 -999.9 -999.9 -999.9 -999.9 -999.9 -999.9 -999.9 -999.9 -999.9 -999.9 -999.9 0.0 0.0 0.0 0.4 0.8 22.0 -999.9 -999.9 -999.9 -999.9 -999.9 SGB/CPRM_-_Santa_Tereza_(74_m) -999.9 -999.9 -999.9 -999.9 -999.9 -999.9 -999.9 -999.9 Brasil SGB/CPRM -999.9 0.0 0.0 3.93 4.04 3.93 -1 -0.03 4.41 4.52 4.52 4.52
-29.17805 -51.73222 86472600 2026-08-10_05:30 -999.9 -999.9 -999.9 -999.9 -999.9 -999.9 -999.9 -999.9 -999.9 -999.9 -999.9 -999.9 -999.9 -999.9 -999.9 -999.9 0.0 0.0 0.0 0.4 0.8 22.0 -999.9 -999.9 -999.9 -999.9 -999.9 SGB/CPRM_-_Santa_Tereza_(74_m) -999.9 -999.9 -999.9 -999.9 -999.9 -999.9 -999.9 -999.9 Brasil SGB/CPRM -999.9 0.0 0.0 3.92 4.04 3.92 -1 -0.03 4.41 4.52 4.52 4.52
-29.17805 -51.73222 86472600 2026-08-10_05:45 -999.9 -999.9 -999.9 -999.9 -999.9 -999.9 -999.9 -999.9 -999.9 -999.9 -999.9 -999.9 -999.9 -999.9 -999.9 -999.9 0.0 0.0 0.0 0.4 0.8 22.0 -999.9 -999.9 -999.9 -999.9 -999.9 SGB/CPRM_-_Santa_Tereza_(74_m) -999.9 -999.9 -999.9 -999.9 -999.9 -999.9 -999.9 -999.9 Brasil SGB/CPRM -999.9 0.0 0.0 3.91 4.04 3.91 -1 -0.04 4.41 4.52 4.52 4.52
-29.17805 -51.73222 86472600 2026-08-10_06:00 -999.9 -999.9 -999.9 -999.9 -999.9 -999.9 -999.9 -999.9 -999.9 -999.9 -999.9 -999.9 -999.9 -999.9 -999.9 -999.9 0.0 0.0 0.0 0.4 0.8 22.0 -999.9 -999.9 -999.9 -999.9 -999.9 SGB/CPRM_-_Santa_Tereza_(74_m) -999.9 -999.9 -999.9 -999.9 -999.9 -999.9 -999.9 -999.9 Brasil SGB/CPRM -999.9 0.0 0.0 3.9 4.04 3.9 -1 -0.04 4.41 4.52 4.52 4.52
-29.17805 -51.73222 86472600 2026-08-10_06:15 -999.9 -999.9 -999.9 -999.9 -999.9 -999.9 -999.9 -999.9 -999.9 -999.9 -999.9 -999.9 -999.9 -999.9 -999.9 -999.9 0.0 0.0 0.0 0.4 0.8 22.0 -999.9 -999.9 -999.9 -999.9 -999.9 SGB/CPRM_-_Santa_Tereza_(74_m) -999.9 -999.9 -999.9 -999.9 -999.9 -999.9 -999.9 -999.9 Brasil SGB/CPRM -999.9 0.0 0.0 3.89 4.04 3.89 -1 -0.04 4.41 4.52 4.52 4.52
-29.17805 -51.73222 86472600 2026-08-10_06:30 -999.9 -999.9 -999.9 -999.9 -999.9 -999.9 -999.9 -999.9 -999.9 -999.9 -999.9 -999.9 -999.9 -999.9 -999.9 -999.9 0.0 0.0 0.0 0.4 0.8 22.0 -999.9 -999.9 -999.9 -999.9 -999.9 SGB/CPRM_-_Santa_Tereza_(74_m) -999.9 -999.9 -999.9 -999.9 -999.9 -999.9 -999.9 -999.9 Brasil SGB/CPRM -999.9 0.0 0.0 3.89 4.04 3.89 -1 -0.03 4.41 4.52 4.52 4.52
-29.17805 -51.73222 86472600 2026-08-10_06:45 -999.9 -999.9 -999.9 -999.9 -999.9 -999.9 -999.9 -999.9 -999.9 -999.9 -999.9 -999.9 -999.9 -999.9 -999.9 -999.9 0.0 0.0 0.0 0.4 0.8 22.0 -999.9 -999.9 -999.9 -999.9 -999.9 SGB/CPRM_-_Santa_Tereza_(74_m) -999.9 -999.9 -999.9 -999.9 -999.9 -999.9 -999.9 -999.9 Brasil SGB/CPRM -999.9 0.0 0.0 3.88 4.04 3.88 -1 -0.03 4.41 4.52 4.52 4.52
-29.17805 -51.73222 86472600 2026-08-10_07:00 -999.9 -999.9 -999.9 -999.9 -999.9 -999.9 -999.9 -999.9 -999.9 -999.9 -999.9 -999.9 -999.9 -999.9 -999.9 -999.9 0.0 0.0 0.0 0.4 0.8 22.0 -999.9 -999.9 -999.9 -999.9 -999.9 SGB/CPRM_-_Santa_Tereza_(74_m) -999.9 -999.9 -999.9 -999.9 -999.9 -999.9 -999.9 -999.9 Brasil SGB/CPRM -999.9 0.0 0.0 3.87 4.04 3.87 -1 -0.03 4.41 4.52 4.52 4.52
-29.17805 -51.73222 86472600 2026-08-10_07:15 -999.9 -999.9 -999.9 -999.9 -999.9 -999.9 -999.9 -999.9 -999.9 -999.9 -999.9 -999.9 -999.9 -999.9 -999.9 -999.9 0.0 0.0 0.0 0.4 0.8 22.0 -999.9 -999.9 -999.9 -999.9 -999.9 SGB/CPRM_-_Santa_Tereza_(74_m) -999.9 -999.9 -999.9 -999.9 -999.9 -999.9 -999.9 -999.9 Brasil SGB/CPRM -999.9 0.0 0.0 3.86 4.04 3.86 -1 -0.03 4.41 4.52 4.52 4.52
-29.17805 -51.73222 86472600 2026-08-10_07:30 -999.9 -999.9 -999.9 -999.9 -999.9 -999.9 -999.9 -999.9 -999.9 -999.9 -999.9 -999.9 -999.9 -999.9 -999.9 -999.9 0.0 0.0 0.0 0.4 0.8 22.0 -999.9 -999.9 -999.9 -999.9 -999.9 SGB/CPRM_-_Santa_Tereza_(74_m) -999.9 -999.9 -999.9 -999.9 -999.9 -999.9 -999.9 -999.9 Brasil SGB/CPRM -999.9 0.0 0.0 3.85 4.04 3.85 -1 -0.04 4.41 4.52 4.52 4.52
-29.17805 -51.73222 86472600 2026-08-10_07:45 -999.9 -999.9 -999.9 -999.9 -999.9 -999.9 -999.9 -999.9 -999.9 -999.9 -999.9 -999.9 -999.9 -999.9 -999.9 -999.9 0.0 0.0 0.0 0.4 0.8 22.0 -999.9 -999.9 -999.9 -999.9 -999.9 SGB/CPRM_-_Santa_Tereza_(74_m) -999.9 -999.9 -999.9 -999.9 -999.9 -999.9 -999.9 -999.9 Brasil SGB/CPRM -999.9 0.0 0.0 3.84 4.04 3.84 -1 -0.04 4.41 4.52 4.52 4.52
-29.17805 -51.73222 86472600 2026-08-10_08:00 -999.9 -999.9 -999.9 -999.9 -999.9 -999.9 -999.9 -999.9 -999.9 -999.9 -999.9 -999.9 -999.9 -999.9 -999.9 -999.9 0.0 0.0 0.0 0.4 0.8 22.0 -999.9 -999.9 -999.9 -999.9 -999.9 SGB/CPRM_-_Santa_Tereza_(74_m) -999.9 -999.9 -999.9 -999.9 -999.9 -999.9 -999.9 -999.9 Brasil SGB/CPRM -999.9 0.0 0.0 3.83 4.04 3.83 -1 -0.04 4.41 4.52 4.52 4.52
-29.17805 -51.73222 86472600 2026-08-10_08:15 -999.9 -999.9 -999.9 -999.9 -999.9 -999.9 -999.9 -999.9 -999.9 -999.9 -999.9 -999.9 -999.9 -999.9 -999.9 -999.9 0.0 0.0 0.0 0.4 0.8 22.0 -999.9 -999.9 -999.9 -999.9 -999.9 SGB/CPRM_-_Santa_Tereza_(74_m) -999.9 -999.9 -999.9 -999.9 -999.9 -999.9 -999.9 -999.9 Brasil SGB/CPRM -999.9 0.0 0.0 3.82 4.04 3.82 -1 -0.04 4.41 4.52 4.52 4.52
-29.17805 -51.73222 86472600 2026-08-10_08:30 -999.9 -999.9 -999.9 -999.9 -999.9 -999.9 -999.9 -999.9 -999.9 -999.9 -999.9 -999.9 -999.9 -999.9 -999.9 -999.9 0.0 0.0 0.0 0.4 0.8 22.0 -999.9 -999.9 -999.9 -999.9 -999.9 SGB/CPRM_-_Santa_Tereza_(74_m) -999.9 -999.9 -999.9 -999.9 -999.9 -999.9 -999.9 -999.9 Brasil SGB/CPRM -999.9 0.0 0.0 3.81 4.04 3.81 -1 -0.04 4.41 4.52 4.52 4.52
-29.17805 -51.73222 86472600 2026-08-10_08:45 -999.9 -999.9 -999.9 -999.9 -999.9 -999.9 -999.9 -999.9 -999.9 -999.9 -999.9 -999.9 -999.9 -999.9 -999.9 -999.9 0.0 0.0 0.0 0.4 0.8 22.0 -999.9 -999.9 -999.9 -999.9 -999.9 SGB/CPRM_-_Santa_Tereza_(74_m) -999.9 -999.9 -999.9 -999.9 -999.9 -999.9 -999.9 -999.9 Brasil SGB/CPRM -999.9 0.0 0.0 3.81 4.04 3.81 -1 -0.03 4.41 4.52 4.52 4.52
-29.17805 -51.73222 86472600 2026-08-10_09:00 -999.9 -999.9 -999.9 -999.9 -999.9 -999.9 -999.9 -999.9 -999.9 -999.9 -999.9 -999.9 -999.9 -999.9 -999.9 -999.9 0.0 0.0 0.0 0.4 0.8 22.0 -999.9 -999.9 -999.9 -999.9 -999.9 SGB/CPRM_-_Santa_Tereza_(74_m) -999.9 -999.9 -999.9 -999.9 -999.9 -999.9 -999.9 -999.9 Brasil SGB/CPRM -999.9 0.0 0.0 3.8 4.04 3.8 -1 -0.03 4.41 4.52 4.52 4.52
-29.17805 -51.73222 86472600 2026-08-10_09:15 -999.9 -999.9 -999.9 -999.9 -999.9 -999.9 -999.9 -999.9 -999.9 -999.9 -999.9 -999.9 -999.9 -999.9 -999.9 -999.9 0.0 0.0 0.0 0.4 0.8 22.0 -999.9 -999.9 -999.9 -999.9 -999.9 SGB/CPRM_-_Santa_Tereza_(74_m) -999.9 -999.9 -999.9 -999.9 -999.9 -999.9 -999.9 -999.9 Brasil SGB/CPRM -999.9 0.0 0.0 3.79 4.04 3.79 -1 -0.03 4.41 4.52 4.52 4.52
-29.17805 -51.73222 86472600 2026-08-10_09:30 -999.9 -999.9 -999.9 -999.9 -999.9 -999.9 -999.9 -999.9 -999.9 -999.9 -999.9 -999.9 -999.9 -999.9 -999.9 -999.9 0.0 0.0 0.0 0.4 0.8 22.0 -999.9 -999.9 -999.9 -999.9 -999.9 SGB/CPRM_-_Santa_Tereza_(74_m) -999.9 -999.9 -999.9 -999.9 -999.9 -999.9 -999.9 -999.9 Brasil SGB/CPRM -999.9 0.0 0.0 3.78 4.04 3.78 -1 -0.03 4.41 4.52 4.52 4.52
-29.17805 -51.73222 86472600 2026-08-10_09:45 -999.9 -999.9 -999.9 -999.9 -999.9 -999.9 -999.9 -999.9 -999.9 -999.9 -999.9 -999.9 -999.9 -999.9 -999.9 -999.9 0.0 0.0 0.0 0.4 0.8 22.0 -999.9 -999.9 -999.9 -999.9 -999.9 SGB/CPRM_-_Santa_Tereza_(74_m) -999.9 -999.9 -999.9 -999.9 -999.9 -999.9 -999.9 -999.9 Brasil SGB/CPRM -999.9 0.0 0.0 3.77 4.04 3.77 -1 -0.04 4.41 4.52 4.52 4.52
-29.17805 -51.73222 86472600 2026-08-10_10:00 -999.9 -999.9 -999.9 -999.9 -999.9 -999.9 -999.9 -999.9 -999.9 -999.9 -999.9 -999.9 -999.9 -999.9 -999.9 -999.9 0.0 0.0 0.0 0.4 0.8 22.0 -999.9 -999.9 -999.9 -999.9 -999.9 SGB/CPRM_-_Santa_Tereza_(74_m) -999.9 -999.9 -999.9 -999.9 -999.9 -999.9 -999.9 -999.9 Brasil SGB/CPRM -999.9 0.0 0.0 3.76 4.04 3.76 -1 -0.04 4.41 4.52 4.52 4.52
-29.17805 -51.73222 86472600 2026-08-10_10:15 -999.9 -999.9 -999.9 -999.9 -999.9 -999.9 -999.9 -999.9 -999.9 -999.9 -999.9 -999.9 -999.9 -999.9 -999.9 -999.9 0.0 0.0 0.0 0.4 0.8 22.0 -999.9 -999.9 -999.9 -999.9 -999.9 SGB/CPRM_-_Santa_Tereza_(74_m) -999.9 -999.9 -999.9 -999.9 -999.9 -999.9 -999.9 -999.9 Brasil SGB/CPRM -999.9 0.0 0.0 3.74 4.04 3.74 -1 -0.05 4.41 4.52 4.52 4.52
-29.17805 -51.73222 86472600 2026-08-10_10:30 -999.9 -999.9 -999.9 -999.9 -999.9 -999.9 -999.9 -999.9 -999.9 -999.9 -999.9 -999.9 -999.9 -999.9 -999.9 -999.9 0.0 0.0 0.0 0.4 0.8 22.0 -999.9 -999.9 -999.9 -999.9 -999.9 SGB/CPRM_-_Santa_Tereza_(74_m) -999.9 -999.9 -999.9 -999.9 -999.9 -999.9 -999.9 -999.9 Brasil SGB/CPRM -999.9 0.0 0.0 3.71 4.04 3.71 -1 -0.07 4.41 4.52 4.52 4.52
-29.17805 -51.73222 86472600 2026-08-10_10:45 -999.9 -999.9 -999.9 -999.9 -999.9 -999.9 -999.9 -999.9 -999.9 -999.9 -999.9 -999.9 -999.9 -999.9 -999.9 -999.9 0.0 0.0 0.0 0.4 0.8 22.0 -999.9 -999.9 -999.9 -999.9 -999.9 SGB/CPRM_-_Santa_Tereza_(74_m) -999.9 -999.9 -999.9 -999.9 -999.9 -999.9 -999.9 -999.9 Brasil SGB/CPRM -999.9 0.0 0.0 3.67 4.04 3.67 -1 -0.1 4.41 4.52 4.52 4.52
-29.17805 -51.73222 86472600 2026-08-10_11:00 -999.9 -999.9 -999.9 -999.9 -999.9 -999.9 -999.9 -999.9 -999.9 -999.9 -999.9 -999.9 -999.9 -999.9 -999.9 -999.9 0.0 0.0 0.0 0.4 0.8 22.0 -999.9 -999.9 -999.9 -999.9 -999.9 SGB/CPRM_-_Santa_Tereza_(74_m) -999.9 -999.9 -999.9 -999.9 -999.9 -999.9 -999.9 -999.9 Brasil SGB/CPRM -999.9 0.0 0.0 3.62 4.04 3.62 -1 -0.14 4.41 4.52 4.52 4.52
-29.17805 -51.73222 86472600 2026-08-10_11:15 -999.9 -999.9 -999.9 -999.9 -999.9 -999.9 -999.9 -999.9 -999.9 -999.9 -999.9 -999.9 -999.9 -999.9 -999.9 -999.9 0.0 0.0 0.0 0.4 0.8 22.0 -999.9 -999.9 -999.9 -999.9 -999.9 SGB/CPRM_-_Santa_Tereza_(74_m) -999.9 -999.9 -999.9 -999.9 -999.9 -999.9 -999.9 -999.9 Brasil SGB/CPRM -999.9 0.0 0.0 3.55 4.04 3.55 -1 -0.19 4.41 4.52 4.52 4.52
-29.17805 -51.73222 86472600 2026-08-10_11:30 -999.9 -999.9 -999.9 -999.9 -999.9 -999.9 -999.9 -999.9 -999.9 -999.9 -999.9 -999.9 -999.9 -999.9 -999.9 -999.9 0.0 0.0 0.0 0.4 0.8 22.0 -999.9 -999.9 -999.9 -999.9 -999.9 SGB/CPRM_-_Santa_Tereza_(74_m) -999.9 -999.9 -999.9 -999.9 -999.9 -999.9 -999.9 -999.9 Brasil SGB/CPRM -999.9 0.0 0.0 3.48 4.04 3.48 -1 -0.23 4.41 4.52 4.52 4.52
-29.17805 -51.73222 86472600 2026-08-10_11:45 -999.9 -999.9 -999.9 -999.9 -999.9 -999.9 -999.9 -999.9 -999.9 -999.9 -999.9 -999.9 -999.9 -999.9 -999.9 -999.9 0.0 0.0 0.0 0.4 0.8 22.0 -999.9 -999.9 -999.9 -999.9 -999.9 SGB/CPRM_-_Santa_Tereza_(74_m) -999.9 -999.9 -999.9 -999.9 -999.9 -999.9 -999.9 -999.9 Brasil SGB/CPRM -999.9 0.0 0.0 3.4 4.04 3.4 -1 -0.27 4.41 4.52 4.52 4.52
-29.17805 -51.73222 86472600 2026-08-10_12:00 -999.9 -999.9 -999.9 -999.9 -999.9 -999.9 -999.9 -999.9 -999.9 -999.9 -999.9 -999.9 -999.9 -999.9 -999.9 -999.9 0.0 0.0 0.0 0.4 0.8 22.0 -999.9 -999.9 -999.9 -999.9 -999.9 SGB/CPRM_-_Santa_Tereza_(74_m) -999.9 -999.9 -999.9 -999.9 -999.9 -999.9 -999.9 -999.9 Brasil SGB/CPRM -999.9 0.0 0.0 3.32 4.04 3.32 -1 -0.3 4.41 4.52 4.52 4.52
-29.17805 -51.73222 86472600 2026-08-10_12:15 -999.9 -999.9 -999.9 -999.9 -999.9 -999.9 -999.9 -999.9 -999.9 -999.9 -999.9 -999.9 -999.9 -999.9 -999.9 -999.9 0.0 0.0 0.0 0.4 0.8 22.0 -999.9 -999.9 -999.9 -999.9 -999.9 SGB/CPRM_-_Santa_Tereza_(74_m) -999.9 -999.9 -999.9 -999.9 -999.9 -999.9 -999.9 -999.9 Brasil SGB/CPRM -999.9 0.0 0.0 3.24 4.04 3.24 -1 -0.31 4.41 4.52 4.52 4.52
-29.17805 -51.73222 86472600 2026-08-10_12:30 -999.9 -999.9 -999.9 -999.9 -999.9 -999.9 -999.9 -999.9 -999.9 -999.9 -999.9 -999.9 -999.9 -999.9 -999.9 -999.9 0.0 0.0 0.0 0.4 0.8 22.0 -999.9 -999.9 -999.9 -999.9 -999.9 SGB/CPRM_-_Santa_Tereza_(74_m) -999.9 -999.9 -999.9 -999.9 -999.9 -999.9 -999.9 -999.9 Brasil SGB/CPRM -999.9 0.0 0.0 3.15 4.04 3.15 -1 -0.33 4.41 4.52 4.52 4.52
-29.17805 -51.73222 86472600 2026-08-10_12:45 -999.9 -999.9 -999.9 -999.9 -999.9 -999.9 -999.9 -999.9 -999.9 -999.9 -999.9 -999.9 -999.9 -999.9 -999.9 -999.9 0.0 0.0 0.0 0.4 0.8 22.0 -999.9 -999.9 -999.9 -999.9 -999.9 SGB/CPRM_-_Santa_Tereza_(74_m) -999.9 -999.9 -999.9 -999.9 -999.9 -999.9 -999.9 -999.9 Brasil SGB/CPRM -999.9 0.0 0.0 3.08 4.04 3.08 -1 -0.32 4.41 4.52 4.52 4.52
-29.17805 -51.73222 86472600 2026-08-10_13:00 -999.9 -999.9 -999.9 -999.9 -999.9 -999.9 -999.9 -999.9 -999.9 -999.9 -999.9 -999.9 -999.9 -999.9 -999.9 -999.9 0.0 0.0 0.0 0.4 0.8 22.0 -999.9 -999.9 -999.9 -999.9 -999.9 SGB/CPRM_-_Santa_Tereza_(74_m) -999.9 -999.9 -999.9 -999.9 -999.9 -999.9 -999.9 -999.9 Brasil SGB/CPRM -999.9 0.0 0.0 3.01 4.04 3.01 -1 -0.31 4.41 4.52 4.52 4.52
-29.17805 -51.73222 86472600 2026-08-10_13:15 -999.9 -999.9 -999.9 -999.9 -999.9 -999.9 -999.9 -999.9 -999.9 -999.9 -999.9 -999.9 -999.9 -999.9 -999.9 -999.9 0.0 0.0 0.0 0.4 0.8 22.0 -999.9 -999.9 -999.9 -999.9 -999.9 SGB/CPRM_-_Santa_Tereza_(74_m) -999.9 -999.9 -999.9 -999.9 -999.9 -999.9 -999.9 -999.9 Brasil SGB/CPRM -999.9 0.0 0.0 2.95 4.04 2.95 -1 -0.29 4.41 4.52 4.52 4.52
-29.17805 -51.73222 86472600 2026-08-10_13:30 -999.9 -999.9 -999.9 -999.9 -999.9 -999.9 -999.9 -999.9 -999.9 -999.9 -999.9 -999.9 -999.9 -999.9 -999.9 -999.9 0.0 0.0 0.0 0.4 0.8 22.0 -999.9 -999.9 -999.9 -999.9 -999.9 SGB/CPRM_-_Santa_Tereza_(74_m) -999.9 -999.9 -999.9 -999.9 -999.9 -999.9 -999.9 -999.9 Brasil SGB/CPRM -999.9 0.0 0.0 2.89 4.04 2.89 -1 -0.26 4.41 4.52 4.52 4.52
-29.17805 -51.73222 86472600 2026-08-10_13:45 -999.9 -999.9 -999.9 -999.9 -999.9 -999.9 -999.9 -999.9 -999.9 -999.9 -999.9 -999.9 -999.9 -999.9 -999.9 -999.9 0.0 0.0 0.0 0.4 0.8 22.0 -999.9 -999.9 -999.9 -999.9 -999.9 SGB/CPRM_-_Santa_Tereza_(74_m) -999.9 -999.9 -999.9 -999.9 -999.9 -999.9 -999.9 -999.9 Brasil SGB/CPRM -999.9 0.0 0.0 2.83 4.04 2.83 -1 -0.25 4.41 4.52 4.52 4.52
-29.17805 -51.73222 86472600 2026-08-10_14:00 -999.9 -999.9 -999.9 -999.9 -999.9 -999.9 -999.9 -999.9 -999.9 -999.9 -999.9 -999.9 -999.9 -999.9 -999.9 -999.9 0.0 0.0 0.0 0.4 0.8 22.0 -999.9 -999.9 -999.9 -999.9 -999.9 SGB/CPRM_-_Santa_Tereza_(74_m) -999.9 -999.9 -999.9 -999.9 -999.9 -999.9 -999.9 -999.9 Brasil SGB/CPRM -999.9 0.0 0.0 2.79 4.04 2.79 -1 -0.22 4.41 4.52 4.52 4.52
-29.17805 -51.73222 86472600 2026-08-10_14:15 -999.9 -999.9 -999.9 -999.9 -999.9 -999.9 -999.9 -999.9 -999.9 -999.9 -999.9 -999.9 -999.9 -999.9 -999.9 -999.9 0.0 0.0 0.0 0.4 0.8 22.0 -999.9 -999.9 -999.9 -999.9 -999.9 SGB/CPRM_-_Santa_Tereza_(74_m) -999.9 -999.9 -999.9 -999.9 -999.9 -999.9 -999.9 -999.9 Brasil SGB/CPRM -999.9 0.0 0.0 2.75 4.04 2.75 -1 -0.2 4.41 4.52 4.52 4.52
-29.17805 -51.73222 86472600 2026-08-10_14:30 -999.9 -999.9 -999.9 -999.9 -999.9 -999.9 -999.9 -999.9 -999.9 -999.9 -999.9 -999.9 -999.9 -999.9 -999.9 -999.9 0.0 0.0 0.0 0.4 0.8 22.0 -999.9 -999.9 -999.9 -999.9 -999.9 SGB/CPRM_-_Santa_Tereza_(74_m) -999.9 -999.9 -999.9 -999.9 -999.9 -999.9 -999.9 -999.9 Brasil SGB/CPRM -999.9 0.0 0.0 2.71 4.04 2.71 -1 -0.18 4.41 4.52 4.52 4.52
-29.17805 -51.73222 86472600 2026-08-10_14:45 -999.9 -999.9 -999.9 -999.9 -999.9 -999.9 -999.9 -999.9 -999.9 -999.9 -999.9 -999.9 -999.9 -999.9 -999.9 -999.9 0.0 0.0 0.0 0.4 0.8 22.0 -999.9 -999.9 -999.9 -999.9 -999.9 SGB/CPRM_-_Santa_Tereza_(74_m) -999.9 -999.9 -999.9 -999.9 -999.9 -999.9 -999.9 -999.9 Brasil SGB/CPRM -999.9 0.0 0.0 2.68 4.04 2.68 -1 -0.15 4.41 4.52 4.52 4.52
-29.17805 -51.73222 86472600 2026-08-10_15:00 -999.9 -999.9 -999.9 -999.9 -999.9 -999.9 -999.9 -999.9 -999.9 -999.9 -999.9 -999.9 -999.9 -999.9 -999.9 -999.9 0.0 0.0 0.0 0.4 0.8 22.0 -999.9 -999.9 -999.9 -999.9 -999.9 SGB/CPRM_-_Santa_Tereza_(74_m) -999.9 -999.9 -999.9 -999.9 -999.9 -999.9 -999.9 -999.9 Brasil SGB/CPRM -999.9 0.0 0.0 2.66 4.04 2.66 -1 -0.13 4.41 4.52 4.52 4.52
-29.17805 -51.73222 86472600 2026-08-10_15:15 -999.9 -999.9 -999.9 -999.9 -999.9 -999.9 -999.9 -999.9 -999.9 -999.9 -999.9 -999.9 -999.9 -999.9 -999.9 -999.9 0.0 0.0 0.0 0.4 0.8 22.0 -999.9 -999.9 -999.9 -999.9 -999.9 SGB/CPRM_-_Santa_Tereza_(74_m) -999.9 -999.9 -999.9 -999.9 -999.9 -999.9 -999.9 -999.9 Brasil SGB/CPRM -999.9 0.0 0.0 2.63 4.04 2.63 -1 -0.12 4.41 4.52 4.52 4.52
-29.17805 -51.73222 86472600 2026-08-10_15:30 -999.9 -999.9 -999.9 -999.9 -999.9 -999.9 -999.9 -999.9 -999.9 -999.9 -999.9 -999.9 -999.9 -999.9 -999.9 -999.9 0.0 0.0 0.0 0.4 0.8 22.0 -999.9 -999.9 -999.9 -999.9 -999.9 SGB/CPRM_-_Santa_Tereza_(74_m) -999.9 -999.9 -999.9 -999.9 -999.9 -999.9 -999.9 -999.9 Brasil SGB/CPRM -999.9 0.0 0.0 2.62 4.04 2.62 -1 -0.09 4.41 4.52 4.52 4.52
-29.17805 -51.73222 86472600 2026-08-10_15:45 -999.9 -999.9 -999.9 -999.9 -999.9 -999.9 -999.9 -999.9 -999.9 -999.9 -999.9 -999.9 -999.9 -999.9 -999.9 -999.9 0.0 0.0 0.0 0.4 0.8 22.0 -999.9 -999.9 -999.9 -999.9 -999.9 SGB/CPRM_-_Santa_Tereza_(74_m) -999.9 -999.9 -999.9 -999.9 -999.9 -999.9 -999.9 -999.9 Brasil SGB/CPRM -999.9 0.0 0.0 2.6 4.04 2.6 -1 -0.08 4.41 4.52 4.52 4.52
-29.17805 -51.73222 86472600 2026-08-10_16:00 -999.9 -999.9 -999.9 -999.9 -999.9 -999.9 -999.9 -999.9 -999.9 -999.9 -999.9 -999.9 -999.9 -999.9 -999.9 -999.9 0.0 0.0 0.0 0.4 0.8 22.0 -999.9 -999.9 -999.9 -999.9 -999.9 SGB/CPRM_-_Santa_Tereza_(74_m) -999.9 -999.9 -999.9 -999.9 -999.9 -999.9 -999.9 -999.9 Brasil SGB/CPRM -999.9 0.0 0.0 2.59 4.04 2.59 -1 -0.07 4.41 4.52 4.52 4.52
-29.17805 -51.73222 86472600 2026-08-10_16:15 -999.9 -999.9 -999.9 -999.9 -999.9 -999.9 -999.9 -999.9 -999.9 -999.9 -999.9 -999.9 -999.9 -999.9 -999.9 -999.9 0.0 0.0 0.0 0.4 0.8 22.0 -999.9 -999.9 -999.9 -999.9 -999.9 SGB/CPRM_-_Santa_Tereza_(74_m) -999.9 -999.9 -999.9 -999.9 -999.9 -999.9 -999.9 -999.9 Brasil SGB/CPRM -999.9 0.0 0.0 2.58 4.04 2.58 -1 -0.05 4.41 4.52 4.52 4.52
-29.17805 -51.73222 86472600 2026-08-10_16:30 -999.9 -999.9 -999.9 -999.9 -999.9 -999.9 -999.9 -999.9 -999.9 -999.9 -999.9 -999.9 -999.9 -999.9 -999.9 -999.9 0.0 0.0 0.0 0.4 0.8 22.0 -999.9 -999.9 -999.9 -999.9 -999.9 SGB/CPRM_-_Santa_Tereza_(74_m) -999.9 -999.9 -999.9 -999.9 -999.9 -999.9 -999.9 -999.9 Brasil SGB/CPRM -999.9 0.0 0.0 2.58 4.04 2.58 -1 -0.04 4.41 4.52 4.52 4.52
-29.17805 -51.73222 86472600 2026-08-10_16:45 -999.9 -999.9 -999.9 -999.9 -999.9 -999.9 -999.9 -999.9 -999.9 -999.9 -999.9 -999.9 -999.9 -999.9 -999.9 -999.9 0.0 0.0 0.0 0.4 0.8 22.0 -999.9 -999.9 -999.9 -999.9 -999.9 SGB/CPRM_-_Santa_Tereza_(74_m) -999.9 -999.9 -999.9 -999.9 -999.9 -999.9 -999.9 -999.9 Brasil SGB/CPRM -999.9 0.0 0.0 2.58 4.04 2.58 -1 -0.02 4.41 4.52 4.52 4.52
-29.17805 -51.73222 86472600 2026-08-10_17:00 -999.9 -999.9 -999.9 -999.9 -999.9 -999.9 -999.9 -999.9 -999.9 -999.9 -999.9 -999.9 -999.9 -999.9 -999.9 -999.9 0.0 0.0 0.0 0.4 0.8 22.0 -999.9 -999.9 -999.9 -999.9 -999.9 SGB/CPRM_-_Santa_Tereza_(74_m) -999.9 -999.9 -999.9 -999.9 -999.9 -999.9 -999.9 -999.9 Brasil SGB/CPRM -999.9 0.0 0.0 2.59 4.04 2.58 0 0 4.41 4.52 4.52 4.52
-29.17805 -51.73222 86472600 2026-08-10_17:15 -999.9 -999.9 -999.9 -999.9 -999.9 -999.9 -999.9 -999.9 -999.9 -999.9 -999.9 -999.9 -999.9 -999.9 -999.9 -999.9 0.0 0.0 0.0 0.4 0.8 22.0 -999.9 -999.9 -999.9 -999.9 -999.9 SGB/CPRM_-_Santa_Tereza_(74_m) -999.9 -999.9 -999.9 -999.9 -999.9 -999.9 -999.9 -999.9 Brasil SGB/CPRM -999.9 0.0 0.0 2.62 4.04 2.58 1 0.04 4.41 4.52 4.52 4.52
-29.17805 -51.73222 86472600 2026-08-10_17:30 -999.9 -999.9 -999.9 -999.9 -999.9 -999.9 -999.9 -999.9 -999.9 -999.9 -999.9 -999.9 -999.9 -999.9 -999.9 -999.9 0.0 0.0 0.0 0.4 0.8 22.0 -999.9 -999.9 -999.9 -999.9 -999.9 SGB/CPRM_-_Santa_Tereza_(74_m) -999.9 -999.9 -999.9 -999.9 -999.9 -999.9 -999.9 -999.9 Brasil SGB/CPRM -999.9 0.0 0.0 2.67 4.04 2.58 1 0.09 4.41 4.52 4.52 4.52
-29.17805 -51.73222 86472600 2026-08-10_17:45 -999.9 -999.9 -999.9 -999.9 -999.9 -999.9 -999.9 -999.9 -999.9 -999.9 -999.9 -999.9 -999.9 -999.9 -999.9 -999.9 0.0 0.0 0.0 0.4 0.8 22.0 -999.9 -999.9 -999.9 -999.9 -999.9 SGB/CPRM_-_Santa_Tereza_(74_m) -999.9 -999.9 -999.9 -999.9 -999.9 -999.9 -999.9 -999.9 Brasil SGB/CPRM -999.9 0.0 0.0 2.76 4.04 2.58 1 0.18 4.41 4.52 4.52 4.52
-29.17805 -51.73222 86472600 2026-08-10_18:00 -999.9 -999.9 -999.9 -999.9 -999.9 -999.9 -999.9 -999.9 -999.9 -999.9 -999.9 -999.9 -999.9 -999.9 -999.9 -999.9 0.0 0.0 0.0 0.4 0.8 22.0 -999.9 -999.9 -999.9 -999.9 -999.9 SGB/CPRM_-_Santa_Tereza_(74_m) -999.9 -999.9 -999.9 -999.9 -999.9 -999.9 -999.9 -999.9 Brasil SGB/CPRM -999.9 0.0 0.0 2.89 4.04 2.58 1 0.3 4.41 4.52 4.52 4.52
-29.17805 -51.73222 86472600 2026-08-10_18:15 -999.9 -999.9 -999.9 -999.9 -999.9 -999.9 -999.9 -999.9 -999.9 -999.9 -999.9 -999.9 -999.9 -999.9 -999.9 -999.9 0.0 0.0 0.0 0.4 0.8 22.0 -999.9 -999.9 -999.9 -999.9 -999.9 SGB/CPRM_-_Santa_Tereza_(74_m) -999.9 -999.9 -999.9 -999.9 -999.9 -999.9 -999.9 -999.9 Brasil SGB/CPRM -999.9 0.0 0.0 3.05 4.04 2.58 1 0.43 4.41 4.52 4.52 4.52
-29.17805 -51.73222 86472600 2026-08-10_18:30 -999.9 -999.9 -999.9 -999.9 -999.9 -999.9 -999.9 -999.9 -999.9 -999.9 -999.9 -999.9 -999.9 -999.9 -999.9 -999.9 0.0 0.0 0.0 0.4 0.8 22.0 -999.9 -999.9 -999.9 -999.9 -999.9 SGB/CPRM_-_Santa_Tereza_(74_m) -999.9 -999.9 -999.9 -999.9 -999.9 -999.9 -999.9 -999.9 Brasil SGB/CPRM -999.9 0.0 0.0 3.22 4.04 2.58 1 0.55 4.41 4.52 4.52 4.52
-29.17805 -51.73222 86472600 2026-08-10_18:45 -999.9 -999.9 -999.9 -999.9 -999.9 -999.9 -999.9 -999.9 -999.9 -999.9 -999.9 -999.9 -999.9 -999.9 -999.9 -999.9 0.0 0.0 0.0 0.4 0.8 22.0 -999.9 -999.9 -999.9 -999.9 -999.9 SGB/CPRM_-_Santa_Tereza_(74_m) -999.9 -999.9 -999.9 -999.9 -999.9 -999.9 -999.9 -999.9 Brasil SGB/CPRM -999.9 0.0 0.0 3.38 4.04 2.58 1 0.62 4.41 4.52 4.52 4.52
-29.17805 -51.73222 86472600 2026-08-10_19:00 -999.9 -999.9 -999.9 -999.9 -999.9 -999.9 -999.9 -999.9 -999.9 -999.9 -999.9 -999.9 -999.9 -999.9 -999.9 -999.9 0.0 0.0 0.0 0.4 0.8 22.0 -999.9 -999.9 -999.9 -999.9 -999.9 SGB/CPRM_-_Santa_Tereza_(74_m) -999.9 -999.9 -999.9 -999.9 -999.9 -999.9 -999.9 -999.9 Brasil SGB/CPRM -999.9 0.0 0.0 3.52 4.04 2.58 1 0.63 4.41 4.52 4.52 4.52
-29.17805 -51.73222 86472600 2026-08-10_19:15 -999.9 -999.9 -999.9 -999.9 -999.9 -999.9 -999.9 -999.9 -999.9 -999.9 -999.9 -999.9 -999.9 -999.9 -999.9 -999.9 0.0 0.0 0.0 0.4 0.8 22.0 -999.9 -999.9 -999.9 -999.9 -999.9 SGB/CPRM_-_Santa_Tereza_(74_m) -999.9 -999.9 -999.9 -999.9 -999.9 -999.9 -999.9 -999.9 Brasil SGB/CPRM -999.9 0.0 0.0 3.64 4.04 2.58 1 0.59 4.41 4.52 4.52 4.52
-29.17805 -51.73222 86472600 2026-08-10_19:30 -999.9 -999.9 -999.9 -999.9 -999.9 -999.9 -999.9 -999.9 -999.9 -999.9 -999.9 -999.9 -999.9 -999.9 -999.9 -999.9 0.0 0.0 0.0 0.4 0.8 22.0 -999.9 -999.9 -999.9 -999.9 -999.9 SGB/CPRM_-_Santa_Tereza_(74_m) -999.9 -999.9 -999.9 -999.9 -999.9 -999.9 -999.9 -999.9 Brasil SGB/CPRM -999.9 0.0 0.0 3.74 4.04 2.58 1 0.52 4.41 4.52 4.52 4.52
-29.17805 -51.73222 86472600 2026-08-10_19:45 -999.9 -999.9 -999.9 -999.9 -999.9 -999.9 -999.9 -999.9 -999.9 -999.9 -999.9 -999.9 -999.9 -999.9 -999.9 -999.9 0.0 0.0 0.0 0.4 0.8 22.0 -999.9 -999.9 -999.9 -999.9 -999.9 SGB/CPRM_-_Santa_Tereza_(74_m) -999.9 -999.9 -999.9 -999.9 -999.9 -999.9 -999.9 -999.9 Brasil SGB/CPRM -999.9 0.0 0.0 3.81 4.04 2.58 1 0.43 4.41 4.52 4.52 4.52
-29.17805 -51.73222 86472600 2026-08-10_20:00 -999.9 -999.9 -999.9 -999.9 -999.9 -999.9 -999.9 -999.9 -999.9 -999.9 -999.9 -999.9 -999.9 -999.9 -999.9 -999.9 0.0 0.0 0.0 0.4 0.8 22.0 -999.9 -999.9 -999.9 -999.9 -999.9 SGB/CPRM_-_Santa_Tereza_(74_m) -999.9 -999.9 -999.9 -999.9 -999.9 -999.9 -999.9 -999.9 Brasil SGB/CPRM -999.9 0.0 0.0 3.88 4.04 2.58 1 0.36 4.41 4.52 4.52 4.52
-29.17805 -51.73222 86472600 2026-08-10_20:15 -999.9 -999.9 -999.9 -999.9 -999.9 -999.9 -999.9 -999.9 -999.9 -999.9 -999.9 -999.9 -999.9 -999.9 -999.9 -999.9 0.0 0.0 0.0 0.4 0.8 22.0 -999.9 -999.9 -999.9 -999.9 -999.9 SGB/CPRM_-_Santa_Tereza_(74_m) -999.9 -999.9 -999.9 -999.9 -999.9 -999.9 -999.9 -999.9 Brasil SGB/CPRM -999.9 0.0 0.0 3.92 4.04 2.58 1 0.28 4.41 4.52 4.52 4.52
-29.17805 -51.73222 86472600 2026-08-10_20:30 -999.9 -999.9 -999.9 -999.9 -999.9 -999.9 -999.9 -999.9 -999.9 -999.9 -999.9 -999.9 -999.9 -999.9 -999.9 -999.9 0.0 0.0 0.0 0.4 0.8 22.0 -999.9 -999.9 -999.9 -999.9 -999.9 SGB/CPRM_-_Santa_Tereza_(74_m) -999.9 -999.9 -999.9 -999.9 -999.9 -999.9 -999.9 -999.9 Brasil SGB/CPRM -999.9 0.0 0.0 3.96 4.04 2.58 1 0.22 4.41 4.52 4.52 4.52
-29.17805 -51.73222 86472600 2026-08-10_20:45 -999.9 -999.9 -999.9 -999.9 -999.9 -999.9 -999.9 -999.9 -999.9 -999.9 -999.9 -999.9 -999.9 -999.9 -999.9 -999.9 0.0 0.0 0.0 0.4 0.8 22.0 -999.9 -999.9 -999.9 -999.9 -999.9 SGB/CPRM_-_Santa_Tereza_(74_m) -999.9 -999.9 -999.9 -999.9 -999.9 -999.9 -999.9 -999.9 Brasil SGB/CPRM -999.9 0.0 0.0 3.99 4.04 2.58 1 0.18 4.41 4.52 4.52 4.52
-29.17805 -51.73222 86472600 2026-08-10_21:00 -999.9 -999.9 -999.9 -999.9 -999.9 -999.9 -999.9 -999.9 -999.9 -999.9 -999.9 -999.9 -999.9 -999.9 -999.9 -999.9 0.0 0.0 0.0 0.4 0.8 22.0 -999.9 -999.9 -999.9 -999.9 -999.9 SGB/CPRM_-_Santa_Tereza_(74_m) -999.9 -999.9 -999.9 -999.9 -999.9 -999.9 -999.9 -999.9 Brasil SGB/CPRM -999.9 0.0 0.0 4.01 4.04 2.58 1 0.13 4.41 4.52 4.52 4.52
-29.17805 -51.73222 86472600 2026-08-10_21:15 -999.9 -999.9 -999.9 -999.9 -999.9 -999.9 -999.9 -999.9 -999.9 -999.9 -999.9 -999.9 -999.9 -999.9 -999.9 -999.9 0.0 0.0 0.0 0.4 0.8 22.0 -999.9 -999.9 -999.9 -999.9 -999.9 SGB/CPRM_-_Santa_Tereza_(74_m) -999.9 -999.9 -999.9 -999.9 -999.9 -999.9 -999.9 -999.9 Brasil SGB/CPRM -999.9 0.0 0.0 4.03 4.04 2.58 1 0.11 4.41 4.52 4.52 4.52
-29.17805 -51.73222 86472600 2026-08-10_21:30 -999.9 -999.9 -999.9 -999.9 -999.9 -999.9 -999.9 -999.9 -999.9 -999.9 -999.9 -999.9 -999.9 -999.9 -999.9 -999.9 0.0 0.0 0.0 0.4 0.8 22.0 -999.9 -999.9 -999.9 -999.9 -999.9 SGB/CPRM_-_Santa_Tereza_(74_m) -999.9 -999.9 -999.9 -999.9 -999.9 -999.9 -999.9 -999.9 Brasil SGB/CPRM -999.9 0.0 0.0 4.04 4.04 2.58 1 0.08 4.41 4.52 4.52 4.52
-29.17805 -51.73222 86472600 2026-08-10_21:45 -999.9 -999.9 -999.9 -999.9 -999.9 -999.9 -999.9 -999.9 -999.9 -999.9 -999.9 -999.9 -999.9 -999.9 -999.9 -999.9 0.0 0.0 0.0 0.4 0.8 22.0 -999.9 -999.9 -999.9 -999.9 -999.9 SGB/CPRM_-_Santa_Tereza_(74_m) -999.9 -999.9 -999.9 -999.9 -999.9 -999.9 -999.9 -999.9 Brasil SGB/CPRM -999.9 0.0 0.0 4.04 4.04 2.58 1 0.05 4.41 4.52 4.52 4.52
-29.17805 -51.73222 86472600 2026-08-10_22:00 -999.9 -999.9 -999.9 -999.9 -999.9 -999.9 -999.9 -999.9 -999.9 -999.9 -999.9 -999.9 -999.9 -999.9 -999.9 -999.9 0.0 0.0 0.0 0.4 0.8 22.0 -999.9 -999.9 -999.9 -999.9 -999.9 SGB/CPRM_-_Santa_Tereza_(74_m) -999.9 -999.9 -999.9 -999.9 -999.9 -999.9 -999.9 -999.9 Brasil SGB/CPRM -999.9 0.0 0.0 4.05 4.05 2.58 1 0.04 4.41 4.52 4.52 4.52
-29.17805 -51.73222 86472600 2026-08-10_22:15 -999.9 -999.9 -999.9 -999.9 -999.9 -999.9 -999.9 -999.9 -999.9 -999.9 -999.9 -999.9 -999.9 -999.9 -999.9 -999.9 0.0 0.0 0.0 0.4 0.8 22.0 -999.9 -999.9 -999.9 -999.9 -999.9 SGB/CPRM_-_Santa_Tereza_(74_m) -999.9 -999.9 -999.9 -999.9 -999.9 -999.9 -999.9 -999.9 Brasil SGB/CPRM -999.9 0.0 0.0 4.05 4.05 2.58 1 0.02 4.41 4.52 4.52 4.52
-29.17805 -51.73222 86472600 2026-08-10_22:30 -999.9 -999.9 -999.9 -999.9 -999.9 -999.9 -999.9 -999.9 -999.9 -999.9 -999.9 -999.9 -999.9 -999.9 -999.9 -999.9 0.0 0.0 0.0 0.4 0.8 22.0 -999.9 -999.9 -999.9 -999.9 -999.9 SGB/CPRM_-_Santa_Tereza_(74_m) -999.9 -999.9 -999.9 -999.9 -999.9 -999.9 -999.9 -999.9 Brasil SGB/CPRM -999.9 0.0 0.0 4.04 4.05 2.58 0 0 4.41 4.52 4.52 4.52
-29.17805 -51.73222 86472600 2026-08-10_22:45 -999.9 -999.9 -999.9 -999.9 -999.9 -999.9 -999.9 -999.9 -999.9 -999.9 -999.9 -999.9 -999.9 -999.9 -999.9 -999.9 0.0 0.0 0.0 0.4 0.8 22.0 -999.9 -999.9 -999.9 -999.9 -999.9 SGB/CPRM_-_Santa_Tereza_(74_m) -999.9 -999.9 -999.9 -999.9 -999.9 -999.9 -999.9 -999.9 Brasil SGB/CPRM -999.9 0.0 0.0 4.03 4.05 2.58 0 -0.01 4.41 4.52 4.52 4.52
-29.17805 -51.73222 86472600 2026-08-10_23:00 -999.9 -999.9 -999.9 -999.9 -999.9 -999.9 -999.9 -999.9 -999.9 -999.9 -999.9 -999.9 -999.9 -999.9 -999.9 -999.9 0.0 0.0 0.0 0.4 0.8 22.0 -999.9 -999.9 -999.9 -999.9 -999.9 SGB/CPRM_-_Santa_Tereza_(74_m) -999.9 -999.9 -999.9 -999.9 -999.9 -999.9 -999.9 -999.9 Brasil SGB/CPRM -999.9 0.0 0.0 4.02 4.05 2.58 -1 -0.03 4.41 4.52 4.52 4.52
-29.17805 -51.73222 86472600 2026-08-10_23:15 -999.9 -999.9 -999.9 -999.9 -999.9 -999.9 -999.9 -999.9 -999.9 -999.9 -999.9 -999.9 -999.9 -999.9 -999.9 -999.9 0.0 0.0 0.0 0.4 0.8 22.0 -999.9 -999.9 -999.9 -999.9 -999.9 SGB/CPRM_-_Santa_Tereza_(74_m) -999.9 -999.9 -999.9 -999.9 -999.9 -999.9 -999.9 -999.9 Brasil SGB/CPRM -999.9 0.0 0.0 4.01 4.05 2.58 -1 -0.04 4.41 4.52 4.52 4.52
-29.17805 -51.73222 86472600 2026-08-10_23:30 -999.9 -999.9 -999.9 -999.9 -999.9 -999.9 -999.9 -999.9 -999.9 -999.9 -999.9 -999.9 -999.9 -999.9 -999.9 -999.9 0.0 0.0 0.0 0.4 0.8 22.0 -999.9 -999.9 -999.9 -999.9 -999.9 SGB/CPRM_-_Santa_Tereza_(74_m) -999.9 -999.9 -999.9 -999.9 -999.9 -999.9 -999.9 -999.9 Brasil SGB/CPRM -999.9 0.0 0.0 3.99 4.05 2.58 -1 -0.05 4.41 4.52 4.52 4.52
-29.17805 -51.73222 86472600 2026-08-10_23:45 -999.9 -999.9 -999.9 -999.9 -999.9 -999.9 -999.9 -999.9 -999.9 -999.9 -999.9 -999.9 -999.9 -999.9 -999.9 -999.9 0.0 0.0 0.0 0.4 0.8 22.0 -999.9 -999.9 -999.9 -999.9 -999.9 SGB/CPRM_-_Santa_Tereza_(74_m) -999.9 -999.9 -999.9 -999.9 -999.9 -999.9 -999.9 -999.9 Brasil SGB/CPRM -999.9 0.0 0.0 3.97 4.05 2.58 -1 -0.06 4.41 4.52 4.52 4.52
