-28.748611 -50.057778 A829 2026-09-04_01:00 12.6 13 11.7 80 85 78 9.2 -999.9 -999.9 -999.9 -999.9 -999.9 0 0 0 -999.9 0.0 0.0 0.2 0.2 3.2 50.8 15.4 7.9 100.0 75.0 16.6 INMET_-_SAO_JOSE_DOS_AUSENTES_(1229_m) -999.9 -999.9 -999.9 -999.9 -999.9 -999.9 -999.9 -999.9 Rio_Grande_do_Sul INMET -999.9 -999.9 -999.9
-28.748611 -50.057778 A829 2026-09-04_03:00 9.8 12.7 9.8 92 92 81 8.5 -999.9 -999.9 -999.9 -999.9 -999.9 0 0 0 -999.9 0.0 0.0 0.2 0.2 3.2 50.8 15.4 7.9 100.0 75.0 16.6 INMET_-_SAO_JOSE_DOS_AUSENTES_(1229_m) -999.9 -999.9 -999.9 -999.9 -999.9 -999.9 -999.9 -999.9 Rio_Grande_do_Sul INMET -999.9 -999.9 -999.9
-28.748611 -50.057778 A829 2026-09-04_04:00 9.9 10.4 9.6 94 94 91 9.0 -999.9 -999.9 -999.9 -999.9 -999.9 0 0 0 -999.9 0.0 0.0 0.2 0.2 3.2 50.8 15.4 7.9 100.0 75.0 16.6 INMET_-_SAO_JOSE_DOS_AUSENTES_(1229_m) -999.9 -999.9 -999.9 -999.9 -999.9 -999.9 -999.9 -999.9 Rio_Grande_do_Sul INMET -999.9 -999.9 -999.9
-28.748611 -50.057778 A829 2026-09-04_05:00 11.4 11.5 9.9 93 94 91 10.3 -999.9 -999.9 -999.9 -999.9 -999.9 0 0 0 -999.9 0.0 0.0 0.2 0.2 3.2 50.8 15.4 7.9 100.0 75.0 16.6 INMET_-_SAO_JOSE_DOS_AUSENTES_(1229_m) -999.9 -999.9 -999.9 -999.9 -999.9 -999.9 -999.9 -999.9 Rio_Grande_do_Sul INMET -999.9 -999.9 -999.9
-28.748611 -50.057778 A829 2026-09-04_06:00 11.4 11.4 11.2 98 98 92 11.1 -999.9 -999.9 -999.9 -999.9 -999.9 0 0 0 -999.9 0.0 0.0 0.2 0.2 3.2 50.8 15.4 7.9 100.0 75.0 16.6 INMET_-_SAO_JOSE_DOS_AUSENTES_(1229_m) -999.9 -999.9 -999.9 -999.9 -999.9 -999.9 -999.9 -999.9 Rio_Grande_do_Sul INMET -999.9 -999.9 -999.9
-28.748611 -50.057778 A829 2026-09-04_08:00 12.8 12.8 11.9 95 100 95 12.0 -999.9 -999.9 -999.9 -999.9 -999.9 0 0 0 -999.9 0.0 0.0 0.2 0.2 3.2 50.8 15.4 7.9 100.0 75.0 16.6 INMET_-_SAO_JOSE_DOS_AUSENTES_(1229_m) -999.9 -999.9 -999.9 -999.9 -999.9 -999.9 -999.9 -999.9 Rio_Grande_do_Sul INMET -999.9 -999.9 -999.9
-28.748611 -50.057778 A829 2026-09-04_14:00 14 15.4 12.3 87 93 81 11.8 -999.9 -999.9 -999.9 -999.9 -999.9 15.8 92 16.6 -999.9 0.0 0.0 0.2 0.2 3.2 50.8 15.4 7.9 100.0 75.0 16.6 INMET_-_SAO_JOSE_DOS_AUSENTES_(1229_m) -999.9 -999.9 -999.9 -999.9 -999.9 -999.9 -999.9 -999.9 Rio_Grande_do_Sul INMET -999.9 -999.9 -999.9
-28.748611 -50.057778 A829 2026-09-04_15:00 13.5 14.3 13.4 87 89 83 11.4 -999.9 -999.9 -999.9 -999.9 -999.9 15.8 92 16.6 -999.9 0.0 0.0 0.2 0.2 3.2 50.8 15.4 7.9 100.0 75.0 16.6 INMET_-_SAO_JOSE_DOS_AUSENTES_(1229_m) -999.9 -999.9 -999.9 -999.9 -999.9 -999.9 -999.9 -999.9 Rio_Grande_do_Sul INMET -999.9 -999.9 -999.9
-28.748611 -50.057778 A829 2026-09-04_17:00 11.9 12.4 11.9 78 85 75 8.1 -999.9 -999.9 -999.9 -999.9 -999.9 15.8 92 16.6 -999.9 0.0 0.0 0.2 0.2 3.2 50.8 15.4 7.9 100.0 75.0 16.6 INMET_-_SAO_JOSE_DOS_AUSENTES_(1229_m) -999.9 -999.9 -999.9 -999.9 -999.9 -999.9 -999.9 -999.9 Rio_Grande_do_Sul INMET -999.9 -999.9 -999.9
-28.748611 -50.057778 A829 2026-09-04_18:00 10.9 12 10.9 89 89 77 9.1 -999.9 -999.9 -999.9 -999.9 -999.9 15.8 92 16.6 -999.9 0.0 0.0 0.2 0.2 3.2 50.8 15.4 7.9 100.0 75.0 16.6 INMET_-_SAO_JOSE_DOS_AUSENTES_(1229_m) -999.9 -999.9 -999.9 -999.9 -999.9 -999.9 -999.9 -999.9 Rio_Grande_do_Sul INMET -999.9 -999.9 -999.9
-28.748611 -50.057778 A829 2026-09-04_19:00 8.7 10.6 8.7 100 100 91 8.7 -999.9 -999.9 -999.9 -999.9 -999.9 15.8 92 16.6 -999.9 0.0 0.0 0.2 0.2 3.2 50.8 15.4 7.9 100.0 75.0 16.6 INMET_-_SAO_JOSE_DOS_AUSENTES_(1229_m) -999.9 -999.9 -999.9 -999.9 -999.9 -999.9 -999.9 -999.9 Rio_Grande_do_Sul INMET -999.9 -999.9 -999.9
-28.748611 -50.057778 A829 2026-09-04_20:00 8.5 8.7 8.5 100 100 100 8.5 -999.9 -999.9 -999.9 -999.9 -999.9 15.8 92 16.6 -999.9 0.0 0.0 0.2 0.2 3.2 50.8 15.4 7.9 100.0 75.0 16.6 INMET_-_SAO_JOSE_DOS_AUSENTES_(1229_m) -999.9 -999.9 -999.9 -999.9 -999.9 -999.9 -999.9 -999.9 Rio_Grande_do_Sul INMET -999.9 -999.9 -999.9
-28.748611 -50.057778 A829 2026-09-04_21:00 8.2 8.5 8.2 100 100 100 8.2 -999.9 -999.9 -999.9 -999.9 -999.9 15.8 92 16.6 -999.9 0.0 0.0 0.2 0.2 3.2 50.8 15.4 7.9 100.0 75.0 16.6 INMET_-_SAO_JOSE_DOS_AUSENTES_(1229_m) -999.9 -999.9 -999.9 -999.9 -999.9 -999.9 -999.9 -999.9 Rio_Grande_do_Sul INMET -999.9 -999.9 -999.9
-28.748611 -50.057778 A829 2026-09-04_22:00 8.2 8.3 8.1 100 100 100 8.2 -999.9 -999.9 -999.9 -999.9 -999.9 0 0 0 -999.9 0.0 0.0 0.2 0.2 3.2 50.8 15.4 7.9 100.0 75.0 16.6 INMET_-_SAO_JOSE_DOS_AUSENTES_(1229_m) -999.9 -999.9 -999.9 -999.9 -999.9 -999.9 -999.9 -999.9 Rio_Grande_do_Sul INMET -999.9 -999.9 -999.9
-28.748611 -50.057778 A829 2026-09-04_23:00 8 8.3 7.9 100 100 100 8.0 -999.9 -999.9 -999.9 -999.9 -999.9 0 0 0 -999.9 0.0 0.0 0.2 0.2 3.2 50.8 15.4 7.9 100.0 75.0 16.6 INMET_-_SAO_JOSE_DOS_AUSENTES_(1229_m) -999.9 -999.9 -999.9 -999.9 -999.9 -999.9 -999.9 -999.9 Rio_Grande_do_Sul INMET -999.9 -999.9 -999.9
