-28.84078 -51.90252 16952 2026-08-01_00:10 -999.9 -999.9 -999.9 -999.9 -999.9 -999.9 -999.9 -999.9 -999.9 -999.9 -999.9 -999.9 -999.9 -999.9 -999.9 -999.9 -999.9 0.0 0.2 41.0 190.6 393.8 -999.9 -999.9 -999.9 -999.9 -999.9 CEMADEN_-_Guaporé_-_G2-430940701A_(472_m) -999.9 -999.9 -999.9 -999.9 -999.9 -999.9 -999.9 -999.9 Rio_Grande_do_Sul CEMADEN -999.9 0.0 -999.9
-28.84078 -51.90252 16952 2026-08-01_01:10 -999.9 -999.9 -999.9 -999.9 -999.9 -999.9 -999.9 -999.9 -999.9 -999.9 -999.9 -999.9 -999.9 -999.9 -999.9 -999.9 -999.9 0.0 0.2 22.0 190.6 393.8 -999.9 -999.9 -999.9 -999.9 -999.9 CEMADEN_-_Guaporé_-_G2-430940701A_(472_m) -999.9 -999.9 -999.9 -999.9 -999.9 -999.9 -999.9 -999.9 Rio_Grande_do_Sul CEMADEN -999.9 0.0 -999.9
-28.84078 -51.90252 16952 2026-08-01_02:10 -999.9 -999.9 -999.9 -999.9 -999.9 -999.9 -999.9 -999.9 -999.9 -999.9 -999.9 -999.9 -999.9 -999.9 -999.9 -999.9 -999.9 -0.2 0.2 16.8 190.4 393.6 -999.9 -999.9 -999.9 -999.9 -999.9 CEMADEN_-_Guaporé_-_G2-430940701A_(472_m) -999.9 -999.9 -999.9 -999.9 -999.9 -999.9 -999.9 -999.9 Rio_Grande_do_Sul CEMADEN -999.9 -0.2 -999.9
-28.84078 -51.90252 16952 2026-08-01_03:10 -999.9 -999.9 -999.9 -999.9 -999.9 -999.9 -999.9 -999.9 -999.9 -999.9 -999.9 -999.9 -999.9 -999.9 -999.9 -999.9 -999.9 -0.2 0.2 9.2 190.4 393.6 -999.9 -999.9 -999.9 -999.9 -999.9 CEMADEN_-_Guaporé_-_G2-430940701A_(472_m) -999.9 -999.9 -999.9 -999.9 -999.9 -999.9 -999.9 -999.9 Rio_Grande_do_Sul CEMADEN -999.9 0.0 -999.9
-28.84078 -51.90252 16952 2026-08-01_04:10 -999.9 -999.9 -999.9 -999.9 -999.9 -999.9 -999.9 -999.9 -999.9 -999.9 -999.9 -999.9 -999.9 -999.9 -999.9 -999.9 -999.9 -13.4 0.2 4.8 177.2 380.4 -999.9 -999.9 -999.9 -999.9 -999.9 CEMADEN_-_Guaporé_-_G2-430940701A_(472_m) -999.9 -999.9 -999.9 -999.9 -999.9 -999.9 -999.9 -999.9 Rio_Grande_do_Sul CEMADEN -999.9 -13.2 -999.9
-28.84078 -51.90252 16952 2026-08-01_05:10 -999.9 -999.9 -999.9 -999.9 -999.9 -999.9 -999.9 -999.9 -999.9 -999.9 -999.9 -999.9 -999.9 -999.9 -999.9 -999.9 -999.9 -31.4 0.2 2.8 159.2 362.4 -999.9 -999.9 -999.9 -999.9 -999.9 CEMADEN_-_Guaporé_-_G2-430940701A_(472_m) -999.9 -999.9 -999.9 -999.9 -999.9 -999.9 -999.9 -999.9 Rio_Grande_do_Sul CEMADEN -999.9 -18.0 -999.9
-28.84078 -51.90252 16952 2026-08-01_06:10 -999.9 -999.9 -999.9 -999.9 -999.9 -999.9 -999.9 -999.9 -999.9 -999.9 -999.9 -999.9 -999.9 -999.9 -999.9 -999.9 -999.9 -60.8 0.2 0.6 129.8 333.0 -999.9 -999.9 -999.9 -999.9 -999.9 CEMADEN_-_Guaporé_-_G2-430940701A_(472_m) -999.9 -999.9 -999.9 -999.9 -999.9 -999.9 -999.9 -999.9 Rio_Grande_do_Sul CEMADEN -999.9 -29.4 -999.9
-28.84078 -51.90252 16952 2026-08-01_07:10 -999.9 -999.9 -999.9 -999.9 -999.9 -999.9 -999.9 -999.9 -999.9 -999.9 -999.9 -999.9 -999.9 -999.9 -999.9 -999.9 -999.9 -66.0 0.2 0.2 124.6 327.8 -999.9 -999.9 -999.9 -999.9 -999.9 CEMADEN_-_Guaporé_-_G2-430940701A_(472_m) -999.9 -999.9 -999.9 -999.9 -999.9 -999.9 -999.9 -999.9 Rio_Grande_do_Sul CEMADEN -999.9 -5.2 -999.9
-28.84078 -51.90252 16952 2026-08-01_08:10 -999.9 -999.9 -999.9 -999.9 -999.9 -999.9 -999.9 -999.9 -999.9 -999.9 -999.9 -999.9 -999.9 -999.9 -999.9 -999.9 -999.9 -72.2 0.2 0.2 118.4 321.6 -999.9 -999.9 -999.9 -999.9 -999.9 CEMADEN_-_Guaporé_-_G2-430940701A_(472_m) -999.9 -999.9 -999.9 -999.9 -999.9 -999.9 -999.9 -999.9 Rio_Grande_do_Sul CEMADEN -999.9 -6.2 -999.9
-28.84078 -51.90252 16952 2026-08-01_09:10 -999.9 -999.9 -999.9 -999.9 -999.9 -999.9 -999.9 -999.9 -999.9 -999.9 -999.9 -999.9 -999.9 -999.9 -999.9 -999.9 -999.9 -82.6 0.2 0.2 108.0 311.2 -999.9 -999.9 -999.9 -999.9 -999.9 CEMADEN_-_Guaporé_-_G2-430940701A_(472_m) -999.9 -999.9 -999.9 -999.9 -999.9 -999.9 -999.9 -999.9 Rio_Grande_do_Sul CEMADEN -999.9 -10.4 -999.9
-28.84078 -51.90252 16952 2026-08-01_10:10 -999.9 -999.9 -999.9 -999.9 -999.9 -999.9 -999.9 -999.9 -999.9 -999.9 -999.9 -999.9 -999.9 -999.9 -999.9 -999.9 -999.9 -93.8 0.2 0.2 96.8 300.0 -999.9 -999.9 -999.9 -999.9 -999.9 CEMADEN_-_Guaporé_-_G2-430940701A_(472_m) -999.9 -999.9 -999.9 -999.9 -999.9 -999.9 -999.9 -999.9 Rio_Grande_do_Sul CEMADEN -999.9 -11.2 -999.9
-28.84078 -51.90252 16952 2026-08-01_11:10 -999.9 -999.9 -999.9 -999.9 -999.9 -999.9 -999.9 -999.9 -999.9 -999.9 -999.9 -999.9 -999.9 -999.9 -999.9 -999.9 -999.9 -105.2 0.2 0.2 85.4 288.6 -999.9 -999.9 -999.9 -999.9 -999.9 CEMADEN_-_Guaporé_-_G2-430940701A_(472_m) -999.9 -999.9 -999.9 -999.9 -999.9 -999.9 -999.9 -999.9 Rio_Grande_do_Sul CEMADEN -999.9 -11.4 -999.9
-28.84078 -51.90252 16952 2026-08-01_12:10 -999.9 -999.9 -999.9 -999.9 -999.9 -999.9 -999.9 -999.9 -999.9 -999.9 -999.9 -999.9 -999.9 -999.9 -999.9 -999.9 -999.9 -109.0 0.2 0.2 81.6 284.8 -999.9 -999.9 -999.9 -999.9 -999.9 CEMADEN_-_Guaporé_-_G2-430940701A_(472_m) -999.9 -999.9 -999.9 -999.9 -999.9 -999.9 -999.9 -999.9 Rio_Grande_do_Sul CEMADEN -999.9 -3.8 -999.9
-28.84078 -51.90252 16952 2026-08-01_13:10 -999.9 -999.9 -999.9 -999.9 -999.9 -999.9 -999.9 -999.9 -999.9 -999.9 -999.9 -999.9 -999.9 -999.9 -999.9 -999.9 -999.9 -116.4 0.2 0.2 74.2 277.4 -999.9 -999.9 -999.9 -999.9 -999.9 CEMADEN_-_Guaporé_-_G2-430940701A_(472_m) -999.9 -999.9 -999.9 -999.9 -999.9 -999.9 -999.9 -999.9 Rio_Grande_do_Sul CEMADEN -999.9 -7.4 -999.9
-28.84078 -51.90252 16952 2026-08-01_14:10 -999.9 -999.9 -999.9 -999.9 -999.9 -999.9 -999.9 -999.9 -999.9 -999.9 -999.9 -999.9 -999.9 -999.9 -999.9 -999.9 -999.9 -122.0 0.2 0.2 68.6 271.8 -999.9 -999.9 -999.9 -999.9 -999.9 CEMADEN_-_Guaporé_-_G2-430940701A_(472_m) -999.9 -999.9 -999.9 -999.9 -999.9 -999.9 -999.9 -999.9 Rio_Grande_do_Sul CEMADEN -999.9 -5.6 -999.9
-28.84078 -51.90252 16952 2026-08-01_15:10 -999.9 -999.9 -999.9 -999.9 -999.9 -999.9 -999.9 -999.9 -999.9 -999.9 -999.9 -999.9 -999.9 -999.9 -999.9 -999.9 -999.9 -125.4 0.2 0.2 65.2 268.4 -999.9 -999.9 -999.9 -999.9 -999.9 CEMADEN_-_Guaporé_-_G2-430940701A_(472_m) -999.9 -999.9 -999.9 -999.9 -999.9 -999.9 -999.9 -999.9 Rio_Grande_do_Sul CEMADEN -999.9 -3.4 -999.9
-28.84078 -51.90252 16952 2026-08-01_16:10 -999.9 -999.9 -999.9 -999.9 -999.9 -999.9 -999.9 -999.9 -999.9 -999.9 -999.9 -999.9 -999.9 -999.9 -999.9 -999.9 -999.9 -126.4 0.2 0.2 64.2 267.4 -999.9 -999.9 -999.9 -999.9 -999.9 CEMADEN_-_Guaporé_-_G2-430940701A_(472_m) -999.9 -999.9 -999.9 -999.9 -999.9 -999.9 -999.9 -999.9 Rio_Grande_do_Sul CEMADEN -999.9 -1.0 -999.9
-28.84078 -51.90252 16952 2026-08-01_17:10 -999.9 -999.9 -999.9 -999.9 -999.9 -999.9 -999.9 -999.9 -999.9 -999.9 -999.9 -999.9 -999.9 -999.9 -999.9 -999.9 -999.9 -126.4 0.2 0.2 64.2 267.4 -999.9 -999.9 -999.9 -999.9 -999.9 CEMADEN_-_Guaporé_-_G2-430940701A_(472_m) -999.9 -999.9 -999.9 -999.9 -999.9 -999.9 -999.9 -999.9 Rio_Grande_do_Sul CEMADEN -999.9 0.0 -999.9
-28.84078 -51.90252 16952 2026-08-01_18:10 -999.9 -999.9 -999.9 -999.9 -999.9 -999.9 -999.9 -999.9 -999.9 -999.9 -999.9 -999.9 -999.9 -999.9 -999.9 -999.9 -999.9 -130.2 0.2 0.2 60.4 263.6 -999.9 -999.9 -999.9 -999.9 -999.9 CEMADEN_-_Guaporé_-_G2-430940701A_(472_m) -999.9 -999.9 -999.9 -999.9 -999.9 -999.9 -999.9 -999.9 Rio_Grande_do_Sul CEMADEN -999.9 -3.8 -999.9
-28.84078 -51.90252 16952 2026-08-01_19:10 -999.9 -999.9 -999.9 -999.9 -999.9 -999.9 -999.9 -999.9 -999.9 -999.9 -999.9 -999.9 -999.9 -999.9 -999.9 -999.9 -999.9 -135.2 0.2 0.2 55.4 258.6 -999.9 -999.9 -999.9 -999.9 -999.9 CEMADEN_-_Guaporé_-_G2-430940701A_(472_m) -999.9 -999.9 -999.9 -999.9 -999.9 -999.9 -999.9 -999.9 Rio_Grande_do_Sul CEMADEN -999.9 -5.0 -999.9
-28.84078 -51.90252 16952 2026-08-01_20:10 -999.9 -999.9 -999.9 -999.9 -999.9 -999.9 -999.9 -999.9 -999.9 -999.9 -999.9 -999.9 -999.9 -999.9 -999.9 -999.9 -999.9 -137.6 0.2 0.2 53.0 256.2 -999.9 -999.9 -999.9 -999.9 -999.9 CEMADEN_-_Guaporé_-_G2-430940701A_(472_m) -999.9 -999.9 -999.9 -999.9 -999.9 -999.9 -999.9 -999.9 Rio_Grande_do_Sul CEMADEN -999.9 -2.4 -999.9
-28.84078 -51.90252 16952 2026-08-01_21:10 -999.9 -999.9 -999.9 -999.9 -999.9 -999.9 -999.9 -999.9 -999.9 -999.9 -999.9 -999.9 -999.9 -999.9 -999.9 -999.9 -999.9 -137.6 0.2 0.2 53.0 256.2 -999.9 -999.9 -999.9 -999.9 -999.9 CEMADEN_-_Guaporé_-_G2-430940701A_(472_m) -999.9 -999.9 -999.9 -999.9 -999.9 -999.9 -999.9 -999.9 Rio_Grande_do_Sul CEMADEN -999.9 0.0 -999.9
-28.84078 -51.90252 16952 2026-08-01_22:10 -999.9 -999.9 -999.9 -999.9 -999.9 -999.9 -999.9 -999.9 -999.9 -999.9 -999.9 -999.9 -999.9 -999.9 -999.9 -999.9 -999.9 -137.6 0.2 0.2 53.0 256.2 -999.9 -999.9 -999.9 -999.9 -999.9 CEMADEN_-_Guaporé_-_G2-430940701A_(472_m) -999.9 -999.9 -999.9 -999.9 -999.9 -999.9 -999.9 -999.9 Rio_Grande_do_Sul CEMADEN -999.9 0.0 -999.9
-28.84078 -51.90252 16952 2026-08-01_23:10 -999.9 -999.9 -999.9 -999.9 -999.9 -999.9 -999.9 -999.9 -999.9 -999.9 -999.9 -999.9 -999.9 -999.9 -999.9 -999.9 -999.9 -138.4 0.2 0.2 52.2 255.4 -999.9 -999.9 -999.9 -999.9 -999.9 CEMADEN_-_Guaporé_-_G2-430940701A_(472_m) -999.9 -999.9 -999.9 -999.9 -999.9 -999.9 -999.9 -999.9 Rio_Grande_do_Sul CEMADEN -999.9 -0.8 -999.9
