-28.84078 -51.90252 16952 2026-08-24_00:10 -999.9 -999.9 -999.9 -999.9 -999.9 -999.9 -999.9 -999.9 -999.9 -999.9 -999.9 -999.9 -999.9 -999.9 -999.9 -999.9 -999.9 0.0 0.2 0.4 12.4 25.2 -999.9 -999.9 -999.9 -999.9 -999.9 CEMADEN_-_Guaporé_-_G2-430940701A_(472_m) -999.9 -999.9 -999.9 -999.9 -999.9 -999.9 -999.9 -999.9 Rio_Grande_do_Sul CEMADEN -999.9 0.0 -999.9
-28.84078 -51.90252 16952 2026-08-24_01:10 -999.9 -999.9 -999.9 -999.9 -999.9 -999.9 -999.9 -999.9 -999.9 -999.9 -999.9 -999.9 -999.9 -999.9 -999.9 -999.9 -999.9 0.0 0.2 0.4 12.4 25.2 -999.9 -999.9 -999.9 -999.9 -999.9 CEMADEN_-_Guaporé_-_G2-430940701A_(472_m) -999.9 -999.9 -999.9 -999.9 -999.9 -999.9 -999.9 -999.9 Rio_Grande_do_Sul CEMADEN -999.9 0.0 -999.9
-28.84078 -51.90252 16952 2026-08-24_02:10 -999.9 -999.9 -999.9 -999.9 -999.9 -999.9 -999.9 -999.9 -999.9 -999.9 -999.9 -999.9 -999.9 -999.9 -999.9 -999.9 -999.9 0.0 0.2 0.4 12.4 25.2 -999.9 -999.9 -999.9 -999.9 -999.9 CEMADEN_-_Guaporé_-_G2-430940701A_(472_m) -999.9 -999.9 -999.9 -999.9 -999.9 -999.9 -999.9 -999.9 Rio_Grande_do_Sul CEMADEN -999.9 0.0 -999.9
-28.84078 -51.90252 16952 2026-08-24_03:10 -999.9 -999.9 -999.9 -999.9 -999.9 -999.9 -999.9 -999.9 -999.9 -999.9 -999.9 -999.9 -999.9 -999.9 -999.9 -999.9 -999.9 0.0 0.2 0.4 12.4 25.2 -999.9 -999.9 -999.9 -999.9 -999.9 CEMADEN_-_Guaporé_-_G2-430940701A_(472_m) -999.9 -999.9 -999.9 -999.9 -999.9 -999.9 -999.9 -999.9 Rio_Grande_do_Sul CEMADEN -999.9 0.0 -999.9
-28.84078 -51.90252 16952 2026-08-24_04:10 -999.9 -999.9 -999.9 -999.9 -999.9 -999.9 -999.9 -999.9 -999.9 -999.9 -999.9 -999.9 -999.9 -999.9 -999.9 -999.9 -999.9 0.0 0.2 0.2 12.4 25.2 -999.9 -999.9 -999.9 -999.9 -999.9 CEMADEN_-_Guaporé_-_G2-430940701A_(472_m) -999.9 -999.9 -999.9 -999.9 -999.9 -999.9 -999.9 -999.9 Rio_Grande_do_Sul CEMADEN -999.9 0.0 -999.9
-28.84078 -51.90252 16952 2026-08-24_05:10 -999.9 -999.9 -999.9 -999.9 -999.9 -999.9 -999.9 -999.9 -999.9 -999.9 -999.9 -999.9 -999.9 -999.9 -999.9 -999.9 -999.9 0.0 0.2 0.2 12.4 25.2 -999.9 -999.9 -999.9 -999.9 -999.9 CEMADEN_-_Guaporé_-_G2-430940701A_(472_m) -999.9 -999.9 -999.9 -999.9 -999.9 -999.9 -999.9 -999.9 Rio_Grande_do_Sul CEMADEN -999.9 0.0 -999.9
-28.84078 -51.90252 16952 2026-08-24_06:10 -999.9 -999.9 -999.9 -999.9 -999.9 -999.9 -999.9 -999.9 -999.9 -999.9 -999.9 -999.9 -999.9 -999.9 -999.9 -999.9 -999.9 0.0 0.2 0.2 12.4 25.2 -999.9 -999.9 -999.9 -999.9 -999.9 CEMADEN_-_Guaporé_-_G2-430940701A_(472_m) -999.9 -999.9 -999.9 -999.9 -999.9 -999.9 -999.9 -999.9 Rio_Grande_do_Sul CEMADEN -999.9 0.0 -999.9
-28.84078 -51.90252 16952 2026-08-24_07:10 -999.9 -999.9 -999.9 -999.9 -999.9 -999.9 -999.9 -999.9 -999.9 -999.9 -999.9 -999.9 -999.9 -999.9 -999.9 -999.9 -999.9 0.0 0.2 0.2 12.4 25.2 -999.9 -999.9 -999.9 -999.9 -999.9 CEMADEN_-_Guaporé_-_G2-430940701A_(472_m) -999.9 -999.9 -999.9 -999.9 -999.9 -999.9 -999.9 -999.9 Rio_Grande_do_Sul CEMADEN -999.9 0.0 -999.9
-28.84078 -51.90252 16952 2026-08-24_08:10 -999.9 -999.9 -999.9 -999.9 -999.9 -999.9 -999.9 -999.9 -999.9 -999.9 -999.9 -999.9 -999.9 -999.9 -999.9 -999.9 -999.9 0.0 0.2 0.2 12.4 25.2 -999.9 -999.9 -999.9 -999.9 -999.9 CEMADEN_-_Guaporé_-_G2-430940701A_(472_m) -999.9 -999.9 -999.9 -999.9 -999.9 -999.9 -999.9 -999.9 Rio_Grande_do_Sul CEMADEN -999.9 0.0 -999.9
-28.84078 -51.90252 16952 2026-08-24_09:10 -999.9 -999.9 -999.9 -999.9 -999.9 -999.9 -999.9 -999.9 -999.9 -999.9 -999.9 -999.9 -999.9 -999.9 -999.9 -999.9 -999.9 -1.2 0.2 0.2 11.2 24.0 -999.9 -999.9 -999.9 -999.9 -999.9 CEMADEN_-_Guaporé_-_G2-430940701A_(472_m) -999.9 -999.9 -999.9 -999.9 -999.9 -999.9 -999.9 -999.9 Rio_Grande_do_Sul CEMADEN -999.9 -1.2 -999.9
-28.84078 -51.90252 16952 2026-08-24_10:10 -999.9 -999.9 -999.9 -999.9 -999.9 -999.9 -999.9 -999.9 -999.9 -999.9 -999.9 -999.9 -999.9 -999.9 -999.9 -999.9 -999.9 -6.4 0.2 0.2 6.0 18.8 -999.9 -999.9 -999.9 -999.9 -999.9 CEMADEN_-_Guaporé_-_G2-430940701A_(472_m) -999.9 -999.9 -999.9 -999.9 -999.9 -999.9 -999.9 -999.9 Rio_Grande_do_Sul CEMADEN -999.9 -5.2 -999.9
-28.84078 -51.90252 16952 2026-08-24_11:10 -999.9 -999.9 -999.9 -999.9 -999.9 -999.9 -999.9 -999.9 -999.9 -999.9 -999.9 -999.9 -999.9 -999.9 -999.9 -999.9 -999.9 -10.4 0.2 0.2 2.0 14.8 -999.9 -999.9 -999.9 -999.9 -999.9 CEMADEN_-_Guaporé_-_G2-430940701A_(472_m) -999.9 -999.9 -999.9 -999.9 -999.9 -999.9 -999.9 -999.9 Rio_Grande_do_Sul CEMADEN -999.9 -4.0 -999.9
-28.84078 -51.90252 16952 2026-08-24_12:10 -999.9 -999.9 -999.9 -999.9 -999.9 -999.9 -999.9 -999.9 -999.9 -999.9 -999.9 -999.9 -999.9 -999.9 -999.9 -999.9 -999.9 -11.4 0.2 0.2 1.0 13.8 -999.9 -999.9 -999.9 -999.9 -999.9 CEMADEN_-_Guaporé_-_G2-430940701A_(472_m) -999.9 -999.9 -999.9 -999.9 -999.9 -999.9 -999.9 -999.9 Rio_Grande_do_Sul CEMADEN -999.9 -1.0 -999.9
-28.84078 -51.90252 16952 2026-08-24_13:10 -999.9 -999.9 -999.9 -999.9 -999.9 -999.9 -999.9 -999.9 -999.9 -999.9 -999.9 -999.9 -999.9 -999.9 -999.9 -999.9 -999.9 -11.8 0.2 0.2 0.6 13.4 -999.9 -999.9 -999.9 -999.9 -999.9 CEMADEN_-_Guaporé_-_G2-430940701A_(472_m) -999.9 -999.9 -999.9 -999.9 -999.9 -999.9 -999.9 -999.9 Rio_Grande_do_Sul CEMADEN -999.9 -0.4 -999.9
-28.84078 -51.90252 16952 2026-08-24_14:10 -999.9 -999.9 -999.9 -999.9 -999.9 -999.9 -999.9 -999.9 -999.9 -999.9 -999.9 -999.9 -999.9 -999.9 -999.9 -999.9 -999.9 -11.8 0.2 0.2 0.6 13.4 -999.9 -999.9 -999.9 -999.9 -999.9 CEMADEN_-_Guaporé_-_G2-430940701A_(472_m) -999.9 -999.9 -999.9 -999.9 -999.9 -999.9 -999.9 -999.9 Rio_Grande_do_Sul CEMADEN -999.9 0.0 -999.9
-28.84078 -51.90252 16952 2026-08-24_15:10 -999.9 -999.9 -999.9 -999.9 -999.9 -999.9 -999.9 -999.9 -999.9 -999.9 -999.9 -999.9 -999.9 -999.9 -999.9 -999.9 -999.9 -12.0 0.2 0.2 0.4 13.2 -999.9 -999.9 -999.9 -999.9 -999.9 CEMADEN_-_Guaporé_-_G2-430940701A_(472_m) -999.9 -999.9 -999.9 -999.9 -999.9 -999.9 -999.9 -999.9 Rio_Grande_do_Sul CEMADEN -999.9 -0.2 -999.9
-28.84078 -51.90252 16952 2026-08-24_16:10 -999.9 -999.9 -999.9 -999.9 -999.9 -999.9 -999.9 -999.9 -999.9 -999.9 -999.9 -999.9 -999.9 -999.9 -999.9 -999.9 -999.9 -12.0 0.2 0.2 0.4 13.2 -999.9 -999.9 -999.9 -999.9 -999.9 CEMADEN_-_Guaporé_-_G2-430940701A_(472_m) -999.9 -999.9 -999.9 -999.9 -999.9 -999.9 -999.9 -999.9 Rio_Grande_do_Sul CEMADEN -999.9 0.0 -999.9
-28.84078 -51.90252 16952 2026-08-24_17:10 -999.9 -999.9 -999.9 -999.9 -999.9 -999.9 -999.9 -999.9 -999.9 -999.9 -999.9 -999.9 -999.9 -999.9 -999.9 -999.9 -999.9 -12.0 0.2 0.2 0.4 13.2 -999.9 -999.9 -999.9 -999.9 -999.9 CEMADEN_-_Guaporé_-_G2-430940701A_(472_m) -999.9 -999.9 -999.9 -999.9 -999.9 -999.9 -999.9 -999.9 Rio_Grande_do_Sul CEMADEN -999.9 0.0 -999.9
-28.84078 -51.90252 16952 2026-08-24_18:10 -999.9 -999.9 -999.9 -999.9 -999.9 -999.9 -999.9 -999.9 -999.9 -999.9 -999.9 -999.9 -999.9 -999.9 -999.9 -999.9 -999.9 -12.0 0.2 0.2 0.4 13.2 -999.9 -999.9 -999.9 -999.9 -999.9 CEMADEN_-_Guaporé_-_G2-430940701A_(472_m) -999.9 -999.9 -999.9 -999.9 -999.9 -999.9 -999.9 -999.9 Rio_Grande_do_Sul CEMADEN -999.9 0.0 -999.9
-28.84078 -51.90252 16952 2026-08-24_19:10 -999.9 -999.9 -999.9 -999.9 -999.9 -999.9 -999.9 -999.9 -999.9 -999.9 -999.9 -999.9 -999.9 -999.9 -999.9 -999.9 -999.9 -12.0 0.2 0.2 0.4 13.2 -999.9 -999.9 -999.9 -999.9 -999.9 CEMADEN_-_Guaporé_-_G2-430940701A_(472_m) -999.9 -999.9 -999.9 -999.9 -999.9 -999.9 -999.9 -999.9 Rio_Grande_do_Sul CEMADEN -999.9 0.0 -999.9
-28.84078 -51.90252 16952 2026-08-24_20:10 -999.9 -999.9 -999.9 -999.9 -999.9 -999.9 -999.9 -999.9 -999.9 -999.9 -999.9 -999.9 -999.9 -999.9 -999.9 -999.9 -999.9 -12.0 0.2 0.2 0.4 13.2 -999.9 -999.9 -999.9 -999.9 -999.9 CEMADEN_-_Guaporé_-_G2-430940701A_(472_m) -999.9 -999.9 -999.9 -999.9 -999.9 -999.9 -999.9 -999.9 Rio_Grande_do_Sul CEMADEN -999.9 0.0 -999.9
-28.84078 -51.90252 16952 2026-08-24_21:10 -999.9 -999.9 -999.9 -999.9 -999.9 -999.9 -999.9 -999.9 -999.9 -999.9 -999.9 -999.9 -999.9 -999.9 -999.9 -999.9 -999.9 -12.0 0.2 0.2 0.4 13.2 -999.9 -999.9 -999.9 -999.9 -999.9 CEMADEN_-_Guaporé_-_G2-430940701A_(472_m) -999.9 -999.9 -999.9 -999.9 -999.9 -999.9 -999.9 -999.9 Rio_Grande_do_Sul CEMADEN -999.9 0.0 -999.9
-28.84078 -51.90252 16952 2026-08-24_22:10 -999.9 -999.9 -999.9 -999.9 -999.9 -999.9 -999.9 -999.9 -999.9 -999.9 -999.9 -999.9 -999.9 -999.9 -999.9 -999.9 -999.9 -12.0 0.2 0.2 0.4 13.2 -999.9 -999.9 -999.9 -999.9 -999.9 CEMADEN_-_Guaporé_-_G2-430940701A_(472_m) -999.9 -999.9 -999.9 -999.9 -999.9 -999.9 -999.9 -999.9 Rio_Grande_do_Sul CEMADEN -999.9 0.0 -999.9
-28.84078 -51.90252 16952 2026-08-24_23:10 -999.9 -999.9 -999.9 -999.9 -999.9 -999.9 -999.9 -999.9 -999.9 -999.9 -999.9 -999.9 -999.9 -999.9 -999.9 -999.9 -999.9 -12.0 0.2 0.2 0.4 13.2 -999.9 -999.9 -999.9 -999.9 -999.9 CEMADEN_-_Guaporé_-_G2-430940701A_(472_m) -999.9 -999.9 -999.9 -999.9 -999.9 -999.9 -999.9 -999.9 Rio_Grande_do_Sul CEMADEN -999.9 0.0 -999.9
