-29.17603 -51.43244 16917 2026-08-08_13:10 -999.9 -999.9 -999.9 -999.9 -999.9 -999.9 -999.9 -999.9 -999.9 -999.9 -999.9 -999.9 -999.9 -999.9 -999.9 -999.9 -999.9 0.0 -999.9 -999.9 -999.9 -999.9 -999.9 -999.9 -999.9 -999.9 -999.9 CEMADEN_-_Bento_Gonçalves_-_G2-Caminhos_de_Pedra_-_São_pedro_(515_m) -999.9 -999.9 -999.9 -999.9 -999.9 -999.9 -999.9 -999.9 Rio_Grande_do_Sul CEMADEN -999.9 0.0 -999.9
-29.17603 -51.43244 16917 2026-08-08_13:20 -999.9 -999.9 -999.9 -999.9 -999.9 -999.9 -999.9 -999.9 -999.9 -999.9 -999.9 -999.9 -999.9 -999.9 -999.9 -999.9 -999.9 0.0 -999.9 -999.9 -999.9 -999.9 -999.9 -999.9 -999.9 -999.9 -999.9 CEMADEN_-_Bento_Gonçalves_-_G2-Caminhos_de_Pedra_-_São_pedro_(515_m) -999.9 -999.9 -999.9 -999.9 -999.9 -999.9 -999.9 -999.9 Rio_Grande_do_Sul CEMADEN -999.9 0.0 -999.9
-29.17603 -51.43244 16917 2026-08-08_14:10 -999.9 -999.9 -999.9 -999.9 -999.9 -999.9 -999.9 -999.9 -999.9 -999.9 -999.9 -999.9 -999.9 -999.9 -999.9 -999.9 -999.9 0.0 -999.9 -999.9 -999.9 -999.9 -999.9 -999.9 -999.9 -999.9 -999.9 CEMADEN_-_Bento_Gonçalves_-_G2-Caminhos_de_Pedra_-_São_pedro_(515_m) -999.9 -999.9 -999.9 -999.9 -999.9 -999.9 -999.9 -999.9 Rio_Grande_do_Sul CEMADEN -999.9 0.0 -999.9
-29.17603 -51.43244 16917 2026-08-08_15:10 -999.9 -999.9 -999.9 -999.9 -999.9 -999.9 -999.9 -999.9 -999.9 -999.9 -999.9 -999.9 -999.9 -999.9 -999.9 -999.9 -999.9 0.0 -999.9 -999.9 -999.9 -999.9 -999.9 -999.9 -999.9 -999.9 -999.9 CEMADEN_-_Bento_Gonçalves_-_G2-Caminhos_de_Pedra_-_São_pedro_(515_m) -999.9 -999.9 -999.9 -999.9 -999.9 -999.9 -999.9 -999.9 Rio_Grande_do_Sul CEMADEN -999.9 0.0 -999.9
-29.17603 -51.43244 16917 2026-08-08_15:20 -999.9 -999.9 -999.9 -999.9 -999.9 -999.9 -999.9 -999.9 -999.9 -999.9 -999.9 -999.9 -999.9 -999.9 -999.9 -999.9 0.2 0.2 0.2 0.2 0.2 -999.9 -999.9 -999.9 -999.9 -999.9 -999.9 CEMADEN_-_Bento_Gonçalves_-_G2-Caminhos_de_Pedra_-_São_pedro_(515_m) -999.9 -999.9 -999.9 -999.9 -999.9 -999.9 -999.9 -999.9 Rio_Grande_do_Sul CEMADEN -999.9 0.2 -999.9
-29.17603 -51.43244 16917 2026-08-08_16:10 -999.9 -999.9 -999.9 -999.9 -999.9 -999.9 -999.9 -999.9 -999.9 -999.9 -999.9 -999.9 -999.9 -999.9 -999.9 -999.9 -999.9 0.2 0.2 0.2 0.2 -999.9 -999.9 -999.9 -999.9 -999.9 -999.9 CEMADEN_-_Bento_Gonçalves_-_G2-Caminhos_de_Pedra_-_São_pedro_(515_m) -999.9 -999.9 -999.9 -999.9 -999.9 -999.9 -999.9 -999.9 Rio_Grande_do_Sul CEMADEN -999.9 0.0 -999.9
-29.17603 -51.43244 16917 2026-08-08_17:10 -999.9 -999.9 -999.9 -999.9 -999.9 -999.9 -999.9 -999.9 -999.9 -999.9 -999.9 -999.9 -999.9 -999.9 -999.9 -999.9 -999.9 0.2 0.2 0.2 0.2 -999.9 -999.9 -999.9 -999.9 -999.9 -999.9 CEMADEN_-_Bento_Gonçalves_-_G2-Caminhos_de_Pedra_-_São_pedro_(515_m) -999.9 -999.9 -999.9 -999.9 -999.9 -999.9 -999.9 -999.9 Rio_Grande_do_Sul CEMADEN -999.9 0.0 -999.9
-29.17603 -51.43244 16917 2026-08-08_18:10 -999.9 -999.9 -999.9 -999.9 -999.9 -999.9 -999.9 -999.9 -999.9 -999.9 -999.9 -999.9 -999.9 -999.9 -999.9 -999.9 -999.9 0.2 0.2 0.2 0.2 -999.9 -999.9 -999.9 -999.9 -999.9 -999.9 CEMADEN_-_Bento_Gonçalves_-_G2-Caminhos_de_Pedra_-_São_pedro_(515_m) -999.9 -999.9 -999.9 -999.9 -999.9 -999.9 -999.9 -999.9 Rio_Grande_do_Sul CEMADEN -999.9 0.0 -999.9
-29.17603 -51.43244 16917 2026-08-08_19:10 -999.9 -999.9 -999.9 -999.9 -999.9 -999.9 -999.9 -999.9 -999.9 -999.9 -999.9 -999.9 -999.9 -999.9 -999.9 -999.9 -999.9 0.2 0.2 0.2 0.2 -999.9 -999.9 -999.9 -999.9 -999.9 -999.9 CEMADEN_-_Bento_Gonçalves_-_G2-Caminhos_de_Pedra_-_São_pedro_(515_m) -999.9 -999.9 -999.9 -999.9 -999.9 -999.9 -999.9 -999.9 Rio_Grande_do_Sul CEMADEN -999.9 0.0 -999.9
-29.17603 -51.43244 16917 2026-08-08_20:10 -999.9 -999.9 -999.9 -999.9 -999.9 -999.9 -999.9 -999.9 -999.9 -999.9 -999.9 -999.9 -999.9 -999.9 -999.9 -999.9 -999.9 0.2 0.2 0.2 0.2 -999.9 -999.9 -999.9 -999.9 -999.9 -999.9 CEMADEN_-_Bento_Gonçalves_-_G2-Caminhos_de_Pedra_-_São_pedro_(515_m) -999.9 -999.9 -999.9 -999.9 -999.9 -999.9 -999.9 -999.9 Rio_Grande_do_Sul CEMADEN -999.9 0.0 -999.9
-29.17603 -51.43244 16917 2026-08-08_21:10 -999.9 -999.9 -999.9 -999.9 -999.9 -999.9 -999.9 -999.9 -999.9 -999.9 -999.9 -999.9 -999.9 -999.9 -999.9 -999.9 -999.9 0.2 0.2 0.2 0.2 -999.9 -999.9 -999.9 -999.9 -999.9 -999.9 CEMADEN_-_Bento_Gonçalves_-_G2-Caminhos_de_Pedra_-_São_pedro_(515_m) -999.9 -999.9 -999.9 -999.9 -999.9 -999.9 -999.9 -999.9 Rio_Grande_do_Sul CEMADEN -999.9 0.0 -999.9
-29.17603 -51.43244 16917 2026-08-08_22:10 -999.9 -999.9 -999.9 -999.9 -999.9 -999.9 -999.9 -999.9 -999.9 -999.9 -999.9 -999.9 -999.9 -999.9 -999.9 -999.9 -999.9 0.2 0.2 0.2 0.2 -999.9 -999.9 -999.9 -999.9 -999.9 -999.9 CEMADEN_-_Bento_Gonçalves_-_G2-Caminhos_de_Pedra_-_São_pedro_(515_m) -999.9 -999.9 -999.9 -999.9 -999.9 -999.9 -999.9 -999.9 Rio_Grande_do_Sul CEMADEN -999.9 0.0 -999.9
-29.17603 -51.43244 16917 2026-08-08_23:10 -999.9 -999.9 -999.9 -999.9 -999.9 -999.9 -999.9 -999.9 -999.9 -999.9 -999.9 -999.9 -999.9 -999.9 -999.9 -999.9 -999.9 0.2 0.2 0.2 0.2 -999.9 -999.9 -999.9 -999.9 -999.9 -999.9 CEMADEN_-_Bento_Gonçalves_-_G2-Caminhos_de_Pedra_-_São_pedro_(515_m) -999.9 -999.9 -999.9 -999.9 -999.9 -999.9 -999.9 -999.9 Rio_Grande_do_Sul CEMADEN -999.9 0.0 -999.9
