-29.15467 -51.86221 17718 2026-07-28_00:10 -999.9 -999.9 -999.9 -999.9 -999.9 -999.9 -999.9 -999.9 -999.9 -999.9 -999.9 -999.9 -999.9 -999.9 -999.9 -999.9 -999.9 0.0 14.4 14.6 20.2 26.4 -999.9 -999.9 -999.9 -999.9 -999.9 CEMADEN_-_Muçum_-_G2-431260902A_(136_m) -999.9 -999.9 -999.9 -999.9 -999.9 -999.9 -999.9 -999.9 Rio_Grande_do_Sul CEMADEN -999.9 0.0 -999.9
-29.15467 -51.86221 17718 2026-07-28_01:10 -999.9 -999.9 -999.9 -999.9 -999.9 -999.9 -999.9 -999.9 -999.9 -999.9 -999.9 -999.9 -999.9 -999.9 -999.9 -999.9 -999.9 0.0 14.4 14.6 20.2 26.4 -999.9 -999.9 -999.9 -999.9 -999.9 CEMADEN_-_Muçum_-_G2-431260902A_(136_m) -999.9 -999.9 -999.9 -999.9 -999.9 -999.9 -999.9 -999.9 Rio_Grande_do_Sul CEMADEN -999.9 0.0 -999.9
-29.15467 -51.86221 17718 2026-07-28_02:10 -999.9 -999.9 -999.9 -999.9 -999.9 -999.9 -999.9 -999.9 -999.9 -999.9 -999.9 -999.9 -999.9 -999.9 -999.9 -999.9 -999.9 0.0 14.4 14.6 20.2 26.4 -999.9 -999.9 -999.9 -999.9 -999.9 CEMADEN_-_Muçum_-_G2-431260902A_(136_m) -999.9 -999.9 -999.9 -999.9 -999.9 -999.9 -999.9 -999.9 Rio_Grande_do_Sul CEMADEN -999.9 0.0 -999.9
-29.15467 -51.86221 17718 2026-07-28_03:10 -999.9 -999.9 -999.9 -999.9 -999.9 -999.9 -999.9 -999.9 -999.9 -999.9 -999.9 -999.9 -999.9 -999.9 -999.9 -999.9 0.2 0.2 14.6 14.8 20.4 26.6 -999.9 -999.9 -999.9 -999.9 -999.9 CEMADEN_-_Muçum_-_G2-431260902A_(136_m) -999.9 -999.9 -999.9 -999.9 -999.9 -999.9 -999.9 -999.9 Rio_Grande_do_Sul CEMADEN -999.9 0.2 -999.9
-29.15467 -51.86221 17718 2026-07-28_03:20 -999.9 -999.9 -999.9 -999.9 -999.9 -999.9 -999.9 -999.9 -999.9 -999.9 -999.9 -999.9 -999.9 -999.9 -999.9 -999.9 5.2 5.2 19.6 19.8 25.4 31.6 -999.9 -999.9 -999.9 -999.9 -999.9 CEMADEN_-_Muçum_-_G2-431260902A_(136_m) -999.9 -999.9 -999.9 -999.9 -999.9 -999.9 -999.9 -999.9 Rio_Grande_do_Sul CEMADEN -999.9 5.0 -999.9
-29.15467 -51.86221 17718 2026-07-28_04:10 -999.9 -999.9 -999.9 -999.9 -999.9 -999.9 -999.9 -999.9 -999.9 -999.9 -999.9 -999.9 -999.9 -999.9 -999.9 -999.9 5.0 5.2 19.6 19.8 25.4 31.6 -999.9 -999.9 -999.9 -999.9 -999.9 CEMADEN_-_Muçum_-_G2-431260902A_(136_m) -999.9 -999.9 -999.9 -999.9 -999.9 -999.9 -999.9 -999.9 Rio_Grande_do_Sul CEMADEN -999.9 0.0 -999.9
-29.15467 -51.86221 17718 2026-07-28_04:20 -999.9 -999.9 -999.9 -999.9 -999.9 -999.9 -999.9 -999.9 -999.9 -999.9 -999.9 -999.9 -999.9 -999.9 -999.9 -999.9 11.6 16.8 31.2 31.4 37.0 43.2 -999.9 -999.9 -999.9 -999.9 -999.9 CEMADEN_-_Muçum_-_G2-431260902A_(136_m) -999.9 -999.9 -999.9 -999.9 -999.9 -999.9 -999.9 -999.9 Rio_Grande_do_Sul CEMADEN -999.9 11.6 -999.9
-29.15467 -51.86221 17718 2026-07-28_04:30 -999.9 -999.9 -999.9 -999.9 -999.9 -999.9 -999.9 -999.9 -999.9 -999.9 -999.9 -999.9 -999.9 -999.9 -999.9 -999.9 16.6 21.8 36.2 36.4 42.0 48.2 -999.9 -999.9 -999.9 -999.9 -999.9 CEMADEN_-_Muçum_-_G2-431260902A_(136_m) -999.9 -999.9 -999.9 -999.9 -999.9 -999.9 -999.9 -999.9 Rio_Grande_do_Sul CEMADEN -999.9 5.0 -999.9
-29.15467 -51.86221 17718 2026-07-28_04:40 -999.9 -999.9 -999.9 -999.9 -999.9 -999.9 -999.9 -999.9 -999.9 -999.9 -999.9 -999.9 -999.9 -999.9 -999.9 -999.9 16.8 22.0 36.4 36.6 42.2 48.4 -999.9 -999.9 -999.9 -999.9 -999.9 CEMADEN_-_Muçum_-_G2-431260902A_(136_m) -999.9 -999.9 -999.9 -999.9 -999.9 -999.9 -999.9 -999.9 Rio_Grande_do_Sul CEMADEN -999.9 0.2 -999.9
-29.15467 -51.86221 17718 2026-07-28_04:50 -999.9 -999.9 -999.9 -999.9 -999.9 -999.9 -999.9 -999.9 -999.9 -999.9 -999.9 -999.9 -999.9 -999.9 -999.9 -999.9 17.0 22.2 36.6 36.8 42.4 48.6 -999.9 -999.9 -999.9 -999.9 -999.9 CEMADEN_-_Muçum_-_G2-431260902A_(136_m) -999.9 -999.9 -999.9 -999.9 -999.9 -999.9 -999.9 -999.9 Rio_Grande_do_Sul CEMADEN -999.9 0.2 -999.9
-29.15467 -51.86221 17718 2026-07-28_05:00 -999.9 -999.9 -999.9 -999.9 -999.9 -999.9 -999.9 -999.9 -999.9 -999.9 -999.9 -999.9 -999.9 -999.9 -999.9 -999.9 16.2 22.8 37.2 37.4 43.0 49.2 -999.9 -999.9 -999.9 -999.9 -999.9 CEMADEN_-_Muçum_-_G2-431260902A_(136_m) -999.9 -999.9 -999.9 -999.9 -999.9 -999.9 -999.9 -999.9 Rio_Grande_do_Sul CEMADEN -999.9 0.6 -999.9
-29.15467 -51.86221 17718 2026-07-28_05:10 -999.9 -999.9 -999.9 -999.9 -999.9 -999.9 -999.9 -999.9 -999.9 -999.9 -999.9 -999.9 -999.9 -999.9 -999.9 -999.9 6.4 23.2 37.6 37.8 43.4 49.6 -999.9 -999.9 -999.9 -999.9 -999.9 CEMADEN_-_Muçum_-_G2-431260902A_(136_m) -999.9 -999.9 -999.9 -999.9 -999.9 -999.9 -999.9 -999.9 Rio_Grande_do_Sul CEMADEN -999.9 0.4 -999.9
-29.15467 -51.86221 17718 2026-07-28_05:20 -999.9 -999.9 -999.9 -999.9 -999.9 -999.9 -999.9 -999.9 -999.9 -999.9 -999.9 -999.9 -999.9 -999.9 -999.9 -999.9 1.6 23.4 37.8 38.0 43.6 49.8 -999.9 -999.9 -999.9 -999.9 -999.9 CEMADEN_-_Muçum_-_G2-431260902A_(136_m) -999.9 -999.9 -999.9 -999.9 -999.9 -999.9 -999.9 -999.9 Rio_Grande_do_Sul CEMADEN -999.9 0.2 -999.9
-29.15467 -51.86221 17718 2026-07-28_05:30 -999.9 -999.9 -999.9 -999.9 -999.9 -999.9 -999.9 -999.9 -999.9 -999.9 -999.9 -999.9 -999.9 -999.9 -999.9 -999.9 1.6 23.6 38.0 38.2 43.8 50.0 -999.9 -999.9 -999.9 -999.9 -999.9 CEMADEN_-_Muçum_-_G2-431260902A_(136_m) -999.9 -999.9 -999.9 -999.9 -999.9 -999.9 -999.9 -999.9 Rio_Grande_do_Sul CEMADEN -999.9 0.2 -999.9
-29.15467 -51.86221 17718 2026-07-28_05:40 -999.9 -999.9 -999.9 -999.9 -999.9 -999.9 -999.9 -999.9 -999.9 -999.9 -999.9 -999.9 -999.9 -999.9 -999.9 -999.9 1.8 24.0 38.4 38.6 44.2 50.4 -999.9 -999.9 -999.9 -999.9 -999.9 CEMADEN_-_Muçum_-_G2-431260902A_(136_m) -999.9 -999.9 -999.9 -999.9 -999.9 -999.9 -999.9 -999.9 Rio_Grande_do_Sul CEMADEN -999.9 0.4 -999.9
-29.15467 -51.86221 17718 2026-07-28_05:50 -999.9 -999.9 -999.9 -999.9 -999.9 -999.9 -999.9 -999.9 -999.9 -999.9 -999.9 -999.9 -999.9 -999.9 -999.9 -999.9 1.4 24.2 38.6 38.8 44.4 50.6 -999.9 -999.9 -999.9 -999.9 -999.9 CEMADEN_-_Muçum_-_G2-431260902A_(136_m) -999.9 -999.9 -999.9 -999.9 -999.9 -999.9 -999.9 -999.9 Rio_Grande_do_Sul CEMADEN -999.9 0.2 -999.9
-29.15467 -51.86221 17718 2026-07-28_06:10 -999.9 -999.9 -999.9 -999.9 -999.9 -999.9 -999.9 -999.9 -999.9 -999.9 -999.9 -999.9 -999.9 -999.9 -999.9 -999.9 2.6 25.8 40.2 40.4 46.0 52.2 -999.9 -999.9 -999.9 -999.9 -999.9 CEMADEN_-_Muçum_-_G2-431260902A_(136_m) -999.9 -999.9 -999.9 -999.9 -999.9 -999.9 -999.9 -999.9 Rio_Grande_do_Sul CEMADEN -999.9 1.6 -999.9
-29.15467 -51.86221 17718 2026-07-28_06:20 -999.9 -999.9 -999.9 -999.9 -999.9 -999.9 -999.9 -999.9 -999.9 -999.9 -999.9 -999.9 -999.9 -999.9 -999.9 -999.9 6.4 30.0 44.4 44.6 50.2 56.4 -999.9 -999.9 -999.9 -999.9 -999.9 CEMADEN_-_Muçum_-_G2-431260902A_(136_m) -999.9 -999.9 -999.9 -999.9 -999.9 -999.9 -999.9 -999.9 Rio_Grande_do_Sul CEMADEN -999.9 4.2 -999.9
-29.15467 -51.86221 17718 2026-07-28_06:40 -999.9 -999.9 -999.9 -999.9 -999.9 -999.9 -999.9 -999.9 -999.9 -999.9 -999.9 -999.9 -999.9 -999.9 -999.9 -999.9 10.4 34.6 49.0 49.2 54.8 61.0 -999.9 -999.9 -999.9 -999.9 -999.9 CEMADEN_-_Muçum_-_G2-431260902A_(136_m) -999.9 -999.9 -999.9 -999.9 -999.9 -999.9 -999.9 -999.9 Rio_Grande_do_Sul CEMADEN -999.9 4.6 -999.9
-29.15467 -51.86221 17718 2026-07-28_07:00 -999.9 -999.9 -999.9 -999.9 -999.9 -999.9 -999.9 -999.9 -999.9 -999.9 -999.9 -999.9 -999.9 -999.9 -999.9 -999.9 12.2 37.8 52.2 52.4 58.0 64.2 -999.9 -999.9 -999.9 -999.9 -999.9 CEMADEN_-_Muçum_-_G2-431260902A_(136_m) -999.9 -999.9 -999.9 -999.9 -999.9 -999.9 -999.9 -999.9 Rio_Grande_do_Sul CEMADEN -999.9 3.2 -999.9
-29.15467 -51.86221 17718 2026-07-28_07:10 -999.9 -999.9 -999.9 -999.9 -999.9 -999.9 -999.9 -999.9 -999.9 -999.9 -999.9 -999.9 -999.9 -999.9 -999.9 -999.9 8.6 38.6 53.0 53.2 58.8 65.0 -999.9 -999.9 -999.9 -999.9 -999.9 CEMADEN_-_Muçum_-_G2-431260902A_(136_m) -999.9 -999.9 -999.9 -999.9 -999.9 -999.9 -999.9 -999.9 Rio_Grande_do_Sul CEMADEN -999.9 0.8 -999.9
-29.15467 -51.86221 17718 2026-07-28_07:20 -999.9 -999.9 -999.9 -999.9 -999.9 -999.9 -999.9 -999.9 -999.9 -999.9 -999.9 -999.9 -999.9 -999.9 -999.9 -999.9 9.0 41.6 56.0 56.2 61.8 68.0 -999.9 -999.9 -999.9 -999.9 -999.9 CEMADEN_-_Muçum_-_G2-431260902A_(136_m) -999.9 -999.9 -999.9 -999.9 -999.9 -999.9 -999.9 -999.9 Rio_Grande_do_Sul CEMADEN -999.9 3.0 -999.9
-29.15467 -51.86221 17718 2026-07-28_07:30 -999.9 -999.9 -999.9 -999.9 -999.9 -999.9 -999.9 -999.9 -999.9 -999.9 -999.9 -999.9 -999.9 -999.9 -999.9 -999.9 9.6 42.2 56.6 56.8 62.4 68.6 -999.9 -999.9 -999.9 -999.9 -999.9 CEMADEN_-_Muçum_-_G2-431260902A_(136_m) -999.9 -999.9 -999.9 -999.9 -999.9 -999.9 -999.9 -999.9 Rio_Grande_do_Sul CEMADEN -999.9 0.6 -999.9
-29.15467 -51.86221 17718 2026-07-28_07:40 -999.9 -999.9 -999.9 -999.9 -999.9 -999.9 -999.9 -999.9 -999.9 -999.9 -999.9 -999.9 -999.9 -999.9 -999.9 -999.9 6.0 42.4 56.8 57.0 62.6 68.8 -999.9 -999.9 -999.9 -999.9 -999.9 CEMADEN_-_Muçum_-_G2-431260902A_(136_m) -999.9 -999.9 -999.9 -999.9 -999.9 -999.9 -999.9 -999.9 Rio_Grande_do_Sul CEMADEN -999.9 0.2 -999.9
-29.15467 -51.86221 17718 2026-07-28_07:50 -999.9 -999.9 -999.9 -999.9 -999.9 -999.9 -999.9 -999.9 -999.9 -999.9 -999.9 -999.9 -999.9 -999.9 -999.9 -999.9 8.4 46.2 60.6 60.8 66.4 72.6 -999.9 -999.9 -999.9 -999.9 -999.9 CEMADEN_-_Muçum_-_G2-431260902A_(136_m) -999.9 -999.9 -999.9 -999.9 -999.9 -999.9 -999.9 -999.9 Rio_Grande_do_Sul CEMADEN -999.9 3.8 -999.9
-29.15467 -51.86221 17718 2026-07-28_08:00 -999.9 -999.9 -999.9 -999.9 -999.9 -999.9 -999.9 -999.9 -999.9 -999.9 -999.9 -999.9 -999.9 -999.9 -999.9 -999.9 8.6 46.4 60.8 61.0 66.6 72.8 -999.9 -999.9 -999.9 -999.9 -999.9 CEMADEN_-_Muçum_-_G2-431260902A_(136_m) -999.9 -999.9 -999.9 -999.9 -999.9 -999.9 -999.9 -999.9 Rio_Grande_do_Sul CEMADEN -999.9 0.2 -999.9
-29.15467 -51.86221 17718 2026-07-28_08:20 -999.9 -999.9 -999.9 -999.9 -999.9 -999.9 -999.9 -999.9 -999.9 -999.9 -999.9 -999.9 -999.9 -999.9 -999.9 -999.9 6.6 48.8 63.2 63.4 69.0 75.2 -999.9 -999.9 -999.9 -999.9 -999.9 CEMADEN_-_Muçum_-_G2-431260902A_(136_m) -999.9 -999.9 -999.9 -999.9 -999.9 -999.9 -999.9 -999.9 Rio_Grande_do_Sul CEMADEN -999.9 2.4 -999.9
-29.15467 -51.86221 17718 2026-07-28_08:30 -999.9 -999.9 -999.9 -999.9 -999.9 -999.9 -999.9 -999.9 -999.9 -999.9 -999.9 -999.9 -999.9 -999.9 -999.9 -999.9 8.0 50.4 64.8 65.0 70.6 76.8 -999.9 -999.9 -999.9 -999.9 -999.9 CEMADEN_-_Muçum_-_G2-431260902A_(136_m) -999.9 -999.9 -999.9 -999.9 -999.9 -999.9 -999.9 -999.9 Rio_Grande_do_Sul CEMADEN -999.9 1.6 -999.9
-29.15467 -51.86221 17718 2026-07-28_08:40 -999.9 -999.9 -999.9 -999.9 -999.9 -999.9 -999.9 -999.9 -999.9 -999.9 -999.9 -999.9 -999.9 -999.9 -999.9 -999.9 4.4 50.6 65.0 65.2 70.8 77.0 -999.9 -999.9 -999.9 -999.9 -999.9 CEMADEN_-_Muçum_-_G2-431260902A_(136_m) -999.9 -999.9 -999.9 -999.9 -999.9 -999.9 -999.9 -999.9 Rio_Grande_do_Sul CEMADEN -999.9 0.2 -999.9
-29.15467 -51.86221 17718 2026-07-28_08:50 -999.9 -999.9 -999.9 -999.9 -999.9 -999.9 -999.9 -999.9 -999.9 -999.9 -999.9 -999.9 -999.9 -999.9 -999.9 -999.9 4.4 50.8 65.2 65.4 71.0 77.2 -999.9 -999.9 -999.9 -999.9 -999.9 CEMADEN_-_Muçum_-_G2-431260902A_(136_m) -999.9 -999.9 -999.9 -999.9 -999.9 -999.9 -999.9 -999.9 Rio_Grande_do_Sul CEMADEN -999.9 0.2 -999.9
-29.15467 -51.86221 17718 2026-07-28_09:10 -999.9 -999.9 -999.9 -999.9 -999.9 -999.9 -999.9 -999.9 -999.9 -999.9 -999.9 -999.9 -999.9 -999.9 -999.9 -999.9 2.6 51.4 65.8 66.0 71.6 77.8 -999.9 -999.9 -999.9 -999.9 -999.9 CEMADEN_-_Muçum_-_G2-431260902A_(136_m) -999.9 -999.9 -999.9 -999.9 -999.9 -999.9 -999.9 -999.9 Rio_Grande_do_Sul CEMADEN -999.9 0.6 -999.9
-29.15467 -51.86221 17718 2026-07-28_09:30 -999.9 -999.9 -999.9 -999.9 -999.9 -999.9 -999.9 -999.9 -999.9 -999.9 -999.9 -999.9 -999.9 -999.9 -999.9 -999.9 7.0 57.6 72.0 72.2 77.8 84.0 -999.9 -999.9 -999.9 -999.9 -999.9 CEMADEN_-_Muçum_-_G2-431260902A_(136_m) -999.9 -999.9 -999.9 -999.9 -999.9 -999.9 -999.9 -999.9 Rio_Grande_do_Sul CEMADEN -999.9 6.2 -999.9
-29.15467 -51.86221 17718 2026-07-28_09:40 -999.9 -999.9 -999.9 -999.9 -999.9 -999.9 -999.9 -999.9 -999.9 -999.9 -999.9 -999.9 -999.9 -999.9 -999.9 -999.9 7.0 57.8 72.2 72.4 78.0 84.2 -999.9 -999.9 -999.9 -999.9 -999.9 CEMADEN_-_Muçum_-_G2-431260902A_(136_m) -999.9 -999.9 -999.9 -999.9 -999.9 -999.9 -999.9 -999.9 Rio_Grande_do_Sul CEMADEN -999.9 0.2 -999.9
-29.15467 -51.86221 17718 2026-07-28_09:50 -999.9 -999.9 -999.9 -999.9 -999.9 -999.9 -999.9 -999.9 -999.9 -999.9 -999.9 -999.9 -999.9 -999.9 -999.9 -999.9 7.8 58.6 73.0 73.2 78.8 85.0 -999.9 -999.9 -999.9 -999.9 -999.9 CEMADEN_-_Muçum_-_G2-431260902A_(136_m) -999.9 -999.9 -999.9 -999.9 -999.9 -999.9 -999.9 -999.9 Rio_Grande_do_Sul CEMADEN -999.9 0.8 -999.9
-29.15467 -51.86221 17718 2026-07-28_10:00 -999.9 -999.9 -999.9 -999.9 -999.9 -999.9 -999.9 -999.9 -999.9 -999.9 -999.9 -999.9 -999.9 -999.9 -999.9 -999.9 8.0 58.8 73.2 73.4 79.0 85.2 -999.9 -999.9 -999.9 -999.9 -999.9 CEMADEN_-_Muçum_-_G2-431260902A_(136_m) -999.9 -999.9 -999.9 -999.9 -999.9 -999.9 -999.9 -999.9 Rio_Grande_do_Sul CEMADEN -999.9 0.2 -999.9
-29.15467 -51.86221 17718 2026-07-28_10:10 -999.9 -999.9 -999.9 -999.9 -999.9 -999.9 -999.9 -999.9 -999.9 -999.9 -999.9 -999.9 -999.9 -999.9 -999.9 -999.9 2.8 59.0 73.4 73.6 79.2 85.4 -999.9 -999.9 -999.9 -999.9 -999.9 CEMADEN_-_Muçum_-_G2-431260902A_(136_m) -999.9 -999.9 -999.9 -999.9 -999.9 -999.9 -999.9 -999.9 Rio_Grande_do_Sul CEMADEN -999.9 0.2 -999.9
-29.15467 -51.86221 17718 2026-07-28_10:20 -999.9 -999.9 -999.9 -999.9 -999.9 -999.9 -999.9 -999.9 -999.9 -999.9 -999.9 -999.9 -999.9 -999.9 -999.9 -999.9 1.6 59.2 73.6 73.8 79.4 85.6 -999.9 -999.9 -999.9 -999.9 -999.9 CEMADEN_-_Muçum_-_G2-431260902A_(136_m) -999.9 -999.9 -999.9 -999.9 -999.9 -999.9 -999.9 -999.9 Rio_Grande_do_Sul CEMADEN -999.9 0.2 -999.9
-29.15467 -51.86221 17718 2026-07-28_10:30 -999.9 -999.9 -999.9 -999.9 -999.9 -999.9 -999.9 -999.9 -999.9 -999.9 -999.9 -999.9 -999.9 -999.9 -999.9 -999.9 2.2 59.8 74.2 74.4 80.0 86.2 -999.9 -999.9 -999.9 -999.9 -999.9 CEMADEN_-_Muçum_-_G2-431260902A_(136_m) -999.9 -999.9 -999.9 -999.9 -999.9 -999.9 -999.9 -999.9 Rio_Grande_do_Sul CEMADEN -999.9 0.6 -999.9
-29.15467 -51.86221 17718 2026-07-28_10:40 -999.9 -999.9 -999.9 -999.9 -999.9 -999.9 -999.9 -999.9 -999.9 -999.9 -999.9 -999.9 -999.9 -999.9 -999.9 -999.9 1.6 60.2 74.6 74.8 80.4 86.6 -999.9 -999.9 -999.9 -999.9 -999.9 CEMADEN_-_Muçum_-_G2-431260902A_(136_m) -999.9 -999.9 -999.9 -999.9 -999.9 -999.9 -999.9 -999.9 Rio_Grande_do_Sul CEMADEN -999.9 0.4 -999.9
-29.15467 -51.86221 17718 2026-07-28_10:50 -999.9 -999.9 -999.9 -999.9 -999.9 -999.9 -999.9 -999.9 -999.9 -999.9 -999.9 -999.9 -999.9 -999.9 -999.9 -999.9 1.8 60.6 75.0 75.2 80.8 87.0 -999.9 -999.9 -999.9 -999.9 -999.9 CEMADEN_-_Muçum_-_G2-431260902A_(136_m) -999.9 -999.9 -999.9 -999.9 -999.9 -999.9 -999.9 -999.9 Rio_Grande_do_Sul CEMADEN -999.9 0.4 -999.9
-29.15467 -51.86221 17718 2026-07-28_11:10 -999.9 -999.9 -999.9 -999.9 -999.9 -999.9 -999.9 -999.9 -999.9 -999.9 -999.9 -999.9 -999.9 -999.9 -999.9 -999.9 4.0 63.2 77.6 77.8 83.4 89.6 -999.9 -999.9 -999.9 -999.9 -999.9 CEMADEN_-_Muçum_-_G2-431260902A_(136_m) -999.9 -999.9 -999.9 -999.9 -999.9 -999.9 -999.9 -999.9 Rio_Grande_do_Sul CEMADEN -999.9 2.6 -999.9
-29.15467 -51.86221 17718 2026-07-28_11:30 -999.9 -999.9 -999.9 -999.9 -999.9 -999.9 -999.9 -999.9 -999.9 -999.9 -999.9 -999.9 -999.9 -999.9 -999.9 -999.9 4.6 64.4 78.8 79.0 84.6 90.8 -999.9 -999.9 -999.9 -999.9 -999.9 CEMADEN_-_Muçum_-_G2-431260902A_(136_m) -999.9 -999.9 -999.9 -999.9 -999.9 -999.9 -999.9 -999.9 Rio_Grande_do_Sul CEMADEN -999.9 1.2 -999.9
-29.15467 -51.86221 17718 2026-07-28_11:40 -999.9 -999.9 -999.9 -999.9 -999.9 -999.9 -999.9 -999.9 -999.9 -999.9 -999.9 -999.9 -999.9 -999.9 -999.9 -999.9 4.0 64.6 79.0 79.2 84.8 91.0 -999.9 -999.9 -999.9 -999.9 -999.9 CEMADEN_-_Muçum_-_G2-431260902A_(136_m) -999.9 -999.9 -999.9 -999.9 -999.9 -999.9 -999.9 -999.9 Rio_Grande_do_Sul CEMADEN -999.9 0.2 -999.9
-29.15467 -51.86221 17718 2026-07-28_11:50 -999.9 -999.9 -999.9 -999.9 -999.9 -999.9 -999.9 -999.9 -999.9 -999.9 -999.9 -999.9 -999.9 -999.9 -999.9 -999.9 2.6 64.8 79.2 79.4 85.0 91.2 -999.9 -999.9 -999.9 -999.9 -999.9 CEMADEN_-_Muçum_-_G2-431260902A_(136_m) -999.9 -999.9 -999.9 -999.9 -999.9 -999.9 -999.9 -999.9 Rio_Grande_do_Sul CEMADEN -999.9 0.2 -999.9
-29.15467 -51.86221 17718 2026-07-28_12:00 -999.9 -999.9 -999.9 -999.9 -999.9 -999.9 -999.9 -999.9 -999.9 -999.9 -999.9 -999.9 -999.9 -999.9 -999.9 -999.9 2.8 65.0 79.4 79.6 85.2 91.4 -999.9 -999.9 -999.9 -999.9 -999.9 CEMADEN_-_Muçum_-_G2-431260902A_(136_m) -999.9 -999.9 -999.9 -999.9 -999.9 -999.9 -999.9 -999.9 Rio_Grande_do_Sul CEMADEN -999.9 0.2 -999.9
-29.15467 -51.86221 17718 2026-07-28_12:10 -999.9 -999.9 -999.9 -999.9 -999.9 -999.9 -999.9 -999.9 -999.9 -999.9 -999.9 -999.9 -999.9 -999.9 -999.9 -999.9 1.6 65.4 79.8 80.0 85.6 91.8 -999.9 -999.9 -999.9 -999.9 -999.9 CEMADEN_-_Muçum_-_G2-431260902A_(136_m) -999.9 -999.9 -999.9 -999.9 -999.9 -999.9 -999.9 -999.9 Rio_Grande_do_Sul CEMADEN -999.9 0.4 -999.9
-29.15467 -51.86221 17718 2026-07-28_12:20 -999.9 -999.9 -999.9 -999.9 -999.9 -999.9 -999.9 -999.9 -999.9 -999.9 -999.9 -999.9 -999.9 -999.9 -999.9 -999.9 1.6 66.0 80.4 80.6 86.2 92.4 -999.9 -999.9 -999.9 -999.9 -999.9 CEMADEN_-_Muçum_-_G2-431260902A_(136_m) -999.9 -999.9 -999.9 -999.9 -999.9 -999.9 -999.9 -999.9 Rio_Grande_do_Sul CEMADEN -999.9 0.6 -999.9
-29.15467 -51.86221 17718 2026-07-28_12:30 -999.9 -999.9 -999.9 -999.9 -999.9 -999.9 -999.9 -999.9 -999.9 -999.9 -999.9 -999.9 -999.9 -999.9 -999.9 -999.9 2.0 66.4 80.8 81.0 86.6 92.8 -999.9 -999.9 -999.9 -999.9 -999.9 CEMADEN_-_Muçum_-_G2-431260902A_(136_m) -999.9 -999.9 -999.9 -999.9 -999.9 -999.9 -999.9 -999.9 Rio_Grande_do_Sul CEMADEN -999.9 0.4 -999.9
-29.15467 -51.86221 17718 2026-07-28_12:40 -999.9 -999.9 -999.9 -999.9 -999.9 -999.9 -999.9 -999.9 -999.9 -999.9 -999.9 -999.9 -999.9 -999.9 -999.9 -999.9 2.4 67.2 81.6 81.8 87.4 93.6 -999.9 -999.9 -999.9 -999.9 -999.9 CEMADEN_-_Muçum_-_G2-431260902A_(136_m) -999.9 -999.9 -999.9 -999.9 -999.9 -999.9 -999.9 -999.9 Rio_Grande_do_Sul CEMADEN -999.9 0.8 -999.9
-29.15467 -51.86221 17718 2026-07-28_12:50 -999.9 -999.9 -999.9 -999.9 -999.9 -999.9 -999.9 -999.9 -999.9 -999.9 -999.9 -999.9 -999.9 -999.9 -999.9 -999.9 2.8 67.8 82.2 82.4 88.0 94.2 -999.9 -999.9 -999.9 -999.9 -999.9 CEMADEN_-_Muçum_-_G2-431260902A_(136_m) -999.9 -999.9 -999.9 -999.9 -999.9 -999.9 -999.9 -999.9 Rio_Grande_do_Sul CEMADEN -999.9 0.6 -999.9
-29.15467 -51.86221 17718 2026-07-28_13:00 -999.9 -999.9 -999.9 -999.9 -999.9 -999.9 -999.9 -999.9 -999.9 -999.9 -999.9 -999.9 -999.9 -999.9 -999.9 -999.9 3.2 68.2 82.6 82.8 88.4 94.6 -999.9 -999.9 -999.9 -999.9 -999.9 CEMADEN_-_Muçum_-_G2-431260902A_(136_m) -999.9 -999.9 -999.9 -999.9 -999.9 -999.9 -999.9 -999.9 Rio_Grande_do_Sul CEMADEN -999.9 0.4 -999.9
-29.15467 -51.86221 17718 2026-07-28_13:10 -999.9 -999.9 -999.9 -999.9 -999.9 -999.9 -999.9 -999.9 -999.9 -999.9 -999.9 -999.9 -999.9 -999.9 -999.9 -999.9 2.6 68.6 83.0 83.2 88.8 95.0 -999.9 -999.9 -999.9 -999.9 -999.9 CEMADEN_-_Muçum_-_G2-431260902A_(136_m) -999.9 -999.9 -999.9 -999.9 -999.9 -999.9 -999.9 -999.9 Rio_Grande_do_Sul CEMADEN -999.9 0.4 -999.9
-29.15467 -51.86221 17718 2026-07-28_13:20 -999.9 -999.9 -999.9 -999.9 -999.9 -999.9 -999.9 -999.9 -999.9 -999.9 -999.9 -999.9 -999.9 -999.9 -999.9 -999.9 2.6 69.0 83.4 83.6 89.2 95.4 -999.9 -999.9 -999.9 -999.9 -999.9 CEMADEN_-_Muçum_-_G2-431260902A_(136_m) -999.9 -999.9 -999.9 -999.9 -999.9 -999.9 -999.9 -999.9 Rio_Grande_do_Sul CEMADEN -999.9 0.4 -999.9
-29.15467 -51.86221 17718 2026-07-28_13:30 -999.9 -999.9 -999.9 -999.9 -999.9 -999.9 -999.9 -999.9 -999.9 -999.9 -999.9 -999.9 -999.9 -999.9 -999.9 -999.9 3.0 69.4 83.8 84.0 89.6 95.8 -999.9 -999.9 -999.9 -999.9 -999.9 CEMADEN_-_Muçum_-_G2-431260902A_(136_m) -999.9 -999.9 -999.9 -999.9 -999.9 -999.9 -999.9 -999.9 Rio_Grande_do_Sul CEMADEN -999.9 0.4 -999.9
-29.15467 -51.86221 17718 2026-07-28_13:40 -999.9 -999.9 -999.9 -999.9 -999.9 -999.9 -999.9 -999.9 -999.9 -999.9 -999.9 -999.9 -999.9 -999.9 -999.9 -999.9 1.8 69.6 84.0 84.2 89.8 96.0 -999.9 -999.9 -999.9 -999.9 -999.9 CEMADEN_-_Muçum_-_G2-431260902A_(136_m) -999.9 -999.9 -999.9 -999.9 -999.9 -999.9 -999.9 -999.9 Rio_Grande_do_Sul CEMADEN -999.9 0.2 -999.9
-29.15467 -51.86221 17718 2026-07-28_13:50 -999.9 -999.9 -999.9 -999.9 -999.9 -999.9 -999.9 -999.9 -999.9 -999.9 -999.9 -999.9 -999.9 -999.9 -999.9 -999.9 1.6 69.8 84.2 84.4 90.0 96.2 -999.9 -999.9 -999.9 -999.9 -999.9 CEMADEN_-_Muçum_-_G2-431260902A_(136_m) -999.9 -999.9 -999.9 -999.9 -999.9 -999.9 -999.9 -999.9 Rio_Grande_do_Sul CEMADEN -999.9 0.2 -999.9
-29.15467 -51.86221 17718 2026-07-28_14:10 -999.9 -999.9 -999.9 -999.9 -999.9 -999.9 -999.9 -999.9 -999.9 -999.9 -999.9 -999.9 -999.9 -999.9 -999.9 -999.9 0.4 69.8 84.2 84.4 90.0 96.2 -999.9 -999.9 -999.9 -999.9 -999.9 CEMADEN_-_Muçum_-_G2-431260902A_(136_m) -999.9 -999.9 -999.9 -999.9 -999.9 -999.9 -999.9 -999.9 Rio_Grande_do_Sul CEMADEN -999.9 0.0 -999.9
-29.15467 -51.86221 17718 2026-07-28_14:30 -999.9 -999.9 -999.9 -999.9 -999.9 -999.9 -999.9 -999.9 -999.9 -999.9 -999.9 -999.9 -999.9 -999.9 -999.9 -999.9 0.4 70.0 84.4 84.6 90.2 96.4 -999.9 -999.9 -999.9 -999.9 -999.9 CEMADEN_-_Muçum_-_G2-431260902A_(136_m) -999.9 -999.9 -999.9 -999.9 -999.9 -999.9 -999.9 -999.9 Rio_Grande_do_Sul CEMADEN -999.9 0.2 -999.9
-29.15467 -51.86221 17718 2026-07-28_14:40 -999.9 -999.9 -999.9 -999.9 -999.9 -999.9 -999.9 -999.9 -999.9 -999.9 -999.9 -999.9 -999.9 -999.9 -999.9 -999.9 0.6 70.4 84.8 85.0 90.6 96.8 -999.9 -999.9 -999.9 -999.9 -999.9 CEMADEN_-_Muçum_-_G2-431260902A_(136_m) -999.9 -999.9 -999.9 -999.9 -999.9 -999.9 -999.9 -999.9 Rio_Grande_do_Sul CEMADEN -999.9 0.4 -999.9
-29.15467 -51.86221 17718 2026-07-28_15:00 -999.9 -999.9 -999.9 -999.9 -999.9 -999.9 -999.9 -999.9 -999.9 -999.9 -999.9 -999.9 -999.9 -999.9 -999.9 -999.9 1.2 71.0 85.4 85.6 91.2 97.4 -999.9 -999.9 -999.9 -999.9 -999.9 CEMADEN_-_Muçum_-_G2-431260902A_(136_m) -999.9 -999.9 -999.9 -999.9 -999.9 -999.9 -999.9 -999.9 Rio_Grande_do_Sul CEMADEN -999.9 0.6 -999.9
-29.15467 -51.86221 17718 2026-07-28_15:10 -999.9 -999.9 -999.9 -999.9 -999.9 -999.9 -999.9 -999.9 -999.9 -999.9 -999.9 -999.9 -999.9 -999.9 -999.9 -999.9 1.4 71.2 85.6 85.8 91.4 97.6 -999.9 -999.9 -999.9 -999.9 -999.9 CEMADEN_-_Muçum_-_G2-431260902A_(136_m) -999.9 -999.9 -999.9 -999.9 -999.9 -999.9 -999.9 -999.9 Rio_Grande_do_Sul CEMADEN -999.9 0.2 -999.9
-29.15467 -51.86221 17718 2026-07-28_15:20 -999.9 -999.9 -999.9 -999.9 -999.9 -999.9 -999.9 -999.9 -999.9 -999.9 -999.9 -999.9 -999.9 -999.9 -999.9 -999.9 1.8 71.8 86.2 86.2 92.0 98.2 -999.9 -999.9 -999.9 -999.9 -999.9 CEMADEN_-_Muçum_-_G2-431260902A_(136_m) -999.9 -999.9 -999.9 -999.9 -999.9 -999.9 -999.9 -999.9 Rio_Grande_do_Sul CEMADEN -999.9 0.6 -999.9
-29.15467 -51.86221 17718 2026-07-28_15:30 -999.9 -999.9 -999.9 -999.9 -999.9 -999.9 -999.9 -999.9 -999.9 -999.9 -999.9 -999.9 -999.9 -999.9 -999.9 -999.9 2.2 72.6 87.0 87.0 92.8 99.0 -999.9 -999.9 -999.9 -999.9 -999.9 CEMADEN_-_Muçum_-_G2-431260902A_(136_m) -999.9 -999.9 -999.9 -999.9 -999.9 -999.9 -999.9 -999.9 Rio_Grande_do_Sul CEMADEN -999.9 0.8 -999.9
-29.15467 -51.86221 17718 2026-07-28_15:40 -999.9 -999.9 -999.9 -999.9 -999.9 -999.9 -999.9 -999.9 -999.9 -999.9 -999.9 -999.9 -999.9 -999.9 -999.9 -999.9 2.2 72.8 87.2 87.2 93.0 99.2 -999.9 -999.9 -999.9 -999.9 -999.9 CEMADEN_-_Muçum_-_G2-431260902A_(136_m) -999.9 -999.9 -999.9 -999.9 -999.9 -999.9 -999.9 -999.9 Rio_Grande_do_Sul CEMADEN -999.9 0.2 -999.9
-29.15467 -51.86221 17718 2026-07-28_15:50 -999.9 -999.9 -999.9 -999.9 -999.9 -999.9 -999.9 -999.9 -999.9 -999.9 -999.9 -999.9 -999.9 -999.9 -999.9 -999.9 2.6 73.6 88.0 88.0 93.8 100.0 -999.9 -999.9 -999.9 -999.9 -999.9 CEMADEN_-_Muçum_-_G2-431260902A_(136_m) -999.9 -999.9 -999.9 -999.9 -999.9 -999.9 -999.9 -999.9 Rio_Grande_do_Sul CEMADEN -999.9 0.8 -999.9
-29.15467 -51.86221 17718 2026-07-28_16:10 -999.9 -999.9 -999.9 -999.9 -999.9 -999.9 -999.9 -999.9 -999.9 -999.9 -999.9 -999.9 -999.9 -999.9 -999.9 -999.9 3.2 75.0 89.4 89.4 95.2 101.4 -999.9 -999.9 -999.9 -999.9 -999.9 CEMADEN_-_Muçum_-_G2-431260902A_(136_m) -999.9 -999.9 -999.9 -999.9 -999.9 -999.9 -999.9 -999.9 Rio_Grande_do_Sul CEMADEN -999.9 1.4 -999.9
-29.15467 -51.86221 17718 2026-07-28_16:20 -999.9 -999.9 -999.9 -999.9 -999.9 -999.9 -999.9 -999.9 -999.9 -999.9 -999.9 -999.9 -999.9 -999.9 -999.9 -999.9 2.6 75.2 89.6 89.6 95.4 101.6 -999.9 -999.9 -999.9 -999.9 -999.9 CEMADEN_-_Muçum_-_G2-431260902A_(136_m) -999.9 -999.9 -999.9 -999.9 -999.9 -999.9 -999.9 -999.9 Rio_Grande_do_Sul CEMADEN -999.9 0.2 -999.9
-29.15467 -51.86221 17718 2026-07-28_16:30 -999.9 -999.9 -999.9 -999.9 -999.9 -999.9 -999.9 -999.9 -999.9 -999.9 -999.9 -999.9 -999.9 -999.9 -999.9 -999.9 1.8 75.4 89.8 89.8 95.6 101.8 -999.9 -999.9 -999.9 -999.9 -999.9 CEMADEN_-_Muçum_-_G2-431260902A_(136_m) -999.9 -999.9 -999.9 -999.9 -999.9 -999.9 -999.9 -999.9 Rio_Grande_do_Sul CEMADEN -999.9 0.2 -999.9
-29.15467 -51.86221 17718 2026-07-28_16:50 -999.9 -999.9 -999.9 -999.9 -999.9 -999.9 -999.9 -999.9 -999.9 -999.9 -999.9 -999.9 -999.9 -999.9 -999.9 -999.9 1.2 75.6 90.0 90.0 95.8 102.0 -999.9 -999.9 -999.9 -999.9 -999.9 CEMADEN_-_Muçum_-_G2-431260902A_(136_m) -999.9 -999.9 -999.9 -999.9 -999.9 -999.9 -999.9 -999.9 Rio_Grande_do_Sul CEMADEN -999.9 0.2 -999.9
-29.15467 -51.86221 17718 2026-07-28_17:10 -999.9 -999.9 -999.9 -999.9 -999.9 -999.9 -999.9 -999.9 -999.9 -999.9 -999.9 -999.9 -999.9 -999.9 -999.9 -999.9 0.6 75.8 90.2 90.2 96.0 102.2 -999.9 -999.9 -999.9 -999.9 -999.9 CEMADEN_-_Muçum_-_G2-431260902A_(136_m) -999.9 -999.9 -999.9 -999.9 -999.9 -999.9 -999.9 -999.9 Rio_Grande_do_Sul CEMADEN -999.9 0.2 -999.9
-29.15467 -51.86221 17718 2026-07-28_17:30 -999.9 -999.9 -999.9 -999.9 -999.9 -999.9 -999.9 -999.9 -999.9 -999.9 -999.9 -999.9 -999.9 -999.9 -999.9 -999.9 4.6 80.0 94.4 94.4 100.2 106.4 -999.9 -999.9 -999.9 -999.9 -999.9 CEMADEN_-_Muçum_-_G2-431260902A_(136_m) -999.9 -999.9 -999.9 -999.9 -999.9 -999.9 -999.9 -999.9 Rio_Grande_do_Sul CEMADEN -999.9 4.2 -999.9
-29.15467 -51.86221 17718 2026-07-28_17:40 -999.9 -999.9 -999.9 -999.9 -999.9 -999.9 -999.9 -999.9 -999.9 -999.9 -999.9 -999.9 -999.9 -999.9 -999.9 -999.9 4.8 80.4 94.8 94.8 100.6 106.8 -999.9 -999.9 -999.9 -999.9 -999.9 CEMADEN_-_Muçum_-_G2-431260902A_(136_m) -999.9 -999.9 -999.9 -999.9 -999.9 -999.9 -999.9 -999.9 Rio_Grande_do_Sul CEMADEN -999.9 0.4 -999.9
-29.15467 -51.86221 17718 2026-07-28_17:50 -999.9 -999.9 -999.9 -999.9 -999.9 -999.9 -999.9 -999.9 -999.9 -999.9 -999.9 -999.9 -999.9 -999.9 -999.9 -999.9 5.2 80.8 95.0 95.2 101.0 107.2 -999.9 -999.9 -999.9 -999.9 -999.9 CEMADEN_-_Muçum_-_G2-431260902A_(136_m) -999.9 -999.9 -999.9 -999.9 -999.9 -999.9 -999.9 -999.9 Rio_Grande_do_Sul CEMADEN -999.9 0.4 -999.9
-29.15467 -51.86221 17718 2026-07-28_18:10 -999.9 -999.9 -999.9 -999.9 -999.9 -999.9 -999.9 -999.9 -999.9 -999.9 -999.9 -999.9 -999.9 -999.9 -999.9 -999.9 5.0 81.0 95.2 95.4 101.2 107.4 -999.9 -999.9 -999.9 -999.9 -999.9 CEMADEN_-_Muçum_-_G2-431260902A_(136_m) -999.9 -999.9 -999.9 -999.9 -999.9 -999.9 -999.9 -999.9 Rio_Grande_do_Sul CEMADEN -999.9 0.2 -999.9
-29.15467 -51.86221 17718 2026-07-28_18:20 -999.9 -999.9 -999.9 -999.9 -999.9 -999.9 -999.9 -999.9 -999.9 -999.9 -999.9 -999.9 -999.9 -999.9 -999.9 -999.9 3.6 83.6 97.8 98.0 103.8 110.0 -999.9 -999.9 -999.9 -999.9 -999.9 CEMADEN_-_Muçum_-_G2-431260902A_(136_m) -999.9 -999.9 -999.9 -999.9 -999.9 -999.9 -999.9 -999.9 Rio_Grande_do_Sul CEMADEN -999.9 2.6 -999.9
-29.15467 -51.86221 17718 2026-07-28_18:30 -999.9 -999.9 -999.9 -999.9 -999.9 -999.9 -999.9 -999.9 -999.9 -999.9 -999.9 -999.9 -999.9 -999.9 -999.9 -999.9 3.6 84.4 98.6 98.8 104.6 110.8 -999.9 -999.9 -999.9 -999.9 -999.9 CEMADEN_-_Muçum_-_G2-431260902A_(136_m) -999.9 -999.9 -999.9 -999.9 -999.9 -999.9 -999.9 -999.9 Rio_Grande_do_Sul CEMADEN -999.9 0.8 -999.9
-29.15467 -51.86221 17718 2026-07-28_18:50 -999.9 -999.9 -999.9 -999.9 -999.9 -999.9 -999.9 -999.9 -999.9 -999.9 -999.9 -999.9 -999.9 -999.9 -999.9 -999.9 3.8 84.6 98.8 99.0 104.8 111.0 -999.9 -999.9 -999.9 -999.9 -999.9 CEMADEN_-_Muçum_-_G2-431260902A_(136_m) -999.9 -999.9 -999.9 -999.9 -999.9 -999.9 -999.9 -999.9 Rio_Grande_do_Sul CEMADEN -999.9 0.2 -999.9
-29.15467 -51.86221 17718 2026-07-28_19:10 -999.9 -999.9 -999.9 -999.9 -999.9 -999.9 -999.9 -999.9 -999.9 -999.9 -999.9 -999.9 -999.9 -999.9 -999.9 -999.9 1.0 85.4 99.6 99.8 105.6 111.8 -999.9 -999.9 -999.9 -999.9 -999.9 CEMADEN_-_Muçum_-_G2-431260902A_(136_m) -999.9 -999.9 -999.9 -999.9 -999.9 -999.9 -999.9 -999.9 Rio_Grande_do_Sul CEMADEN -999.9 0.8 -999.9
-29.15467 -51.86221 17718 2026-07-28_19:30 -999.9 -999.9 -999.9 -999.9 -999.9 -999.9 -999.9 -999.9 -999.9 -999.9 -999.9 -999.9 -999.9 -999.9 -999.9 -999.9 1.8 86.2 100.4 100.6 106.4 112.6 -999.9 -999.9 -999.9 -999.9 -999.9 CEMADEN_-_Muçum_-_G2-431260902A_(136_m) -999.9 -999.9 -999.9 -999.9 -999.9 -999.9 -999.9 -999.9 Rio_Grande_do_Sul CEMADEN -999.9 0.8 -999.9
-29.15467 -51.86221 17718 2026-07-28_19:40 -999.9 -999.9 -999.9 -999.9 -999.9 -999.9 -999.9 -999.9 -999.9 -999.9 -999.9 -999.9 -999.9 -999.9 -999.9 -999.9 1.8 86.4 100.6 100.8 106.6 112.8 -999.9 -999.9 -999.9 -999.9 -999.9 CEMADEN_-_Muçum_-_G2-431260902A_(136_m) -999.9 -999.9 -999.9 -999.9 -999.9 -999.9 -999.9 -999.9 Rio_Grande_do_Sul CEMADEN -999.9 0.2 -999.9
-29.15467 -51.86221 17718 2026-07-28_19:50 -999.9 -999.9 -999.9 -999.9 -999.9 -999.9 -999.9 -999.9 -999.9 -999.9 -999.9 -999.9 -999.9 -999.9 -999.9 -999.9 3.8 88.8 103.0 103.2 109.0 115.2 -999.9 -999.9 -999.9 -999.9 -999.9 CEMADEN_-_Muçum_-_G2-431260902A_(136_m) -999.9 -999.9 -999.9 -999.9 -999.9 -999.9 -999.9 -999.9 Rio_Grande_do_Sul CEMADEN -999.9 2.4 -999.9
-29.15467 -51.86221 17718 2026-07-28_20:00 -999.9 -999.9 -999.9 -999.9 -999.9 -999.9 -999.9 -999.9 -999.9 -999.9 -999.9 -999.9 -999.9 -999.9 -999.9 -999.9 4.6 89.6 103.8 104.0 109.8 116.0 -999.9 -999.9 -999.9 -999.9 -999.9 CEMADEN_-_Muçum_-_G2-431260902A_(136_m) -999.9 -999.9 -999.9 -999.9 -999.9 -999.9 -999.9 -999.9 Rio_Grande_do_Sul CEMADEN -999.9 0.8 -999.9
-29.15467 -51.86221 17718 2026-07-28_20:10 -999.9 -999.9 -999.9 -999.9 -999.9 -999.9 -999.9 -999.9 -999.9 -999.9 -999.9 -999.9 -999.9 -999.9 -999.9 -999.9 5.2 90.6 104.8 105.0 110.8 117.0 -999.9 -999.9 -999.9 -999.9 -999.9 CEMADEN_-_Muçum_-_G2-431260902A_(136_m) -999.9 -999.9 -999.9 -999.9 -999.9 -999.9 -999.9 -999.9 Rio_Grande_do_Sul CEMADEN -999.9 1.0 -999.9
-29.15467 -51.86221 17718 2026-07-28_20:20 -999.9 -999.9 -999.9 -999.9 -999.9 -999.9 -999.9 -999.9 -999.9 -999.9 -999.9 -999.9 -999.9 -999.9 -999.9 -999.9 1.2 90.8 105.0 105.2 111.0 117.2 -999.9 -999.9 -999.9 -999.9 -999.9 CEMADEN_-_Muçum_-_G2-431260902A_(136_m) -999.9 -999.9 -999.9 -999.9 -999.9 -999.9 -999.9 -999.9 Rio_Grande_do_Sul CEMADEN -999.9 0.2 -999.9
-29.15467 -51.86221 17718 2026-07-28_21:10 -999.9 -999.9 -999.9 -999.9 -999.9 -999.9 -999.9 -999.9 -999.9 -999.9 -999.9 -999.9 -999.9 -999.9 -999.9 -999.9 -999.9 87.0 105.0 105.2 107.2 113.4 -999.9 -999.9 -999.9 -999.9 -999.9 CEMADEN_-_Muçum_-_G2-431260902A_(136_m) -999.9 -999.9 -999.9 -999.9 -999.9 -999.9 -999.9 -999.9 Rio_Grande_do_Sul CEMADEN -999.9 -3.8 -999.9
-29.15467 -51.86221 17718 2026-07-28_21:40 -999.9 -999.9 -999.9 -999.9 -999.9 -999.9 -999.9 -999.9 -999.9 -999.9 -999.9 -999.9 -999.9 -999.9 -999.9 -999.9 0.2 85.6 105.2 105.4 105.8 112.0 -999.9 -999.9 -999.9 -999.9 -999.9 CEMADEN_-_Muçum_-_G2-431260902A_(136_m) -999.9 -999.9 -999.9 -999.9 -999.9 -999.9 -999.9 -999.9 Rio_Grande_do_Sul CEMADEN -999.9 -1.4 -999.9
-29.15467 -51.86221 17718 2026-07-28_22:10 -999.9 -999.9 -999.9 -999.9 -999.9 -999.9 -999.9 -999.9 -999.9 -999.9 -999.9 -999.9 -999.9 -999.9 -999.9 -999.9 0.2 85.4 105.2 105.4 105.6 111.8 -999.9 -999.9 -999.9 -999.9 -999.9 CEMADEN_-_Muçum_-_G2-431260902A_(136_m) -999.9 -999.9 -999.9 -999.9 -999.9 -999.9 -999.9 -999.9 Rio_Grande_do_Sul CEMADEN -999.9 -0.2 -999.9
-29.15467 -51.86221 17718 2026-07-28_22:20 -999.9 -999.9 -999.9 -999.9 -999.9 -999.9 -999.9 -999.9 -999.9 -999.9 -999.9 -999.9 -999.9 -999.9 -999.9 -999.9 0.4 85.6 105.4 105.6 105.8 112.0 -999.9 -999.9 -999.9 -999.9 -999.9 CEMADEN_-_Muçum_-_G2-431260902A_(136_m) -999.9 -999.9 -999.9 -999.9 -999.9 -999.9 -999.9 -999.9 Rio_Grande_do_Sul CEMADEN -999.9 0.2 -999.9
-29.15467 -51.86221 17718 2026-07-28_22:30 -999.9 -999.9 -999.9 -999.9 -999.9 -999.9 -999.9 -999.9 -999.9 -999.9 -999.9 -999.9 -999.9 -999.9 -999.9 -999.9 0.6 85.8 105.6 105.8 106.0 112.2 -999.9 -999.9 -999.9 -999.9 -999.9 CEMADEN_-_Muçum_-_G2-431260902A_(136_m) -999.9 -999.9 -999.9 -999.9 -999.9 -999.9 -999.9 -999.9 Rio_Grande_do_Sul CEMADEN -999.9 0.2 -999.9
-29.15467 -51.86221 17718 2026-07-28_22:50 -999.9 -999.9 -999.9 -999.9 -999.9 -999.9 -999.9 -999.9 -999.9 -999.9 -999.9 -999.9 -999.9 -999.9 -999.9 -999.9 5.4 90.8 110.6 110.8 111.0 117.2 -999.9 -999.9 -999.9 -999.9 -999.9 CEMADEN_-_Muçum_-_G2-431260902A_(136_m) -999.9 -999.9 -999.9 -999.9 -999.9 -999.9 -999.9 -999.9 Rio_Grande_do_Sul CEMADEN -999.9 5.0 -999.9
-29.15467 -51.86221 17718 2026-07-28_23:00 -999.9 -999.9 -999.9 -999.9 -999.9 -999.9 -999.9 -999.9 -999.9 -999.9 -999.9 -999.9 -999.9 -999.9 -999.9 -999.9 5.6 91.0 110.8 111.0 111.2 117.4 -999.9 -999.9 -999.9 -999.9 -999.9 CEMADEN_-_Muçum_-_G2-431260902A_(136_m) -999.9 -999.9 -999.9 -999.9 -999.9 -999.9 -999.9 -999.9 Rio_Grande_do_Sul CEMADEN -999.9 0.2 -999.9
-29.15467 -51.86221 17718 2026-07-28_23:10 -999.9 -999.9 -999.9 -999.9 -999.9 -999.9 -999.9 -999.9 -999.9 -999.9 -999.9 -999.9 -999.9 -999.9 -999.9 -999.9 5.4 91.2 111.0 111.2 111.4 117.6 -999.9 -999.9 -999.9 -999.9 -999.9 CEMADEN_-_Muçum_-_G2-431260902A_(136_m) -999.9 -999.9 -999.9 -999.9 -999.9 -999.9 -999.9 -999.9 Rio_Grande_do_Sul CEMADEN -999.9 0.2 -999.9
-29.15467 -51.86221 17718 2026-07-28_23:30 -999.9 -999.9 -999.9 -999.9 -999.9 -999.9 -999.9 -999.9 -999.9 -999.9 -999.9 -999.9 -999.9 -999.9 -999.9 -999.9 5.8 91.6 111.4 111.6 111.8 118.0 -999.9 -999.9 -999.9 -999.9 -999.9 CEMADEN_-_Muçum_-_G2-431260902A_(136_m) -999.9 -999.9 -999.9 -999.9 -999.9 -999.9 -999.9 -999.9 Rio_Grande_do_Sul CEMADEN -999.9 0.4 -999.9
-29.15467 -51.86221 17718 2026-07-28_23:40 -999.9 -999.9 -999.9 -999.9 -999.9 -999.9 -999.9 -999.9 -999.9 -999.9 -999.9 -999.9 -999.9 -999.9 -999.9 -999.9 1.0 91.8 111.6 111.8 112.0 118.2 -999.9 -999.9 -999.9 -999.9 -999.9 CEMADEN_-_Muçum_-_G2-431260902A_(136_m) -999.9 -999.9 -999.9 -999.9 -999.9 -999.9 -999.9 -999.9 Rio_Grande_do_Sul CEMADEN -999.9 0.2 -999.9
-29.15467 -51.86221 17718 2026-07-28_23:50 -999.9 -999.9 -999.9 -999.9 -999.9 -999.9 -999.9 -999.9 -999.9 -999.9 -999.9 -999.9 -999.9 -999.9 -999.9 -999.9 3.6 94.4 114.2 114.4 114.6 120.8 -999.9 -999.9 -999.9 -999.9 -999.9 CEMADEN_-_Muçum_-_G2-431260902A_(136_m) -999.9 -999.9 -999.9 -999.9 -999.9 -999.9 -999.9 -999.9 Rio_Grande_do_Sul CEMADEN -999.9 2.6 -999.9
