-28.71022 -51.92982 8928 2026-07-31_00:30 -999.9 -999.9 -999.9 -999.9 -999.9 -999.9 -999.9 -999.9 -999.9 -999.9 -999.9 -999.9 -999.9 -999.9 -999.9 -999.9 -999.9 0.0 27.2 87.4 104.8 179.4 -999.9 -999.9 -999.9 -999.9 -999.9 CEMADEN_-_Serafina_Corrêa_-_Centro_(527_m) -999.9 -999.9 -999.9 -999.9 -999.9 -999.9 -999.9 -999.9 Rio_Grande_do_Sul CEMADEN -999.9 0.0 -999.9
-28.71022 -51.92982 8928 2026-07-31_01:30 -999.9 -999.9 -999.9 -999.9 -999.9 -999.9 -999.9 -999.9 -999.9 -999.9 -999.9 -999.9 -999.9 -999.9 -999.9 -999.9 -999.9 0.0 13.8 87.4 104.8 179.4 -999.9 -999.9 -999.9 -999.9 -999.9 CEMADEN_-_Serafina_Corrêa_-_Centro_(527_m) -999.9 -999.9 -999.9 -999.9 -999.9 -999.9 -999.9 -999.9 Rio_Grande_do_Sul CEMADEN -999.9 0.0 -999.9
-28.71022 -51.92982 8928 2026-07-31_02:30 -999.9 -999.9 -999.9 -999.9 -999.9 -999.9 -999.9 -999.9 -999.9 -999.9 -999.9 -999.9 -999.9 -999.9 -999.9 -999.9 -999.9 0.0 10.0 87.4 104.8 179.4 -999.9 -999.9 -999.9 -999.9 -999.9 CEMADEN_-_Serafina_Corrêa_-_Centro_(527_m) -999.9 -999.9 -999.9 -999.9 -999.9 -999.9 -999.9 -999.9 Rio_Grande_do_Sul CEMADEN -999.9 0.0 -999.9
-28.71022 -51.92982 8928 2026-07-31_03:30 -999.9 -999.9 -999.9 -999.9 -999.9 -999.9 -999.9 -999.9 -999.9 -999.9 -999.9 -999.9 -999.9 -999.9 -999.9 -999.9 -999.9 0.0 6.0 87.4 104.8 179.4 -999.9 -999.9 -999.9 -999.9 -999.9 CEMADEN_-_Serafina_Corrêa_-_Centro_(527_m) -999.9 -999.9 -999.9 -999.9 -999.9 -999.9 -999.9 -999.9 Rio_Grande_do_Sul CEMADEN -999.9 0.0 -999.9
-28.71022 -51.92982 8928 2026-07-31_04:30 -999.9 -999.9 -999.9 -999.9 -999.9 -999.9 -999.9 -999.9 -999.9 -999.9 -999.9 -999.9 -999.9 -999.9 -999.9 -999.9 -999.9 0.0 3.4 87.4 104.8 179.4 -999.9 -999.9 -999.9 -999.9 -999.9 CEMADEN_-_Serafina_Corrêa_-_Centro_(527_m) -999.9 -999.9 -999.9 -999.9 -999.9 -999.9 -999.9 -999.9 Rio_Grande_do_Sul CEMADEN -999.9 0.0 -999.9
-28.71022 -51.92982 8928 2026-07-31_05:30 -999.9 -999.9 -999.9 -999.9 -999.9 -999.9 -999.9 -999.9 -999.9 -999.9 -999.9 -999.9 -999.9 -999.9 -999.9 -999.9 -999.9 0.0 2.0 81.2 104.8 179.4 -999.9 -999.9 -999.9 -999.9 -999.9 CEMADEN_-_Serafina_Corrêa_-_Centro_(527_m) -999.9 -999.9 -999.9 -999.9 -999.9 -999.9 -999.9 -999.9 Rio_Grande_do_Sul CEMADEN -999.9 0.0 -999.9
-28.71022 -51.92982 8928 2026-07-31_06:30 -999.9 -999.9 -999.9 -999.9 -999.9 -999.9 -999.9 -999.9 -999.9 -999.9 -999.9 -999.9 -999.9 -999.9 -999.9 -999.9 -999.9 0.0 0.4 73.8 104.8 179.4 -999.9 -999.9 -999.9 -999.9 -999.9 CEMADEN_-_Serafina_Corrêa_-_Centro_(527_m) -999.9 -999.9 -999.9 -999.9 -999.9 -999.9 -999.9 -999.9 Rio_Grande_do_Sul CEMADEN -999.9 0.0 -999.9
-28.71022 -51.92982 8928 2026-07-31_07:30 -999.9 -999.9 -999.9 -999.9 -999.9 -999.9 -999.9 -999.9 -999.9 -999.9 -999.9 -999.9 -999.9 -999.9 -999.9 -999.9 -999.9 0.0 -999.9 71.4 104.8 179.4 -999.9 -999.9 -999.9 -999.9 -999.9 CEMADEN_-_Serafina_Corrêa_-_Centro_(527_m) -999.9 -999.9 -999.9 -999.9 -999.9 -999.9 -999.9 -999.9 Rio_Grande_do_Sul CEMADEN -999.9 0.0 -999.9
-28.71022 -51.92982 8928 2026-07-31_08:30 -999.9 -999.9 -999.9 -999.9 -999.9 -999.9 -999.9 -999.9 -999.9 -999.9 -999.9 -999.9 -999.9 -999.9 -999.9 -999.9 -999.9 0.0 -999.9 68.0 104.8 179.4 -999.9 -999.9 -999.9 -999.9 -999.9 CEMADEN_-_Serafina_Corrêa_-_Centro_(527_m) -999.9 -999.9 -999.9 -999.9 -999.9 -999.9 -999.9 -999.9 Rio_Grande_do_Sul CEMADEN -999.9 0.0 -999.9
-28.71022 -51.92982 8928 2026-07-31_09:30 -999.9 -999.9 -999.9 -999.9 -999.9 -999.9 -999.9 -999.9 -999.9 -999.9 -999.9 -999.9 -999.9 -999.9 -999.9 -999.9 -999.9 0.0 -999.9 63.2 104.8 179.4 -999.9 -999.9 -999.9 -999.9 -999.9 CEMADEN_-_Serafina_Corrêa_-_Centro_(527_m) -999.9 -999.9 -999.9 -999.9 -999.9 -999.9 -999.9 -999.9 Rio_Grande_do_Sul CEMADEN -999.9 0.0 -999.9
-28.71022 -51.92982 8928 2026-07-31_10:30 -999.9 -999.9 -999.9 -999.9 -999.9 -999.9 -999.9 -999.9 -999.9 -999.9 -999.9 -999.9 -999.9 -999.9 -999.9 -999.9 -999.9 0.0 -999.9 56.4 104.8 179.4 -999.9 -999.9 -999.9 -999.9 -999.9 CEMADEN_-_Serafina_Corrêa_-_Centro_(527_m) -999.9 -999.9 -999.9 -999.9 -999.9 -999.9 -999.9 -999.9 Rio_Grande_do_Sul CEMADEN -999.9 0.0 -999.9
-28.71022 -51.92982 8928 2026-07-31_11:30 -999.9 -999.9 -999.9 -999.9 -999.9 -999.9 -999.9 -999.9 -999.9 -999.9 -999.9 -999.9 -999.9 -999.9 -999.9 -999.9 -999.9 0.0 -999.9 47.4 104.8 179.4 -999.9 -999.9 -999.9 -999.9 -999.9 CEMADEN_-_Serafina_Corrêa_-_Centro_(527_m) -999.9 -999.9 -999.9 -999.9 -999.9 -999.9 -999.9 -999.9 Rio_Grande_do_Sul CEMADEN -999.9 0.0 -999.9
-28.71022 -51.92982 8928 2026-07-31_12:30 -999.9 -999.9 -999.9 -999.9 -999.9 -999.9 -999.9 -999.9 -999.9 -999.9 -999.9 -999.9 -999.9 -999.9 -999.9 -999.9 -999.9 0.0 -999.9 41.4 104.8 179.4 -999.9 -999.9 -999.9 -999.9 -999.9 CEMADEN_-_Serafina_Corrêa_-_Centro_(527_m) -999.9 -999.9 -999.9 -999.9 -999.9 -999.9 -999.9 -999.9 Rio_Grande_do_Sul CEMADEN -999.9 0.0 -999.9
-28.71022 -51.92982 8928 2026-07-31_13:30 -999.9 -999.9 -999.9 -999.9 -999.9 -999.9 -999.9 -999.9 -999.9 -999.9 -999.9 -999.9 -999.9 -999.9 -999.9 -999.9 -999.9 0.0 -999.9 36.6 104.8 179.4 -999.9 -999.9 -999.9 -999.9 -999.9 CEMADEN_-_Serafina_Corrêa_-_Centro_(527_m) -999.9 -999.9 -999.9 -999.9 -999.9 -999.9 -999.9 -999.9 Rio_Grande_do_Sul CEMADEN -999.9 0.0 -999.9
-28.71022 -51.92982 8928 2026-07-31_14:30 -999.9 -999.9 -999.9 -999.9 -999.9 -999.9 -999.9 -999.9 -999.9 -999.9 -999.9 -999.9 -999.9 -999.9 -999.9 -999.9 -999.9 0.0 -999.9 32.8 104.8 179.4 -999.9 -999.9 -999.9 -999.9 -999.9 CEMADEN_-_Serafina_Corrêa_-_Centro_(527_m) -999.9 -999.9 -999.9 -999.9 -999.9 -999.9 -999.9 -999.9 Rio_Grande_do_Sul CEMADEN -999.9 0.0 -999.9
-28.71022 -51.92982 8928 2026-07-31_15:30 -999.9 -999.9 -999.9 -999.9 -999.9 -999.9 -999.9 -999.9 -999.9 -999.9 -999.9 -999.9 -999.9 -999.9 -999.9 -999.9 -999.9 0.0 -999.9 32.0 104.8 179.4 -999.9 -999.9 -999.9 -999.9 -999.9 CEMADEN_-_Serafina_Corrêa_-_Centro_(527_m) -999.9 -999.9 -999.9 -999.9 -999.9 -999.9 -999.9 -999.9 Rio_Grande_do_Sul CEMADEN -999.9 0.0 -999.9
-28.71022 -51.92982 8928 2026-07-31_16:30 -999.9 -999.9 -999.9 -999.9 -999.9 -999.9 -999.9 -999.9 -999.9 -999.9 -999.9 -999.9 -999.9 -999.9 -999.9 -999.9 -999.9 0.0 -999.9 32.0 104.8 179.4 -999.9 -999.9 -999.9 -999.9 -999.9 CEMADEN_-_Serafina_Corrêa_-_Centro_(527_m) -999.9 -999.9 -999.9 -999.9 -999.9 -999.9 -999.9 -999.9 Rio_Grande_do_Sul CEMADEN -999.9 0.0 -999.9
-28.71022 -51.92982 8928 2026-07-31_17:30 -999.9 -999.9 -999.9 -999.9 -999.9 -999.9 -999.9 -999.9 -999.9 -999.9 -999.9 -999.9 -999.9 -999.9 -999.9 -999.9 -999.9 -10.0 -999.9 32.0 94.8 169.4 -999.9 -999.9 -999.9 -999.9 -999.9 CEMADEN_-_Serafina_Corrêa_-_Centro_(527_m) -999.9 -999.9 -999.9 -999.9 -999.9 -999.9 -999.9 -999.9 Rio_Grande_do_Sul CEMADEN -999.9 -10.0 -999.9
-28.71022 -51.92982 8928 2026-07-31_18:30 -999.9 -999.9 -999.9 -999.9 -999.9 -999.9 -999.9 -999.9 -999.9 -999.9 -999.9 -999.9 -999.9 -999.9 -999.9 -999.9 -999.9 -17.4 -999.9 31.8 87.4 162.0 -999.9 -999.9 -999.9 -999.9 -999.9 CEMADEN_-_Serafina_Corrêa_-_Centro_(527_m) -999.9 -999.9 -999.9 -999.9 -999.9 -999.9 -999.9 -999.9 Rio_Grande_do_Sul CEMADEN -999.9 -7.4 -999.9
-28.71022 -51.92982 8928 2026-07-31_19:30 -999.9 -999.9 -999.9 -999.9 -999.9 -999.9 -999.9 -999.9 -999.9 -999.9 -999.9 -999.9 -999.9 -999.9 -999.9 -999.9 -999.9 -17.4 -999.9 31.8 87.4 162.0 -999.9 -999.9 -999.9 -999.9 -999.9 CEMADEN_-_Serafina_Corrêa_-_Centro_(527_m) -999.9 -999.9 -999.9 -999.9 -999.9 -999.9 -999.9 -999.9 Rio_Grande_do_Sul CEMADEN -999.9 0.0 -999.9
-28.71022 -51.92982 8928 2026-07-31_20:30 -999.9 -999.9 -999.9 -999.9 -999.9 -999.9 -999.9 -999.9 -999.9 -999.9 -999.9 -999.9 -999.9 -999.9 -999.9 -999.9 -999.9 -17.4 -999.9 31.4 87.4 162.0 -999.9 -999.9 -999.9 -999.9 -999.9 CEMADEN_-_Serafina_Corrêa_-_Centro_(527_m) -999.9 -999.9 -999.9 -999.9 -999.9 -999.9 -999.9 -999.9 Rio_Grande_do_Sul CEMADEN -999.9 0.0 -999.9
-28.71022 -51.92982 8928 2026-07-31_21:30 -999.9 -999.9 -999.9 -999.9 -999.9 -999.9 -999.9 -999.9 -999.9 -999.9 -999.9 -999.9 -999.9 -999.9 -999.9 -999.9 -999.9 -17.4 -999.9 31.4 87.4 162.0 -999.9 -999.9 -999.9 -999.9 -999.9 CEMADEN_-_Serafina_Corrêa_-_Centro_(527_m) -999.9 -999.9 -999.9 -999.9 -999.9 -999.9 -999.9 -999.9 Rio_Grande_do_Sul CEMADEN -999.9 0.0 -999.9
-28.71022 -51.92982 8928 2026-07-31_22:30 -999.9 -999.9 -999.9 -999.9 -999.9 -999.9 -999.9 -999.9 -999.9 -999.9 -999.9 -999.9 -999.9 -999.9 -999.9 -999.9 -999.9 -17.4 -999.9 31.4 87.4 162.0 -999.9 -999.9 -999.9 -999.9 -999.9 CEMADEN_-_Serafina_Corrêa_-_Centro_(527_m) -999.9 -999.9 -999.9 -999.9 -999.9 -999.9 -999.9 -999.9 Rio_Grande_do_Sul CEMADEN -999.9 0.0 -999.9
-28.71022 -51.92982 8928 2026-07-31_23:30 -999.9 -999.9 -999.9 -999.9 -999.9 -999.9 -999.9 -999.9 -999.9 -999.9 -999.9 -999.9 -999.9 -999.9 -999.9 -999.9 -999.9 -17.4 -999.9 31.2 87.4 162.0 -999.9 -999.9 -999.9 -999.9 -999.9 CEMADEN_-_Serafina_Corrêa_-_Centro_(527_m) -999.9 -999.9 -999.9 -999.9 -999.9 -999.9 -999.9 -999.9 Rio_Grande_do_Sul CEMADEN -999.9 0.0 -999.9
