-29.16722 -51.86861 86510000 2026-09-11_00:00 -999.9 -999.9 -999.9 -999.9 -999.9 -999.9 -999.9 -999.9 -999.9 -999.9 -999.9 -999.9 -999.9 -999.9 -999.9 -999.9 0.0 0.0 0.4 6.4 6.4 6.4 -999.9 -999.9 -999.9 -999.9 -999.9 SGB/CPRM_-_Muçum_(57_m) -999.9 -999.9 -999.9 -999.9 -999.9 -999.9 -999.9 -999.9 Brasil SGB/CPRM -999.9 0.0 0.0 3.16 3.16 3.16 1 0.03 3.48 3.48 3.66 4.06
-29.16722 -51.86861 86510000 2026-09-11_00:15 -999.9 -999.9 -999.9 -999.9 -999.9 -999.9 -999.9 -999.9 -999.9 -999.9 -999.9 -999.9 -999.9 -999.9 -999.9 -999.9 0.0 0.0 0.4 6.4 6.4 6.4 -999.9 -999.9 -999.9 -999.9 -999.9 SGB/CPRM_-_Muçum_(57_m) -999.9 -999.9 -999.9 -999.9 -999.9 -999.9 -999.9 -999.9 Brasil SGB/CPRM -999.9 0.0 0.0 3.16 3.16 3.16 1 0.02 3.48 3.48 3.66 4.06
-29.16722 -51.86861 86510000 2026-09-11_00:30 -999.9 -999.9 -999.9 -999.9 -999.9 -999.9 -999.9 -999.9 -999.9 -999.9 -999.9 -999.9 -999.9 -999.9 -999.9 -999.9 0.0 0.0 0.4 6.4 6.4 6.4 -999.9 -999.9 -999.9 -999.9 -999.9 SGB/CPRM_-_Muçum_(57_m) -999.9 -999.9 -999.9 -999.9 -999.9 -999.9 -999.9 -999.9 Brasil SGB/CPRM -999.9 0.0 0.0 3.17 3.17 3.16 1 0.02 3.48 3.48 3.66 4.06
-29.16722 -51.86861 86510000 2026-09-11_00:45 -999.9 -999.9 -999.9 -999.9 -999.9 -999.9 -999.9 -999.9 -999.9 -999.9 -999.9 -999.9 -999.9 -999.9 -999.9 -999.9 0.0 0.0 0.4 6.4 6.4 6.4 -999.9 -999.9 -999.9 -999.9 -999.9 SGB/CPRM_-_Muçum_(57_m) -999.9 -999.9 -999.9 -999.9 -999.9 -999.9 -999.9 -999.9 Brasil SGB/CPRM -999.9 0.0 0.0 3.16 3.17 3.16 0 0 3.48 3.48 3.66 4.06
-29.16722 -51.86861 86510000 2026-09-11_01:00 -999.9 -999.9 -999.9 -999.9 -999.9 -999.9 -999.9 -999.9 -999.9 -999.9 -999.9 -999.9 -999.9 -999.9 -999.9 -999.9 0.0 0.0 0.4 6.4 6.4 6.4 -999.9 -999.9 -999.9 -999.9 -999.9 SGB/CPRM_-_Muçum_(57_m) -999.9 -999.9 -999.9 -999.9 -999.9 -999.9 -999.9 -999.9 Brasil SGB/CPRM -999.9 0.0 0.0 3.16 3.17 3.16 0 0 3.48 3.48 3.66 4.06
-29.16722 -51.86861 86510000 2026-09-11_01:15 -999.9 -999.9 -999.9 -999.9 -999.9 -999.9 -999.9 -999.9 -999.9 -999.9 -999.9 -999.9 -999.9 -999.9 -999.9 -999.9 0.0 0.0 0.4 6.4 6.4 6.4 -999.9 -999.9 -999.9 -999.9 -999.9 SGB/CPRM_-_Muçum_(57_m) -999.9 -999.9 -999.9 -999.9 -999.9 -999.9 -999.9 -999.9 Brasil SGB/CPRM -999.9 0.0 0.0 3.16 3.17 3.16 0 0 3.48 3.48 3.66 4.06
-29.16722 -51.86861 86510000 2026-09-11_01:30 -999.9 -999.9 -999.9 -999.9 -999.9 -999.9 -999.9 -999.9 -999.9 -999.9 -999.9 -999.9 -999.9 -999.9 -999.9 -999.9 0.0 0.0 0.4 6.4 6.4 6.4 -999.9 -999.9 -999.9 -999.9 -999.9 SGB/CPRM_-_Muçum_(57_m) -999.9 -999.9 -999.9 -999.9 -999.9 -999.9 -999.9 -999.9 Brasil SGB/CPRM -999.9 0.0 0.0 3.15 3.17 3.15 -1 -0.02 3.48 3.48 3.66 4.06
-29.16722 -51.86861 86510000 2026-09-11_01:45 -999.9 -999.9 -999.9 -999.9 -999.9 -999.9 -999.9 -999.9 -999.9 -999.9 -999.9 -999.9 -999.9 -999.9 -999.9 -999.9 0.0 0.0 0.4 6.4 6.4 6.4 -999.9 -999.9 -999.9 -999.9 -999.9 SGB/CPRM_-_Muçum_(57_m) -999.9 -999.9 -999.9 -999.9 -999.9 -999.9 -999.9 -999.9 Brasil SGB/CPRM -999.9 0.0 0.0 3.15 3.17 3.15 0 -0.01 3.48 3.48 3.66 4.06
-29.16722 -51.86861 86510000 2026-09-11_02:00 -999.9 -999.9 -999.9 -999.9 -999.9 -999.9 -999.9 -999.9 -999.9 -999.9 -999.9 -999.9 -999.9 -999.9 -999.9 -999.9 0.0 0.0 0.4 6.4 6.4 6.4 -999.9 -999.9 -999.9 -999.9 -999.9 SGB/CPRM_-_Muçum_(57_m) -999.9 -999.9 -999.9 -999.9 -999.9 -999.9 -999.9 -999.9 Brasil SGB/CPRM -999.9 0.0 0.0 3.14 3.17 3.14 -1 -0.02 3.48 3.48 3.66 4.06
-29.16722 -51.86861 86510000 2026-09-11_02:15 -999.9 -999.9 -999.9 -999.9 -999.9 -999.9 -999.9 -999.9 -999.9 -999.9 -999.9 -999.9 -999.9 -999.9 -999.9 -999.9 1.0 1.0 1.4 7.4 7.4 7.4 -999.9 -999.9 -999.9 -999.9 -999.9 SGB/CPRM_-_Muçum_(57_m) -999.9 -999.9 -999.9 -999.9 -999.9 -999.9 -999.9 -999.9 Brasil SGB/CPRM -999.9 1.0 1.0 3.14 3.17 3.14 -1 -0.02 3.48 3.48 3.66 4.06
-29.16722 -51.86861 86510000 2026-09-11_02:30 -999.9 -999.9 -999.9 -999.9 -999.9 -999.9 -999.9 -999.9 -999.9 -999.9 -999.9 -999.9 -999.9 -999.9 -999.9 -999.9 1.0 1.0 1.4 7.4 7.4 7.4 -999.9 -999.9 -999.9 -999.9 -999.9 SGB/CPRM_-_Muçum_(57_m) -999.9 -999.9 -999.9 -999.9 -999.9 -999.9 -999.9 -999.9 Brasil SGB/CPRM -999.9 0.0 1.0 3.14 3.17 3.14 -1 -0.01 3.48 3.48 3.66 4.06
-29.16722 -51.86861 86510000 2026-09-11_02:45 -999.9 -999.9 -999.9 -999.9 -999.9 -999.9 -999.9 -999.9 -999.9 -999.9 -999.9 -999.9 -999.9 -999.9 -999.9 -999.9 1.0 1.0 1.4 7.4 7.4 7.4 -999.9 -999.9 -999.9 -999.9 -999.9 SGB/CPRM_-_Muçum_(57_m) -999.9 -999.9 -999.9 -999.9 -999.9 -999.9 -999.9 -999.9 Brasil SGB/CPRM -999.9 0.0 1.0 3.13 3.17 3.13 -1 -0.02 3.48 3.48 3.66 4.06
-29.16722 -51.86861 86510000 2026-09-11_03:00 -999.9 -999.9 -999.9 -999.9 -999.9 -999.9 -999.9 -999.9 -999.9 -999.9 -999.9 -999.9 -999.9 -999.9 -999.9 -999.9 1.0 1.0 1.4 7.4 7.4 7.4 -999.9 -999.9 -999.9 -999.9 -999.9 SGB/CPRM_-_Muçum_(57_m) -999.9 -999.9 -999.9 -999.9 -999.9 -999.9 -999.9 -999.9 Brasil SGB/CPRM -999.9 0.0 1.0 3.12 3.17 3.12 0 -0.02 3.48 3.48 3.66 4.06
-29.16722 -51.86861 86510000 2026-09-11_03:15 -999.9 -999.9 -999.9 -999.9 -999.9 -999.9 -999.9 -999.9 -999.9 -999.9 -999.9 -999.9 -999.9 -999.9 -999.9 -999.9 0.0 1.0 1.4 7.4 7.4 7.4 -999.9 -999.9 -999.9 -999.9 -999.9 SGB/CPRM_-_Muçum_(57_m) -999.9 -999.9 -999.9 -999.9 -999.9 -999.9 -999.9 -999.9 Brasil SGB/CPRM -999.9 0.0 1.0 3.11 3.17 3.11 -1 -0.03 3.48 3.48 3.66 4.06
-29.16722 -51.86861 86510000 2026-09-11_03:30 -999.9 -999.9 -999.9 -999.9 -999.9 -999.9 -999.9 -999.9 -999.9 -999.9 -999.9 -999.9 -999.9 -999.9 -999.9 -999.9 0.0 1.0 1.4 7.4 7.4 7.4 -999.9 -999.9 -999.9 -999.9 -999.9 SGB/CPRM_-_Muçum_(57_m) -999.9 -999.9 -999.9 -999.9 -999.9 -999.9 -999.9 -999.9 Brasil SGB/CPRM -999.9 0.0 1.0 3.1 3.17 3.1 -1 -0.04 3.48 3.48 3.66 4.06
-29.16722 -51.86861 86510000 2026-09-11_03:45 -999.9 -999.9 -999.9 -999.9 -999.9 -999.9 -999.9 -999.9 -999.9 -999.9 -999.9 -999.9 -999.9 -999.9 -999.9 -999.9 0.0 1.0 1.4 7.4 7.4 7.4 -999.9 -999.9 -999.9 -999.9 -999.9 SGB/CPRM_-_Muçum_(57_m) -999.9 -999.9 -999.9 -999.9 -999.9 -999.9 -999.9 -999.9 Brasil SGB/CPRM -999.9 0.0 1.0 3.09 3.17 3.09 -1 -0.04 3.48 3.48 3.66 4.06
-29.16722 -51.86861 86510000 2026-09-11_04:00 -999.9 -999.9 -999.9 -999.9 -999.9 -999.9 -999.9 -999.9 -999.9 -999.9 -999.9 -999.9 -999.9 -999.9 -999.9 -999.9 0.0 1.0 1.4 7.4 7.4 7.4 -999.9 -999.9 -999.9 -999.9 -999.9 SGB/CPRM_-_Muçum_(57_m) -999.9 -999.9 -999.9 -999.9 -999.9 -999.9 -999.9 -999.9 Brasil SGB/CPRM -999.9 0.0 1.0 3.08 3.17 3.08 -1 -0.04 3.48 3.48 3.66 4.06
-29.16722 -51.86861 86510000 2026-09-11_04:15 -999.9 -999.9 -999.9 -999.9 -999.9 -999.9 -999.9 -999.9 -999.9 -999.9 -999.9 -999.9 -999.9 -999.9 -999.9 -999.9 0.0 1.0 1.4 7.4 7.4 7.4 -999.9 -999.9 -999.9 -999.9 -999.9 SGB/CPRM_-_Muçum_(57_m) -999.9 -999.9 -999.9 -999.9 -999.9 -999.9 -999.9 -999.9 Brasil SGB/CPRM -999.9 0.0 1.0 3.06 3.17 3.06 -1 -0.05 3.48 3.48 3.66 4.06
-29.16722 -51.86861 86510000 2026-09-11_04:30 -999.9 -999.9 -999.9 -999.9 -999.9 -999.9 -999.9 -999.9 -999.9 -999.9 -999.9 -999.9 -999.9 -999.9 -999.9 -999.9 0.2 1.2 1.6 7.6 7.6 7.6 -999.9 -999.9 -999.9 -999.9 -999.9 SGB/CPRM_-_Muçum_(57_m) -999.9 -999.9 -999.9 -999.9 -999.9 -999.9 -999.9 -999.9 Brasil SGB/CPRM -999.9 0.2 1.2 3.05 3.17 3.05 -1 -0.05 3.48 3.48 3.66 4.06
-29.16722 -51.86861 86510000 2026-09-11_04:45 -999.9 -999.9 -999.9 -999.9 -999.9 -999.9 -999.9 -999.9 -999.9 -999.9 -999.9 -999.9 -999.9 -999.9 -999.9 -999.9 1.2 2.2 2.6 8.6 8.6 8.6 -999.9 -999.9 -999.9 -999.9 -999.9 SGB/CPRM_-_Muçum_(57_m) -999.9 -999.9 -999.9 -999.9 -999.9 -999.9 -999.9 -999.9 Brasil SGB/CPRM -999.9 1.0 2.2 3.03 3.17 3.03 -1 -0.06 3.48 3.48 3.66 4.06
-29.16722 -51.86861 86510000 2026-09-11_05:00 -999.9 -999.9 -999.9 -999.9 -999.9 -999.9 -999.9 -999.9 -999.9 -999.9 -999.9 -999.9 -999.9 -999.9 -999.9 -999.9 1.2 2.2 2.6 8.6 8.6 8.6 -999.9 -999.9 -999.9 -999.9 -999.9 SGB/CPRM_-_Muçum_(57_m) -999.9 -999.9 -999.9 -999.9 -999.9 -999.9 -999.9 -999.9 Brasil SGB/CPRM -999.9 0.0 2.2 3.01 3.17 3.01 -1 -0.07 3.48 3.48 3.66 4.06
-29.16722 -51.86861 86510000 2026-09-11_05:15 -999.9 -999.9 -999.9 -999.9 -999.9 -999.9 -999.9 -999.9 -999.9 -999.9 -999.9 -999.9 -999.9 -999.9 -999.9 -999.9 1.2 2.2 2.6 8.6 8.6 8.6 -999.9 -999.9 -999.9 -999.9 -999.9 SGB/CPRM_-_Muçum_(57_m) -999.9 -999.9 -999.9 -999.9 -999.9 -999.9 -999.9 -999.9 Brasil SGB/CPRM -999.9 0.0 2.2 2.99 3.17 2.99 -1 -0.07 3.48 3.48 3.66 4.06
-29.16722 -51.86861 86510000 2026-09-11_05:30 -999.9 -999.9 -999.9 -999.9 -999.9 -999.9 -999.9 -999.9 -999.9 -999.9 -999.9 -999.9 -999.9 -999.9 -999.9 -999.9 1.0 2.2 2.6 8.6 8.6 8.6 -999.9 -999.9 -999.9 -999.9 -999.9 SGB/CPRM_-_Muçum_(57_m) -999.9 -999.9 -999.9 -999.9 -999.9 -999.9 -999.9 -999.9 Brasil SGB/CPRM -999.9 0.0 2.2 2.97 3.17 2.97 -1 -0.08 3.48 3.48 3.66 4.06
-29.16722 -51.86861 86510000 2026-09-11_05:45 -999.9 -999.9 -999.9 -999.9 -999.9 -999.9 -999.9 -999.9 -999.9 -999.9 -999.9 -999.9 -999.9 -999.9 -999.9 -999.9 0.4 2.6 3.0 9.0 9.0 9.0 -999.9 -999.9 -999.9 -999.9 -999.9 SGB/CPRM_-_Muçum_(57_m) -999.9 -999.9 -999.9 -999.9 -999.9 -999.9 -999.9 -999.9 Brasil SGB/CPRM -999.9 0.4 2.6 2.95 3.17 2.95 -1 -0.08 3.48 3.48 3.66 4.06
-29.16722 -51.86861 86510000 2026-09-11_06:00 -999.9 -999.9 -999.9 -999.9 -999.9 -999.9 -999.9 -999.9 -999.9 -999.9 -999.9 -999.9 -999.9 -999.9 -999.9 -999.9 1.4 3.6 4.0 10.0 10.0 10.0 -999.9 -999.9 -999.9 -999.9 -999.9 SGB/CPRM_-_Muçum_(57_m) -999.9 -999.9 -999.9 -999.9 -999.9 -999.9 -999.9 -999.9 Brasil SGB/CPRM -999.9 1.0 3.6 2.93 3.17 2.93 -1 -0.08 3.48 3.48 3.66 4.06
-29.16722 -51.86861 86510000 2026-09-11_06:15 -999.9 -999.9 -999.9 -999.9 -999.9 -999.9 -999.9 -999.9 -999.9 -999.9 -999.9 -999.9 -999.9 -999.9 -999.9 -999.9 2.0 4.2 4.6 10.6 10.6 10.6 -999.9 -999.9 -999.9 -999.9 -999.9 SGB/CPRM_-_Muçum_(57_m) -999.9 -999.9 -999.9 -999.9 -999.9 -999.9 -999.9 -999.9 Brasil SGB/CPRM -999.9 0.6 4.2 2.9 3.17 2.9 -1 -0.09 3.48 3.48 3.66 4.06
-29.16722 -51.86861 86510000 2026-09-11_06:30 -999.9 -999.9 -999.9 -999.9 -999.9 -999.9 -999.9 -999.9 -999.9 -999.9 -999.9 -999.9 -999.9 -999.9 -999.9 -999.9 3.2 5.4 5.8 11.8 11.8 11.8 -999.9 -999.9 -999.9 -999.9 -999.9 SGB/CPRM_-_Muçum_(57_m) -999.9 -999.9 -999.9 -999.9 -999.9 -999.9 -999.9 -999.9 Brasil SGB/CPRM -999.9 1.2 5.4 2.88 3.17 2.88 -1 -0.09 3.48 3.48 3.66 4.06
-29.16722 -51.86861 86510000 2026-09-11_06:45 -999.9 -999.9 -999.9 -999.9 -999.9 -999.9 -999.9 -999.9 -999.9 -999.9 -999.9 -999.9 -999.9 -999.9 -999.9 -999.9 3.2 5.8 6.2 12.2 12.2 12.2 -999.9 -999.9 -999.9 -999.9 -999.9 SGB/CPRM_-_Muçum_(57_m) -999.9 -999.9 -999.9 -999.9 -999.9 -999.9 -999.9 -999.9 Brasil SGB/CPRM -999.9 0.4 5.8 2.85 3.17 2.85 -1 -0.1 3.48 3.48 3.66 4.06
-29.16722 -51.86861 86510000 2026-09-11_07:00 -999.9 -999.9 -999.9 -999.9 -999.9 -999.9 -999.9 -999.9 -999.9 -999.9 -999.9 -999.9 -999.9 -999.9 -999.9 -999.9 2.2 5.8 6.2 12.2 12.2 12.2 -999.9 -999.9 -999.9 -999.9 -999.9 SGB/CPRM_-_Muçum_(57_m) -999.9 -999.9 -999.9 -999.9 -999.9 -999.9 -999.9 -999.9 Brasil SGB/CPRM -999.9 0.0 5.8 2.78 3.17 2.78 -1 -0.15 3.48 3.48 3.66 4.06
-29.16722 -51.86861 86510000 2026-09-11_07:15 -999.9 -999.9 -999.9 -999.9 -999.9 -999.9 -999.9 -999.9 -999.9 -999.9 -999.9 -999.9 -999.9 -999.9 -999.9 -999.9 1.6 5.8 6.2 12.2 12.2 12.2 -999.9 -999.9 -999.9 -999.9 -999.9 SGB/CPRM_-_Muçum_(57_m) -999.9 -999.9 -999.9 -999.9 -999.9 -999.9 -999.9 -999.9 Brasil SGB/CPRM -999.9 0.0 5.8 2.78 3.17 2.78 -1 -0.12 3.48 3.48 3.66 4.06
-29.16722 -51.86861 86510000 2026-09-11_07:30 -999.9 -999.9 -999.9 -999.9 -999.9 -999.9 -999.9 -999.9 -999.9 -999.9 -999.9 -999.9 -999.9 -999.9 -999.9 -999.9 0.4 5.8 6.2 12.2 12.2 12.2 -999.9 -999.9 -999.9 -999.9 -999.9 SGB/CPRM_-_Muçum_(57_m) -999.9 -999.9 -999.9 -999.9 -999.9 -999.9 -999.9 -999.9 Brasil SGB/CPRM -999.9 0.0 5.8 2.76 3.17 2.76 -1 -0.12 3.48 3.48 3.66 4.06
-29.16722 -51.86861 86510000 2026-09-11_07:45 -999.9 -999.9 -999.9 -999.9 -999.9 -999.9 -999.9 -999.9 -999.9 -999.9 -999.9 -999.9 -999.9 -999.9 -999.9 -999.9 0.4 6.2 6.6 12.6 12.6 12.6 -999.9 -999.9 -999.9 -999.9 -999.9 SGB/CPRM_-_Muçum_(57_m) -999.9 -999.9 -999.9 -999.9 -999.9 -999.9 -999.9 -999.9 Brasil SGB/CPRM -999.9 0.4 6.2 2.72 3.17 2.72 -1 -0.13 3.48 3.48 3.66 4.06
-29.16722 -51.86861 86510000 2026-09-11_08:00 -999.9 -999.9 -999.9 -999.9 -999.9 -999.9 -999.9 -999.9 -999.9 -999.9 -999.9 -999.9 -999.9 -999.9 -999.9 -999.9 19.0 24.8 25.2 31.2 31.2 31.2 -999.9 -999.9 -999.9 -999.9 -999.9 SGB/CPRM_-_Muçum_(57_m) -999.9 -999.9 -999.9 -999.9 -999.9 -999.9 -999.9 -999.9 Brasil SGB/CPRM -999.9 18.6 24.8 2.7 3.17 2.7 -1 -0.08 3.48 3.48 3.66 4.06
-29.16722 -51.86861 86510000 2026-09-11_08:15 -999.9 -999.9 -999.9 -999.9 -999.9 -999.9 -999.9 -999.9 -999.9 -999.9 -999.9 -999.9 -999.9 -999.9 -999.9 -999.9 26.8 32.6 33.0 39.0 39.0 39.0 -999.9 -999.9 -999.9 -999.9 -999.9 SGB/CPRM_-_Muçum_(57_m) -999.9 -999.9 -999.9 -999.9 -999.9 -999.9 -999.9 -999.9 Brasil SGB/CPRM -999.9 7.8 32.6 2.69 3.17 2.69 -1 -0.09 3.48 3.48 3.66 4.06
-29.16722 -51.86861 86510000 2026-09-11_08:30 -999.9 -999.9 -999.9 -999.9 -999.9 -999.9 -999.9 -999.9 -999.9 -999.9 -999.9 -999.9 -999.9 -999.9 -999.9 -999.9 30.6 36.4 36.8 42.8 42.8 42.8 -999.9 -999.9 -999.9 -999.9 -999.9 SGB/CPRM_-_Muçum_(57_m) -999.9 -999.9 -999.9 -999.9 -999.9 -999.9 -999.9 -999.9 Brasil SGB/CPRM -999.9 3.8 36.4 2.67 3.17 2.67 -1 -0.09 3.48 3.48 3.66 4.06
-29.16722 -51.86861 86510000 2026-09-11_08:45 -999.9 -999.9 -999.9 -999.9 -999.9 -999.9 -999.9 -999.9 -999.9 -999.9 -999.9 -999.9 -999.9 -999.9 -999.9 -999.9 33.0 39.2 39.6 45.6 45.6 45.6 -999.9 -999.9 -999.9 -999.9 -999.9 SGB/CPRM_-_Muçum_(57_m) -999.9 -999.9 -999.9 -999.9 -999.9 -999.9 -999.9 -999.9 Brasil SGB/CPRM -999.9 2.8 39.2 2.65 3.17 2.65 -1 -0.07 3.48 3.48 3.66 4.06
-29.16722 -51.86861 86510000 2026-09-11_09:00 -999.9 -999.9 -999.9 -999.9 -999.9 -999.9 -999.9 -999.9 -999.9 -999.9 -999.9 -999.9 -999.9 -999.9 -999.9 -999.9 15.6 40.4 40.8 46.8 46.8 46.8 -999.9 -999.9 -999.9 -999.9 -999.9 SGB/CPRM_-_Muçum_(57_m) -999.9 -999.9 -999.9 -999.9 -999.9 -999.9 -999.9 -999.9 Brasil SGB/CPRM -999.9 1.2 40.4 2.61 3.17 2.61 -1 -0.09 3.48 3.48 3.66 4.06
-29.16722 -51.86861 86510000 2026-09-11_09:15 -999.9 -999.9 -999.9 -999.9 -999.9 -999.9 -999.9 -999.9 -999.9 -999.9 -999.9 -999.9 -999.9 -999.9 -999.9 -999.9 8.6 41.2 41.6 47.6 47.6 47.6 -999.9 -999.9 -999.9 -999.9 -999.9 SGB/CPRM_-_Muçum_(57_m) -999.9 -999.9 -999.9 -999.9 -999.9 -999.9 -999.9 -999.9 Brasil SGB/CPRM -999.9 0.8 41.2 2.58 3.17 2.58 -1 -0.11 3.48 3.48 3.66 4.06
-29.16722 -51.86861 86510000 2026-09-11_09:30 -999.9 -999.9 -999.9 -999.9 -999.9 -999.9 -999.9 -999.9 -999.9 -999.9 -999.9 -999.9 -999.9 -999.9 -999.9 -999.9 5.4 41.8 42.2 48.2 48.2 48.2 -999.9 -999.9 -999.9 -999.9 -999.9 SGB/CPRM_-_Muçum_(57_m) -999.9 -999.9 -999.9 -999.9 -999.9 -999.9 -999.9 -999.9 Brasil SGB/CPRM -999.9 0.6 41.8 2.56 3.17 2.56 -1 -0.11 3.48 3.48 3.66 4.06
-29.16722 -51.86861 86510000 2026-09-11_09:45 -999.9 -999.9 -999.9 -999.9 -999.9 -999.9 -999.9 -999.9 -999.9 -999.9 -999.9 -999.9 -999.9 -999.9 -999.9 -999.9 3.0 42.2 42.6 48.6 48.6 48.6 -999.9 -999.9 -999.9 -999.9 -999.9 SGB/CPRM_-_Muçum_(57_m) -999.9 -999.9 -999.9 -999.9 -999.9 -999.9 -999.9 -999.9 Brasil SGB/CPRM -999.9 0.4 42.2 2.53 3.17 2.53 -1 -0.12 3.48 3.48 3.66 4.06
-29.16722 -51.86861 86510000 2026-09-11_10:00 -999.9 -999.9 -999.9 -999.9 -999.9 -999.9 -999.9 -999.9 -999.9 -999.9 -999.9 -999.9 -999.9 -999.9 -999.9 -999.9 2.4 42.8 43.2 49.2 49.2 49.2 -999.9 -999.9 -999.9 -999.9 -999.9 SGB/CPRM_-_Muçum_(57_m) -999.9 -999.9 -999.9 -999.9 -999.9 -999.9 -999.9 -999.9 Brasil SGB/CPRM -999.9 0.6 42.8 2.51 3.17 2.51 -1 -0.1 3.48 3.48 3.66 4.06
-29.16722 -51.86861 86510000 2026-09-11_10:15 -999.9 -999.9 -999.9 -999.9 -999.9 -999.9 -999.9 -999.9 -999.9 -999.9 -999.9 -999.9 -999.9 -999.9 -999.9 -999.9 3.6 44.8 45.2 51.2 51.2 51.2 -999.9 -999.9 -999.9 -999.9 -999.9 SGB/CPRM_-_Muçum_(57_m) -999.9 -999.9 -999.9 -999.9 -999.9 -999.9 -999.9 -999.9 Brasil SGB/CPRM -999.9 2.0 44.8 2.5 3.17 2.5 -1 -0.08 3.48 3.48 3.66 4.06
-29.16722 -51.86861 86510000 2026-09-11_10:30 -999.9 -999.9 -999.9 -999.9 -999.9 -999.9 -999.9 -999.9 -999.9 -999.9 -999.9 -999.9 -999.9 -999.9 -999.9 -999.9 6.4 48.2 48.6 54.6 54.6 54.6 -999.9 -999.9 -999.9 -999.9 -999.9 SGB/CPRM_-_Muçum_(57_m) -999.9 -999.9 -999.9 -999.9 -999.9 -999.9 -999.9 -999.9 Brasil SGB/CPRM -999.9 3.4 48.2 2.49 3.17 2.49 -1 -0.07 3.48 3.48 3.66 4.06
-29.16722 -51.86861 86510000 2026-09-11_10:45 -999.9 -999.9 -999.9 -999.9 -999.9 -999.9 -999.9 -999.9 -999.9 -999.9 -999.9 -999.9 -999.9 -999.9 -999.9 -999.9 13.4 55.6 56.0 62.0 62.0 62.0 -999.9 -999.9 -999.9 -999.9 -999.9 SGB/CPRM_-_Muçum_(57_m) -999.9 -999.9 -999.9 -999.9 -999.9 -999.9 -999.9 -999.9 Brasil SGB/CPRM -999.9 7.4 55.6 2.5 3.17 2.49 -1 -0.03 3.48 3.48 3.66 4.06
-29.16722 -51.86861 86510000 2026-09-11_11:00 -999.9 -999.9 -999.9 -999.9 -999.9 -999.9 -999.9 -999.9 -999.9 -999.9 -999.9 -999.9 -999.9 -999.9 -999.9 -999.9 14.0 56.8 57.2 63.2 63.2 63.2 -999.9 -999.9 -999.9 -999.9 -999.9 SGB/CPRM_-_Muçum_(57_m) -999.9 -999.9 -999.9 -999.9 -999.9 -999.9 -999.9 -999.9 Brasil SGB/CPRM -999.9 1.2 56.8 2.5 3.17 2.49 -1 -0.01 3.48 3.48 3.66 4.06
-29.16722 -51.86861 86510000 2026-09-11_11:15 -999.9 -999.9 -999.9 -999.9 -999.9 -999.9 -999.9 -999.9 -999.9 -999.9 -999.9 -999.9 -999.9 -999.9 -999.9 -999.9 12.4 57.2 57.6 63.6 63.6 63.6 -999.9 -999.9 -999.9 -999.9 -999.9 SGB/CPRM_-_Muçum_(57_m) -999.9 -999.9 -999.9 -999.9 -999.9 -999.9 -999.9 -999.9 Brasil SGB/CPRM -999.9 0.4 57.2 2.51 3.17 2.49 0 0.01 3.48 3.48 3.66 4.06
-29.16722 -51.86861 86510000 2026-09-11_11:30 -999.9 -999.9 -999.9 -999.9 -999.9 -999.9 -999.9 -999.9 -999.9 -999.9 -999.9 -999.9 -999.9 -999.9 -999.9 -999.9 9.8 58.0 58.4 64.4 64.4 64.4 -999.9 -999.9 -999.9 -999.9 -999.9 SGB/CPRM_-_Muçum_(57_m) -999.9 -999.9 -999.9 -999.9 -999.9 -999.9 -999.9 -999.9 Brasil SGB/CPRM -999.9 0.8 58.0 2.53 3.17 2.49 1 0.04 3.48 3.48 3.66 4.06
-29.16722 -51.86861 86510000 2026-09-11_11:45 -999.9 -999.9 -999.9 -999.9 -999.9 -999.9 -999.9 -999.9 -999.9 -999.9 -999.9 -999.9 -999.9 -999.9 -999.9 -999.9 3.6 59.2 59.6 65.6 65.6 65.6 -999.9 -999.9 -999.9 -999.9 -999.9 SGB/CPRM_-_Muçum_(57_m) -999.9 -999.9 -999.9 -999.9 -999.9 -999.9 -999.9 -999.9 Brasil SGB/CPRM -999.9 1.2 59.2 2.54 3.17 2.49 1 0.04 3.48 3.48 3.66 4.06
-29.16722 -51.86861 86510000 2026-09-11_12:00 -999.9 -999.9 -999.9 -999.9 -999.9 -999.9 -999.9 -999.9 -999.9 -999.9 -999.9 -999.9 -999.9 -999.9 -999.9 -999.9 3.6 60.4 60.8 66.8 66.8 66.8 -999.9 -999.9 -999.9 -999.9 -999.9 SGB/CPRM_-_Muçum_(57_m) -999.9 -999.9 -999.9 -999.9 -999.9 -999.9 -999.9 -999.9 Brasil SGB/CPRM -999.9 1.2 60.4 2.56 3.17 2.49 1 0.06 3.48 3.48 3.66 4.06
-29.16722 -51.86861 86510000 2026-09-11_12:15 -999.9 -999.9 -999.9 -999.9 -999.9 -999.9 -999.9 -999.9 -999.9 -999.9 -999.9 -999.9 -999.9 -999.9 -999.9 -999.9 4.4 61.6 62.0 68.0 68.0 68.0 -999.9 -999.9 -999.9 -999.9 -999.9 SGB/CPRM_-_Muçum_(57_m) -999.9 -999.9 -999.9 -999.9 -999.9 -999.9 -999.9 -999.9 Brasil SGB/CPRM -999.9 1.2 61.6 2.58 3.17 2.49 1 0.07 3.48 3.48 3.66 4.06
-29.16722 -51.86861 86510000 2026-09-11_12:30 -999.9 -999.9 -999.9 -999.9 -999.9 -999.9 -999.9 -999.9 -999.9 -999.9 -999.9 -999.9 -999.9 -999.9 -999.9 -999.9 5.2 63.2 63.6 69.6 69.6 69.6 -999.9 -999.9 -999.9 -999.9 -999.9 SGB/CPRM_-_Muçum_(57_m) -999.9 -999.9 -999.9 -999.9 -999.9 -999.9 -999.9 -999.9 Brasil SGB/CPRM -999.9 1.6 63.2 2.59 3.17 2.49 1 0.06 3.48 3.48 3.66 4.06
-29.16722 -51.86861 86510000 2026-09-11_12:45 -999.9 -999.9 -999.9 -999.9 -999.9 -999.9 -999.9 -999.9 -999.9 -999.9 -999.9 -999.9 -999.9 -999.9 -999.9 -999.9 5.0 64.2 64.6 70.6 70.6 70.6 -999.9 -999.9 -999.9 -999.9 -999.9 SGB/CPRM_-_Muçum_(57_m) -999.9 -999.9 -999.9 -999.9 -999.9 -999.9 -999.9 -999.9 Brasil SGB/CPRM -999.9 1.0 64.2 2.61 3.17 2.49 1 0.07 3.48 3.48 3.66 4.06
-29.16722 -51.86861 86510000 2026-09-11_13:00 -999.9 -999.9 -999.9 -999.9 -999.9 -999.9 -999.9 -999.9 -999.9 -999.9 -999.9 -999.9 -999.9 -999.9 -999.9 -999.9 4.4 64.8 65.2 71.2 71.2 71.2 -999.9 -999.9 -999.9 -999.9 -999.9 SGB/CPRM_-_Muçum_(57_m) -999.9 -999.9 -999.9 -999.9 -999.9 -999.9 -999.9 -999.9 Brasil SGB/CPRM -999.9 0.6 64.8 2.62 3.17 2.49 1 0.06 3.48 3.48 3.66 4.06
-29.16722 -51.86861 86510000 2026-09-11_13:15 -999.9 -999.9 -999.9 -999.9 -999.9 -999.9 -999.9 -999.9 -999.9 -999.9 -999.9 -999.9 -999.9 -999.9 -999.9 -999.9 3.8 65.4 65.8 71.8 71.8 71.8 -999.9 -999.9 -999.9 -999.9 -999.9 SGB/CPRM_-_Muçum_(57_m) -999.9 -999.9 -999.9 -999.9 -999.9 -999.9 -999.9 -999.9 Brasil SGB/CPRM -999.9 0.6 65.4 2.62 3.17 2.49 1 0.04 3.48 3.48 3.66 4.06
-29.16722 -51.86861 86510000 2026-09-11_13:30 -999.9 -999.9 -999.9 -999.9 -999.9 -999.9 -999.9 -999.9 -999.9 -999.9 -999.9 -999.9 -999.9 -999.9 -999.9 -999.9 2.8 66.0 66.4 72.4 72.4 72.4 -999.9 -999.9 -999.9 -999.9 -999.9 SGB/CPRM_-_Muçum_(57_m) -999.9 -999.9 -999.9 -999.9 -999.9 -999.9 -999.9 -999.9 Brasil SGB/CPRM -999.9 0.6 66.0 2.63 3.17 2.49 1 0.04 3.48 3.48 3.66 4.06
-29.16722 -51.86861 86510000 2026-09-11_13:45 -999.9 -999.9 -999.9 -999.9 -999.9 -999.9 -999.9 -999.9 -999.9 -999.9 -999.9 -999.9 -999.9 -999.9 -999.9 -999.9 3.8 68.0 68.4 74.4 74.4 74.4 -999.9 -999.9 -999.9 -999.9 -999.9 SGB/CPRM_-_Muçum_(57_m) -999.9 -999.9 -999.9 -999.9 -999.9 -999.9 -999.9 -999.9 Brasil SGB/CPRM -999.9 2.0 68.0 2.62 3.17 2.49 1 0.01 3.48 3.48 3.66 4.06
-29.16722 -51.86861 86510000 2026-09-11_14:00 -999.9 -999.9 -999.9 -999.9 -999.9 -999.9 -999.9 -999.9 -999.9 -999.9 -999.9 -999.9 -999.9 -999.9 -999.9 -999.9 6.6 71.4 71.8 77.8 77.8 77.8 -999.9 -999.9 -999.9 -999.9 -999.9 SGB/CPRM_-_Muçum_(57_m) -999.9 -999.9 -999.9 -999.9 -999.9 -999.9 -999.9 -999.9 Brasil SGB/CPRM -999.9 3.4 71.4 2.62 3.17 2.49 0 0 3.48 3.48 3.66 4.06
-29.16722 -51.86861 86510000 2026-09-11_14:15 -999.9 -999.9 -999.9 -999.9 -999.9 -999.9 -999.9 -999.9 -999.9 -999.9 -999.9 -999.9 -999.9 -999.9 -999.9 -999.9 7.2 72.6 73.0 79.0 79.0 79.0 -999.9 -999.9 -999.9 -999.9 -999.9 SGB/CPRM_-_Muçum_(57_m) -999.9 -999.9 -999.9 -999.9 -999.9 -999.9 -999.9 -999.9 Brasil SGB/CPRM -999.9 1.2 72.6 2.62 3.17 2.49 0 0 3.48 3.48 3.66 4.06
-29.16722 -51.86861 86510000 2026-09-11_14:30 -999.9 -999.9 -999.9 -999.9 -999.9 -999.9 -999.9 -999.9 -999.9 -999.9 -999.9 -999.9 -999.9 -999.9 -999.9 -999.9 7.0 73.0 73.4 79.4 79.4 79.4 -999.9 -999.9 -999.9 -999.9 -999.9 SGB/CPRM_-_Muçum_(57_m) -999.9 -999.9 -999.9 -999.9 -999.9 -999.9 -999.9 -999.9 Brasil SGB/CPRM -999.9 0.4 73.0 2.61 3.17 2.49 -1 -0.02 3.48 3.48 3.66 4.06
-29.16722 -51.86861 86510000 2026-09-11_14:45 -999.9 -999.9 -999.9 -999.9 -999.9 -999.9 -999.9 -999.9 -999.9 -999.9 -999.9 -999.9 -999.9 -999.9 -999.9 -999.9 5.2 73.2 73.6 79.6 79.6 79.6 -999.9 -999.9 -999.9 -999.9 -999.9 SGB/CPRM_-_Muçum_(57_m) -999.9 -999.9 -999.9 -999.9 -999.9 -999.9 -999.9 -999.9 Brasil SGB/CPRM -999.9 0.2 73.2 2.6 3.17 2.49 0 -0.02 3.48 3.48 3.66 4.06
-29.16722 -51.86861 86510000 2026-09-11_15:00 -999.9 -999.9 -999.9 -999.9 -999.9 -999.9 -999.9 -999.9 -999.9 -999.9 -999.9 -999.9 -999.9 -999.9 -999.9 -999.9 2.0 73.4 73.8 79.8 79.8 79.8 -999.9 -999.9 -999.9 -999.9 -999.9 SGB/CPRM_-_Muçum_(57_m) -999.9 -999.9 -999.9 -999.9 -999.9 -999.9 -999.9 -999.9 Brasil SGB/CPRM -999.9 0.2 73.4 2.59 3.17 2.49 -1 -0.03 3.48 3.48 3.66 4.06
-29.16722 -51.86861 86510000 2026-09-11_15:15 -999.9 -999.9 -999.9 -999.9 -999.9 -999.9 -999.9 -999.9 -999.9 -999.9 -999.9 -999.9 -999.9 -999.9 -999.9 -999.9 0.8 73.4 73.8 79.8 79.8 79.8 -999.9 -999.9 -999.9 -999.9 -999.9 SGB/CPRM_-_Muçum_(57_m) -999.9 -999.9 -999.9 -999.9 -999.9 -999.9 -999.9 -999.9 Brasil SGB/CPRM -999.9 0.0 73.4 2.59 3.17 2.49 -1 -0.03 3.48 3.48 3.66 4.06
-29.16722 -51.86861 86510000 2026-09-11_15:30 -999.9 -999.9 -999.9 -999.9 -999.9 -999.9 -999.9 -999.9 -999.9 -999.9 -999.9 -999.9 -999.9 -999.9 -999.9 -999.9 0.4 73.4 73.8 79.8 79.8 79.8 -999.9 -999.9 -999.9 -999.9 -999.9 SGB/CPRM_-_Muçum_(57_m) -999.9 -999.9 -999.9 -999.9 -999.9 -999.9 -999.9 -999.9 Brasil SGB/CPRM -999.9 0.0 73.4 2.58 3.17 2.49 -1 -0.03 3.48 3.48 3.66 4.06
-29.16722 -51.86861 86510000 2026-09-11_15:45 -999.9 -999.9 -999.9 -999.9 -999.9 -999.9 -999.9 -999.9 -999.9 -999.9 -999.9 -999.9 -999.9 -999.9 -999.9 -999.9 0.2 73.4 73.8 79.8 79.8 79.8 -999.9 -999.9 -999.9 -999.9 -999.9 SGB/CPRM_-_Muçum_(57_m) -999.9 -999.9 -999.9 -999.9 -999.9 -999.9 -999.9 -999.9 Brasil SGB/CPRM -999.9 0.0 73.4 2.57 3.17 2.49 -1 -0.03 3.48 3.48 3.66 4.06
-29.16722 -51.86861 86510000 2026-09-11_16:00 -999.9 -999.9 -999.9 -999.9 -999.9 -999.9 -999.9 -999.9 -999.9 -999.9 -999.9 -999.9 -999.9 -999.9 -999.9 -999.9 0.0 73.4 73.8 79.8 79.8 79.8 -999.9 -999.9 -999.9 -999.9 -999.9 SGB/CPRM_-_Muçum_(57_m) -999.9 -999.9 -999.9 -999.9 -999.9 -999.9 -999.9 -999.9 Brasil SGB/CPRM -999.9 0.0 73.4 2.57 3.17 2.49 -1 -0.02 3.48 3.48 3.66 4.06
-29.16722 -51.86861 86510000 2026-09-11_16:15 -999.9 -999.9 -999.9 -999.9 -999.9 -999.9 -999.9 -999.9 -999.9 -999.9 -999.9 -999.9 -999.9 -999.9 -999.9 -999.9 0.0 73.4 73.8 79.8 79.8 79.8 -999.9 -999.9 -999.9 -999.9 -999.9 SGB/CPRM_-_Muçum_(57_m) -999.9 -999.9 -999.9 -999.9 -999.9 -999.9 -999.9 -999.9 Brasil SGB/CPRM -999.9 0.0 73.4 2.56 3.17 2.49 -1 -0.03 3.48 3.48 3.66 4.06
-29.16722 -51.86861 86510000 2026-09-11_16:30 -999.9 -999.9 -999.9 -999.9 -999.9 -999.9 -999.9 -999.9 -999.9 -999.9 -999.9 -999.9 -999.9 -999.9 -999.9 -999.9 0.0 73.4 73.8 79.8 79.8 79.8 -999.9 -999.9 -999.9 -999.9 -999.9 SGB/CPRM_-_Muçum_(57_m) -999.9 -999.9 -999.9 -999.9 -999.9 -999.9 -999.9 -999.9 Brasil SGB/CPRM -999.9 0.0 73.4 2.56 3.17 2.49 -1 -0.02 3.48 3.48 3.66 4.06
-29.16722 -51.86861 86510000 2026-09-11_16:45 -999.9 -999.9 -999.9 -999.9 -999.9 -999.9 -999.9 -999.9 -999.9 -999.9 -999.9 -999.9 -999.9 -999.9 -999.9 -999.9 0.0 73.4 73.8 79.8 79.8 79.8 -999.9 -999.9 -999.9 -999.9 -999.9 SGB/CPRM_-_Muçum_(57_m) -999.9 -999.9 -999.9 -999.9 -999.9 -999.9 -999.9 -999.9 Brasil SGB/CPRM -999.9 0.0 73.4 2.56 3.17 2.49 -1 -0.01 3.48 3.48 3.66 4.06
-29.16722 -51.86861 86510000 2026-09-11_17:00 -999.9 -999.9 -999.9 -999.9 -999.9 -999.9 -999.9 -999.9 -999.9 -999.9 -999.9 -999.9 -999.9 -999.9 -999.9 -999.9 0.0 73.4 73.8 79.8 79.8 79.8 -999.9 -999.9 -999.9 -999.9 -999.9 SGB/CPRM_-_Muçum_(57_m) -999.9 -999.9 -999.9 -999.9 -999.9 -999.9 -999.9 -999.9 Brasil SGB/CPRM -999.9 0.0 73.4 2.56 3.17 2.49 -1 -0.01 3.48 3.48 3.66 4.06
-29.16722 -51.86861 86510000 2026-09-11_17:15 -999.9 -999.9 -999.9 -999.9 -999.9 -999.9 -999.9 -999.9 -999.9 -999.9 -999.9 -999.9 -999.9 -999.9 -999.9 -999.9 0.0 73.4 73.8 79.8 79.8 79.8 -999.9 -999.9 -999.9 -999.9 -999.9 SGB/CPRM_-_Muçum_(57_m) -999.9 -999.9 -999.9 -999.9 -999.9 -999.9 -999.9 -999.9 Brasil SGB/CPRM -999.9 0.0 73.4 2.56 3.17 2.49 0 0 3.48 3.48 3.66 4.06
-29.16722 -51.86861 86510000 2026-09-11_17:30 -999.9 -999.9 -999.9 -999.9 -999.9 -999.9 -999.9 -999.9 -999.9 -999.9 -999.9 -999.9 -999.9 -999.9 -999.9 -999.9 0.0 73.4 73.8 79.8 79.8 79.8 -999.9 -999.9 -999.9 -999.9 -999.9 SGB/CPRM_-_Muçum_(57_m) -999.9 -999.9 -999.9 -999.9 -999.9 -999.9 -999.9 -999.9 Brasil SGB/CPRM -999.9 0.0 73.4 2.56 3.17 2.49 0 0 3.48 3.48 3.66 4.06
-29.16722 -51.86861 86510000 2026-09-11_17:45 -999.9 -999.9 -999.9 -999.9 -999.9 -999.9 -999.9 -999.9 -999.9 -999.9 -999.9 -999.9 -999.9 -999.9 -999.9 -999.9 0.0 73.4 73.8 79.8 79.8 79.8 -999.9 -999.9 -999.9 -999.9 -999.9 SGB/CPRM_-_Muçum_(57_m) -999.9 -999.9 -999.9 -999.9 -999.9 -999.9 -999.9 -999.9 Brasil SGB/CPRM -999.9 0.0 73.4 2.56 3.17 2.49 0 0 3.48 3.48 3.66 4.06
-29.16722 -51.86861 86510000 2026-09-11_18:00 -999.9 -999.9 -999.9 -999.9 -999.9 -999.9 -999.9 -999.9 -999.9 -999.9 -999.9 -999.9 -999.9 -999.9 -999.9 -999.9 0.0 73.4 73.8 79.8 79.8 79.8 -999.9 -999.9 -999.9 -999.9 -999.9 SGB/CPRM_-_Muçum_(57_m) -999.9 -999.9 -999.9 -999.9 -999.9 -999.9 -999.9 -999.9 Brasil SGB/CPRM -999.9 0.0 73.4 2.57 3.17 2.49 0 0.01 3.48 3.48 3.66 4.06
-29.16722 -51.86861 86510000 2026-09-11_18:15 -999.9 -999.9 -999.9 -999.9 -999.9 -999.9 -999.9 -999.9 -999.9 -999.9 -999.9 -999.9 -999.9 -999.9 -999.9 -999.9 0.0 73.4 73.8 79.8 79.8 79.8 -999.9 -999.9 -999.9 -999.9 -999.9 SGB/CPRM_-_Muçum_(57_m) -999.9 -999.9 -999.9 -999.9 -999.9 -999.9 -999.9 -999.9 Brasil SGB/CPRM -999.9 0.0 73.4 2.56 3.17 2.49 0 0 3.48 3.48 3.66 4.06
-29.16722 -51.86861 86510000 2026-09-11_18:30 -999.9 -999.9 -999.9 -999.9 -999.9 -999.9 -999.9 -999.9 -999.9 -999.9 -999.9 -999.9 -999.9 -999.9 -999.9 -999.9 0.0 73.4 73.8 79.8 79.8 79.8 -999.9 -999.9 -999.9 -999.9 -999.9 SGB/CPRM_-_Muçum_(57_m) -999.9 -999.9 -999.9 -999.9 -999.9 -999.9 -999.9 -999.9 Brasil SGB/CPRM -999.9 0.0 73.4 2.56 3.17 2.49 0 0 3.48 3.48 3.66 4.06
-29.16722 -51.86861 86510000 2026-09-11_18:45 -999.9 -999.9 -999.9 -999.9 -999.9 -999.9 -999.9 -999.9 -999.9 -999.9 -999.9 -999.9 -999.9 -999.9 -999.9 -999.9 0.0 73.4 73.8 79.8 79.8 79.8 -999.9 -999.9 -999.9 -999.9 -999.9 SGB/CPRM_-_Muçum_(57_m) -999.9 -999.9 -999.9 -999.9 -999.9 -999.9 -999.9 -999.9 Brasil SGB/CPRM -999.9 0.0 73.4 2.56 3.17 2.49 0 0 3.48 3.48 3.66 4.06
-29.16722 -51.86861 86510000 2026-09-11_19:00 -999.9 -999.9 -999.9 -999.9 -999.9 -999.9 -999.9 -999.9 -999.9 -999.9 -999.9 -999.9 -999.9 -999.9 -999.9 -999.9 0.0 73.4 73.8 79.8 79.8 79.8 -999.9 -999.9 -999.9 -999.9 -999.9 SGB/CPRM_-_Muçum_(57_m) -999.9 -999.9 -999.9 -999.9 -999.9 -999.9 -999.9 -999.9 Brasil SGB/CPRM -999.9 0.0 73.4 2.57 3.17 2.49 0 0 3.48 3.48 3.66 4.06
-29.16722 -51.86861 86510000 2026-09-11_19:15 -999.9 -999.9 -999.9 -999.9 -999.9 -999.9 -999.9 -999.9 -999.9 -999.9 -999.9 -999.9 -999.9 -999.9 -999.9 -999.9 0.0 73.4 73.8 79.8 79.8 79.8 -999.9 -999.9 -999.9 -999.9 -999.9 SGB/CPRM_-_Muçum_(57_m) -999.9 -999.9 -999.9 -999.9 -999.9 -999.9 -999.9 -999.9 Brasil SGB/CPRM -999.9 0.0 73.4 2.57 3.17 2.49 0 0.01 3.48 3.48 3.66 4.06
-29.16722 -51.86861 86510000 2026-09-11_19:30 -999.9 -999.9 -999.9 -999.9 -999.9 -999.9 -999.9 -999.9 -999.9 -999.9 -999.9 -999.9 -999.9 -999.9 -999.9 -999.9 0.0 73.4 73.8 79.8 79.8 79.8 -999.9 -999.9 -999.9 -999.9 -999.9 SGB/CPRM_-_Muçum_(57_m) -999.9 -999.9 -999.9 -999.9 -999.9 -999.9 -999.9 -999.9 Brasil SGB/CPRM -999.9 0.0 73.4 2.58 3.17 2.49 1 0.02 3.48 3.48 3.66 4.06
-29.16722 -51.86861 86510000 2026-09-11_19:45 -999.9 -999.9 -999.9 -999.9 -999.9 -999.9 -999.9 -999.9 -999.9 -999.9 -999.9 -999.9 -999.9 -999.9 -999.9 -999.9 0.0 73.4 73.8 79.8 79.8 79.8 -999.9 -999.9 -999.9 -999.9 -999.9 SGB/CPRM_-_Muçum_(57_m) -999.9 -999.9 -999.9 -999.9 -999.9 -999.9 -999.9 -999.9 Brasil SGB/CPRM -999.9 0.0 73.4 2.59 3.17 2.49 1 0.03 3.48 3.48 3.66 4.06
-29.16722 -51.86861 86510000 2026-09-11_20:00 -999.9 -999.9 -999.9 -999.9 -999.9 -999.9 -999.9 -999.9 -999.9 -999.9 -999.9 -999.9 -999.9 -999.9 -999.9 -999.9 0.0 73.4 73.8 79.8 79.8 79.8 -999.9 -999.9 -999.9 -999.9 -999.9 SGB/CPRM_-_Muçum_(57_m) -999.9 -999.9 -999.9 -999.9 -999.9 -999.9 -999.9 -999.9 Brasil SGB/CPRM -999.9 0.0 73.4 2.6 3.17 2.49 1 0.03 3.48 3.48 3.66 4.06
-29.16722 -51.86861 86510000 2026-09-11_20:15 -999.9 -999.9 -999.9 -999.9 -999.9 -999.9 -999.9 -999.9 -999.9 -999.9 -999.9 -999.9 -999.9 -999.9 -999.9 -999.9 0.0 73.4 73.8 79.8 79.8 79.8 -999.9 -999.9 -999.9 -999.9 -999.9 SGB/CPRM_-_Muçum_(57_m) -999.9 -999.9 -999.9 -999.9 -999.9 -999.9 -999.9 -999.9 Brasil SGB/CPRM -999.9 0.0 73.4 2.63 3.17 2.49 1 0.06 3.48 3.48 3.66 4.06
-29.16722 -51.86861 86510000 2026-09-11_20:30 -999.9 -999.9 -999.9 -999.9 -999.9 -999.9 -999.9 -999.9 -999.9 -999.9 -999.9 -999.9 -999.9 -999.9 -999.9 -999.9 0.0 73.4 73.8 79.8 79.8 79.8 -999.9 -999.9 -999.9 -999.9 -999.9 SGB/CPRM_-_Muçum_(57_m) -999.9 -999.9 -999.9 -999.9 -999.9 -999.9 -999.9 -999.9 Brasil SGB/CPRM -999.9 0.0 73.4 2.66 3.17 2.49 1 0.08 3.48 3.48 3.66 4.06
-29.16722 -51.86861 86510000 2026-09-11_20:45 -999.9 -999.9 -999.9 -999.9 -999.9 -999.9 -999.9 -999.9 -999.9 -999.9 -999.9 -999.9 -999.9 -999.9 -999.9 -999.9 0.0 73.4 73.8 79.8 79.8 79.8 -999.9 -999.9 -999.9 -999.9 -999.9 SGB/CPRM_-_Muçum_(57_m) -999.9 -999.9 -999.9 -999.9 -999.9 -999.9 -999.9 -999.9 Brasil SGB/CPRM -999.9 0.0 73.4 2.72 3.17 2.49 1 0.13 3.48 3.48 3.66 4.06
-29.16722 -51.86861 86510000 2026-09-11_21:00 -999.9 -999.9 -999.9 -999.9 -999.9 -999.9 -999.9 -999.9 -999.9 -999.9 -999.9 -999.9 -999.9 -999.9 -999.9 -999.9 0.0 73.4 73.8 79.8 79.8 79.8 -999.9 -999.9 -999.9 -999.9 -999.9 SGB/CPRM_-_Muçum_(57_m) -999.9 -999.9 -999.9 -999.9 -999.9 -999.9 -999.9 -999.9 Brasil SGB/CPRM -999.9 0.0 73.4 2.81 3.17 2.49 1 0.21 3.48 3.48 3.66 4.06
-29.16722 -51.86861 86510000 2026-09-11_21:15 -999.9 -999.9 -999.9 -999.9 -999.9 -999.9 -999.9 -999.9 -999.9 -999.9 -999.9 -999.9 -999.9 -999.9 -999.9 -999.9 0.0 73.4 73.8 79.8 79.8 79.8 -999.9 -999.9 -999.9 -999.9 -999.9 SGB/CPRM_-_Muçum_(57_m) -999.9 -999.9 -999.9 -999.9 -999.9 -999.9 -999.9 -999.9 Brasil SGB/CPRM -999.9 0.0 73.4 3 3.17 2.49 1 0.37 3.48 3.48 3.66 4.06
-29.16722 -51.86861 86510000 2026-09-11_21:30 -999.9 -999.9 -999.9 -999.9 -999.9 -999.9 -999.9 -999.9 -999.9 -999.9 -999.9 -999.9 -999.9 -999.9 -999.9 -999.9 0.0 73.4 73.8 79.8 79.8 79.8 -999.9 -999.9 -999.9 -999.9 -999.9 SGB/CPRM_-_Muçum_(57_m) -999.9 -999.9 -999.9 -999.9 -999.9 -999.9 -999.9 -999.9 Brasil SGB/CPRM -999.9 0.0 73.4 3.17 3.17 2.49 1 0.51 3.48 3.48 3.66 4.06
-29.16722 -51.86861 86510000 2026-09-11_21:45 -999.9 -999.9 -999.9 -999.9 -999.9 -999.9 -999.9 -999.9 -999.9 -999.9 -999.9 -999.9 -999.9 -999.9 -999.9 -999.9 0.0 73.4 73.8 79.8 79.8 79.8 -999.9 -999.9 -999.9 -999.9 -999.9 SGB/CPRM_-_Muçum_(57_m) -999.9 -999.9 -999.9 -999.9 -999.9 -999.9 -999.9 -999.9 Brasil SGB/CPRM -999.9 0.0 73.4 3.35 3.35 2.49 1 0.63 3.48 3.48 3.66 4.06
-29.16722 -51.86861 86510000 2026-09-11_22:00 -999.9 -999.9 -999.9 -999.9 -999.9 -999.9 -999.9 -999.9 -999.9 -999.9 -999.9 -999.9 -999.9 -999.9 -999.9 -999.9 0.0 73.4 73.8 79.8 79.8 79.8 -999.9 -999.9 -999.9 -999.9 -999.9 SGB/CPRM_-_Muçum_(57_m) -999.9 -999.9 -999.9 -999.9 -999.9 -999.9 -999.9 -999.9 Brasil SGB/CPRM -999.9 0.0 73.4 3.51 3.51 2.49 1 0.7 3.51 3.51 3.66 4.06
-29.16722 -51.86861 86510000 2026-09-11_22:15 -999.9 -999.9 -999.9 -999.9 -999.9 -999.9 -999.9 -999.9 -999.9 -999.9 -999.9 -999.9 -999.9 -999.9 -999.9 -999.9 0.0 73.4 73.8 79.8 79.8 79.8 -999.9 -999.9 -999.9 -999.9 -999.9 SGB/CPRM_-_Muçum_(57_m) -999.9 -999.9 -999.9 -999.9 -999.9 -999.9 -999.9 -999.9 Brasil SGB/CPRM -999.9 0.0 73.4 3.68 3.68 2.49 1 0.68 3.68 3.68 3.68 4.06
-29.16722 -51.86861 86510000 2026-09-11_22:30 -999.9 -999.9 -999.9 -999.9 -999.9 -999.9 -999.9 -999.9 -999.9 -999.9 -999.9 -999.9 -999.9 -999.9 -999.9 -999.9 0.0 73.4 73.8 79.8 79.8 79.8 -999.9 -999.9 -999.9 -999.9 -999.9 SGB/CPRM_-_Muçum_(57_m) -999.9 -999.9 -999.9 -999.9 -999.9 -999.9 -999.9 -999.9 Brasil SGB/CPRM -999.9 0.0 73.4 3.82 3.82 2.49 1 0.65 3.82 3.82 3.82 4.06
-29.16722 -51.86861 86510000 2026-09-11_22:45 -999.9 -999.9 -999.9 -999.9 -999.9 -999.9 -999.9 -999.9 -999.9 -999.9 -999.9 -999.9 -999.9 -999.9 -999.9 -999.9 0.0 73.4 73.8 79.8 79.8 79.8 -999.9 -999.9 -999.9 -999.9 -999.9 SGB/CPRM_-_Muçum_(57_m) -999.9 -999.9 -999.9 -999.9 -999.9 -999.9 -999.9 -999.9 Brasil SGB/CPRM -999.9 0.0 73.4 3.94 3.94 2.49 1 0.59 3.94 3.94 3.94 4.06
-29.16722 -51.86861 86510000 2026-09-11_23:00 -999.9 -999.9 -999.9 -999.9 -999.9 -999.9 -999.9 -999.9 -999.9 -999.9 -999.9 -999.9 -999.9 -999.9 -999.9 -999.9 0.0 73.4 73.8 79.8 79.8 79.8 -999.9 -999.9 -999.9 -999.9 -999.9 SGB/CPRM_-_Muçum_(57_m) -999.9 -999.9 -999.9 -999.9 -999.9 -999.9 -999.9 -999.9 Brasil SGB/CPRM -999.9 0.0 73.4 4.05 4.05 2.49 1 0.54 4.05 4.05 4.05 4.06
-29.16722 -51.86861 86510000 2026-09-11_23:15 -999.9 -999.9 -999.9 -999.9 -999.9 -999.9 -999.9 -999.9 -999.9 -999.9 -999.9 -999.9 -999.9 -999.9 -999.9 -999.9 0.0 73.4 73.8 79.8 79.8 79.8 -999.9 -999.9 -999.9 -999.9 -999.9 SGB/CPRM_-_Muçum_(57_m) -999.9 -999.9 -999.9 -999.9 -999.9 -999.9 -999.9 -999.9 Brasil SGB/CPRM -999.9 0.0 73.4 4.14 4.14 2.49 1 0.46 4.14 4.14 4.14 4.14
