-28.71022 -51.92982 8928 2026-08-06_00:30 -999.9 -999.9 -999.9 -999.9 -999.9 -999.9 -999.9 -999.9 -999.9 -999.9 -999.9 -999.9 -999.9 -999.9 -999.9 -999.9 -999.9 0.0 1.8 1.8 1.8 -999.9 -999.9 -999.9 -999.9 -999.9 -999.9 CEMADEN_-_Serafina_Corrêa_-_Centro_(527_m) -999.9 -999.9 -999.9 -999.9 -999.9 -999.9 -999.9 -999.9 Rio_Grande_do_Sul CEMADEN -999.9 0.0 -999.9
-28.71022 -51.92982 8928 2026-08-06_01:30 -999.9 -999.9 -999.9 -999.9 -999.9 -999.9 -999.9 -999.9 -999.9 -999.9 -999.9 -999.9 -999.9 -999.9 -999.9 -999.9 -999.9 0.0 1.8 1.8 1.8 -999.9 -999.9 -999.9 -999.9 -999.9 -999.9 CEMADEN_-_Serafina_Corrêa_-_Centro_(527_m) -999.9 -999.9 -999.9 -999.9 -999.9 -999.9 -999.9 -999.9 Rio_Grande_do_Sul CEMADEN -999.9 0.0 -999.9
-28.71022 -51.92982 8928 2026-08-06_02:30 -999.9 -999.9 -999.9 -999.9 -999.9 -999.9 -999.9 -999.9 -999.9 -999.9 -999.9 -999.9 -999.9 -999.9 -999.9 -999.9 -999.9 0.0 1.8 1.8 1.8 -999.9 -999.9 -999.9 -999.9 -999.9 -999.9 CEMADEN_-_Serafina_Corrêa_-_Centro_(527_m) -999.9 -999.9 -999.9 -999.9 -999.9 -999.9 -999.9 -999.9 Rio_Grande_do_Sul CEMADEN -999.9 0.0 -999.9
-28.71022 -51.92982 8928 2026-08-06_03:30 -999.9 -999.9 -999.9 -999.9 -999.9 -999.9 -999.9 -999.9 -999.9 -999.9 -999.9 -999.9 -999.9 -999.9 -999.9 -999.9 -999.9 0.2 2.0 2.0 2.0 -999.9 -999.9 -999.9 -999.9 -999.9 -999.9 CEMADEN_-_Serafina_Corrêa_-_Centro_(527_m) -999.9 -999.9 -999.9 -999.9 -999.9 -999.9 -999.9 -999.9 Rio_Grande_do_Sul CEMADEN -999.9 0.2 -999.9
-28.71022 -51.92982 8928 2026-08-06_04:30 -999.9 -999.9 -999.9 -999.9 -999.9 -999.9 -999.9 -999.9 -999.9 -999.9 -999.9 -999.9 -999.9 -999.9 -999.9 -999.9 -999.9 0.2 2.0 2.0 2.0 -999.9 -999.9 -999.9 -999.9 -999.9 -999.9 CEMADEN_-_Serafina_Corrêa_-_Centro_(527_m) -999.9 -999.9 -999.9 -999.9 -999.9 -999.9 -999.9 -999.9 Rio_Grande_do_Sul CEMADEN -999.9 0.0 -999.9
-28.71022 -51.92982 8928 2026-08-06_05:30 -999.9 -999.9 -999.9 -999.9 -999.9 -999.9 -999.9 -999.9 -999.9 -999.9 -999.9 -999.9 -999.9 -999.9 -999.9 -999.9 -999.9 0.2 2.0 2.0 2.0 -999.9 -999.9 -999.9 -999.9 -999.9 -999.9 CEMADEN_-_Serafina_Corrêa_-_Centro_(527_m) -999.9 -999.9 -999.9 -999.9 -999.9 -999.9 -999.9 -999.9 Rio_Grande_do_Sul CEMADEN -999.9 0.0 -999.9
-28.71022 -51.92982 8928 2026-08-06_06:30 -999.9 -999.9 -999.9 -999.9 -999.9 -999.9 -999.9 -999.9 -999.9 -999.9 -999.9 -999.9 -999.9 -999.9 -999.9 -999.9 -999.9 0.2 1.8 2.0 2.0 -999.9 -999.9 -999.9 -999.9 -999.9 -999.9 CEMADEN_-_Serafina_Corrêa_-_Centro_(527_m) -999.9 -999.9 -999.9 -999.9 -999.9 -999.9 -999.9 -999.9 Rio_Grande_do_Sul CEMADEN -999.9 0.0 -999.9
-28.71022 -51.92982 8928 2026-08-06_07:30 -999.9 -999.9 -999.9 -999.9 -999.9 -999.9 -999.9 -999.9 -999.9 -999.9 -999.9 -999.9 -999.9 -999.9 -999.9 -999.9 -999.9 0.2 1.8 2.0 2.0 -999.9 -999.9 -999.9 -999.9 -999.9 -999.9 CEMADEN_-_Serafina_Corrêa_-_Centro_(527_m) -999.9 -999.9 -999.9 -999.9 -999.9 -999.9 -999.9 -999.9 Rio_Grande_do_Sul CEMADEN -999.9 0.0 -999.9
-28.71022 -51.92982 8928 2026-08-06_08:30 -999.9 -999.9 -999.9 -999.9 -999.9 -999.9 -999.9 -999.9 -999.9 -999.9 -999.9 -999.9 -999.9 -999.9 -999.9 -999.9 -999.9 0.2 1.8 2.0 2.0 -999.9 -999.9 -999.9 -999.9 -999.9 -999.9 CEMADEN_-_Serafina_Corrêa_-_Centro_(527_m) -999.9 -999.9 -999.9 -999.9 -999.9 -999.9 -999.9 -999.9 Rio_Grande_do_Sul CEMADEN -999.9 0.0 -999.9
-28.71022 -51.92982 8928 2026-08-06_09:30 -999.9 -999.9 -999.9 -999.9 -999.9 -999.9 -999.9 -999.9 -999.9 -999.9 -999.9 -999.9 -999.9 -999.9 -999.9 -999.9 -999.9 0.2 1.8 2.0 2.0 -999.9 -999.9 -999.9 -999.9 -999.9 -999.9 CEMADEN_-_Serafina_Corrêa_-_Centro_(527_m) -999.9 -999.9 -999.9 -999.9 -999.9 -999.9 -999.9 -999.9 Rio_Grande_do_Sul CEMADEN -999.9 0.0 -999.9
-28.71022 -51.92982 8928 2026-08-06_10:30 -999.9 -999.9 -999.9 -999.9 -999.9 -999.9 -999.9 -999.9 -999.9 -999.9 -999.9 -999.9 -999.9 -999.9 -999.9 -999.9 -999.9 0.2 1.8 2.0 2.0 -999.9 -999.9 -999.9 -999.9 -999.9 -999.9 CEMADEN_-_Serafina_Corrêa_-_Centro_(527_m) -999.9 -999.9 -999.9 -999.9 -999.9 -999.9 -999.9 -999.9 Rio_Grande_do_Sul CEMADEN -999.9 0.0 -999.9
-28.71022 -51.92982 8928 2026-08-06_11:30 -999.9 -999.9 -999.9 -999.9 -999.9 -999.9 -999.9 -999.9 -999.9 -999.9 -999.9 -999.9 -999.9 -999.9 -999.9 -999.9 -999.9 0.2 1.8 2.0 2.0 -999.9 -999.9 -999.9 -999.9 -999.9 -999.9 CEMADEN_-_Serafina_Corrêa_-_Centro_(527_m) -999.9 -999.9 -999.9 -999.9 -999.9 -999.9 -999.9 -999.9 Rio_Grande_do_Sul CEMADEN -999.9 0.0 -999.9
-28.71022 -51.92982 8928 2026-08-06_11:50 -999.9 -999.9 -999.9 -999.9 -999.9 -999.9 -999.9 -999.9 -999.9 -999.9 -999.9 -999.9 -999.9 -999.9 -999.9 -999.9 2.4 2.6 4.2 4.4 4.4 -999.9 -999.9 -999.9 -999.9 -999.9 -999.9 CEMADEN_-_Serafina_Corrêa_-_Centro_(527_m) -999.9 -999.9 -999.9 -999.9 -999.9 -999.9 -999.9 -999.9 Rio_Grande_do_Sul CEMADEN -999.9 2.4 -999.9
-28.71022 -51.92982 8928 2026-08-06_12:00 -999.9 -999.9 -999.9 -999.9 -999.9 -999.9 -999.9 -999.9 -999.9 -999.9 -999.9 -999.9 -999.9 -999.9 -999.9 -999.9 6.8 7.0 8.6 8.8 8.8 -999.9 -999.9 -999.9 -999.9 -999.9 -999.9 CEMADEN_-_Serafina_Corrêa_-_Centro_(527_m) -999.9 -999.9 -999.9 -999.9 -999.9 -999.9 -999.9 -999.9 Rio_Grande_do_Sul CEMADEN -999.9 4.4 -999.9
-28.71022 -51.92982 8928 2026-08-06_12:10 -999.9 -999.9 -999.9 -999.9 -999.9 -999.9 -999.9 -999.9 -999.9 -999.9 -999.9 -999.9 -999.9 -999.9 -999.9 -999.9 8.4 8.6 10.2 10.4 10.4 -999.9 -999.9 -999.9 -999.9 -999.9 -999.9 CEMADEN_-_Serafina_Corrêa_-_Centro_(527_m) -999.9 -999.9 -999.9 -999.9 -999.9 -999.9 -999.9 -999.9 Rio_Grande_do_Sul CEMADEN -999.9 1.6 -999.9
-28.71022 -51.92982 8928 2026-08-06_12:30 -999.9 -999.9 -999.9 -999.9 -999.9 -999.9 -999.9 -999.9 -999.9 -999.9 -999.9 -999.9 -999.9 -999.9 -999.9 -999.9 8.8 9.0 10.6 10.8 10.8 -999.9 -999.9 -999.9 -999.9 -999.9 -999.9 CEMADEN_-_Serafina_Corrêa_-_Centro_(527_m) -999.9 -999.9 -999.9 -999.9 -999.9 -999.9 -999.9 -999.9 Rio_Grande_do_Sul CEMADEN -999.9 0.4 -999.9
-28.71022 -51.92982 8928 2026-08-06_12:40 -999.9 -999.9 -999.9 -999.9 -999.9 -999.9 -999.9 -999.9 -999.9 -999.9 -999.9 -999.9 -999.9 -999.9 -999.9 -999.9 8.6 9.6 11.2 11.4 11.4 -999.9 -999.9 -999.9 -999.9 -999.9 -999.9 CEMADEN_-_Serafina_Corrêa_-_Centro_(527_m) -999.9 -999.9 -999.9 -999.9 -999.9 -999.9 -999.9 -999.9 Rio_Grande_do_Sul CEMADEN -999.9 0.6 -999.9
-28.71022 -51.92982 8928 2026-08-06_12:50 -999.9 -999.9 -999.9 -999.9 -999.9 -999.9 -999.9 -999.9 -999.9 -999.9 -999.9 -999.9 -999.9 -999.9 -999.9 -999.9 1.8 10.8 12.4 12.6 12.6 -999.9 -999.9 -999.9 -999.9 -999.9 -999.9 CEMADEN_-_Serafina_Corrêa_-_Centro_(527_m) -999.9 -999.9 -999.9 -999.9 -999.9 -999.9 -999.9 -999.9 Rio_Grande_do_Sul CEMADEN -999.9 1.2 -999.9
-28.71022 -51.92982 8928 2026-08-06_13:30 -999.9 -999.9 -999.9 -999.9 -999.9 -999.9 -999.9 -999.9 -999.9 -999.9 -999.9 -999.9 -999.9 -999.9 -999.9 -999.9 -999.9 10.8 12.4 12.6 12.6 -999.9 -999.9 -999.9 -999.9 -999.9 -999.9 CEMADEN_-_Serafina_Corrêa_-_Centro_(527_m) -999.9 -999.9 -999.9 -999.9 -999.9 -999.9 -999.9 -999.9 Rio_Grande_do_Sul CEMADEN -999.9 0.0 -999.9
-28.71022 -51.92982 8928 2026-08-06_14:10 -999.9 -999.9 -999.9 -999.9 -999.9 -999.9 -999.9 -999.9 -999.9 -999.9 -999.9 -999.9 -999.9 -999.9 -999.9 -999.9 0.2 11.0 12.6 12.8 12.8 -999.9 -999.9 -999.9 -999.9 -999.9 -999.9 CEMADEN_-_Serafina_Corrêa_-_Centro_(527_m) -999.9 -999.9 -999.9 -999.9 -999.9 -999.9 -999.9 -999.9 Rio_Grande_do_Sul CEMADEN -999.9 0.2 -999.9
-28.71022 -51.92982 8928 2026-08-06_14:30 -999.9 -999.9 -999.9 -999.9 -999.9 -999.9 -999.9 -999.9 -999.9 -999.9 -999.9 -999.9 -999.9 -999.9 -999.9 -999.9 -999.9 11.0 12.6 12.8 12.8 -999.9 -999.9 -999.9 -999.9 -999.9 -999.9 CEMADEN_-_Serafina_Corrêa_-_Centro_(527_m) -999.9 -999.9 -999.9 -999.9 -999.9 -999.9 -999.9 -999.9 Rio_Grande_do_Sul CEMADEN -999.9 0.0 -999.9
-28.71022 -51.92982 8928 2026-08-06_15:30 -999.9 -999.9 -999.9 -999.9 -999.9 -999.9 -999.9 -999.9 -999.9 -999.9 -999.9 -999.9 -999.9 -999.9 -999.9 -999.9 -999.9 11.0 12.6 12.8 12.8 -999.9 -999.9 -999.9 -999.9 -999.9 -999.9 CEMADEN_-_Serafina_Corrêa_-_Centro_(527_m) -999.9 -999.9 -999.9 -999.9 -999.9 -999.9 -999.9 -999.9 Rio_Grande_do_Sul CEMADEN -999.9 0.0 -999.9
-28.71022 -51.92982 8928 2026-08-06_16:30 -999.9 -999.9 -999.9 -999.9 -999.9 -999.9 -999.9 -999.9 -999.9 -999.9 -999.9 -999.9 -999.9 -999.9 -999.9 -999.9 -999.9 11.0 12.6 12.8 12.8 -999.9 -999.9 -999.9 -999.9 -999.9 -999.9 CEMADEN_-_Serafina_Corrêa_-_Centro_(527_m) -999.9 -999.9 -999.9 -999.9 -999.9 -999.9 -999.9 -999.9 Rio_Grande_do_Sul CEMADEN -999.9 0.0 -999.9
-28.71022 -51.92982 8928 2026-08-06_17:30 -999.9 -999.9 -999.9 -999.9 -999.9 -999.9 -999.9 -999.9 -999.9 -999.9 -999.9 -999.9 -999.9 -999.9 -999.9 -999.9 -999.9 11.0 12.6 12.8 12.8 -999.9 -999.9 -999.9 -999.9 -999.9 -999.9 CEMADEN_-_Serafina_Corrêa_-_Centro_(527_m) -999.9 -999.9 -999.9 -999.9 -999.9 -999.9 -999.9 -999.9 Rio_Grande_do_Sul CEMADEN -999.9 0.0 -999.9
-28.71022 -51.92982 8928 2026-08-06_18:00 -999.9 -999.9 -999.9 -999.9 -999.9 -999.9 -999.9 -999.9 -999.9 -999.9 -999.9 -999.9 -999.9 -999.9 -999.9 -999.9 0.4 11.4 13.0 13.2 13.2 -999.9 -999.9 -999.9 -999.9 -999.9 -999.9 CEMADEN_-_Serafina_Corrêa_-_Centro_(527_m) -999.9 -999.9 -999.9 -999.9 -999.9 -999.9 -999.9 -999.9 Rio_Grande_do_Sul CEMADEN -999.9 0.4 -999.9
-28.71022 -51.92982 8928 2026-08-06_18:30 -999.9 -999.9 -999.9 -999.9 -999.9 -999.9 -999.9 -999.9 -999.9 -999.9 -999.9 -999.9 -999.9 -999.9 -999.9 -999.9 1.2 12.2 13.8 14.0 14.0 -999.9 -999.9 -999.9 -999.9 -999.9 -999.9 CEMADEN_-_Serafina_Corrêa_-_Centro_(527_m) -999.9 -999.9 -999.9 -999.9 -999.9 -999.9 -999.9 -999.9 Rio_Grande_do_Sul CEMADEN -999.9 0.8 -999.9
-28.71022 -51.92982 8928 2026-08-06_18:50 -999.9 -999.9 -999.9 -999.9 -999.9 -999.9 -999.9 -999.9 -999.9 -999.9 -999.9 -999.9 -999.9 -999.9 -999.9 -999.9 1.0 12.4 14.0 14.2 14.2 -999.9 -999.9 -999.9 -999.9 -999.9 -999.9 CEMADEN_-_Serafina_Corrêa_-_Centro_(527_m) -999.9 -999.9 -999.9 -999.9 -999.9 -999.9 -999.9 -999.9 Rio_Grande_do_Sul CEMADEN -999.9 0.2 -999.9
-28.71022 -51.92982 8928 2026-08-06_19:10 -999.9 -999.9 -999.9 -999.9 -999.9 -999.9 -999.9 -999.9 -999.9 -999.9 -999.9 -999.9 -999.9 -999.9 -999.9 -999.9 1.2 13.0 14.6 14.8 14.8 -999.9 -999.9 -999.9 -999.9 -999.9 -999.9 CEMADEN_-_Serafina_Corrêa_-_Centro_(527_m) -999.9 -999.9 -999.9 -999.9 -999.9 -999.9 -999.9 -999.9 Rio_Grande_do_Sul CEMADEN -999.9 0.6 -999.9
-28.71022 -51.92982 8928 2026-08-06_19:30 -999.9 -999.9 -999.9 -999.9 -999.9 -999.9 -999.9 -999.9 -999.9 -999.9 -999.9 -999.9 -999.9 -999.9 -999.9 -999.9 0.8 13.0 14.6 14.8 14.8 -999.9 -999.9 -999.9 -999.9 -999.9 -999.9 CEMADEN_-_Serafina_Corrêa_-_Centro_(527_m) -999.9 -999.9 -999.9 -999.9 -999.9 -999.9 -999.9 -999.9 Rio_Grande_do_Sul CEMADEN -999.9 0.0 -999.9
-28.71022 -51.92982 8928 2026-08-06_19:40 -999.9 -999.9 -999.9 -999.9 -999.9 -999.9 -999.9 -999.9 -999.9 -999.9 -999.9 -999.9 -999.9 -999.9 -999.9 -999.9 0.4 13.4 15.0 15.2 15.2 -999.9 -999.9 -999.9 -999.9 -999.9 -999.9 CEMADEN_-_Serafina_Corrêa_-_Centro_(527_m) -999.9 -999.9 -999.9 -999.9 -999.9 -999.9 -999.9 -999.9 Rio_Grande_do_Sul CEMADEN -999.9 0.4 -999.9
-28.71022 -51.92982 8928 2026-08-06_20:30 -999.9 -999.9 -999.9 -999.9 -999.9 -999.9 -999.9 -999.9 -999.9 -999.9 -999.9 -999.9 -999.9 -999.9 -999.9 -999.9 -999.9 13.4 15.0 15.2 15.2 -999.9 -999.9 -999.9 -999.9 -999.9 -999.9 CEMADEN_-_Serafina_Corrêa_-_Centro_(527_m) -999.9 -999.9 -999.9 -999.9 -999.9 -999.9 -999.9 -999.9 Rio_Grande_do_Sul CEMADEN -999.9 0.0 -999.9
-28.71022 -51.92982 8928 2026-08-06_21:40 -999.9 -999.9 -999.9 -999.9 -999.9 -999.9 -999.9 -999.9 -999.9 -999.9 -999.9 -999.9 -999.9 -999.9 -999.9 -999.9 4.2 17.6 19.2 19.4 19.4 -999.9 -999.9 -999.9 -999.9 -999.9 -999.9 CEMADEN_-_Serafina_Corrêa_-_Centro_(527_m) -999.9 -999.9 -999.9 -999.9 -999.9 -999.9 -999.9 -999.9 Rio_Grande_do_Sul CEMADEN -999.9 4.2 -999.9
-28.71022 -51.92982 8928 2026-08-06_21:50 -999.9 -999.9 -999.9 -999.9 -999.9 -999.9 -999.9 -999.9 -999.9 -999.9 -999.9 -999.9 -999.9 -999.9 -999.9 -999.9 7.8 21.8 23.4 23.6 23.6 -999.9 -999.9 -999.9 -999.9 -999.9 -999.9 CEMADEN_-_Serafina_Corrêa_-_Centro_(527_m) -999.9 -999.9 -999.9 -999.9 -999.9 -999.9 -999.9 -999.9 Rio_Grande_do_Sul CEMADEN -999.9 4.2 -999.9
-28.71022 -51.92982 8928 2026-08-06_22:00 -999.9 -999.9 -999.9 -999.9 -999.9 -999.9 -999.9 -999.9 -999.9 -999.9 -999.9 -999.9 -999.9 -999.9 -999.9 -999.9 10.2 24.2 25.8 26.0 26.0 -999.9 -999.9 -999.9 -999.9 -999.9 -999.9 CEMADEN_-_Serafina_Corrêa_-_Centro_(527_m) -999.9 -999.9 -999.9 -999.9 -999.9 -999.9 -999.9 -999.9 Rio_Grande_do_Sul CEMADEN -999.9 2.4 -999.9
-28.71022 -51.92982 8928 2026-08-06_22:10 -999.9 -999.9 -999.9 -999.9 -999.9 -999.9 -999.9 -999.9 -999.9 -999.9 -999.9 -999.9 -999.9 -999.9 -999.9 -999.9 10.6 25.4 27.0 27.2 27.2 -999.9 -999.9 -999.9 -999.9 -999.9 -999.9 CEMADEN_-_Serafina_Corrêa_-_Centro_(527_m) -999.9 -999.9 -999.9 -999.9 -999.9 -999.9 -999.9 -999.9 Rio_Grande_do_Sul CEMADEN -999.9 1.2 -999.9
-28.71022 -51.92982 8928 2026-08-06_22:30 -999.9 -999.9 -999.9 -999.9 -999.9 -999.9 -999.9 -999.9 -999.9 -999.9 -999.9 -999.9 -999.9 -999.9 -999.9 -999.9 11.2 26.8 28.4 28.6 28.6 -999.9 -999.9 -999.9 -999.9 -999.9 -999.9 CEMADEN_-_Serafina_Corrêa_-_Centro_(527_m) -999.9 -999.9 -999.9 -999.9 -999.9 -999.9 -999.9 -999.9 Rio_Grande_do_Sul CEMADEN -999.9 1.4 -999.9
-28.71022 -51.92982 8928 2026-08-06_22:40 -999.9 -999.9 -999.9 -999.9 -999.9 -999.9 -999.9 -999.9 -999.9 -999.9 -999.9 -999.9 -999.9 -999.9 -999.9 -999.9 9.6 27.8 29.4 29.6 29.6 -999.9 -999.9 -999.9 -999.9 -999.9 -999.9 CEMADEN_-_Serafina_Corrêa_-_Centro_(527_m) -999.9 -999.9 -999.9 -999.9 -999.9 -999.9 -999.9 -999.9 Rio_Grande_do_Sul CEMADEN -999.9 1.0 -999.9
-28.71022 -51.92982 8928 2026-08-06_22:50 -999.9 -999.9 -999.9 -999.9 -999.9 -999.9 -999.9 -999.9 -999.9 -999.9 -999.9 -999.9 -999.9 -999.9 -999.9 -999.9 4.2 28.6 30.2 30.4 30.4 -999.9 -999.9 -999.9 -999.9 -999.9 -999.9 CEMADEN_-_Serafina_Corrêa_-_Centro_(527_m) -999.9 -999.9 -999.9 -999.9 -999.9 -999.9 -999.9 -999.9 Rio_Grande_do_Sul CEMADEN -999.9 0.8 -999.9
-28.71022 -51.92982 8928 2026-08-06_23:00 -999.9 -999.9 -999.9 -999.9 -999.9 -999.9 -999.9 -999.9 -999.9 -999.9 -999.9 -999.9 -999.9 -999.9 -999.9 -999.9 3.6 29.0 30.6 30.8 30.8 -999.9 -999.9 -999.9 -999.9 -999.9 -999.9 CEMADEN_-_Serafina_Corrêa_-_Centro_(527_m) -999.9 -999.9 -999.9 -999.9 -999.9 -999.9 -999.9 -999.9 Rio_Grande_do_Sul CEMADEN -999.9 0.4 -999.9
-28.71022 -51.92982 8928 2026-08-06_23:10 -999.9 -999.9 -999.9 -999.9 -999.9 -999.9 -999.9 -999.9 -999.9 -999.9 -999.9 -999.9 -999.9 -999.9 -999.9 -999.9 2.8 29.2 30.8 31.0 31.0 -999.9 -999.9 -999.9 -999.9 -999.9 -999.9 CEMADEN_-_Serafina_Corrêa_-_Centro_(527_m) -999.9 -999.9 -999.9 -999.9 -999.9 -999.9 -999.9 -999.9 Rio_Grande_do_Sul CEMADEN -999.9 0.2 -999.9
-28.71022 -51.92982 8928 2026-08-06_23:30 -999.9 -999.9 -999.9 -999.9 -999.9 -999.9 -999.9 -999.9 -999.9 -999.9 -999.9 -999.9 -999.9 -999.9 -999.9 -999.9 0.6 29.2 30.8 31.0 31.0 -999.9 -999.9 -999.9 -999.9 -999.9 -999.9 CEMADEN_-_Serafina_Corrêa_-_Centro_(527_m) -999.9 -999.9 -999.9 -999.9 -999.9 -999.9 -999.9 -999.9 Rio_Grande_do_Sul CEMADEN -999.9 0.0 -999.9
