-28.298889 -51.378178 EPAGRI-2416 2026-09-08_00:00 7.4 7.6 7.2 94.9 95.4 93.2 6.6 -999.9 -999.9 -999.9 -999.9 -999.9 -999.9 -999.9 -999.9 -999.9 0.0 0.0 0.0 0.0 0.0 0.0 21.6 6.6 100.0 40.8 -999.9 EPAGRI_-_Lagoa_Vermelha_-_BASF_(848_m) -999.9 -999.9 -999.9 -999.9 -999.9 -999.9 -999.9 -999.9 Rio_Grande_do_Sul EPAGRI -999.9 -999.9 -999.9
-28.298889 -51.378178 EPAGRI-2416 2026-09-08_01:00 7.3 7.6 7.3 95.9 95.9 93.9 6.7 -999.9 -999.9 -999.9 -999.9 -999.9 -999.9 -999.9 -999.9 -999.9 0.0 0.0 0.0 0.0 0.0 0.0 21.6 6.6 100.0 40.8 -999.9 EPAGRI_-_Lagoa_Vermelha_-_BASF_(848_m) -999.9 -999.9 -999.9 -999.9 -999.9 -999.9 -999.9 -999.9 Rio_Grande_do_Sul EPAGRI -999.9 -999.9 -999.9
-28.298889 -51.378178 EPAGRI-2416 2026-09-08_02:00 7.1 7.3 7.0 97.9 97.9 95.7 6.8 -999.9 -999.9 -999.9 -999.9 -999.9 -999.9 -999.9 -999.9 -999.9 0.0 0.0 0.0 0.0 0.0 0.0 21.6 6.6 100.0 40.8 -999.9 EPAGRI_-_Lagoa_Vermelha_-_BASF_(848_m) -999.9 -999.9 -999.9 -999.9 -999.9 -999.9 -999.9 -999.9 Rio_Grande_do_Sul EPAGRI -999.9 -999.9 -999.9
-28.298889 -51.378178 EPAGRI-2416 2026-09-08_03:00 7.3 7.3 7.1 98.5 98.8 97.5 7.1 -999.9 -999.9 -999.9 -999.9 -999.9 -999.9 -999.9 -999.9 -999.9 0.0 0.0 0.0 0.0 0.0 0.0 21.6 6.6 100.0 40.8 -999.9 EPAGRI_-_Lagoa_Vermelha_-_BASF_(848_m) -999.9 -999.9 -999.9 -999.9 -999.9 -999.9 -999.9 -999.9 Rio_Grande_do_Sul EPAGRI -999.9 -999.9 -999.9
-28.298889 -51.378178 EPAGRI-2416 2026-09-08_04:00 7.0 7.3 7.0 99.4 99.5 98.3 6.9 -999.9 -999.9 -999.9 -999.9 -999.9 -999.9 -999.9 -999.9 -999.9 0.0 0.0 0.0 0.0 0.0 0.0 21.6 6.6 100.0 40.8 -999.9 EPAGRI_-_Lagoa_Vermelha_-_BASF_(848_m) -999.9 -999.9 -999.9 -999.9 -999.9 -999.9 -999.9 -999.9 Rio_Grande_do_Sul EPAGRI -999.9 -999.9 -999.9
-28.298889 -51.378178 EPAGRI-2416 2026-09-08_05:00 7.0 7.2 6.8 100.0 100.0 99.3 7.0 -999.9 -999.9 -999.9 -999.9 -999.9 -999.9 -999.9 -999.9 -999.9 0.0 0.0 0.0 0.0 0.0 0.0 21.6 6.6 100.0 40.8 -999.9 EPAGRI_-_Lagoa_Vermelha_-_BASF_(848_m) -999.9 -999.9 -999.9 -999.9 -999.9 -999.9 -999.9 -999.9 Rio_Grande_do_Sul EPAGRI -999.9 -999.9 -999.9
-28.298889 -51.378178 EPAGRI-2416 2026-09-08_06:00 6.7 7.0 6.6 100.0 100.0 99.8 6.7 -999.9 -999.9 -999.9 -999.9 -999.9 -999.9 -999.9 -999.9 -999.9 0.0 0.0 0.0 0.0 0.0 0.0 21.6 6.6 100.0 40.8 -999.9 EPAGRI_-_Lagoa_Vermelha_-_BASF_(848_m) -999.9 -999.9 -999.9 -999.9 -999.9 -999.9 -999.9 -999.9 Rio_Grande_do_Sul EPAGRI -999.9 -999.9 -999.9
-28.298889 -51.378178 EPAGRI-2416 2026-09-08_07:00 7.3 7.3 6.7 100.0 100.0 100.0 7.3 -999.9 -999.9 -999.9 -999.9 -999.9 -999.9 -999.9 -999.9 -999.9 0.0 0.0 0.0 0.0 0.0 0.0 21.6 6.6 100.0 40.8 -999.9 EPAGRI_-_Lagoa_Vermelha_-_BASF_(848_m) -999.9 -999.9 -999.9 -999.9 -999.9 -999.9 -999.9 -999.9 Rio_Grande_do_Sul EPAGRI -999.9 -999.9 -999.9
-28.298889 -51.378178 EPAGRI-2416 2026-09-08_08:00 10.4 10.4 7.3 93.4 100.0 92.9 9.4 -999.9 -999.9 -999.9 -999.9 -999.9 -999.9 -999.9 -999.9 -999.9 0.0 0.0 0.0 0.0 0.0 0.0 21.6 6.6 100.0 40.8 -999.9 EPAGRI_-_Lagoa_Vermelha_-_BASF_(848_m) -999.9 -999.9 -999.9 -999.9 -999.9 -999.9 -999.9 -999.9 Rio_Grande_do_Sul EPAGRI -999.9 -999.9 -999.9
-28.298889 -51.378178 EPAGRI-2416 2026-09-08_09:00 13.1 13.1 10.3 82.3 93.4 82.2 10.1 -999.9 -999.9 -999.9 -999.9 -999.9 -999.9 -999.9 -999.9 -999.9 0.0 0.0 0.0 0.0 0.0 0.0 21.6 6.6 100.0 40.8 -999.9 EPAGRI_-_Lagoa_Vermelha_-_BASF_(848_m) -999.9 -999.9 -999.9 -999.9 -999.9 -999.9 -999.9 -999.9 Rio_Grande_do_Sul EPAGRI -999.9 -999.9 -999.9
-28.298889 -51.378178 EPAGRI-2416 2026-09-08_10:00 15.8 15.9 13.1 75.6 84.4 74.8 11.5 -999.9 -999.9 -999.9 -999.9 -999.9 -999.9 -999.9 -999.9 -999.9 0.0 0.0 0.0 0.0 0.0 0.0 21.6 6.6 100.0 40.8 -999.9 EPAGRI_-_Lagoa_Vermelha_-_BASF_(848_m) -999.9 -999.9 -999.9 -999.9 -999.9 -999.9 -999.9 -999.9 Rio_Grande_do_Sul EPAGRI -999.9 -999.9 -999.9
-28.298889 -51.378178 EPAGRI-2416 2026-09-08_11:00 18.5 18.5 15.7 68.9 77.5 66.1 12.6 -999.9 -999.9 -999.9 -999.9 -999.9 -999.9 -999.9 -999.9 -999.9 0.0 0.0 0.0 0.0 0.0 0.0 21.6 6.6 100.0 40.8 -999.9 EPAGRI_-_Lagoa_Vermelha_-_BASF_(848_m) -999.9 -999.9 -999.9 -999.9 -999.9 -999.9 -999.9 -999.9 Rio_Grande_do_Sul EPAGRI -999.9 -999.9 -999.9
-28.298889 -51.378178 EPAGRI-2416 2026-09-08_12:00 19.3 19.3 18.3 55.1 71.4 54.9 10.0 -999.9 -999.9 -999.9 -999.9 -999.9 -999.9 -999.9 -999.9 -999.9 0.0 0.0 0.0 0.0 0.0 0.0 21.6 6.6 100.0 40.8 -999.9 EPAGRI_-_Lagoa_Vermelha_-_BASF_(848_m) -999.9 -999.9 -999.9 -999.9 -999.9 -999.9 -999.9 -999.9 Rio_Grande_do_Sul EPAGRI -999.9 -999.9 -999.9
-28.298889 -51.378178 EPAGRI-2416 2026-09-08_13:00 20.2 20.3 19.2 54.2 60.5 47.5 10.6 -999.9 -999.9 -999.9 -999.9 -999.9 -999.9 -999.9 -999.9 -999.9 0.0 0.0 0.0 0.0 0.0 0.0 21.6 6.6 100.0 40.8 -999.9 EPAGRI_-_Lagoa_Vermelha_-_BASF_(848_m) -999.9 -999.9 -999.9 -999.9 -999.9 -999.9 -999.9 -999.9 Rio_Grande_do_Sul EPAGRI -999.9 -999.9 -999.9
-28.298889 -51.378178 EPAGRI-2416 2026-09-08_14:00 21.0 21.2 19.7 50.2 55.5 44.7 10.2 -999.9 -999.9 -999.9 -999.9 -999.9 -999.9 -999.9 -999.9 -999.9 0.0 0.0 0.0 0.0 0.0 0.0 21.6 6.6 100.0 40.8 -999.9 EPAGRI_-_Lagoa_Vermelha_-_BASF_(848_m) -999.9 -999.9 -999.9 -999.9 -999.9 -999.9 -999.9 -999.9 Rio_Grande_do_Sul EPAGRI -999.9 -999.9 -999.9
-28.298889 -51.378178 EPAGRI-2416 2026-09-08_15:00 21.0 21.6 20.0 46.1 52.7 44.0 8.9 -999.9 -999.9 -999.9 -999.9 -999.9 -999.9 -999.9 -999.9 -999.9 0.0 0.0 0.0 0.0 0.0 0.0 21.6 6.6 100.0 40.8 -999.9 EPAGRI_-_Lagoa_Vermelha_-_BASF_(848_m) -999.9 -999.9 -999.9 -999.9 -999.9 -999.9 -999.9 -999.9 Rio_Grande_do_Sul EPAGRI -999.9 -999.9 -999.9
-28.298889 -51.378178 EPAGRI-2416 2026-09-08_16:00 20.9 21.5 20.3 47.7 48.9 40.8 9.3 -999.9 -999.9 -999.9 -999.9 -999.9 -999.9 -999.9 -999.9 -999.9 0.0 0.0 0.0 0.0 0.0 0.0 21.6 6.6 100.0 40.8 -999.9 EPAGRI_-_Lagoa_Vermelha_-_BASF_(848_m) -999.9 -999.9 -999.9 -999.9 -999.9 -999.9 -999.9 -999.9 Rio_Grande_do_Sul EPAGRI -999.9 -999.9 -999.9
-28.298889 -51.378178 EPAGRI-2416 2026-09-08_17:00 18.7 21.4 18.7 53.1 54.2 43.3 8.9 -999.9 -999.9 -999.9 -999.9 -999.9 -999.9 -999.9 -999.9 -999.9 0.0 0.0 0.0 0.0 0.0 0.0 21.6 6.6 100.0 40.8 -999.9 EPAGRI_-_Lagoa_Vermelha_-_BASF_(848_m) -999.9 -999.9 -999.9 -999.9 -999.9 -999.9 -999.9 -999.9 Rio_Grande_do_Sul EPAGRI -999.9 -999.9 -999.9
-28.298889 -51.378178 EPAGRI-2416 2026-09-08_18:00 15.6 18.7 15.6 67.9 68.2 52.9 9.6 -999.9 -999.9 -999.9 -999.9 -999.9 -999.9 -999.9 -999.9 -999.9 0.0 0.0 0.0 0.0 0.0 0.0 21.6 6.6 100.0 40.8 -999.9 EPAGRI_-_Lagoa_Vermelha_-_BASF_(848_m) -999.9 -999.9 -999.9 -999.9 -999.9 -999.9 -999.9 -999.9 Rio_Grande_do_Sul EPAGRI -999.9 -999.9 -999.9
-28.298889 -51.378178 EPAGRI-2416 2026-09-08_19:00 15.4 15.6 14.6 66.8 70.8 66.8 9.3 -999.9 -999.9 -999.9 -999.9 -999.9 -999.9 -999.9 -999.9 -999.9 0.0 0.0 0.0 0.0 0.0 0.0 21.6 6.6 100.0 40.8 -999.9 EPAGRI_-_Lagoa_Vermelha_-_BASF_(848_m) -999.9 -999.9 -999.9 -999.9 -999.9 -999.9 -999.9 -999.9 Rio_Grande_do_Sul EPAGRI -999.9 -999.9 -999.9
-28.298889 -51.378178 EPAGRI-2416 2026-09-08_20:00 12.5 16.0 12.5 79.6 79.6 63.7 9.1 -999.9 -999.9 -999.9 -999.9 -999.9 -999.9 -999.9 -999.9 -999.9 0.0 0.0 0.0 0.0 0.0 0.0 21.6 6.6 100.0 40.8 -999.9 EPAGRI_-_Lagoa_Vermelha_-_BASF_(848_m) -999.9 -999.9 -999.9 -999.9 -999.9 -999.9 -999.9 -999.9 Rio_Grande_do_Sul EPAGRI -999.9 -999.9 -999.9
-28.298889 -51.378178 EPAGRI-2416 2026-09-08_21:00 12.8 13.0 12.2 77.3 81.0 77.3 8.9 -999.9 -999.9 -999.9 -999.9 -999.9 -999.9 -999.9 -999.9 -999.9 0.0 0.0 0.0 0.0 0.0 0.0 21.6 6.6 100.0 40.8 -999.9 EPAGRI_-_Lagoa_Vermelha_-_BASF_(848_m) -999.9 -999.9 -999.9 -999.9 -999.9 -999.9 -999.9 -999.9 Rio_Grande_do_Sul EPAGRI -999.9 -999.9 -999.9
-28.298889 -51.378178 EPAGRI-2416 2026-09-08_22:00 12.2 13.2 12.0 79.7 80.1 74.8 8.7 -999.9 -999.9 -999.9 -999.9 -999.9 -999.9 -999.9 -999.9 -999.9 0.0 0.0 0.0 0.0 0.0 0.0 21.6 6.6 100.0 40.8 -999.9 EPAGRI_-_Lagoa_Vermelha_-_BASF_(848_m) -999.9 -999.9 -999.9 -999.9 -999.9 -999.9 -999.9 -999.9 Rio_Grande_do_Sul EPAGRI -999.9 -999.9 -999.9
-28.298889 -51.378178 EPAGRI-2416 2026-09-08_23:00 11.4 12.2 11.4 80.4 80.8 77.8 8.1 -999.9 -999.9 -999.9 -999.9 -999.9 -999.9 -999.9 -999.9 -999.9 0.0 0.0 0.0 0.0 0.0 0.0 21.6 6.6 100.0 40.8 -999.9 EPAGRI_-_Lagoa_Vermelha_-_BASF_(848_m) -999.9 -999.9 -999.9 -999.9 -999.9 -999.9 -999.9 -999.9 Rio_Grande_do_Sul EPAGRI -999.9 -999.9 -999.9
