-28.86805 -50.45611 86160000 2026-07-28_00:00 -999.9 -999.9 -999.9 -999.9 -999.9 -999.9 -999.9 -999.9 -999.9 -999.9 -999.9 -999.9 -999.9 -999.9 -999.9 -999.9 0.0 0.0 4.2 4.2 4.4 27.0 -999.9 -999.9 -999.9 -999.9 -999.9 SGB/CPRM_-_Passo_Tainhas_(634_m) -999.9 -999.9 -999.9 -999.9 -999.9 -999.9 -999.9 -999.9 Brasil SGB/CPRM -999.9 0.0 0.0 1.07 1.07 1.07 0 0 1.18 1.33 1.6 4.65
-28.86805 -50.45611 86160000 2026-07-28_00:15 -999.9 -999.9 -999.9 -999.9 -999.9 -999.9 -999.9 -999.9 -999.9 -999.9 -999.9 -999.9 -999.9 -999.9 -999.9 -999.9 0.0 0.0 4.2 4.2 4.4 27.0 -999.9 -999.9 -999.9 -999.9 -999.9 SGB/CPRM_-_Passo_Tainhas_(634_m) -999.9 -999.9 -999.9 -999.9 -999.9 -999.9 -999.9 -999.9 Brasil SGB/CPRM -999.9 0.0 0.0 1.07 1.07 1.07 0 0 1.18 1.33 1.6 4.65
-28.86805 -50.45611 86160000 2026-07-28_00:30 -999.9 -999.9 -999.9 -999.9 -999.9 -999.9 -999.9 -999.9 -999.9 -999.9 -999.9 -999.9 -999.9 -999.9 -999.9 -999.9 0.0 0.0 4.2 4.2 4.4 27.0 -999.9 -999.9 -999.9 -999.9 -999.9 SGB/CPRM_-_Passo_Tainhas_(634_m) -999.9 -999.9 -999.9 -999.9 -999.9 -999.9 -999.9 -999.9 Brasil SGB/CPRM -999.9 0.0 0.0 1.07 1.07 1.07 0 0 1.18 1.33 1.6 4.65
-28.86805 -50.45611 86160000 2026-07-28_00:45 -999.9 -999.9 -999.9 -999.9 -999.9 -999.9 -999.9 -999.9 -999.9 -999.9 -999.9 -999.9 -999.9 -999.9 -999.9 -999.9 0.0 0.0 4.2 4.2 4.4 27.0 -999.9 -999.9 -999.9 -999.9 -999.9 SGB/CPRM_-_Passo_Tainhas_(634_m) -999.9 -999.9 -999.9 -999.9 -999.9 -999.9 -999.9 -999.9 Brasil SGB/CPRM -999.9 0.0 0.0 1.07 1.07 1.07 0 0 1.18 1.33 1.6 4.65
-28.86805 -50.45611 86160000 2026-07-28_01:00 -999.9 -999.9 -999.9 -999.9 -999.9 -999.9 -999.9 -999.9 -999.9 -999.9 -999.9 -999.9 -999.9 -999.9 -999.9 -999.9 0.0 0.0 4.2 4.2 4.4 27.0 -999.9 -999.9 -999.9 -999.9 -999.9 SGB/CPRM_-_Passo_Tainhas_(634_m) -999.9 -999.9 -999.9 -999.9 -999.9 -999.9 -999.9 -999.9 Brasil SGB/CPRM -999.9 0.0 0.0 1.07 1.07 1.07 0 0 1.18 1.33 1.6 4.65
-28.86805 -50.45611 86160000 2026-07-28_01:15 -999.9 -999.9 -999.9 -999.9 -999.9 -999.9 -999.9 -999.9 -999.9 -999.9 -999.9 -999.9 -999.9 -999.9 -999.9 -999.9 0.0 0.0 4.2 4.2 4.4 27.0 -999.9 -999.9 -999.9 -999.9 -999.9 SGB/CPRM_-_Passo_Tainhas_(634_m) -999.9 -999.9 -999.9 -999.9 -999.9 -999.9 -999.9 -999.9 Brasil SGB/CPRM -999.9 0.0 0.0 1.07 1.07 1.07 0 0 1.18 1.33 1.6 4.65
-28.86805 -50.45611 86160000 2026-07-28_01:30 -999.9 -999.9 -999.9 -999.9 -999.9 -999.9 -999.9 -999.9 -999.9 -999.9 -999.9 -999.9 -999.9 -999.9 -999.9 -999.9 0.0 0.0 4.2 4.2 4.4 27.0 -999.9 -999.9 -999.9 -999.9 -999.9 SGB/CPRM_-_Passo_Tainhas_(634_m) -999.9 -999.9 -999.9 -999.9 -999.9 -999.9 -999.9 -999.9 Brasil SGB/CPRM -999.9 0.0 0.0 1.07 1.07 1.07 0 0 1.18 1.33 1.6 4.65
-28.86805 -50.45611 86160000 2026-07-28_01:45 -999.9 -999.9 -999.9 -999.9 -999.9 -999.9 -999.9 -999.9 -999.9 -999.9 -999.9 -999.9 -999.9 -999.9 -999.9 -999.9 0.0 0.0 4.2 4.2 4.4 27.0 -999.9 -999.9 -999.9 -999.9 -999.9 SGB/CPRM_-_Passo_Tainhas_(634_m) -999.9 -999.9 -999.9 -999.9 -999.9 -999.9 -999.9 -999.9 Brasil SGB/CPRM -999.9 0.0 0.0 1.07 1.07 1.07 0 0 1.18 1.33 1.6 4.65
-28.86805 -50.45611 86160000 2026-07-28_02:00 -999.9 -999.9 -999.9 -999.9 -999.9 -999.9 -999.9 -999.9 -999.9 -999.9 -999.9 -999.9 -999.9 -999.9 -999.9 -999.9 0.0 0.0 4.2 4.2 4.4 27.0 -999.9 -999.9 -999.9 -999.9 -999.9 SGB/CPRM_-_Passo_Tainhas_(634_m) -999.9 -999.9 -999.9 -999.9 -999.9 -999.9 -999.9 -999.9 Brasil SGB/CPRM -999.9 0.0 0.0 1.07 1.07 1.07 0 0 1.18 1.33 1.6 4.65
-28.86805 -50.45611 86160000 2026-07-28_02:15 -999.9 -999.9 -999.9 -999.9 -999.9 -999.9 -999.9 -999.9 -999.9 -999.9 -999.9 -999.9 -999.9 -999.9 -999.9 -999.9 0.0 0.0 4.2 4.2 4.4 27.0 -999.9 -999.9 -999.9 -999.9 -999.9 SGB/CPRM_-_Passo_Tainhas_(634_m) -999.9 -999.9 -999.9 -999.9 -999.9 -999.9 -999.9 -999.9 Brasil SGB/CPRM -999.9 0.0 0.0 1.07 1.07 1.07 0 0 1.18 1.33 1.6 4.65
-28.86805 -50.45611 86160000 2026-07-28_02:30 -999.9 -999.9 -999.9 -999.9 -999.9 -999.9 -999.9 -999.9 -999.9 -999.9 -999.9 -999.9 -999.9 -999.9 -999.9 -999.9 0.0 0.0 4.2 4.2 4.4 27.0 -999.9 -999.9 -999.9 -999.9 -999.9 SGB/CPRM_-_Passo_Tainhas_(634_m) -999.9 -999.9 -999.9 -999.9 -999.9 -999.9 -999.9 -999.9 Brasil SGB/CPRM -999.9 0.0 0.0 1.07 1.07 1.07 0 0 1.18 1.33 1.6 4.65
-28.86805 -50.45611 86160000 2026-07-28_02:45 -999.9 -999.9 -999.9 -999.9 -999.9 -999.9 -999.9 -999.9 -999.9 -999.9 -999.9 -999.9 -999.9 -999.9 -999.9 -999.9 0.0 0.0 4.2 4.2 4.4 27.0 -999.9 -999.9 -999.9 -999.9 -999.9 SGB/CPRM_-_Passo_Tainhas_(634_m) -999.9 -999.9 -999.9 -999.9 -999.9 -999.9 -999.9 -999.9 Brasil SGB/CPRM -999.9 0.0 0.0 1.07 1.07 1.07 0 0 1.18 1.33 1.6 4.65
-28.86805 -50.45611 86160000 2026-07-28_03:00 -999.9 -999.9 -999.9 -999.9 -999.9 -999.9 -999.9 -999.9 -999.9 -999.9 -999.9 -999.9 -999.9 -999.9 -999.9 -999.9 0.0 0.0 4.2 4.2 4.4 27.0 -999.9 -999.9 -999.9 -999.9 -999.9 SGB/CPRM_-_Passo_Tainhas_(634_m) -999.9 -999.9 -999.9 -999.9 -999.9 -999.9 -999.9 -999.9 Brasil SGB/CPRM -999.9 0.0 0.0 1.07 1.07 1.07 0 0 1.18 1.33 1.6 4.65
-28.86805 -50.45611 86160000 2026-07-28_03:15 -999.9 -999.9 -999.9 -999.9 -999.9 -999.9 -999.9 -999.9 -999.9 -999.9 -999.9 -999.9 -999.9 -999.9 -999.9 -999.9 0.0 0.0 4.2 4.2 4.4 27.0 -999.9 -999.9 -999.9 -999.9 -999.9 SGB/CPRM_-_Passo_Tainhas_(634_m) -999.9 -999.9 -999.9 -999.9 -999.9 -999.9 -999.9 -999.9 Brasil SGB/CPRM -999.9 0.0 0.0 1.07 1.07 1.07 0 0 1.18 1.33 1.6 4.65
-28.86805 -50.45611 86160000 2026-07-28_03:30 -999.9 -999.9 -999.9 -999.9 -999.9 -999.9 -999.9 -999.9 -999.9 -999.9 -999.9 -999.9 -999.9 -999.9 -999.9 -999.9 0.0 0.0 4.2 4.2 4.4 27.0 -999.9 -999.9 -999.9 -999.9 -999.9 SGB/CPRM_-_Passo_Tainhas_(634_m) -999.9 -999.9 -999.9 -999.9 -999.9 -999.9 -999.9 -999.9 Brasil SGB/CPRM -999.9 0.0 0.0 1.07 1.07 1.07 0 0 1.18 1.33 1.6 4.65
-28.86805 -50.45611 86160000 2026-07-28_03:45 -999.9 -999.9 -999.9 -999.9 -999.9 -999.9 -999.9 -999.9 -999.9 -999.9 -999.9 -999.9 -999.9 -999.9 -999.9 -999.9 0.0 0.0 4.2 4.2 4.4 27.0 -999.9 -999.9 -999.9 -999.9 -999.9 SGB/CPRM_-_Passo_Tainhas_(634_m) -999.9 -999.9 -999.9 -999.9 -999.9 -999.9 -999.9 -999.9 Brasil SGB/CPRM -999.9 0.0 0.0 1.07 1.07 1.07 0 0 1.18 1.33 1.6 4.65
-28.86805 -50.45611 86160000 2026-07-28_04:00 -999.9 -999.9 -999.9 -999.9 -999.9 -999.9 -999.9 -999.9 -999.9 -999.9 -999.9 -999.9 -999.9 -999.9 -999.9 -999.9 0.0 0.0 4.2 4.2 4.4 27.0 -999.9 -999.9 -999.9 -999.9 -999.9 SGB/CPRM_-_Passo_Tainhas_(634_m) -999.9 -999.9 -999.9 -999.9 -999.9 -999.9 -999.9 -999.9 Brasil SGB/CPRM -999.9 0.0 0.0 1.07 1.07 1.07 0 0 1.18 1.33 1.6 4.65
-28.86805 -50.45611 86160000 2026-07-28_04:15 -999.9 -999.9 -999.9 -999.9 -999.9 -999.9 -999.9 -999.9 -999.9 -999.9 -999.9 -999.9 -999.9 -999.9 -999.9 -999.9 0.0 0.0 4.2 4.2 4.4 27.0 -999.9 -999.9 -999.9 -999.9 -999.9 SGB/CPRM_-_Passo_Tainhas_(634_m) -999.9 -999.9 -999.9 -999.9 -999.9 -999.9 -999.9 -999.9 Brasil SGB/CPRM -999.9 0.0 0.0 1.07 1.07 1.07 0 0 1.18 1.33 1.6 4.65
-28.86805 -50.45611 86160000 2026-07-28_04:30 -999.9 -999.9 -999.9 -999.9 -999.9 -999.9 -999.9 -999.9 -999.9 -999.9 -999.9 -999.9 -999.9 -999.9 -999.9 -999.9 0.2 0.2 4.4 4.4 4.6 27.2 -999.9 -999.9 -999.9 -999.9 -999.9 SGB/CPRM_-_Passo_Tainhas_(634_m) -999.9 -999.9 -999.9 -999.9 -999.9 -999.9 -999.9 -999.9 Brasil SGB/CPRM -999.9 0.2 0.2 1.07 1.07 1.07 0 0 1.18 1.33 1.6 4.65
-28.86805 -50.45611 86160000 2026-07-28_04:45 -999.9 -999.9 -999.9 -999.9 -999.9 -999.9 -999.9 -999.9 -999.9 -999.9 -999.9 -999.9 -999.9 -999.9 -999.9 -999.9 0.2 0.2 4.4 4.4 4.6 27.2 -999.9 -999.9 -999.9 -999.9 -999.9 SGB/CPRM_-_Passo_Tainhas_(634_m) -999.9 -999.9 -999.9 -999.9 -999.9 -999.9 -999.9 -999.9 Brasil SGB/CPRM -999.9 0.0 0.2 1.07 1.07 1.07 0 0 1.18 1.33 1.6 4.65
-28.86805 -50.45611 86160000 2026-07-28_05:00 -999.9 -999.9 -999.9 -999.9 -999.9 -999.9 -999.9 -999.9 -999.9 -999.9 -999.9 -999.9 -999.9 -999.9 -999.9 -999.9 0.2 0.2 4.4 4.4 4.6 27.2 -999.9 -999.9 -999.9 -999.9 -999.9 SGB/CPRM_-_Passo_Tainhas_(634_m) -999.9 -999.9 -999.9 -999.9 -999.9 -999.9 -999.9 -999.9 Brasil SGB/CPRM -999.9 0.0 0.2 1.06 1.07 1.06 0 -0.01 1.18 1.33 1.6 4.65
-28.86805 -50.45611 86160000 2026-07-28_05:15 -999.9 -999.9 -999.9 -999.9 -999.9 -999.9 -999.9 -999.9 -999.9 -999.9 -999.9 -999.9 -999.9 -999.9 -999.9 -999.9 0.2 0.2 4.4 4.4 4.6 27.2 -999.9 -999.9 -999.9 -999.9 -999.9 SGB/CPRM_-_Passo_Tainhas_(634_m) -999.9 -999.9 -999.9 -999.9 -999.9 -999.9 -999.9 -999.9 Brasil SGB/CPRM -999.9 0.0 0.2 1.07 1.07 1.06 0 0 1.18 1.33 1.6 4.65
-28.86805 -50.45611 86160000 2026-07-28_05:30 -999.9 -999.9 -999.9 -999.9 -999.9 -999.9 -999.9 -999.9 -999.9 -999.9 -999.9 -999.9 -999.9 -999.9 -999.9 -999.9 0.0 0.2 4.4 4.4 4.6 27.2 -999.9 -999.9 -999.9 -999.9 -999.9 SGB/CPRM_-_Passo_Tainhas_(634_m) -999.9 -999.9 -999.9 -999.9 -999.9 -999.9 -999.9 -999.9 Brasil SGB/CPRM -999.9 0.0 0.2 1.07 1.07 1.06 0 0 1.18 1.33 1.6 4.65
-28.86805 -50.45611 86160000 2026-07-28_05:45 -999.9 -999.9 -999.9 -999.9 -999.9 -999.9 -999.9 -999.9 -999.9 -999.9 -999.9 -999.9 -999.9 -999.9 -999.9 -999.9 0.0 0.2 4.4 4.4 4.6 27.2 -999.9 -999.9 -999.9 -999.9 -999.9 SGB/CPRM_-_Passo_Tainhas_(634_m) -999.9 -999.9 -999.9 -999.9 -999.9 -999.9 -999.9 -999.9 Brasil SGB/CPRM -999.9 0.0 0.2 1.07 1.07 1.06 0 0 1.18 1.33 1.6 4.65
-28.86805 -50.45611 86160000 2026-07-28_06:00 -999.9 -999.9 -999.9 -999.9 -999.9 -999.9 -999.9 -999.9 -999.9 -999.9 -999.9 -999.9 -999.9 -999.9 -999.9 -999.9 0.0 0.2 4.4 4.4 4.6 27.2 -999.9 -999.9 -999.9 -999.9 -999.9 SGB/CPRM_-_Passo_Tainhas_(634_m) -999.9 -999.9 -999.9 -999.9 -999.9 -999.9 -999.9 -999.9 Brasil SGB/CPRM -999.9 0.0 0.2 1.07 1.07 1.06 0 0.01 1.18 1.33 1.6 4.65
-28.86805 -50.45611 86160000 2026-07-28_06:15 -999.9 -999.9 -999.9 -999.9 -999.9 -999.9 -999.9 -999.9 -999.9 -999.9 -999.9 -999.9 -999.9 -999.9 -999.9 -999.9 0.0 0.2 4.4 4.4 4.6 27.2 -999.9 -999.9 -999.9 -999.9 -999.9 SGB/CPRM_-_Passo_Tainhas_(634_m) -999.9 -999.9 -999.9 -999.9 -999.9 -999.9 -999.9 -999.9 Brasil SGB/CPRM -999.9 0.0 0.2 1.06 1.07 1.06 0 -0.01 1.18 1.33 1.6 4.65
-28.86805 -50.45611 86160000 2026-07-28_06:30 -999.9 -999.9 -999.9 -999.9 -999.9 -999.9 -999.9 -999.9 -999.9 -999.9 -999.9 -999.9 -999.9 -999.9 -999.9 -999.9 0.0 0.2 4.4 4.4 4.6 27.2 -999.9 -999.9 -999.9 -999.9 -999.9 SGB/CPRM_-_Passo_Tainhas_(634_m) -999.9 -999.9 -999.9 -999.9 -999.9 -999.9 -999.9 -999.9 Brasil SGB/CPRM -999.9 0.0 0.2 1.07 1.07 1.06 0 0 1.18 1.33 1.6 4.65
-28.86805 -50.45611 86160000 2026-07-28_06:45 -999.9 -999.9 -999.9 -999.9 -999.9 -999.9 -999.9 -999.9 -999.9 -999.9 -999.9 -999.9 -999.9 -999.9 -999.9 -999.9 0.0 0.2 4.4 4.4 4.6 27.2 -999.9 -999.9 -999.9 -999.9 -999.9 SGB/CPRM_-_Passo_Tainhas_(634_m) -999.9 -999.9 -999.9 -999.9 -999.9 -999.9 -999.9 -999.9 Brasil SGB/CPRM -999.9 0.0 0.2 1.07 1.07 1.06 0 0 1.18 1.33 1.6 4.65
-28.86805 -50.45611 86160000 2026-07-28_07:00 -999.9 -999.9 -999.9 -999.9 -999.9 -999.9 -999.9 -999.9 -999.9 -999.9 -999.9 -999.9 -999.9 -999.9 -999.9 -999.9 0.0 0.2 4.4 4.4 4.6 27.2 -999.9 -999.9 -999.9 -999.9 -999.9 SGB/CPRM_-_Passo_Tainhas_(634_m) -999.9 -999.9 -999.9 -999.9 -999.9 -999.9 -999.9 -999.9 Brasil SGB/CPRM -999.9 0.0 0.2 1.05 1.07 1.05 0 -0.02 1.18 1.33 1.6 4.65
-28.86805 -50.45611 86160000 2026-07-28_07:15 -999.9 -999.9 -999.9 -999.9 -999.9 -999.9 -999.9 -999.9 -999.9 -999.9 -999.9 -999.9 -999.9 -999.9 -999.9 -999.9 1.2 1.4 5.6 5.6 5.8 28.4 -999.9 -999.9 -999.9 -999.9 -999.9 SGB/CPRM_-_Passo_Tainhas_(634_m) -999.9 -999.9 -999.9 -999.9 -999.9 -999.9 -999.9 -999.9 Brasil SGB/CPRM -999.9 1.2 1.4 1.07 1.07 1.05 0 0.01 1.18 1.33 1.6 4.65
-28.86805 -50.45611 86160000 2026-07-28_07:30 -999.9 -999.9 -999.9 -999.9 -999.9 -999.9 -999.9 -999.9 -999.9 -999.9 -999.9 -999.9 -999.9 -999.9 -999.9 -999.9 3.2 3.4 7.6 7.6 7.8 30.4 -999.9 -999.9 -999.9 -999.9 -999.9 SGB/CPRM_-_Passo_Tainhas_(634_m) -999.9 -999.9 -999.9 -999.9 -999.9 -999.9 -999.9 -999.9 Brasil SGB/CPRM -999.9 2.0 3.4 1.07 1.07 1.05 0 0 1.18 1.33 1.6 4.65
-28.86805 -50.45611 86160000 2026-07-28_07:45 -999.9 -999.9 -999.9 -999.9 -999.9 -999.9 -999.9 -999.9 -999.9 -999.9 -999.9 -999.9 -999.9 -999.9 -999.9 -999.9 3.4 3.6 7.8 7.8 8.0 30.6 -999.9 -999.9 -999.9 -999.9 -999.9 SGB/CPRM_-_Passo_Tainhas_(634_m) -999.9 -999.9 -999.9 -999.9 -999.9 -999.9 -999.9 -999.9 Brasil SGB/CPRM -999.9 0.2 3.6 1.07 1.07 1.05 0 0 1.18 1.33 1.6 4.65
-28.86805 -50.45611 86160000 2026-07-28_08:00 -999.9 -999.9 -999.9 -999.9 -999.9 -999.9 -999.9 -999.9 -999.9 -999.9 -999.9 -999.9 -999.9 -999.9 -999.9 -999.9 3.4 3.6 7.8 7.8 8.0 30.6 -999.9 -999.9 -999.9 -999.9 -999.9 SGB/CPRM_-_Passo_Tainhas_(634_m) -999.9 -999.9 -999.9 -999.9 -999.9 -999.9 -999.9 -999.9 Brasil SGB/CPRM -999.9 0.0 3.6 1.07 1.07 1.05 1 0.02 1.18 1.33 1.6 4.65
-28.86805 -50.45611 86160000 2026-07-28_08:15 -999.9 -999.9 -999.9 -999.9 -999.9 -999.9 -999.9 -999.9 -999.9 -999.9 -999.9 -999.9 -999.9 -999.9 -999.9 -999.9 4.2 5.6 9.8 9.8 10.0 32.6 -999.9 -999.9 -999.9 -999.9 -999.9 SGB/CPRM_-_Passo_Tainhas_(634_m) -999.9 -999.9 -999.9 -999.9 -999.9 -999.9 -999.9 -999.9 Brasil SGB/CPRM -999.9 2.0 5.6 1.08 1.08 1.05 0 0.01 1.18 1.33 1.6 4.65
-28.86805 -50.45611 86160000 2026-07-28_08:30 -999.9 -999.9 -999.9 -999.9 -999.9 -999.9 -999.9 -999.9 -999.9 -999.9 -999.9 -999.9 -999.9 -999.9 -999.9 -999.9 3.0 6.4 10.6 10.6 10.8 33.4 -999.9 -999.9 -999.9 -999.9 -999.9 SGB/CPRM_-_Passo_Tainhas_(634_m) -999.9 -999.9 -999.9 -999.9 -999.9 -999.9 -999.9 -999.9 Brasil SGB/CPRM -999.9 0.8 6.4 1.07 1.08 1.05 0 0 1.18 1.33 1.6 4.65
-28.86805 -50.45611 86160000 2026-07-28_08:45 -999.9 -999.9 -999.9 -999.9 -999.9 -999.9 -999.9 -999.9 -999.9 -999.9 -999.9 -999.9 -999.9 -999.9 -999.9 -999.9 8.8 12.4 16.6 16.6 16.8 39.4 -999.9 -999.9 -999.9 -999.9 -999.9 SGB/CPRM_-_Passo_Tainhas_(634_m) -999.9 -999.9 -999.9 -999.9 -999.9 -999.9 -999.9 -999.9 Brasil SGB/CPRM -999.9 6.0 12.4 1.08 1.08 1.05 0 0.01 1.18 1.33 1.6 4.65
-28.86805 -50.45611 86160000 2026-07-28_09:00 -999.9 -999.9 -999.9 -999.9 -999.9 -999.9 -999.9 -999.9 -999.9 -999.9 -999.9 -999.9 -999.9 -999.9 -999.9 -999.9 9.8 13.4 17.6 17.6 17.8 40.4 -999.9 -999.9 -999.9 -999.9 -999.9 SGB/CPRM_-_Passo_Tainhas_(634_m) -999.9 -999.9 -999.9 -999.9 -999.9 -999.9 -999.9 -999.9 Brasil SGB/CPRM -999.9 1.0 13.4 1.08 1.08 1.05 0 0.01 1.18 1.33 1.6 4.65
-28.86805 -50.45611 86160000 2026-07-28_09:15 -999.9 -999.9 -999.9 -999.9 -999.9 -999.9 -999.9 -999.9 -999.9 -999.9 -999.9 -999.9 -999.9 -999.9 -999.9 -999.9 9.4 15.0 19.2 19.2 19.4 42.0 -999.9 -999.9 -999.9 -999.9 -999.9 SGB/CPRM_-_Passo_Tainhas_(634_m) -999.9 -999.9 -999.9 -999.9 -999.9 -999.9 -999.9 -999.9 Brasil SGB/CPRM -999.9 1.6 15.0 1.09 1.09 1.05 0 0.01 1.18 1.33 1.6 4.65
-28.86805 -50.45611 86160000 2026-07-28_09:30 -999.9 -999.9 -999.9 -999.9 -999.9 -999.9 -999.9 -999.9 -999.9 -999.9 -999.9 -999.9 -999.9 -999.9 -999.9 -999.9 11.2 17.6 21.8 21.8 22.0 44.6 -999.9 -999.9 -999.9 -999.9 -999.9 SGB/CPRM_-_Passo_Tainhas_(634_m) -999.9 -999.9 -999.9 -999.9 -999.9 -999.9 -999.9 -999.9 Brasil SGB/CPRM -999.9 2.6 17.6 1.09 1.09 1.05 1 0.02 1.18 1.33 1.6 4.65
-28.86805 -50.45611 86160000 2026-07-28_09:45 -999.9 -999.9 -999.9 -999.9 -999.9 -999.9 -999.9 -999.9 -999.9 -999.9 -999.9 -999.9 -999.9 -999.9 -999.9 -999.9 6.8 19.2 23.4 23.4 23.6 46.2 -999.9 -999.9 -999.9 -999.9 -999.9 SGB/CPRM_-_Passo_Tainhas_(634_m) -999.9 -999.9 -999.9 -999.9 -999.9 -999.9 -999.9 -999.9 Brasil SGB/CPRM -999.9 1.6 19.2 1.1 1.1 1.05 1 0.02 1.18 1.33 1.6 4.65
-28.86805 -50.45611 86160000 2026-07-28_10:00 -999.9 -999.9 -999.9 -999.9 -999.9 -999.9 -999.9 -999.9 -999.9 -999.9 -999.9 -999.9 -999.9 -999.9 -999.9 -999.9 8.2 21.6 25.8 25.8 26.0 48.6 -999.9 -999.9 -999.9 -999.9 -999.9 SGB/CPRM_-_Passo_Tainhas_(634_m) -999.9 -999.9 -999.9 -999.9 -999.9 -999.9 -999.9 -999.9 Brasil SGB/CPRM -999.9 2.4 21.6 1.1 1.1 1.05 1 0.02 1.18 1.33 1.6 4.65
-28.86805 -50.45611 86160000 2026-07-28_10:15 -999.9 -999.9 -999.9 -999.9 -999.9 -999.9 -999.9 -999.9 -999.9 -999.9 -999.9 -999.9 -999.9 -999.9 -999.9 -999.9 9.0 24.0 28.2 28.2 28.4 51.0 -999.9 -999.9 -999.9 -999.9 -999.9 SGB/CPRM_-_Passo_Tainhas_(634_m) -999.9 -999.9 -999.9 -999.9 -999.9 -999.9 -999.9 -999.9 Brasil SGB/CPRM -999.9 2.4 24.0 1.11 1.11 1.05 1 0.02 1.18 1.33 1.6 4.65
-28.86805 -50.45611 86160000 2026-07-28_10:30 -999.9 -999.9 -999.9 -999.9 -999.9 -999.9 -999.9 -999.9 -999.9 -999.9 -999.9 -999.9 -999.9 -999.9 -999.9 -999.9 8.2 25.8 30.0 30.0 30.2 52.8 -999.9 -999.9 -999.9 -999.9 -999.9 SGB/CPRM_-_Passo_Tainhas_(634_m) -999.9 -999.9 -999.9 -999.9 -999.9 -999.9 -999.9 -999.9 Brasil SGB/CPRM -999.9 1.8 25.8 1.12 1.12 1.05 1 0.03 1.18 1.33 1.6 4.65
-28.86805 -50.45611 86160000 2026-07-28_10:45 -999.9 -999.9 -999.9 -999.9 -999.9 -999.9 -999.9 -999.9 -999.9 -999.9 -999.9 -999.9 -999.9 -999.9 -999.9 -999.9 8.0 27.2 31.4 31.4 31.6 54.2 -999.9 -999.9 -999.9 -999.9 -999.9 SGB/CPRM_-_Passo_Tainhas_(634_m) -999.9 -999.9 -999.9 -999.9 -999.9 -999.9 -999.9 -999.9 Brasil SGB/CPRM -999.9 1.4 27.2 1.13 1.13 1.05 1 0.03 1.18 1.33 1.6 4.65
-28.86805 -50.45611 86160000 2026-07-28_11:00 -999.9 -999.9 -999.9 -999.9 -999.9 -999.9 -999.9 -999.9 -999.9 -999.9 -999.9 -999.9 -999.9 -999.9 -999.9 -999.9 6.6 28.2 32.4 32.4 32.6 55.2 -999.9 -999.9 -999.9 -999.9 -999.9 SGB/CPRM_-_Passo_Tainhas_(634_m) -999.9 -999.9 -999.9 -999.9 -999.9 -999.9 -999.9 -999.9 Brasil SGB/CPRM -999.9 1.0 28.2 1.15 1.15 1.05 1 0.05 1.18 1.33 1.6 4.65
-28.86805 -50.45611 86160000 2026-07-28_11:15 -999.9 -999.9 -999.9 -999.9 -999.9 -999.9 -999.9 -999.9 -999.9 -999.9 -999.9 -999.9 -999.9 -999.9 -999.9 -999.9 5.6 29.6 33.8 33.8 34.0 56.6 -999.9 -999.9 -999.9 -999.9 -999.9 SGB/CPRM_-_Passo_Tainhas_(634_m) -999.9 -999.9 -999.9 -999.9 -999.9 -999.9 -999.9 -999.9 Brasil SGB/CPRM -999.9 1.4 29.6 1.17 1.17 1.05 1 0.06 1.18 1.33 1.6 4.65
-28.86805 -50.45611 86160000 2026-07-28_11:30 -999.9 -999.9 -999.9 -999.9 -999.9 -999.9 -999.9 -999.9 -999.9 -999.9 -999.9 -999.9 -999.9 -999.9 -999.9 -999.9 4.6 30.4 34.6 34.6 34.8 57.4 -999.9 -999.9 -999.9 -999.9 -999.9 SGB/CPRM_-_Passo_Tainhas_(634_m) -999.9 -999.9 -999.9 -999.9 -999.9 -999.9 -999.9 -999.9 Brasil SGB/CPRM -999.9 0.8 30.4 1.19 1.19 1.05 1 0.07 1.19 1.33 1.6 4.65
-28.86805 -50.45611 86160000 2026-07-28_11:45 -999.9 -999.9 -999.9 -999.9 -999.9 -999.9 -999.9 -999.9 -999.9 -999.9 -999.9 -999.9 -999.9 -999.9 -999.9 -999.9 3.8 31.0 35.2 35.2 35.4 58.0 -999.9 -999.9 -999.9 -999.9 -999.9 SGB/CPRM_-_Passo_Tainhas_(634_m) -999.9 -999.9 -999.9 -999.9 -999.9 -999.9 -999.9 -999.9 Brasil SGB/CPRM -999.9 0.6 31.0 1.23 1.23 1.05 1 0.1 1.23 1.33 1.6 4.65
-28.86805 -50.45611 86160000 2026-07-28_12:00 -999.9 -999.9 -999.9 -999.9 -999.9 -999.9 -999.9 -999.9 -999.9 -999.9 -999.9 -999.9 -999.9 -999.9 -999.9 -999.9 3.6 31.8 36.0 36.0 36.2 58.8 -999.9 -999.9 -999.9 -999.9 -999.9 SGB/CPRM_-_Passo_Tainhas_(634_m) -999.9 -999.9 -999.9 -999.9 -999.9 -999.9 -999.9 -999.9 Brasil SGB/CPRM -999.9 0.8 31.8 1.26 1.26 1.05 1 0.11 1.26 1.33 1.6 4.65
-28.86805 -50.45611 86160000 2026-07-28_12:15 -999.9 -999.9 -999.9 -999.9 -999.9 -999.9 -999.9 -999.9 -999.9 -999.9 -999.9 -999.9 -999.9 -999.9 -999.9 -999.9 3.4 33.0 37.2 37.2 37.4 60.0 -999.9 -999.9 -999.9 -999.9 -999.9 SGB/CPRM_-_Passo_Tainhas_(634_m) -999.9 -999.9 -999.9 -999.9 -999.9 -999.9 -999.9 -999.9 Brasil SGB/CPRM -999.9 1.2 33.0 1.31 1.31 1.05 1 0.14 1.31 1.33 1.6 4.65
-28.86805 -50.45611 86160000 2026-07-28_12:30 -999.9 -999.9 -999.9 -999.9 -999.9 -999.9 -999.9 -999.9 -999.9 -999.9 -999.9 -999.9 -999.9 -999.9 -999.9 -999.9 3.4 33.8 38.0 38.0 38.2 60.8 -999.9 -999.9 -999.9 -999.9 -999.9 SGB/CPRM_-_Passo_Tainhas_(634_m) -999.9 -999.9 -999.9 -999.9 -999.9 -999.9 -999.9 -999.9 Brasil SGB/CPRM -999.9 0.8 33.8 1.39 1.39 1.05 1 0.2 1.39 1.39 1.6 4.65
-28.86805 -50.45611 86160000 2026-07-28_12:45 -999.9 -999.9 -999.9 -999.9 -999.9 -999.9 -999.9 -999.9 -999.9 -999.9 -999.9 -999.9 -999.9 -999.9 -999.9 -999.9 3.6 34.6 38.8 38.8 39.0 61.6 -999.9 -999.9 -999.9 -999.9 -999.9 SGB/CPRM_-_Passo_Tainhas_(634_m) -999.9 -999.9 -999.9 -999.9 -999.9 -999.9 -999.9 -999.9 Brasil SGB/CPRM -999.9 0.8 34.6 1.47 1.47 1.05 1 0.24 1.47 1.47 1.6 4.65
-28.86805 -50.45611 86160000 2026-07-28_13:00 -999.9 -999.9 -999.9 -999.9 -999.9 -999.9 -999.9 -999.9 -999.9 -999.9 -999.9 -999.9 -999.9 -999.9 -999.9 -999.9 3.2 35.0 39.2 39.2 39.4 62.0 -999.9 -999.9 -999.9 -999.9 -999.9 SGB/CPRM_-_Passo_Tainhas_(634_m) -999.9 -999.9 -999.9 -999.9 -999.9 -999.9 -999.9 -999.9 Brasil SGB/CPRM -999.9 0.4 35.0 1.59 1.59 1.05 1 0.33 1.59 1.59 1.6 4.65
-28.86805 -50.45611 86160000 2026-07-28_13:15 -999.9 -999.9 -999.9 -999.9 -999.9 -999.9 -999.9 -999.9 -999.9 -999.9 -999.9 -999.9 -999.9 -999.9 -999.9 -999.9 2.4 35.4 39.6 39.6 39.8 62.4 -999.9 -999.9 -999.9 -999.9 -999.9 SGB/CPRM_-_Passo_Tainhas_(634_m) -999.9 -999.9 -999.9 -999.9 -999.9 -999.9 -999.9 -999.9 Brasil SGB/CPRM -999.9 0.4 35.4 1.74 1.74 1.05 1 0.43 1.74 1.74 1.74 4.65
-28.86805 -50.45611 86160000 2026-07-28_13:30 -999.9 -999.9 -999.9 -999.9 -999.9 -999.9 -999.9 -999.9 -999.9 -999.9 -999.9 -999.9 -999.9 -999.9 -999.9 -999.9 2.2 36.0 40.2 40.2 40.4 63.0 -999.9 -999.9 -999.9 -999.9 -999.9 SGB/CPRM_-_Passo_Tainhas_(634_m) -999.9 -999.9 -999.9 -999.9 -999.9 -999.9 -999.9 -999.9 Brasil SGB/CPRM -999.9 0.6 36.0 1.91 1.91 1.05 1 0.52 1.91 1.91 1.91 4.65
-28.86805 -50.45611 86160000 2026-07-28_13:45 -999.9 -999.9 -999.9 -999.9 -999.9 -999.9 -999.9 -999.9 -999.9 -999.9 -999.9 -999.9 -999.9 -999.9 -999.9 -999.9 2.4 37.0 41.2 41.2 41.4 64.0 -999.9 -999.9 -999.9 -999.9 -999.9 SGB/CPRM_-_Passo_Tainhas_(634_m) -999.9 -999.9 -999.9 -999.9 -999.9 -999.9 -999.9 -999.9 Brasil SGB/CPRM -999.9 1.0 37.0 2.07 2.07 1.05 1 0.6 2.07 2.07 2.07 4.65
-28.86805 -50.45611 86160000 2026-07-28_14:00 -999.9 -999.9 -999.9 -999.9 -999.9 -999.9 -999.9 -999.9 -999.9 -999.9 -999.9 -999.9 -999.9 -999.9 -999.9 -999.9 2.8 37.8 42.0 42.0 42.2 64.8 -999.9 -999.9 -999.9 -999.9 -999.9 SGB/CPRM_-_Passo_Tainhas_(634_m) -999.9 -999.9 -999.9 -999.9 -999.9 -999.9 -999.9 -999.9 Brasil SGB/CPRM -999.9 0.8 37.8 2.2 2.2 1.05 1 0.61 2.2 2.2 2.2 4.65
-28.86805 -50.45611 86160000 2026-07-28_14:15 -999.9 -999.9 -999.9 -999.9 -999.9 -999.9 -999.9 -999.9 -999.9 -999.9 -999.9 -999.9 -999.9 -999.9 -999.9 -999.9 2.8 38.2 42.4 42.4 42.6 65.2 -999.9 -999.9 -999.9 -999.9 -999.9 SGB/CPRM_-_Passo_Tainhas_(634_m) -999.9 -999.9 -999.9 -999.9 -999.9 -999.9 -999.9 -999.9 Brasil SGB/CPRM -999.9 0.4 38.2 2.27 2.27 1.05 1 0.53 2.27 2.27 2.27 4.65
-28.86805 -50.45611 86160000 2026-07-28_14:30 -999.9 -999.9 -999.9 -999.9 -999.9 -999.9 -999.9 -999.9 -999.9 -999.9 -999.9 -999.9 -999.9 -999.9 -999.9 -999.9 3.4 39.4 43.6 43.6 43.8 66.4 -999.9 -999.9 -999.9 -999.9 -999.9 SGB/CPRM_-_Passo_Tainhas_(634_m) -999.9 -999.9 -999.9 -999.9 -999.9 -999.9 -999.9 -999.9 Brasil SGB/CPRM -999.9 1.2 39.4 2.37 2.37 1.05 1 0.46 2.37 2.37 2.37 4.65
-28.86805 -50.45611 86160000 2026-07-28_14:45 -999.9 -999.9 -999.9 -999.9 -999.9 -999.9 -999.9 -999.9 -999.9 -999.9 -999.9 -999.9 -999.9 -999.9 -999.9 -999.9 3.6 40.6 44.8 44.8 45.0 67.6 -999.9 -999.9 -999.9 -999.9 -999.9 SGB/CPRM_-_Passo_Tainhas_(634_m) -999.9 -999.9 -999.9 -999.9 -999.9 -999.9 -999.9 -999.9 Brasil SGB/CPRM -999.9 1.2 40.6 2.46 2.46 1.05 1 0.39 2.46 2.46 2.46 4.65
-28.86805 -50.45611 86160000 2026-07-28_15:00 -999.9 -999.9 -999.9 -999.9 -999.9 -999.9 -999.9 -999.9 -999.9 -999.9 -999.9 -999.9 -999.9 -999.9 -999.9 -999.9 2.8 40.6 44.8 44.8 45.0 67.6 -999.9 -999.9 -999.9 -999.9 -999.9 SGB/CPRM_-_Passo_Tainhas_(634_m) -999.9 -999.9 -999.9 -999.9 -999.9 -999.9 -999.9 -999.9 Brasil SGB/CPRM -999.9 0.0 40.6 2.46 2.46 1.05 1 0.26 2.46 2.46 2.46 4.65
-28.86805 -50.45611 86160000 2026-07-28_15:15 -999.9 -999.9 -999.9 -999.9 -999.9 -999.9 -999.9 -999.9 -999.9 -999.9 -999.9 -999.9 -999.9 -999.9 -999.9 -999.9 3.4 41.6 45.8 45.8 46.0 68.6 -999.9 -999.9 -999.9 -999.9 -999.9 SGB/CPRM_-_Passo_Tainhas_(634_m) -999.9 -999.9 -999.9 -999.9 -999.9 -999.9 -999.9 -999.9 Brasil SGB/CPRM -999.9 1.0 41.6 2.53 2.53 1.05 1 0.26 2.53 2.53 2.53 4.65
-28.86805 -50.45611 86160000 2026-07-28_15:30 -999.9 -999.9 -999.9 -999.9 -999.9 -999.9 -999.9 -999.9 -999.9 -999.9 -999.9 -999.9 -999.9 -999.9 -999.9 -999.9 2.2 41.6 45.8 45.8 46.0 68.6 -999.9 -999.9 -999.9 -999.9 -999.9 SGB/CPRM_-_Passo_Tainhas_(634_m) -999.9 -999.9 -999.9 -999.9 -999.9 -999.9 -999.9 -999.9 Brasil SGB/CPRM -999.9 0.0 41.6 2.6 2.6 1.05 1 0.23 2.6 2.6 2.6 4.65
-28.86805 -50.45611 86160000 2026-07-28_15:45 -999.9 -999.9 -999.9 -999.9 -999.9 -999.9 -999.9 -999.9 -999.9 -999.9 -999.9 -999.9 -999.9 -999.9 -999.9 -999.9 1.0 41.6 45.8 45.8 46.0 68.6 -999.9 -999.9 -999.9 -999.9 -999.9 SGB/CPRM_-_Passo_Tainhas_(634_m) -999.9 -999.9 -999.9 -999.9 -999.9 -999.9 -999.9 -999.9 Brasil SGB/CPRM -999.9 0.0 41.6 2.63 2.63 1.05 1 0.17 2.63 2.63 2.63 4.65
-28.86805 -50.45611 86160000 2026-07-28_16:00 -999.9 -999.9 -999.9 -999.9 -999.9 -999.9 -999.9 -999.9 -999.9 -999.9 -999.9 -999.9 -999.9 -999.9 -999.9 -999.9 1.6 42.2 46.4 46.4 46.6 69.2 -999.9 -999.9 -999.9 -999.9 -999.9 SGB/CPRM_-_Passo_Tainhas_(634_m) -999.9 -999.9 -999.9 -999.9 -999.9 -999.9 -999.9 -999.9 Brasil SGB/CPRM -999.9 0.6 42.2 2.72 2.72 1.05 1 0.26 2.72 2.72 2.72 4.65
-28.86805 -50.45611 86160000 2026-07-28_16:15 -999.9 -999.9 -999.9 -999.9 -999.9 -999.9 -999.9 -999.9 -999.9 -999.9 -999.9 -999.9 -999.9 -999.9 -999.9 -999.9 0.8 42.4 46.6 46.6 46.8 69.4 -999.9 -999.9 -999.9 -999.9 -999.9 SGB/CPRM_-_Passo_Tainhas_(634_m) -999.9 -999.9 -999.9 -999.9 -999.9 -999.9 -999.9 -999.9 Brasil SGB/CPRM -999.9 0.2 42.4 2.74 2.74 1.05 1 0.21 2.74 2.74 2.74 4.65
-28.86805 -50.45611 86160000 2026-07-28_16:30 -999.9 -999.9 -999.9 -999.9 -999.9 -999.9 -999.9 -999.9 -999.9 -999.9 -999.9 -999.9 -999.9 -999.9 -999.9 -999.9 1.0 42.6 46.8 46.8 47.0 69.6 -999.9 -999.9 -999.9 -999.9 -999.9 SGB/CPRM_-_Passo_Tainhas_(634_m) -999.9 -999.9 -999.9 -999.9 -999.9 -999.9 -999.9 -999.9 Brasil SGB/CPRM -999.9 0.2 42.6 2.76 2.76 1.05 1 0.16 2.76 2.76 2.76 4.65
-28.86805 -50.45611 86160000 2026-07-28_16:45 -999.9 -999.9 -999.9 -999.9 -999.9 -999.9 -999.9 -999.9 -999.9 -999.9 -999.9 -999.9 -999.9 -999.9 -999.9 -999.9 1.6 43.2 47.4 47.4 47.6 70.2 -999.9 -999.9 -999.9 -999.9 -999.9 SGB/CPRM_-_Passo_Tainhas_(634_m) -999.9 -999.9 -999.9 -999.9 -999.9 -999.9 -999.9 -999.9 Brasil SGB/CPRM -999.9 0.6 43.2 2.78 2.78 1.05 1 0.15 2.78 2.78 2.78 4.65
-28.86805 -50.45611 86160000 2026-07-28_17:00 -999.9 -999.9 -999.9 -999.9 -999.9 -999.9 -999.9 -999.9 -999.9 -999.9 -999.9 -999.9 -999.9 -999.9 -999.9 -999.9 1.4 43.6 47.8 47.8 48.0 70.6 -999.9 -999.9 -999.9 -999.9 -999.9 SGB/CPRM_-_Passo_Tainhas_(634_m) -999.9 -999.9 -999.9 -999.9 -999.9 -999.9 -999.9 -999.9 Brasil SGB/CPRM -999.9 0.4 43.6 2.8 2.8 1.05 1 0.08 2.8 2.8 2.8 4.65
-28.86805 -50.45611 86160000 2026-07-28_17:15 -999.9 -999.9 -999.9 -999.9 -999.9 -999.9 -999.9 -999.9 -999.9 -999.9 -999.9 -999.9 -999.9 -999.9 -999.9 -999.9 1.6 44.0 48.2 48.2 48.4 71.0 -999.9 -999.9 -999.9 -999.9 -999.9 SGB/CPRM_-_Passo_Tainhas_(634_m) -999.9 -999.9 -999.9 -999.9 -999.9 -999.9 -999.9 -999.9 Brasil SGB/CPRM -999.9 0.4 44.0 2.82 2.82 1.05 1 0.08 2.82 2.82 2.82 4.65
-28.86805 -50.45611 86160000 2026-07-28_17:30 -999.9 -999.9 -999.9 -999.9 -999.9 -999.9 -999.9 -999.9 -999.9 -999.9 -999.9 -999.9 -999.9 -999.9 -999.9 -999.9 1.8 44.4 48.6 48.6 48.8 71.4 -999.9 -999.9 -999.9 -999.9 -999.9 SGB/CPRM_-_Passo_Tainhas_(634_m) -999.9 -999.9 -999.9 -999.9 -999.9 -999.9 -999.9 -999.9 Brasil SGB/CPRM -999.9 0.4 44.4 2.84 2.84 1.05 1 0.08 2.84 2.84 2.84 4.65
-28.86805 -50.45611 86160000 2026-07-28_17:45 -999.9 -999.9 -999.9 -999.9 -999.9 -999.9 -999.9 -999.9 -999.9 -999.9 -999.9 -999.9 -999.9 -999.9 -999.9 -999.9 1.4 44.6 48.8 48.8 49.0 71.6 -999.9 -999.9 -999.9 -999.9 -999.9 SGB/CPRM_-_Passo_Tainhas_(634_m) -999.9 -999.9 -999.9 -999.9 -999.9 -999.9 -999.9 -999.9 Brasil SGB/CPRM -999.9 0.2 44.6 2.88 2.88 1.05 1 0.1 2.88 2.88 2.88 4.65
-28.86805 -50.45611 86160000 2026-07-28_18:00 -999.9 -999.9 -999.9 -999.9 -999.9 -999.9 -999.9 -999.9 -999.9 -999.9 -999.9 -999.9 -999.9 -999.9 -999.9 -999.9 1.2 44.8 49.0 49.0 49.2 71.8 -999.9 -999.9 -999.9 -999.9 -999.9 SGB/CPRM_-_Passo_Tainhas_(634_m) -999.9 -999.9 -999.9 -999.9 -999.9 -999.9 -999.9 -999.9 Brasil SGB/CPRM -999.9 0.2 44.8 2.9 2.9 1.05 1 0.1 2.9 2.9 2.9 4.65
-28.86805 -50.45611 86160000 2026-07-28_18:15 -999.9 -999.9 -999.9 -999.9 -999.9 -999.9 -999.9 -999.9 -999.9 -999.9 -999.9 -999.9 -999.9 -999.9 -999.9 -999.9 1.2 45.2 49.4 49.4 49.6 72.2 -999.9 -999.9 -999.9 -999.9 -999.9 SGB/CPRM_-_Passo_Tainhas_(634_m) -999.9 -999.9 -999.9 -999.9 -999.9 -999.9 -999.9 -999.9 Brasil SGB/CPRM -999.9 0.4 45.2 2.94 2.94 1.05 1 0.12 2.94 2.94 2.94 4.65
-28.86805 -50.45611 86160000 2026-07-28_18:30 -999.9 -999.9 -999.9 -999.9 -999.9 -999.9 -999.9 -999.9 -999.9 -999.9 -999.9 -999.9 -999.9 -999.9 -999.9 -999.9 1.2 45.6 49.8 49.8 50.0 72.6 -999.9 -999.9 -999.9 -999.9 -999.9 SGB/CPRM_-_Passo_Tainhas_(634_m) -999.9 -999.9 -999.9 -999.9 -999.9 -999.9 -999.9 -999.9 Brasil SGB/CPRM -999.9 0.4 45.6 2.97 2.97 1.05 1 0.13 2.97 2.97 2.97 4.65
-28.86805 -50.45611 86160000 2026-07-28_18:45 -999.9 -999.9 -999.9 -999.9 -999.9 -999.9 -999.9 -999.9 -999.9 -999.9 -999.9 -999.9 -999.9 -999.9 -999.9 -999.9 1.4 46.0 50.2 50.2 50.4 73.0 -999.9 -999.9 -999.9 -999.9 -999.9 SGB/CPRM_-_Passo_Tainhas_(634_m) -999.9 -999.9 -999.9 -999.9 -999.9 -999.9 -999.9 -999.9 Brasil SGB/CPRM -999.9 0.4 46.0 3.01 3.01 1.05 1 0.13 3.01 3.01 3.01 4.65
-28.86805 -50.45611 86160000 2026-07-28_19:00 -999.9 -999.9 -999.9 -999.9 -999.9 -999.9 -999.9 -999.9 -999.9 -999.9 -999.9 -999.9 -999.9 -999.9 -999.9 -999.9 1.4 46.2 50.4 50.4 50.6 73.2 -999.9 -999.9 -999.9 -999.9 -999.9 SGB/CPRM_-_Passo_Tainhas_(634_m) -999.9 -999.9 -999.9 -999.9 -999.9 -999.9 -999.9 -999.9 Brasil SGB/CPRM -999.9 0.2 46.2 3.05 3.05 1.05 1 0.15 3.05 3.05 3.05 4.65
-28.86805 -50.45611 86160000 2026-07-28_19:15 -999.9 -999.9 -999.9 -999.9 -999.9 -999.9 -999.9 -999.9 -999.9 -999.9 -999.9 -999.9 -999.9 -999.9 -999.9 -999.9 1.0 46.2 50.4 50.4 50.6 73.2 -999.9 -999.9 -999.9 -999.9 -999.9 SGB/CPRM_-_Passo_Tainhas_(634_m) -999.9 -999.9 -999.9 -999.9 -999.9 -999.9 -999.9 -999.9 Brasil SGB/CPRM -999.9 0.0 46.2 3.07 3.07 1.05 1 0.13 3.07 3.07 3.07 4.65
-28.86805 -50.45611 86160000 2026-07-28_19:30 -999.9 -999.9 -999.9 -999.9 -999.9 -999.9 -999.9 -999.9 -999.9 -999.9 -999.9 -999.9 -999.9 -999.9 -999.9 -999.9 0.6 46.2 50.4 50.4 50.6 73.2 -999.9 -999.9 -999.9 -999.9 -999.9 SGB/CPRM_-_Passo_Tainhas_(634_m) -999.9 -999.9 -999.9 -999.9 -999.9 -999.9 -999.9 -999.9 Brasil SGB/CPRM -999.9 0.0 46.2 3.1 3.1 1.05 1 0.13 3.1 3.1 3.1 4.65
-28.86805 -50.45611 86160000 2026-07-28_19:45 -999.9 -999.9 -999.9 -999.9 -999.9 -999.9 -999.9 -999.9 -999.9 -999.9 -999.9 -999.9 -999.9 -999.9 -999.9 -999.9 0.2 46.2 50.4 50.4 50.6 73.2 -999.9 -999.9 -999.9 -999.9 -999.9 SGB/CPRM_-_Passo_Tainhas_(634_m) -999.9 -999.9 -999.9 -999.9 -999.9 -999.9 -999.9 -999.9 Brasil SGB/CPRM -999.9 0.0 46.2 3.12 3.12 1.05 1 0.11 3.12 3.12 3.12 4.65
-28.86805 -50.45611 86160000 2026-07-28_20:00 -999.9 -999.9 -999.9 -999.9 -999.9 -999.9 -999.9 -999.9 -999.9 -999.9 -999.9 -999.9 -999.9 -999.9 -999.9 -999.9 0.0 46.2 50.4 50.4 50.6 73.2 -999.9 -999.9 -999.9 -999.9 -999.9 SGB/CPRM_-_Passo_Tainhas_(634_m) -999.9 -999.9 -999.9 -999.9 -999.9 -999.9 -999.9 -999.9 Brasil SGB/CPRM -999.9 0.0 46.2 3.15 3.15 1.05 1 0.1 3.15 3.15 3.15 4.65
-28.86805 -50.45611 86160000 2026-07-28_20:15 -999.9 -999.9 -999.9 -999.9 -999.9 -999.9 -999.9 -999.9 -999.9 -999.9 -999.9 -999.9 -999.9 -999.9 -999.9 -999.9 0.0 46.2 50.4 50.4 50.6 73.2 -999.9 -999.9 -999.9 -999.9 -999.9 SGB/CPRM_-_Passo_Tainhas_(634_m) -999.9 -999.9 -999.9 -999.9 -999.9 -999.9 -999.9 -999.9 Brasil SGB/CPRM -999.9 0.0 46.2 3.18 3.18 1.05 1 0.11 3.18 3.18 3.18 4.65
-28.86805 -50.45611 86160000 2026-07-28_20:30 -999.9 -999.9 -999.9 -999.9 -999.9 -999.9 -999.9 -999.9 -999.9 -999.9 -999.9 -999.9 -999.9 -999.9 -999.9 -999.9 0.0 46.2 50.4 50.4 50.6 73.2 -999.9 -999.9 -999.9 -999.9 -999.9 SGB/CPRM_-_Passo_Tainhas_(634_m) -999.9 -999.9 -999.9 -999.9 -999.9 -999.9 -999.9 -999.9 Brasil SGB/CPRM -999.9 0.0 46.2 3.2 3.2 1.05 1 0.1 3.2 3.2 3.2 4.65
-28.86805 -50.45611 86160000 2026-07-28_20:45 -999.9 -999.9 -999.9 -999.9 -999.9 -999.9 -999.9 -999.9 -999.9 -999.9 -999.9 -999.9 -999.9 -999.9 -999.9 -999.9 0.0 46.2 50.4 50.4 50.6 73.2 -999.9 -999.9 -999.9 -999.9 -999.9 SGB/CPRM_-_Passo_Tainhas_(634_m) -999.9 -999.9 -999.9 -999.9 -999.9 -999.9 -999.9 -999.9 Brasil SGB/CPRM -999.9 0.0 46.2 3.22 3.22 1.05 1 0.1 3.22 3.22 3.22 4.65
-28.86805 -50.45611 86160000 2026-07-28_21:00 -999.9 -999.9 -999.9 -999.9 -999.9 -999.9 -999.9 -999.9 -999.9 -999.9 -999.9 -999.9 -999.9 -999.9 -999.9 -999.9 0.0 46.2 50.4 50.4 50.6 73.2 -999.9 -999.9 -999.9 -999.9 -999.9 SGB/CPRM_-_Passo_Tainhas_(634_m) -999.9 -999.9 -999.9 -999.9 -999.9 -999.9 -999.9 -999.9 Brasil SGB/CPRM -999.9 0.0 46.2 3.23 3.23 1.05 1 0.08 3.23 3.23 3.23 4.65
-28.86805 -50.45611 86160000 2026-07-28_21:15 -999.9 -999.9 -999.9 -999.9 -999.9 -999.9 -999.9 -999.9 -999.9 -999.9 -999.9 -999.9 -999.9 -999.9 -999.9 -999.9 0.0 46.2 50.4 50.4 50.6 73.2 -999.9 -999.9 -999.9 -999.9 -999.9 SGB/CPRM_-_Passo_Tainhas_(634_m) -999.9 -999.9 -999.9 -999.9 -999.9 -999.9 -999.9 -999.9 Brasil SGB/CPRM -999.9 0.0 46.2 3.24 3.24 1.05 1 0.06 3.24 3.24 3.24 4.65
-28.86805 -50.45611 86160000 2026-07-28_21:30 -999.9 -999.9 -999.9 -999.9 -999.9 -999.9 -999.9 -999.9 -999.9 -999.9 -999.9 -999.9 -999.9 -999.9 -999.9 -999.9 0.0 46.2 50.4 50.4 50.6 73.2 -999.9 -999.9 -999.9 -999.9 -999.9 SGB/CPRM_-_Passo_Tainhas_(634_m) -999.9 -999.9 -999.9 -999.9 -999.9 -999.9 -999.9 -999.9 Brasil SGB/CPRM -999.9 0.0 46.2 3.25 3.25 1.05 1 0.05 3.25 3.25 3.25 4.65
-28.86805 -50.45611 86160000 2026-07-28_21:45 -999.9 -999.9 -999.9 -999.9 -999.9 -999.9 -999.9 -999.9 -999.9 -999.9 -999.9 -999.9 -999.9 -999.9 -999.9 -999.9 0.0 46.2 50.4 50.4 50.6 73.2 -999.9 -999.9 -999.9 -999.9 -999.9 SGB/CPRM_-_Passo_Tainhas_(634_m) -999.9 -999.9 -999.9 -999.9 -999.9 -999.9 -999.9 -999.9 Brasil SGB/CPRM -999.9 0.0 46.2 3.27 3.27 1.05 1 0.05 3.27 3.27 3.27 4.65
-28.86805 -50.45611 86160000 2026-07-28_22:00 -999.9 -999.9 -999.9 -999.9 -999.9 -999.9 -999.9 -999.9 -999.9 -999.9 -999.9 -999.9 -999.9 -999.9 -999.9 -999.9 0.2 46.4 50.6 50.6 50.8 73.4 -999.9 -999.9 -999.9 -999.9 -999.9 SGB/CPRM_-_Passo_Tainhas_(634_m) -999.9 -999.9 -999.9 -999.9 -999.9 -999.9 -999.9 -999.9 Brasil SGB/CPRM -999.9 0.2 46.4 3.27 3.27 1.05 1 0.04 3.27 3.27 3.27 4.65
-28.86805 -50.45611 86160000 2026-07-28_22:15 -999.9 -999.9 -999.9 -999.9 -999.9 -999.9 -999.9 -999.9 -999.9 -999.9 -999.9 -999.9 -999.9 -999.9 -999.9 -999.9 0.4 46.6 50.8 50.8 51.0 73.6 -999.9 -999.9 -999.9 -999.9 -999.9 SGB/CPRM_-_Passo_Tainhas_(634_m) -999.9 -999.9 -999.9 -999.9 -999.9 -999.9 -999.9 -999.9 Brasil SGB/CPRM -999.9 0.2 46.6 3.27 3.27 1.05 1 0.03 3.27 3.27 3.27 4.65
-28.86805 -50.45611 86160000 2026-07-28_22:30 -999.9 -999.9 -999.9 -999.9 -999.9 -999.9 -999.9 -999.9 -999.9 -999.9 -999.9 -999.9 -999.9 -999.9 -999.9 -999.9 0.4 46.6 50.8 50.8 51.0 73.6 -999.9 -999.9 -999.9 -999.9 -999.9 SGB/CPRM_-_Passo_Tainhas_(634_m) -999.9 -999.9 -999.9 -999.9 -999.9 -999.9 -999.9 -999.9 Brasil SGB/CPRM -999.9 0.0 46.6 3.29 3.29 1.05 1 0.04 3.29 3.29 3.29 4.65
-28.86805 -50.45611 86160000 2026-07-28_22:45 -999.9 -999.9 -999.9 -999.9 -999.9 -999.9 -999.9 -999.9 -999.9 -999.9 -999.9 -999.9 -999.9 -999.9 -999.9 -999.9 0.4 46.6 50.8 50.8 51.0 73.6 -999.9 -999.9 -999.9 -999.9 -999.9 SGB/CPRM_-_Passo_Tainhas_(634_m) -999.9 -999.9 -999.9 -999.9 -999.9 -999.9 -999.9 -999.9 Brasil SGB/CPRM -999.9 0.0 46.6 3.29 3.29 1.05 1 0.02 3.29 3.29 3.29 4.65
