-28.68518 -50.78305 17793 2026-07-29_00:10 -999.9 -999.9 -999.9 -999.9 -999.9 -999.9 -999.9 -999.9 -999.9 -999.9 -999.9 -999.9 -999.9 -999.9 -999.9 -999.9 -999.9 0.0 79.8 79.8 80.0 80.2 -999.9 -999.9 -999.9 -999.9 -999.9 CEMADEN_-_Monte_Alegre_dos_Campos_-_G2-431237701A_(962_m) -999.9 -999.9 -999.9 -999.9 -999.9 -999.9 -999.9 -999.9 Rio_Grande_do_Sul CEMADEN -999.9 0.0 -999.9
-28.68518 -50.78305 17793 2026-07-29_01:10 -999.9 -999.9 -999.9 -999.9 -999.9 -999.9 -999.9 -999.9 -999.9 -999.9 -999.9 -999.9 -999.9 -999.9 -999.9 -999.9 -999.9 0.0 79.8 79.8 80.0 80.2 -999.9 -999.9 -999.9 -999.9 -999.9 CEMADEN_-_Monte_Alegre_dos_Campos_-_G2-431237701A_(962_m) -999.9 -999.9 -999.9 -999.9 -999.9 -999.9 -999.9 -999.9 Rio_Grande_do_Sul CEMADEN -999.9 0.0 -999.9
-28.68518 -50.78305 17793 2026-07-29_01:20 -999.9 -999.9 -999.9 -999.9 -999.9 -999.9 -999.9 -999.9 -999.9 -999.9 -999.9 -999.9 -999.9 -999.9 -999.9 -999.9 0.2 0.2 80.0 80.0 80.2 80.4 -999.9 -999.9 -999.9 -999.9 -999.9 CEMADEN_-_Monte_Alegre_dos_Campos_-_G2-431237701A_(962_m) -999.9 -999.9 -999.9 -999.9 -999.9 -999.9 -999.9 -999.9 Rio_Grande_do_Sul CEMADEN -999.9 0.2 -999.9
-28.68518 -50.78305 17793 2026-07-29_01:30 -999.9 -999.9 -999.9 -999.9 -999.9 -999.9 -999.9 -999.9 -999.9 -999.9 -999.9 -999.9 -999.9 -999.9 -999.9 -999.9 1.4 1.4 81.2 81.2 81.4 81.6 -999.9 -999.9 -999.9 -999.9 -999.9 CEMADEN_-_Monte_Alegre_dos_Campos_-_G2-431237701A_(962_m) -999.9 -999.9 -999.9 -999.9 -999.9 -999.9 -999.9 -999.9 Rio_Grande_do_Sul CEMADEN -999.9 1.2 -999.9
-28.68518 -50.78305 17793 2026-07-29_01:40 -999.9 -999.9 -999.9 -999.9 -999.9 -999.9 -999.9 -999.9 -999.9 -999.9 -999.9 -999.9 -999.9 -999.9 -999.9 -999.9 1.6 1.6 81.4 81.4 81.6 81.8 -999.9 -999.9 -999.9 -999.9 -999.9 CEMADEN_-_Monte_Alegre_dos_Campos_-_G2-431237701A_(962_m) -999.9 -999.9 -999.9 -999.9 -999.9 -999.9 -999.9 -999.9 Rio_Grande_do_Sul CEMADEN -999.9 0.2 -999.9
-28.68518 -50.78305 17793 2026-07-29_01:50 -999.9 -999.9 -999.9 -999.9 -999.9 -999.9 -999.9 -999.9 -999.9 -999.9 -999.9 -999.9 -999.9 -999.9 -999.9 -999.9 1.8 1.8 81.6 81.6 81.8 82.0 -999.9 -999.9 -999.9 -999.9 -999.9 CEMADEN_-_Monte_Alegre_dos_Campos_-_G2-431237701A_(962_m) -999.9 -999.9 -999.9 -999.9 -999.9 -999.9 -999.9 -999.9 Rio_Grande_do_Sul CEMADEN -999.9 0.2 -999.9
-28.68518 -50.78305 17793 2026-07-29_02:00 -999.9 -999.9 -999.9 -999.9 -999.9 -999.9 -999.9 -999.9 -999.9 -999.9 -999.9 -999.9 -999.9 -999.9 -999.9 -999.9 2.0 2.0 81.8 81.8 82.0 82.2 -999.9 -999.9 -999.9 -999.9 -999.9 CEMADEN_-_Monte_Alegre_dos_Campos_-_G2-431237701A_(962_m) -999.9 -999.9 -999.9 -999.9 -999.9 -999.9 -999.9 -999.9 Rio_Grande_do_Sul CEMADEN -999.9 0.2 -999.9
-28.68518 -50.78305 17793 2026-07-29_02:10 -999.9 -999.9 -999.9 -999.9 -999.9 -999.9 -999.9 -999.9 -999.9 -999.9 -999.9 -999.9 -999.9 -999.9 -999.9 -999.9 2.0 2.2 82.0 82.0 82.2 82.4 -999.9 -999.9 -999.9 -999.9 -999.9 CEMADEN_-_Monte_Alegre_dos_Campos_-_G2-431237701A_(962_m) -999.9 -999.9 -999.9 -999.9 -999.9 -999.9 -999.9 -999.9 Rio_Grande_do_Sul CEMADEN -999.9 0.2 -999.9
-28.68518 -50.78305 17793 2026-07-29_02:20 -999.9 -999.9 -999.9 -999.9 -999.9 -999.9 -999.9 -999.9 -999.9 -999.9 -999.9 -999.9 -999.9 -999.9 -999.9 -999.9 2.2 3.6 83.4 83.4 83.6 83.8 -999.9 -999.9 -999.9 -999.9 -999.9 CEMADEN_-_Monte_Alegre_dos_Campos_-_G2-431237701A_(962_m) -999.9 -999.9 -999.9 -999.9 -999.9 -999.9 -999.9 -999.9 Rio_Grande_do_Sul CEMADEN -999.9 1.4 -999.9
-28.68518 -50.78305 17793 2026-07-29_02:40 -999.9 -999.9 -999.9 -999.9 -999.9 -999.9 -999.9 -999.9 -999.9 -999.9 -999.9 -999.9 -999.9 -999.9 -999.9 -999.9 12.2 14.0 93.8 93.8 94.0 94.2 -999.9 -999.9 -999.9 -999.9 -999.9 CEMADEN_-_Monte_Alegre_dos_Campos_-_G2-431237701A_(962_m) -999.9 -999.9 -999.9 -999.9 -999.9 -999.9 -999.9 -999.9 Rio_Grande_do_Sul CEMADEN -999.9 10.4 -999.9
-28.68518 -50.78305 17793 2026-07-29_02:50 -999.9 -999.9 -999.9 -999.9 -999.9 -999.9 -999.9 -999.9 -999.9 -999.9 -999.9 -999.9 -999.9 -999.9 -999.9 -999.9 13.2 15.2 95.0 95.0 95.2 95.4 -999.9 -999.9 -999.9 -999.9 -999.9 CEMADEN_-_Monte_Alegre_dos_Campos_-_G2-431237701A_(962_m) -999.9 -999.9 -999.9 -999.9 -999.9 -999.9 -999.9 -999.9 Rio_Grande_do_Sul CEMADEN -999.9 1.2 -999.9
-28.68518 -50.78305 17793 2026-07-29_03:00 -999.9 -999.9 -999.9 -999.9 -999.9 -999.9 -999.9 -999.9 -999.9 -999.9 -999.9 -999.9 -999.9 -999.9 -999.9 -999.9 14.6 16.6 96.4 96.4 96.6 96.8 -999.9 -999.9 -999.9 -999.9 -999.9 CEMADEN_-_Monte_Alegre_dos_Campos_-_G2-431237701A_(962_m) -999.9 -999.9 -999.9 -999.9 -999.9 -999.9 -999.9 -999.9 Rio_Grande_do_Sul CEMADEN -999.9 1.4 -999.9
-28.68518 -50.78305 17793 2026-07-29_03:10 -999.9 -999.9 -999.9 -999.9 -999.9 -999.9 -999.9 -999.9 -999.9 -999.9 -999.9 -999.9 -999.9 -999.9 -999.9 -999.9 13.2 16.8 96.6 96.6 96.8 97.0 -999.9 -999.9 -999.9 -999.9 -999.9 CEMADEN_-_Monte_Alegre_dos_Campos_-_G2-431237701A_(962_m) -999.9 -999.9 -999.9 -999.9 -999.9 -999.9 -999.9 -999.9 Rio_Grande_do_Sul CEMADEN -999.9 0.2 -999.9
-28.68518 -50.78305 17793 2026-07-29_03:30 -999.9 -999.9 -999.9 -999.9 -999.9 -999.9 -999.9 -999.9 -999.9 -999.9 -999.9 -999.9 -999.9 -999.9 -999.9 -999.9 5.0 19.0 98.8 98.8 99.0 99.2 -999.9 -999.9 -999.9 -999.9 -999.9 CEMADEN_-_Monte_Alegre_dos_Campos_-_G2-431237701A_(962_m) -999.9 -999.9 -999.9 -999.9 -999.9 -999.9 -999.9 -999.9 Rio_Grande_do_Sul CEMADEN -999.9 2.2 -999.9
-28.68518 -50.78305 17793 2026-07-29_03:40 -999.9 -999.9 -999.9 -999.9 -999.9 -999.9 -999.9 -999.9 -999.9 -999.9 -999.9 -999.9 -999.9 -999.9 -999.9 -999.9 4.4 19.6 99.4 99.4 99.6 99.8 -999.9 -999.9 -999.9 -999.9 -999.9 CEMADEN_-_Monte_Alegre_dos_Campos_-_G2-431237701A_(962_m) -999.9 -999.9 -999.9 -999.9 -999.9 -999.9 -999.9 -999.9 Rio_Grande_do_Sul CEMADEN -999.9 0.6 -999.9
-28.68518 -50.78305 17793 2026-07-29_03:50 -999.9 -999.9 -999.9 -999.9 -999.9 -999.9 -999.9 -999.9 -999.9 -999.9 -999.9 -999.9 -999.9 -999.9 -999.9 -999.9 3.4 20.0 99.8 99.8 100.0 100.2 -999.9 -999.9 -999.9 -999.9 -999.9 CEMADEN_-_Monte_Alegre_dos_Campos_-_G2-431237701A_(962_m) -999.9 -999.9 -999.9 -999.9 -999.9 -999.9 -999.9 -999.9 Rio_Grande_do_Sul CEMADEN -999.9 0.4 -999.9
-28.68518 -50.78305 17793 2026-07-29_04:00 -999.9 -999.9 -999.9 -999.9 -999.9 -999.9 -999.9 -999.9 -999.9 -999.9 -999.9 -999.9 -999.9 -999.9 -999.9 -999.9 4.4 21.0 100.8 100.8 101.0 101.2 -999.9 -999.9 -999.9 -999.9 -999.9 CEMADEN_-_Monte_Alegre_dos_Campos_-_G2-431237701A_(962_m) -999.9 -999.9 -999.9 -999.9 -999.9 -999.9 -999.9 -999.9 Rio_Grande_do_Sul CEMADEN -999.9 1.0 -999.9
-28.68518 -50.78305 17793 2026-07-29_04:10 -999.9 -999.9 -999.9 -999.9 -999.9 -999.9 -999.9 -999.9 -999.9 -999.9 -999.9 -999.9 -999.9 -999.9 -999.9 -999.9 5.0 22.4 102.2 102.2 102.4 102.6 -999.9 -999.9 -999.9 -999.9 -999.9 CEMADEN_-_Monte_Alegre_dos_Campos_-_G2-431237701A_(962_m) -999.9 -999.9 -999.9 -999.9 -999.9 -999.9 -999.9 -999.9 Rio_Grande_do_Sul CEMADEN -999.9 1.4 -999.9
-28.68518 -50.78305 17793 2026-07-29_04:20 -999.9 -999.9 -999.9 -999.9 -999.9 -999.9 -999.9 -999.9 -999.9 -999.9 -999.9 -999.9 -999.9 -999.9 -999.9 -999.9 4.0 23.0 102.8 102.8 103.0 103.2 -999.9 -999.9 -999.9 -999.9 -999.9 CEMADEN_-_Monte_Alegre_dos_Campos_-_G2-431237701A_(962_m) -999.9 -999.9 -999.9 -999.9 -999.9 -999.9 -999.9 -999.9 Rio_Grande_do_Sul CEMADEN -999.9 0.6 -999.9
-28.68518 -50.78305 17793 2026-07-29_04:30 -999.9 -999.9 -999.9 -999.9 -999.9 -999.9 -999.9 -999.9 -999.9 -999.9 -999.9 -999.9 -999.9 -999.9 -999.9 -999.9 5.6 24.6 104.4 104.4 104.6 104.8 -999.9 -999.9 -999.9 -999.9 -999.9 CEMADEN_-_Monte_Alegre_dos_Campos_-_G2-431237701A_(962_m) -999.9 -999.9 -999.9 -999.9 -999.9 -999.9 -999.9 -999.9 Rio_Grande_do_Sul CEMADEN -999.9 1.6 -999.9
-28.68518 -50.78305 17793 2026-07-29_04:40 -999.9 -999.9 -999.9 -999.9 -999.9 -999.9 -999.9 -999.9 -999.9 -999.9 -999.9 -999.9 -999.9 -999.9 -999.9 -999.9 6.2 26.2 106.0 106.0 106.2 106.4 -999.9 -999.9 -999.9 -999.9 -999.9 CEMADEN_-_Monte_Alegre_dos_Campos_-_G2-431237701A_(962_m) -999.9 -999.9 -999.9 -999.9 -999.9 -999.9 -999.9 -999.9 Rio_Grande_do_Sul CEMADEN -999.9 1.6 -999.9
-28.68518 -50.78305 17793 2026-07-29_04:50 -999.9 -999.9 -999.9 -999.9 -999.9 -999.9 -999.9 -999.9 -999.9 -999.9 -999.9 -999.9 -999.9 -999.9 -999.9 -999.9 6.6 27.6 107.4 107.4 107.6 107.8 -999.9 -999.9 -999.9 -999.9 -999.9 CEMADEN_-_Monte_Alegre_dos_Campos_-_G2-431237701A_(962_m) -999.9 -999.9 -999.9 -999.9 -999.9 -999.9 -999.9 -999.9 Rio_Grande_do_Sul CEMADEN -999.9 1.4 -999.9
-28.68518 -50.78305 17793 2026-07-29_05:10 -999.9 -999.9 -999.9 -999.9 -999.9 -999.9 -999.9 -999.9 -999.9 -999.9 -999.9 -999.9 -999.9 -999.9 -999.9 -999.9 7.4 30.4 110.2 110.2 110.4 110.6 -999.9 -999.9 -999.9 -999.9 -999.9 CEMADEN_-_Monte_Alegre_dos_Campos_-_G2-431237701A_(962_m) -999.9 -999.9 -999.9 -999.9 -999.9 -999.9 -999.9 -999.9 Rio_Grande_do_Sul CEMADEN -999.9 2.8 -999.9
-28.68518 -50.78305 17793 2026-07-29_05:20 -999.9 -999.9 -999.9 -999.9 -999.9 -999.9 -999.9 -999.9 -999.9 -999.9 -999.9 -999.9 -999.9 -999.9 -999.9 -999.9 6.6 31.2 111.0 111.0 111.2 111.4 -999.9 -999.9 -999.9 -999.9 -999.9 CEMADEN_-_Monte_Alegre_dos_Campos_-_G2-431237701A_(962_m) -999.9 -999.9 -999.9 -999.9 -999.9 -999.9 -999.9 -999.9 Rio_Grande_do_Sul CEMADEN -999.9 0.8 -999.9
-28.68518 -50.78305 17793 2026-07-29_05:30 -999.9 -999.9 -999.9 -999.9 -999.9 -999.9 -999.9 -999.9 -999.9 -999.9 -999.9 -999.9 -999.9 -999.9 -999.9 -999.9 7.0 31.6 111.4 111.4 111.6 111.8 -999.9 -999.9 -999.9 -999.9 -999.9 CEMADEN_-_Monte_Alegre_dos_Campos_-_G2-431237701A_(962_m) -999.9 -999.9 -999.9 -999.9 -999.9 -999.9 -999.9 -999.9 Rio_Grande_do_Sul CEMADEN -999.9 0.4 -999.9
-28.68518 -50.78305 17793 2026-07-29_05:40 -999.9 -999.9 -999.9 -999.9 -999.9 -999.9 -999.9 -999.9 -999.9 -999.9 -999.9 -999.9 -999.9 -999.9 -999.9 -999.9 5.0 32.6 112.4 112.4 112.6 112.8 -999.9 -999.9 -999.9 -999.9 -999.9 CEMADEN_-_Monte_Alegre_dos_Campos_-_G2-431237701A_(962_m) -999.9 -999.9 -999.9 -999.9 -999.9 -999.9 -999.9 -999.9 Rio_Grande_do_Sul CEMADEN -999.9 1.0 -999.9
-28.68518 -50.78305 17793 2026-07-29_05:50 -999.9 -999.9 -999.9 -999.9 -999.9 -999.9 -999.9 -999.9 -999.9 -999.9 -999.9 -999.9 -999.9 -999.9 -999.9 -999.9 5.0 34.0 113.8 113.8 114.0 114.2 -999.9 -999.9 -999.9 -999.9 -999.9 CEMADEN_-_Monte_Alegre_dos_Campos_-_G2-431237701A_(962_m) -999.9 -999.9 -999.9 -999.9 -999.9 -999.9 -999.9 -999.9 Rio_Grande_do_Sul CEMADEN -999.9 1.4 -999.9
-28.68518 -50.78305 17793 2026-07-29_06:00 -999.9 -999.9 -999.9 -999.9 -999.9 -999.9 -999.9 -999.9 -999.9 -999.9 -999.9 -999.9 -999.9 -999.9 -999.9 -999.9 6.0 35.0 114.8 114.8 115.0 115.2 -999.9 -999.9 -999.9 -999.9 -999.9 CEMADEN_-_Monte_Alegre_dos_Campos_-_G2-431237701A_(962_m) -999.9 -999.9 -999.9 -999.9 -999.9 -999.9 -999.9 -999.9 Rio_Grande_do_Sul CEMADEN -999.9 1.0 -999.9
-28.68518 -50.78305 17793 2026-07-29_06:10 -999.9 -999.9 -999.9 -999.9 -999.9 -999.9 -999.9 -999.9 -999.9 -999.9 -999.9 -999.9 -999.9 -999.9 -999.9 -999.9 5.2 36.4 116.2 116.2 116.4 116.6 -999.9 -999.9 -999.9 -999.9 -999.9 CEMADEN_-_Monte_Alegre_dos_Campos_-_G2-431237701A_(962_m) -999.9 -999.9 -999.9 -999.9 -999.9 -999.9 -999.9 -999.9 Rio_Grande_do_Sul CEMADEN -999.9 1.4 -999.9
-28.68518 -50.78305 17793 2026-07-29_06:20 -999.9 -999.9 -999.9 -999.9 -999.9 -999.9 -999.9 -999.9 -999.9 -999.9 -999.9 -999.9 -999.9 -999.9 -999.9 -999.9 5.8 37.4 117.2 117.2 117.4 117.6 -999.9 -999.9 -999.9 -999.9 -999.9 CEMADEN_-_Monte_Alegre_dos_Campos_-_G2-431237701A_(962_m) -999.9 -999.9 -999.9 -999.9 -999.9 -999.9 -999.9 -999.9 Rio_Grande_do_Sul CEMADEN -999.9 1.0 -999.9
-28.68518 -50.78305 17793 2026-07-29_06:30 -999.9 -999.9 -999.9 -999.9 -999.9 -999.9 -999.9 -999.9 -999.9 -999.9 -999.9 -999.9 -999.9 -999.9 -999.9 -999.9 6.6 38.2 118.0 118.0 118.2 118.4 -999.9 -999.9 -999.9 -999.9 -999.9 CEMADEN_-_Monte_Alegre_dos_Campos_-_G2-431237701A_(962_m) -999.9 -999.9 -999.9 -999.9 -999.9 -999.9 -999.9 -999.9 Rio_Grande_do_Sul CEMADEN -999.9 0.8 -999.9
-28.68518 -50.78305 17793 2026-07-29_06:40 -999.9 -999.9 -999.9 -999.9 -999.9 -999.9 -999.9 -999.9 -999.9 -999.9 -999.9 -999.9 -999.9 -999.9 -999.9 -999.9 4.6 38.6 118.4 118.4 118.6 118.8 -999.9 -999.9 -999.9 -999.9 -999.9 CEMADEN_-_Monte_Alegre_dos_Campos_-_G2-431237701A_(962_m) -999.9 -999.9 -999.9 -999.9 -999.9 -999.9 -999.9 -999.9 Rio_Grande_do_Sul CEMADEN -999.9 0.4 -999.9
-28.68518 -50.78305 17793 2026-07-29_07:00 -999.9 -999.9 -999.9 -999.9 -999.9 -999.9 -999.9 -999.9 -999.9 -999.9 -999.9 -999.9 -999.9 -999.9 -999.9 -999.9 2.8 39.0 119.0 119.0 119.0 119.2 -999.9 -999.9 -999.9 -999.9 -999.9 CEMADEN_-_Monte_Alegre_dos_Campos_-_G2-431237701A_(962_m) -999.9 -999.9 -999.9 -999.9 -999.9 -999.9 -999.9 -999.9 Rio_Grande_do_Sul CEMADEN -999.9 0.4 -999.9
-28.68518 -50.78305 17793 2026-07-29_07:10 -999.9 -999.9 -999.9 -999.9 -999.9 -999.9 -999.9 -999.9 -999.9 -999.9 -999.9 -999.9 -999.9 -999.9 -999.9 -999.9 2.2 39.4 119.4 119.4 119.4 119.6 -999.9 -999.9 -999.9 -999.9 -999.9 CEMADEN_-_Monte_Alegre_dos_Campos_-_G2-431237701A_(962_m) -999.9 -999.9 -999.9 -999.9 -999.9 -999.9 -999.9 -999.9 Rio_Grande_do_Sul CEMADEN -999.9 0.4 -999.9
-28.68518 -50.78305 17793 2026-07-29_07:20 -999.9 -999.9 -999.9 -999.9 -999.9 -999.9 -999.9 -999.9 -999.9 -999.9 -999.9 -999.9 -999.9 -999.9 -999.9 -999.9 1.8 39.8 119.8 119.8 119.8 120.0 -999.9 -999.9 -999.9 -999.9 -999.9 CEMADEN_-_Monte_Alegre_dos_Campos_-_G2-431237701A_(962_m) -999.9 -999.9 -999.9 -999.9 -999.9 -999.9 -999.9 -999.9 Rio_Grande_do_Sul CEMADEN -999.9 0.4 -999.9
-28.68518 -50.78305 17793 2026-07-29_07:30 -999.9 -999.9 -999.9 -999.9 -999.9 -999.9 -999.9 -999.9 -999.9 -999.9 -999.9 -999.9 -999.9 -999.9 -999.9 -999.9 1.8 40.2 120.2 120.2 120.2 120.4 -999.9 -999.9 -999.9 -999.9 -999.9 CEMADEN_-_Monte_Alegre_dos_Campos_-_G2-431237701A_(962_m) -999.9 -999.9 -999.9 -999.9 -999.9 -999.9 -999.9 -999.9 Rio_Grande_do_Sul CEMADEN -999.9 0.4 -999.9
-28.68518 -50.78305 17793 2026-07-29_07:40 -999.9 -999.9 -999.9 -999.9 -999.9 -999.9 -999.9 -999.9 -999.9 -999.9 -999.9 -999.9 -999.9 -999.9 -999.9 -999.9 2.0 40.4 120.4 120.4 120.4 120.6 -999.9 -999.9 -999.9 -999.9 -999.9 CEMADEN_-_Monte_Alegre_dos_Campos_-_G2-431237701A_(962_m) -999.9 -999.9 -999.9 -999.9 -999.9 -999.9 -999.9 -999.9 Rio_Grande_do_Sul CEMADEN -999.9 0.2 -999.9
-28.68518 -50.78305 17793 2026-07-29_07:50 -999.9 -999.9 -999.9 -999.9 -999.9 -999.9 -999.9 -999.9 -999.9 -999.9 -999.9 -999.9 -999.9 -999.9 -999.9 -999.9 1.6 40.6 120.6 120.6 120.6 120.8 -999.9 -999.9 -999.9 -999.9 -999.9 CEMADEN_-_Monte_Alegre_dos_Campos_-_G2-431237701A_(962_m) -999.9 -999.9 -999.9 -999.9 -999.9 -999.9 -999.9 -999.9 Rio_Grande_do_Sul CEMADEN -999.9 0.2 -999.9
-28.68518 -50.78305 17793 2026-07-29_08:00 -999.9 -999.9 -999.9 -999.9 -999.9 -999.9 -999.9 -999.9 -999.9 -999.9 -999.9 -999.9 -999.9 -999.9 -999.9 -999.9 -999.9 40.8 120.8 120.8 120.8 121.0 -999.9 -999.9 -999.9 -999.9 -999.9 CEMADEN_-_Monte_Alegre_dos_Campos_-_G2-431237701A_(962_m) -999.9 -999.9 -999.9 -999.9 -999.9 -999.9 -999.9 -999.9 Rio_Grande_do_Sul CEMADEN -999.9 0.2 -999.9
-28.68518 -50.78305 17793 2026-07-29_09:10 -999.9 -999.9 -999.9 -999.9 -999.9 -999.9 -999.9 -999.9 -999.9 -999.9 -999.9 -999.9 -999.9 -999.9 -999.9 -999.9 -999.9 40.8 120.8 120.8 120.8 121.0 -999.9 -999.9 -999.9 -999.9 -999.9 CEMADEN_-_Monte_Alegre_dos_Campos_-_G2-431237701A_(962_m) -999.9 -999.9 -999.9 -999.9 -999.9 -999.9 -999.9 -999.9 Rio_Grande_do_Sul CEMADEN -999.9 0.0 -999.9
-28.68518 -50.78305 17793 2026-07-29_10:10 -999.9 -999.9 -999.9 -999.9 -999.9 -999.9 -999.9 -999.9 -999.9 -999.9 -999.9 -999.9 -999.9 -999.9 -999.9 -999.9 -999.9 40.8 120.8 120.8 120.8 121.0 -999.9 -999.9 -999.9 -999.9 -999.9 CEMADEN_-_Monte_Alegre_dos_Campos_-_G2-431237701A_(962_m) -999.9 -999.9 -999.9 -999.9 -999.9 -999.9 -999.9 -999.9 Rio_Grande_do_Sul CEMADEN -999.9 0.0 -999.9
-28.68518 -50.78305 17793 2026-07-29_11:10 -999.9 -999.9 -999.9 -999.9 -999.9 -999.9 -999.9 -999.9 -999.9 -999.9 -999.9 -999.9 -999.9 -999.9 -999.9 -999.9 -999.9 40.8 120.8 120.8 120.8 121.0 -999.9 -999.9 -999.9 -999.9 -999.9 CEMADEN_-_Monte_Alegre_dos_Campos_-_G2-431237701A_(962_m) -999.9 -999.9 -999.9 -999.9 -999.9 -999.9 -999.9 -999.9 Rio_Grande_do_Sul CEMADEN -999.9 0.0 -999.9
-28.68518 -50.78305 17793 2026-07-29_12:10 -999.9 -999.9 -999.9 -999.9 -999.9 -999.9 -999.9 -999.9 -999.9 -999.9 -999.9 -999.9 -999.9 -999.9 -999.9 -999.9 -999.9 40.8 120.8 120.8 120.8 121.0 -999.9 -999.9 -999.9 -999.9 -999.9 CEMADEN_-_Monte_Alegre_dos_Campos_-_G2-431237701A_(962_m) -999.9 -999.9 -999.9 -999.9 -999.9 -999.9 -999.9 -999.9 Rio_Grande_do_Sul CEMADEN -999.9 0.0 -999.9
-28.68518 -50.78305 17793 2026-07-29_13:10 -999.9 -999.9 -999.9 -999.9 -999.9 -999.9 -999.9 -999.9 -999.9 -999.9 -999.9 -999.9 -999.9 -999.9 -999.9 -999.9 -999.9 40.8 120.8 120.8 120.8 121.0 -999.9 -999.9 -999.9 -999.9 -999.9 CEMADEN_-_Monte_Alegre_dos_Campos_-_G2-431237701A_(962_m) -999.9 -999.9 -999.9 -999.9 -999.9 -999.9 -999.9 -999.9 Rio_Grande_do_Sul CEMADEN -999.9 0.0 -999.9
-28.68518 -50.78305 17793 2026-07-29_14:10 -999.9 -999.9 -999.9 -999.9 -999.9 -999.9 -999.9 -999.9 -999.9 -999.9 -999.9 -999.9 -999.9 -999.9 -999.9 -999.9 -999.9 40.8 120.8 120.8 120.8 121.0 -999.9 -999.9 -999.9 -999.9 -999.9 CEMADEN_-_Monte_Alegre_dos_Campos_-_G2-431237701A_(962_m) -999.9 -999.9 -999.9 -999.9 -999.9 -999.9 -999.9 -999.9 Rio_Grande_do_Sul CEMADEN -999.9 0.0 -999.9
-28.68518 -50.78305 17793 2026-07-29_15:10 -999.9 -999.9 -999.9 -999.9 -999.9 -999.9 -999.9 -999.9 -999.9 -999.9 -999.9 -999.9 -999.9 -999.9 -999.9 -999.9 -999.9 40.8 120.8 120.8 120.8 121.0 -999.9 -999.9 -999.9 -999.9 -999.9 CEMADEN_-_Monte_Alegre_dos_Campos_-_G2-431237701A_(962_m) -999.9 -999.9 -999.9 -999.9 -999.9 -999.9 -999.9 -999.9 Rio_Grande_do_Sul CEMADEN -999.9 0.0 -999.9
-28.68518 -50.78305 17793 2026-07-29_16:10 -999.9 -999.9 -999.9 -999.9 -999.9 -999.9 -999.9 -999.9 -999.9 -999.9 -999.9 -999.9 -999.9 -999.9 -999.9 -999.9 -999.9 40.8 120.8 120.8 120.8 121.0 -999.9 -999.9 -999.9 -999.9 -999.9 CEMADEN_-_Monte_Alegre_dos_Campos_-_G2-431237701A_(962_m) -999.9 -999.9 -999.9 -999.9 -999.9 -999.9 -999.9 -999.9 Rio_Grande_do_Sul CEMADEN -999.9 0.0 -999.9
-28.68518 -50.78305 17793 2026-07-29_17:10 -999.9 -999.9 -999.9 -999.9 -999.9 -999.9 -999.9 -999.9 -999.9 -999.9 -999.9 -999.9 -999.9 -999.9 -999.9 -999.9 -999.9 40.8 120.8 120.8 120.8 121.0 -999.9 -999.9 -999.9 -999.9 -999.9 CEMADEN_-_Monte_Alegre_dos_Campos_-_G2-431237701A_(962_m) -999.9 -999.9 -999.9 -999.9 -999.9 -999.9 -999.9 -999.9 Rio_Grande_do_Sul CEMADEN -999.9 0.0 -999.9
-28.68518 -50.78305 17793 2026-07-29_18:10 -999.9 -999.9 -999.9 -999.9 -999.9 -999.9 -999.9 -999.9 -999.9 -999.9 -999.9 -999.9 -999.9 -999.9 -999.9 -999.9 -999.9 40.8 120.8 120.8 120.8 121.0 -999.9 -999.9 -999.9 -999.9 -999.9 CEMADEN_-_Monte_Alegre_dos_Campos_-_G2-431237701A_(962_m) -999.9 -999.9 -999.9 -999.9 -999.9 -999.9 -999.9 -999.9 Rio_Grande_do_Sul CEMADEN -999.9 0.0 -999.9
-28.68518 -50.78305 17793 2026-07-29_19:10 -999.9 -999.9 -999.9 -999.9 -999.9 -999.9 -999.9 -999.9 -999.9 -999.9 -999.9 -999.9 -999.9 -999.9 -999.9 -999.9 -999.9 40.8 119.8 120.8 120.8 121.0 -999.9 -999.9 -999.9 -999.9 -999.9 CEMADEN_-_Monte_Alegre_dos_Campos_-_G2-431237701A_(962_m) -999.9 -999.9 -999.9 -999.9 -999.9 -999.9 -999.9 -999.9 Rio_Grande_do_Sul CEMADEN -999.9 0.0 -999.9
-28.68518 -50.78305 17793 2026-07-29_20:10 -999.9 -999.9 -999.9 -999.9 -999.9 -999.9 -999.9 -999.9 -999.9 -999.9 -999.9 -999.9 -999.9 -999.9 -999.9 -999.9 -999.9 40.8 102.4 120.8 120.8 121.0 -999.9 -999.9 -999.9 -999.9 -999.9 CEMADEN_-_Monte_Alegre_dos_Campos_-_G2-431237701A_(962_m) -999.9 -999.9 -999.9 -999.9 -999.9 -999.9 -999.9 -999.9 Rio_Grande_do_Sul CEMADEN -999.9 0.0 -999.9
-28.68518 -50.78305 17793 2026-07-29_21:10 -999.9 -999.9 -999.9 -999.9 -999.9 -999.9 -999.9 -999.9 -999.9 -999.9 -999.9 -999.9 -999.9 -999.9 -999.9 -999.9 -999.9 40.8 102.4 120.8 120.8 121.0 -999.9 -999.9 -999.9 -999.9 -999.9 CEMADEN_-_Monte_Alegre_dos_Campos_-_G2-431237701A_(962_m) -999.9 -999.9 -999.9 -999.9 -999.9 -999.9 -999.9 -999.9 Rio_Grande_do_Sul CEMADEN -999.9 0.0 -999.9
-28.68518 -50.78305 17793 2026-07-29_22:10 -999.9 -999.9 -999.9 -999.9 -999.9 -999.9 -999.9 -999.9 -999.9 -999.9 -999.9 -999.9 -999.9 -999.9 -999.9 -999.9 -999.9 40.8 102.4 120.8 120.8 121.0 -999.9 -999.9 -999.9 -999.9 -999.9 CEMADEN_-_Monte_Alegre_dos_Campos_-_G2-431237701A_(962_m) -999.9 -999.9 -999.9 -999.9 -999.9 -999.9 -999.9 -999.9 Rio_Grande_do_Sul CEMADEN -999.9 0.0 -999.9
-28.68518 -50.78305 17793 2026-07-29_23:10 -999.9 -999.9 -999.9 -999.9 -999.9 -999.9 -999.9 -999.9 -999.9 -999.9 -999.9 -999.9 -999.9 -999.9 -999.9 -999.9 -999.9 40.8 102.4 120.8 120.8 121.0 -999.9 -999.9 -999.9 -999.9 -999.9 CEMADEN_-_Monte_Alegre_dos_Campos_-_G2-431237701A_(962_m) -999.9 -999.9 -999.9 -999.9 -999.9 -999.9 -999.9 -999.9 Rio_Grande_do_Sul CEMADEN -999.9 0.0 -999.9
