-29.12927 -51.159296 EPAGRI-2417 2026-08-01_00:00 14.2 14.6 14.1 76.9 77.4 74.7 10.2 -999.9 -999.9 -999.9 -999.9 -999.9 -999.9 -999.9 -999.9 -999.9 0.0 0.0 0.0 0.1 18.6 69.4 26.6 13.5 92.0 50.1 -999.9 EPAGRI_-_Caxias_do_Sul_-_BASF_(830_m) -999.9 -999.9 -999.9 -999.9 -999.9 -999.9 -999.9 -999.9 Rio_Grande_do_Sul EPAGRI -999.9 -999.9 -999.9
-29.12927 -51.159296 EPAGRI-2417 2026-08-01_01:00 14.2 14.6 14.1 77.7 77.9 75.2 10.3 -999.9 -999.9 -999.9 -999.9 -999.9 -999.9 -999.9 -999.9 -999.9 0.0 0.0 0.0 0.1 18.6 69.4 26.6 13.5 92.0 50.1 -999.9 EPAGRI_-_Caxias_do_Sul_-_BASF_(830_m) -999.9 -999.9 -999.9 -999.9 -999.9 -999.9 -999.9 -999.9 Rio_Grande_do_Sul EPAGRI -999.9 -999.9 -999.9
-29.12927 -51.159296 EPAGRI-2417 2026-08-01_02:00 13.7 14.2 13.5 79.4 80.3 77.7 10.1 -999.9 -999.9 -999.9 -999.9 -999.9 -999.9 -999.9 -999.9 -999.9 0.0 0.0 0.0 0.1 18.6 69.4 26.6 13.5 92.0 50.1 -999.9 EPAGRI_-_Caxias_do_Sul_-_BASF_(830_m) -999.9 -999.9 -999.9 -999.9 -999.9 -999.9 -999.9 -999.9 Rio_Grande_do_Sul EPAGRI -999.9 -999.9 -999.9
-29.12927 -51.159296 EPAGRI-2417 2026-08-01_03:00 14.2 14.4 13.6 75.8 79.6 74.8 9.9 -999.9 -999.9 -999.9 -999.9 -999.9 -999.9 -999.9 -999.9 -999.9 0.0 0.0 0.0 0.1 18.6 69.4 26.6 13.5 92.0 50.1 -999.9 EPAGRI_-_Caxias_do_Sul_-_BASF_(830_m) -999.9 -999.9 -999.9 -999.9 -999.9 -999.9 -999.9 -999.9 Rio_Grande_do_Sul EPAGRI -999.9 -999.9 -999.9
-29.12927 -51.159296 EPAGRI-2417 2026-08-01_04:00 15.0 15.2 14.1 71.3 75.8 70.3 9.8 -999.9 -999.9 -999.9 -999.9 -999.9 -999.9 -999.9 -999.9 -999.9 0.0 0.0 0.0 0.1 18.6 69.4 26.6 13.5 92.0 50.1 -999.9 EPAGRI_-_Caxias_do_Sul_-_BASF_(830_m) -999.9 -999.9 -999.9 -999.9 -999.9 -999.9 -999.9 -999.9 Rio_Grande_do_Sul EPAGRI -999.9 -999.9 -999.9
-29.12927 -51.159296 EPAGRI-2417 2026-08-01_05:00 14.5 15.0 14.2 74.9 76.2 71.3 10.0 -999.9 -999.9 -999.9 -999.9 -999.9 -999.9 -999.9 -999.9 -999.9 0.0 0.0 0.0 0.1 18.6 69.4 26.6 13.5 92.0 50.1 -999.9 EPAGRI_-_Caxias_do_Sul_-_BASF_(830_m) -999.9 -999.9 -999.9 -999.9 -999.9 -999.9 -999.9 -999.9 Rio_Grande_do_Sul EPAGRI -999.9 -999.9 -999.9
-29.12927 -51.159296 EPAGRI-2417 2026-08-01_06:00 13.7 14.5 13.6 79.9 80.1 74.9 10.2 -999.9 -999.9 -999.9 -999.9 -999.9 -999.9 -999.9 -999.9 -999.9 0.0 0.0 0.0 0.1 18.6 69.4 26.6 13.5 92.0 50.1 -999.9 EPAGRI_-_Caxias_do_Sul_-_BASF_(830_m) -999.9 -999.9 -999.9 -999.9 -999.9 -999.9 -999.9 -999.9 Rio_Grande_do_Sul EPAGRI -999.9 -999.9 -999.9
-29.12927 -51.159296 EPAGRI-2417 2026-08-01_07:00 14.5 14.6 13.6 73.8 80.0 73.3 9.8 -999.9 -999.9 -999.9 -999.9 -999.9 -999.9 -999.9 -999.9 -999.9 0.0 0.0 0.0 0.1 18.6 69.4 26.6 13.5 92.0 50.1 -999.9 EPAGRI_-_Caxias_do_Sul_-_BASF_(830_m) -999.9 -999.9 -999.9 -999.9 -999.9 -999.9 -999.9 -999.9 Rio_Grande_do_Sul EPAGRI -999.9 -999.9 -999.9
-29.12927 -51.159296 EPAGRI-2417 2026-08-01_08:00 15.2 15.2 14.4 72.3 74.4 72.1 10.2 -999.9 -999.9 -999.9 -999.9 -999.9 -999.9 -999.9 -999.9 -999.9 0.0 0.0 0.0 0.1 18.6 69.4 26.6 13.5 92.0 50.1 -999.9 EPAGRI_-_Caxias_do_Sul_-_BASF_(830_m) -999.9 -999.9 -999.9 -999.9 -999.9 -999.9 -999.9 -999.9 Rio_Grande_do_Sul EPAGRI -999.9 -999.9 -999.9
-29.12927 -51.159296 EPAGRI-2417 2026-08-01_09:00 17.2 17.2 15.2 68.4 72.8 67.8 11.3 -999.9 -999.9 -999.9 -999.9 -999.9 -999.9 -999.9 -999.9 -999.9 0.0 0.0 0.0 0.1 18.6 69.4 26.6 13.5 92.0 50.1 -999.9 EPAGRI_-_Caxias_do_Sul_-_BASF_(830_m) -999.9 -999.9 -999.9 -999.9 -999.9 -999.9 -999.9 -999.9 Rio_Grande_do_Sul EPAGRI -999.9 -999.9 -999.9
-29.12927 -51.159296 EPAGRI-2417 2026-08-01_10:00 19.8 19.8 17.2 62.9 68.4 62.2 12.5 -999.9 -999.9 -999.9 -999.9 -999.9 -999.9 -999.9 -999.9 -999.9 0.0 0.0 0.0 0.1 18.6 69.4 26.6 13.5 92.0 50.1 -999.9 EPAGRI_-_Caxias_do_Sul_-_BASF_(830_m) -999.9 -999.9 -999.9 -999.9 -999.9 -999.9 -999.9 -999.9 Rio_Grande_do_Sul EPAGRI -999.9 -999.9 -999.9
-29.12927 -51.159296 EPAGRI-2417 2026-08-01_11:00 22.2 22.2 19.8 61.0 63.8 60.2 14.3 -999.9 -999.9 -999.9 -999.9 -999.9 -999.9 -999.9 -999.9 -999.9 0.0 0.0 0.0 0.1 18.6 69.4 26.6 13.5 92.0 50.1 -999.9 EPAGRI_-_Caxias_do_Sul_-_BASF_(830_m) -999.9 -999.9 -999.9 -999.9 -999.9 -999.9 -999.9 -999.9 Rio_Grande_do_Sul EPAGRI -999.9 -999.9 -999.9
-29.12927 -51.159296 EPAGRI-2417 2026-08-01_12:00 23.6 23.6 22.0 57.6 61.6 57.6 14.7 -999.9 -999.9 -999.9 -999.9 -999.9 -999.9 -999.9 -999.9 -999.9 0.0 0.0 0.0 0.1 18.6 69.4 26.6 13.5 92.0 50.1 -999.9 EPAGRI_-_Caxias_do_Sul_-_BASF_(830_m) -999.9 -999.9 -999.9 -999.9 -999.9 -999.9 -999.9 -999.9 Rio_Grande_do_Sul EPAGRI -999.9 -999.9 -999.9
-29.12927 -51.159296 EPAGRI-2417 2026-08-01_13:00 25.0 25.1 23.4 55.1 59.4 53.8 15.4 -999.9 -999.9 -999.9 -999.9 -999.9 -999.9 -999.9 -999.9 -999.9 0.0 0.0 0.0 0.1 18.6 69.4 26.6 13.5 92.0 50.1 -999.9 EPAGRI_-_Caxias_do_Sul_-_BASF_(830_m) -999.9 -999.9 -999.9 -999.9 -999.9 -999.9 -999.9 -999.9 Rio_Grande_do_Sul EPAGRI -999.9 -999.9 -999.9
-29.12927 -51.159296 EPAGRI-2417 2026-08-01_14:00 26.1 26.3 25.0 52.0 55.8 51.5 15.5 -999.9 -999.9 -999.9 -999.9 -999.9 -999.9 -999.9 -999.9 -999.9 0.0 0.0 0.0 0.1 18.6 69.4 26.6 13.5 92.0 50.1 -999.9 EPAGRI_-_Caxias_do_Sul_-_BASF_(830_m) -999.9 -999.9 -999.9 -999.9 -999.9 -999.9 -999.9 -999.9 Rio_Grande_do_Sul EPAGRI -999.9 -999.9 -999.9
-29.12927 -51.159296 EPAGRI-2417 2026-08-01_15:00 26.3 26.5 25.9 53.5 53.8 50.6 16.1 -999.9 -999.9 -999.9 -999.9 -999.9 -999.9 -999.9 -999.9 -999.9 0.0 0.0 0.0 0.1 18.6 69.4 26.6 13.5 92.0 50.1 -999.9 EPAGRI_-_Caxias_do_Sul_-_BASF_(830_m) -999.9 -999.9 -999.9 -999.9 -999.9 -999.9 -999.9 -999.9 Rio_Grande_do_Sul EPAGRI -999.9 -999.9 -999.9
-29.12927 -51.159296 EPAGRI-2417 2026-08-01_16:00 25.2 26.6 25.2 55.0 55.0 50.1 15.5 -999.9 -999.9 -999.9 -999.9 -999.9 -999.9 -999.9 -999.9 -999.9 0.0 0.0 0.0 0.1 18.6 69.4 26.6 13.5 92.0 50.1 -999.9 EPAGRI_-_Caxias_do_Sul_-_BASF_(830_m) -999.9 -999.9 -999.9 -999.9 -999.9 -999.9 -999.9 -999.9 Rio_Grande_do_Sul EPAGRI -999.9 -999.9 -999.9
-29.12927 -51.159296 EPAGRI-2417 2026-08-01_17:00 23.9 25.3 23.9 59.4 59.7 53.0 15.5 -999.9 -999.9 -999.9 -999.9 -999.9 -999.9 -999.9 -999.9 -999.9 0.0 0.0 0.0 0.1 18.6 69.4 26.6 13.5 92.0 50.1 -999.9 EPAGRI_-_Caxias_do_Sul_-_BASF_(830_m) -999.9 -999.9 -999.9 -999.9 -999.9 -999.9 -999.9 -999.9 Rio_Grande_do_Sul EPAGRI -999.9 -999.9 -999.9
-29.12927 -51.159296 EPAGRI-2417 2026-08-01_18:00 22.6 23.9 22.5 64.8 65.1 59.4 15.6 -999.9 -999.9 -999.9 -999.9 -999.9 -999.9 -999.9 -999.9 -999.9 0.0 0.0 0.0 0.1 18.6 69.4 26.6 13.5 92.0 50.1 -999.9 EPAGRI_-_Caxias_do_Sul_-_BASF_(830_m) -999.9 -999.9 -999.9 -999.9 -999.9 -999.9 -999.9 -999.9 Rio_Grande_do_Sul EPAGRI -999.9 -999.9 -999.9
-29.12927 -51.159296 EPAGRI-2417 2026-08-01_19:00 22.1 22.6 22.0 67.3 67.7 64.8 15.8 -999.9 -999.9 -999.9 -999.9 -999.9 -999.9 -999.9 -999.9 -999.9 0.0 0.0 0.0 0.1 18.6 69.4 26.6 13.5 92.0 50.1 -999.9 EPAGRI_-_Caxias_do_Sul_-_BASF_(830_m) -999.9 -999.9 -999.9 -999.9 -999.9 -999.9 -999.9 -999.9 Rio_Grande_do_Sul EPAGRI -999.9 -999.9 -999.9
-29.12927 -51.159296 EPAGRI-2417 2026-08-01_20:00 21.7 22.1 21.2 71.8 71.9 67.3 16.3 -999.9 -999.9 -999.9 -999.9 -999.9 -999.9 -999.9 -999.9 -999.9 0.0 0.0 0.0 0.1 18.6 69.4 26.6 13.5 92.0 50.1 -999.9 EPAGRI_-_Caxias_do_Sul_-_BASF_(830_m) -999.9 -999.9 -999.9 -999.9 -999.9 -999.9 -999.9 -999.9 Rio_Grande_do_Sul EPAGRI -999.9 -999.9 -999.9
-29.12927 -51.159296 EPAGRI-2417 2026-08-01_21:00 18.4 21.7 18.4 91.3 91.3 71.7 17.0 -999.9 -999.9 -999.9 -999.9 -999.9 -999.9 -999.9 -999.9 -999.9 0.0 0.0 0.0 0.1 18.6 69.4 26.6 13.5 92.0 50.1 -999.9 EPAGRI_-_Caxias_do_Sul_-_BASF_(830_m) -999.9 -999.9 -999.9 -999.9 -999.9 -999.9 -999.9 -999.9 Rio_Grande_do_Sul EPAGRI -999.9 -999.9 -999.9
-29.12927 -51.159296 EPAGRI-2417 2026-08-01_22:00 18.0 18.6 18.0 86.0 92.0 85.3 15.6 -999.9 -999.9 -999.9 -999.9 -999.9 -999.9 -999.9 -999.9 -999.9 0.0 0.0 0.0 0.1 18.6 69.4 26.6 13.5 92.0 50.1 -999.9 EPAGRI_-_Caxias_do_Sul_-_BASF_(830_m) -999.9 -999.9 -999.9 -999.9 -999.9 -999.9 -999.9 -999.9 Rio_Grande_do_Sul EPAGRI -999.9 -999.9 -999.9
-29.12927 -51.159296 EPAGRI-2417 2026-08-01_23:00 17.7 18.5 17.7 79.8 86.2 76.0 14.2 -999.9 -999.9 -999.9 -999.9 -999.9 -999.9 -999.9 -999.9 -999.9 0.0 0.0 0.0 0.1 18.6 69.4 26.6 13.5 92.0 50.1 -999.9 EPAGRI_-_Caxias_do_Sul_-_BASF_(830_m) -999.9 -999.9 -999.9 -999.9 -999.9 -999.9 -999.9 -999.9 Rio_Grande_do_Sul EPAGRI -999.9 -999.9 -999.9
