-28.99433 -51.69655 16938 2026-08-20_00:10 -999.9 -999.9 -999.9 -999.9 -999.9 -999.9 -999.9 -999.9 -999.9 -999.9 -999.9 -999.9 -999.9 -999.9 -999.9 -999.9 -999.9 0.0 -999.9 -999.9 -999.9 -999.9 -999.9 -999.9 -999.9 -999.9 -999.9 CEMADEN_-_Cotiporã_-_G2-430595901A_(601_m) -999.9 -999.9 -999.9 -999.9 -999.9 -999.9 -999.9 -999.9 Rio_Grande_do_Sul CEMADEN -999.9 0.0 -999.9
-28.99433 -51.69655 16938 2026-08-20_00:30 -999.9 -999.9 -999.9 -999.9 -999.9 -999.9 -999.9 -999.9 -999.9 -999.9 -999.9 -999.9 -999.9 -999.9 -999.9 -999.9 0.2 0.2 0.2 0.2 0.2 2.0 -999.9 -999.9 -999.9 -999.9 -999.9 CEMADEN_-_Cotiporã_-_G2-430595901A_(601_m) -999.9 -999.9 -999.9 -999.9 -999.9 -999.9 -999.9 -999.9 Rio_Grande_do_Sul CEMADEN -999.9 0.2 -999.9
-28.99433 -51.69655 16938 2026-08-20_01:10 -999.9 -999.9 -999.9 -999.9 -999.9 -999.9 -999.9 -999.9 -999.9 -999.9 -999.9 -999.9 -999.9 -999.9 -999.9 -999.9 -999.9 0.2 0.2 0.2 0.2 2.0 -999.9 -999.9 -999.9 -999.9 -999.9 CEMADEN_-_Cotiporã_-_G2-430595901A_(601_m) -999.9 -999.9 -999.9 -999.9 -999.9 -999.9 -999.9 -999.9 Rio_Grande_do_Sul CEMADEN -999.9 0.0 -999.9
-28.99433 -51.69655 16938 2026-08-20_02:10 -999.9 -999.9 -999.9 -999.9 -999.9 -999.9 -999.9 -999.9 -999.9 -999.9 -999.9 -999.9 -999.9 -999.9 -999.9 -999.9 -999.9 0.2 0.2 0.2 0.2 2.0 -999.9 -999.9 -999.9 -999.9 -999.9 CEMADEN_-_Cotiporã_-_G2-430595901A_(601_m) -999.9 -999.9 -999.9 -999.9 -999.9 -999.9 -999.9 -999.9 Rio_Grande_do_Sul CEMADEN -999.9 0.0 -999.9
-28.99433 -51.69655 16938 2026-08-20_03:10 -999.9 -999.9 -999.9 -999.9 -999.9 -999.9 -999.9 -999.9 -999.9 -999.9 -999.9 -999.9 -999.9 -999.9 -999.9 -999.9 -999.9 0.2 0.2 0.2 0.2 2.0 -999.9 -999.9 -999.9 -999.9 -999.9 CEMADEN_-_Cotiporã_-_G2-430595901A_(601_m) -999.9 -999.9 -999.9 -999.9 -999.9 -999.9 -999.9 -999.9 Rio_Grande_do_Sul CEMADEN -999.9 0.0 -999.9
-28.99433 -51.69655 16938 2026-08-20_04:10 -999.9 -999.9 -999.9 -999.9 -999.9 -999.9 -999.9 -999.9 -999.9 -999.9 -999.9 -999.9 -999.9 -999.9 -999.9 -999.9 -999.9 0.2 0.2 0.2 0.2 2.0 -999.9 -999.9 -999.9 -999.9 -999.9 CEMADEN_-_Cotiporã_-_G2-430595901A_(601_m) -999.9 -999.9 -999.9 -999.9 -999.9 -999.9 -999.9 -999.9 Rio_Grande_do_Sul CEMADEN -999.9 0.0 -999.9
-28.99433 -51.69655 16938 2026-08-20_05:10 -999.9 -999.9 -999.9 -999.9 -999.9 -999.9 -999.9 -999.9 -999.9 -999.9 -999.9 -999.9 -999.9 -999.9 -999.9 -999.9 -999.9 0.2 0.2 0.2 0.2 2.0 -999.9 -999.9 -999.9 -999.9 -999.9 CEMADEN_-_Cotiporã_-_G2-430595901A_(601_m) -999.9 -999.9 -999.9 -999.9 -999.9 -999.9 -999.9 -999.9 Rio_Grande_do_Sul CEMADEN -999.9 0.0 -999.9
-28.99433 -51.69655 16938 2026-08-20_06:10 -999.9 -999.9 -999.9 -999.9 -999.9 -999.9 -999.9 -999.9 -999.9 -999.9 -999.9 -999.9 -999.9 -999.9 -999.9 -999.9 -999.9 0.2 0.2 0.2 0.2 2.0 -999.9 -999.9 -999.9 -999.9 -999.9 CEMADEN_-_Cotiporã_-_G2-430595901A_(601_m) -999.9 -999.9 -999.9 -999.9 -999.9 -999.9 -999.9 -999.9 Rio_Grande_do_Sul CEMADEN -999.9 0.0 -999.9
-28.99433 -51.69655 16938 2026-08-20_09:10 -999.9 -999.9 -999.9 -999.9 -999.9 -999.9 -999.9 -999.9 -999.9 -999.9 -999.9 -999.9 -999.9 -999.9 -999.9 -999.9 -999.9 0.2 0.2 0.2 0.2 2.0 -999.9 -999.9 -999.9 -999.9 -999.9 CEMADEN_-_Cotiporã_-_G2-430595901A_(601_m) -999.9 -999.9 -999.9 -999.9 -999.9 -999.9 -999.9 -999.9 Rio_Grande_do_Sul CEMADEN -999.9 0.0 -999.9
-28.99433 -51.69655 16938 2026-08-20_10:10 -999.9 -999.9 -999.9 -999.9 -999.9 -999.9 -999.9 -999.9 -999.9 -999.9 -999.9 -999.9 -999.9 -999.9 -999.9 -999.9 -999.9 0.2 0.2 0.2 0.2 2.0 -999.9 -999.9 -999.9 -999.9 -999.9 CEMADEN_-_Cotiporã_-_G2-430595901A_(601_m) -999.9 -999.9 -999.9 -999.9 -999.9 -999.9 -999.9 -999.9 Rio_Grande_do_Sul CEMADEN -999.9 0.0 -999.9
-28.99433 -51.69655 16938 2026-08-20_10:20 -999.9 -999.9 -999.9 -999.9 -999.9 -999.9 -999.9 -999.9 -999.9 -999.9 -999.9 -999.9 -999.9 -999.9 -999.9 -999.9 1.0 1.2 1.2 1.2 1.2 3.0 -999.9 -999.9 -999.9 -999.9 -999.9 CEMADEN_-_Cotiporã_-_G2-430595901A_(601_m) -999.9 -999.9 -999.9 -999.9 -999.9 -999.9 -999.9 -999.9 Rio_Grande_do_Sul CEMADEN -999.9 1.0 -999.9
-28.99433 -51.69655 16938 2026-08-20_10:30 -999.9 -999.9 -999.9 -999.9 -999.9 -999.9 -999.9 -999.9 -999.9 -999.9 -999.9 -999.9 -999.9 -999.9 -999.9 -999.9 5.6 5.8 5.8 5.8 5.8 7.6 -999.9 -999.9 -999.9 -999.9 -999.9 CEMADEN_-_Cotiporã_-_G2-430595901A_(601_m) -999.9 -999.9 -999.9 -999.9 -999.9 -999.9 -999.9 -999.9 Rio_Grande_do_Sul CEMADEN -999.9 4.6 -999.9
-28.99433 -51.69655 16938 2026-08-20_10:40 -999.9 -999.9 -999.9 -999.9 -999.9 -999.9 -999.9 -999.9 -999.9 -999.9 -999.9 -999.9 -999.9 -999.9 -999.9 -999.9 7.0 7.2 7.2 7.2 7.2 9.0 -999.9 -999.9 -999.9 -999.9 -999.9 CEMADEN_-_Cotiporã_-_G2-430595901A_(601_m) -999.9 -999.9 -999.9 -999.9 -999.9 -999.9 -999.9 -999.9 Rio_Grande_do_Sul CEMADEN -999.9 1.4 -999.9
-28.99433 -51.69655 16938 2026-08-20_10:50 -999.9 -999.9 -999.9 -999.9 -999.9 -999.9 -999.9 -999.9 -999.9 -999.9 -999.9 -999.9 -999.9 -999.9 -999.9 -999.9 8.0 8.2 8.2 8.2 8.2 10.0 -999.9 -999.9 -999.9 -999.9 -999.9 CEMADEN_-_Cotiporã_-_G2-430595901A_(601_m) -999.9 -999.9 -999.9 -999.9 -999.9 -999.9 -999.9 -999.9 Rio_Grande_do_Sul CEMADEN -999.9 1.0 -999.9
-28.99433 -51.69655 16938 2026-08-20_11:10 -999.9 -999.9 -999.9 -999.9 -999.9 -999.9 -999.9 -999.9 -999.9 -999.9 -999.9 -999.9 -999.9 -999.9 -999.9 -999.9 2.6 8.4 8.4 8.4 8.4 10.2 -999.9 -999.9 -999.9 -999.9 -999.9 CEMADEN_-_Cotiporã_-_G2-430595901A_(601_m) -999.9 -999.9 -999.9 -999.9 -999.9 -999.9 -999.9 -999.9 Rio_Grande_do_Sul CEMADEN -999.9 0.2 -999.9
-28.99433 -51.69655 16938 2026-08-20_11:40 -999.9 -999.9 -999.9 -999.9 -999.9 -999.9 -999.9 -999.9 -999.9 -999.9 -999.9 -999.9 -999.9 -999.9 -999.9 -999.9 0.8 9.0 9.0 9.0 9.0 10.8 -999.9 -999.9 -999.9 -999.9 -999.9 CEMADEN_-_Cotiporã_-_G2-430595901A_(601_m) -999.9 -999.9 -999.9 -999.9 -999.9 -999.9 -999.9 -999.9 Rio_Grande_do_Sul CEMADEN -999.9 0.6 -999.9
-28.99433 -51.69655 16938 2026-08-20_11:50 -999.9 -999.9 -999.9 -999.9 -999.9 -999.9 -999.9 -999.9 -999.9 -999.9 -999.9 -999.9 -999.9 -999.9 -999.9 -999.9 1.0 9.2 9.2 9.2 9.2 11.0 -999.9 -999.9 -999.9 -999.9 -999.9 CEMADEN_-_Cotiporã_-_G2-430595901A_(601_m) -999.9 -999.9 -999.9 -999.9 -999.9 -999.9 -999.9 -999.9 Rio_Grande_do_Sul CEMADEN -999.9 0.2 -999.9
-28.99433 -51.69655 16938 2026-08-20_12:00 -999.9 -999.9 -999.9 -999.9 -999.9 -999.9 -999.9 -999.9 -999.9 -999.9 -999.9 -999.9 -999.9 -999.9 -999.9 -999.9 1.8 10.0 10.0 10.0 10.0 11.8 -999.9 -999.9 -999.9 -999.9 -999.9 CEMADEN_-_Cotiporã_-_G2-430595901A_(601_m) -999.9 -999.9 -999.9 -999.9 -999.9 -999.9 -999.9 -999.9 Rio_Grande_do_Sul CEMADEN -999.9 0.8 -999.9
-28.99433 -51.69655 16938 2026-08-20_12:10 -999.9 -999.9 -999.9 -999.9 -999.9 -999.9 -999.9 -999.9 -999.9 -999.9 -999.9 -999.9 -999.9 -999.9 -999.9 -999.9 2.2 10.6 10.6 10.6 10.6 12.4 -999.9 -999.9 -999.9 -999.9 -999.9 CEMADEN_-_Cotiporã_-_G2-430595901A_(601_m) -999.9 -999.9 -999.9 -999.9 -999.9 -999.9 -999.9 -999.9 Rio_Grande_do_Sul CEMADEN -999.9 0.6 -999.9
-28.99433 -51.69655 16938 2026-08-20_12:20 -999.9 -999.9 -999.9 -999.9 -999.9 -999.9 -999.9 -999.9 -999.9 -999.9 -999.9 -999.9 -999.9 -999.9 -999.9 -999.9 2.4 10.8 10.8 10.8 10.8 12.6 -999.9 -999.9 -999.9 -999.9 -999.9 CEMADEN_-_Cotiporã_-_G2-430595901A_(601_m) -999.9 -999.9 -999.9 -999.9 -999.9 -999.9 -999.9 -999.9 Rio_Grande_do_Sul CEMADEN -999.9 0.2 -999.9
-28.99433 -51.69655 16938 2026-08-20_12:40 -999.9 -999.9 -999.9 -999.9 -999.9 -999.9 -999.9 -999.9 -999.9 -999.9 -999.9 -999.9 -999.9 -999.9 -999.9 -999.9 1.8 11.0 11.0 11.0 11.0 12.8 -999.9 -999.9 -999.9 -999.9 -999.9 CEMADEN_-_Cotiporã_-_G2-430595901A_(601_m) -999.9 -999.9 -999.9 -999.9 -999.9 -999.9 -999.9 -999.9 Rio_Grande_do_Sul CEMADEN -999.9 0.2 -999.9
-28.99433 -51.69655 16938 2026-08-20_12:50 -999.9 -999.9 -999.9 -999.9 -999.9 -999.9 -999.9 -999.9 -999.9 -999.9 -999.9 -999.9 -999.9 -999.9 -999.9 -999.9 1.2 11.2 11.2 11.2 11.2 13.0 -999.9 -999.9 -999.9 -999.9 -999.9 CEMADEN_-_Cotiporã_-_G2-430595901A_(601_m) -999.9 -999.9 -999.9 -999.9 -999.9 -999.9 -999.9 -999.9 Rio_Grande_do_Sul CEMADEN -999.9 0.2 -999.9
-28.99433 -51.69655 16938 2026-08-20_13:10 -999.9 -999.9 -999.9 -999.9 -999.9 -999.9 -999.9 -999.9 -999.9 -999.9 -999.9 -999.9 -999.9 -999.9 -999.9 -999.9 0.6 11.2 11.2 11.2 11.2 13.0 -999.9 -999.9 -999.9 -999.9 -999.9 CEMADEN_-_Cotiporã_-_G2-430595901A_(601_m) -999.9 -999.9 -999.9 -999.9 -999.9 -999.9 -999.9 -999.9 Rio_Grande_do_Sul CEMADEN -999.9 0.0 -999.9
-28.99433 -51.69655 16938 2026-08-20_13:20 -999.9 -999.9 -999.9 -999.9 -999.9 -999.9 -999.9 -999.9 -999.9 -999.9 -999.9 -999.9 -999.9 -999.9 -999.9 -999.9 0.2 11.4 11.4 11.4 11.4 13.2 -999.9 -999.9 -999.9 -999.9 -999.9 CEMADEN_-_Cotiporã_-_G2-430595901A_(601_m) -999.9 -999.9 -999.9 -999.9 -999.9 -999.9 -999.9 -999.9 Rio_Grande_do_Sul CEMADEN -999.9 0.2 -999.9
-28.99433 -51.69655 16938 2026-08-20_14:10 -999.9 -999.9 -999.9 -999.9 -999.9 -999.9 -999.9 -999.9 -999.9 -999.9 -999.9 -999.9 -999.9 -999.9 -999.9 -999.9 -999.9 11.4 11.4 11.4 11.4 13.2 -999.9 -999.9 -999.9 -999.9 -999.9 CEMADEN_-_Cotiporã_-_G2-430595901A_(601_m) -999.9 -999.9 -999.9 -999.9 -999.9 -999.9 -999.9 -999.9 Rio_Grande_do_Sul CEMADEN -999.9 0.0 -999.9
-28.99433 -51.69655 16938 2026-08-20_15:10 -999.9 -999.9 -999.9 -999.9 -999.9 -999.9 -999.9 -999.9 -999.9 -999.9 -999.9 -999.9 -999.9 -999.9 -999.9 -999.9 -999.9 11.4 11.4 11.4 11.4 13.2 -999.9 -999.9 -999.9 -999.9 -999.9 CEMADEN_-_Cotiporã_-_G2-430595901A_(601_m) -999.9 -999.9 -999.9 -999.9 -999.9 -999.9 -999.9 -999.9 Rio_Grande_do_Sul CEMADEN -999.9 0.0 -999.9
-28.99433 -51.69655 16938 2026-08-20_16:10 -999.9 -999.9 -999.9 -999.9 -999.9 -999.9 -999.9 -999.9 -999.9 -999.9 -999.9 -999.9 -999.9 -999.9 -999.9 -999.9 -999.9 11.4 11.4 11.4 11.4 13.2 -999.9 -999.9 -999.9 -999.9 -999.9 CEMADEN_-_Cotiporã_-_G2-430595901A_(601_m) -999.9 -999.9 -999.9 -999.9 -999.9 -999.9 -999.9 -999.9 Rio_Grande_do_Sul CEMADEN -999.9 0.0 -999.9
-28.99433 -51.69655 16938 2026-08-20_17:10 -999.9 -999.9 -999.9 -999.9 -999.9 -999.9 -999.9 -999.9 -999.9 -999.9 -999.9 -999.9 -999.9 -999.9 -999.9 -999.9 -999.9 11.4 11.4 11.4 11.4 13.2 -999.9 -999.9 -999.9 -999.9 -999.9 CEMADEN_-_Cotiporã_-_G2-430595901A_(601_m) -999.9 -999.9 -999.9 -999.9 -999.9 -999.9 -999.9 -999.9 Rio_Grande_do_Sul CEMADEN -999.9 0.0 -999.9
-28.99433 -51.69655 16938 2026-08-20_18:10 -999.9 -999.9 -999.9 -999.9 -999.9 -999.9 -999.9 -999.9 -999.9 -999.9 -999.9 -999.9 -999.9 -999.9 -999.9 -999.9 -999.9 11.4 11.4 11.4 11.4 13.2 -999.9 -999.9 -999.9 -999.9 -999.9 CEMADEN_-_Cotiporã_-_G2-430595901A_(601_m) -999.9 -999.9 -999.9 -999.9 -999.9 -999.9 -999.9 -999.9 Rio_Grande_do_Sul CEMADEN -999.9 0.0 -999.9
-28.99433 -51.69655 16938 2026-08-20_19:10 -999.9 -999.9 -999.9 -999.9 -999.9 -999.9 -999.9 -999.9 -999.9 -999.9 -999.9 -999.9 -999.9 -999.9 -999.9 -999.9 -999.9 11.4 11.4 11.4 11.4 13.2 -999.9 -999.9 -999.9 -999.9 -999.9 CEMADEN_-_Cotiporã_-_G2-430595901A_(601_m) -999.9 -999.9 -999.9 -999.9 -999.9 -999.9 -999.9 -999.9 Rio_Grande_do_Sul CEMADEN -999.9 0.0 -999.9
-28.99433 -51.69655 16938 2026-08-20_20:10 -999.9 -999.9 -999.9 -999.9 -999.9 -999.9 -999.9 -999.9 -999.9 -999.9 -999.9 -999.9 -999.9 -999.9 -999.9 -999.9 -999.9 11.4 11.4 11.4 11.4 13.2 -999.9 -999.9 -999.9 -999.9 -999.9 CEMADEN_-_Cotiporã_-_G2-430595901A_(601_m) -999.9 -999.9 -999.9 -999.9 -999.9 -999.9 -999.9 -999.9 Rio_Grande_do_Sul CEMADEN -999.9 0.0 -999.9
-28.99433 -51.69655 16938 2026-08-20_21:10 -999.9 -999.9 -999.9 -999.9 -999.9 -999.9 -999.9 -999.9 -999.9 -999.9 -999.9 -999.9 -999.9 -999.9 -999.9 -999.9 -999.9 11.4 11.4 11.4 11.4 13.2 -999.9 -999.9 -999.9 -999.9 -999.9 CEMADEN_-_Cotiporã_-_G2-430595901A_(601_m) -999.9 -999.9 -999.9 -999.9 -999.9 -999.9 -999.9 -999.9 Rio_Grande_do_Sul CEMADEN -999.9 0.0 -999.9
-28.99433 -51.69655 16938 2026-08-20_23:20 -999.9 -999.9 -999.9 -999.9 -999.9 -999.9 -999.9 -999.9 -999.9 -999.9 -999.9 -999.9 -999.9 -999.9 -999.9 -999.9 -999.9 11.4 11.4 11.4 11.4 13.2 -999.9 -999.9 -999.9 -999.9 -999.9 CEMADEN_-_Cotiporã_-_G2-430595901A_(601_m) -999.9 -999.9 -999.9 -999.9 -999.9 -999.9 -999.9 -999.9 Rio_Grande_do_Sul CEMADEN -999.9 0.0 -999.9
