-28.8493 -51.2744 16921 2026-09-02_00:10 -999.9 -999.9 -999.9 -999.9 -999.9 -999.9 -999.9 -999.9 -999.9 -999.9 -999.9 -999.9 -999.9 -999.9 -999.9 -999.9 -999.9 0.0 10.6 56.8 112.2 217.2 -999.9 -999.9 -999.9 -999.9 -999.9 CEMADEN_-_Antônio_Prado_-_G2-430080202A_(683_m) -999.9 -999.9 -999.9 -999.9 -999.9 -999.9 -999.9 -999.9 Rio_Grande_do_Sul CEMADEN -999.9 0.0 -999.9
-28.8493 -51.2744 16921 2026-09-02_01:10 -999.9 -999.9 -999.9 -999.9 -999.9 -999.9 -999.9 -999.9 -999.9 -999.9 -999.9 -999.9 -999.9 -999.9 -999.9 -999.9 -999.9 -0.4 10.4 56.8 111.8 216.8 -999.9 -999.9 -999.9 -999.9 -999.9 CEMADEN_-_Antônio_Prado_-_G2-430080202A_(683_m) -999.9 -999.9 -999.9 -999.9 -999.9 -999.9 -999.9 -999.9 Rio_Grande_do_Sul CEMADEN -999.9 -0.4 -999.9
-28.8493 -51.2744 16921 2026-09-02_02:10 -999.9 -999.9 -999.9 -999.9 -999.9 -999.9 -999.9 -999.9 -999.9 -999.9 -999.9 -999.9 -999.9 -999.9 -999.9 -999.9 -999.9 -1.0 10.4 56.8 111.2 216.2 -999.9 -999.9 -999.9 -999.9 -999.9 CEMADEN_-_Antônio_Prado_-_G2-430080202A_(683_m) -999.9 -999.9 -999.9 -999.9 -999.9 -999.9 -999.9 -999.9 Rio_Grande_do_Sul CEMADEN -999.9 -0.6 -999.9
-28.8493 -51.2744 16921 2026-09-02_03:10 -999.9 -999.9 -999.9 -999.9 -999.9 -999.9 -999.9 -999.9 -999.9 -999.9 -999.9 -999.9 -999.9 -999.9 -999.9 -999.9 -999.9 -1.0 10.4 56.8 111.2 216.2 -999.9 -999.9 -999.9 -999.9 -999.9 CEMADEN_-_Antônio_Prado_-_G2-430080202A_(683_m) -999.9 -999.9 -999.9 -999.9 -999.9 -999.9 -999.9 -999.9 Rio_Grande_do_Sul CEMADEN -999.9 0.0 -999.9
-28.8493 -51.2744 16921 2026-09-02_04:10 -999.9 -999.9 -999.9 -999.9 -999.9 -999.9 -999.9 -999.9 -999.9 -999.9 -999.9 -999.9 -999.9 -999.9 -999.9 -999.9 -999.9 -3.4 10.4 56.8 108.8 213.8 -999.9 -999.9 -999.9 -999.9 -999.9 CEMADEN_-_Antônio_Prado_-_G2-430080202A_(683_m) -999.9 -999.9 -999.9 -999.9 -999.9 -999.9 -999.9 -999.9 Rio_Grande_do_Sul CEMADEN -999.9 -2.4 -999.9
-28.8493 -51.2744 16921 2026-09-02_05:10 -999.9 -999.9 -999.9 -999.9 -999.9 -999.9 -999.9 -999.9 -999.9 -999.9 -999.9 -999.9 -999.9 -999.9 -999.9 -999.9 -999.9 -4.4 10.4 56.8 107.8 212.8 -999.9 -999.9 -999.9 -999.9 -999.9 CEMADEN_-_Antônio_Prado_-_G2-430080202A_(683_m) -999.9 -999.9 -999.9 -999.9 -999.9 -999.9 -999.9 -999.9 Rio_Grande_do_Sul CEMADEN -999.9 -1.0 -999.9
-28.8493 -51.2744 16921 2026-09-02_06:10 -999.9 -999.9 -999.9 -999.9 -999.9 -999.9 -999.9 -999.9 -999.9 -999.9 -999.9 -999.9 -999.9 -999.9 -999.9 -999.9 -999.9 -7.2 10.4 56.8 105.0 210.0 -999.9 -999.9 -999.9 -999.9 -999.9 CEMADEN_-_Antônio_Prado_-_G2-430080202A_(683_m) -999.9 -999.9 -999.9 -999.9 -999.9 -999.9 -999.9 -999.9 Rio_Grande_do_Sul CEMADEN -999.9 -2.8 -999.9
-28.8493 -51.2744 16921 2026-09-02_07:10 -999.9 -999.9 -999.9 -999.9 -999.9 -999.9 -999.9 -999.9 -999.9 -999.9 -999.9 -999.9 -999.9 -999.9 -999.9 -999.9 -999.9 -14.4 10.4 56.8 97.8 202.8 -999.9 -999.9 -999.9 -999.9 -999.9 CEMADEN_-_Antônio_Prado_-_G2-430080202A_(683_m) -999.9 -999.9 -999.9 -999.9 -999.9 -999.9 -999.9 -999.9 Rio_Grande_do_Sul CEMADEN -999.9 -7.2 -999.9
-28.8493 -51.2744 16921 2026-09-02_08:10 -999.9 -999.9 -999.9 -999.9 -999.9 -999.9 -999.9 -999.9 -999.9 -999.9 -999.9 -999.9 -999.9 -999.9 -999.9 -999.9 -999.9 -18.4 10.4 56.8 93.8 198.8 -999.9 -999.9 -999.9 -999.9 -999.9 CEMADEN_-_Antônio_Prado_-_G2-430080202A_(683_m) -999.9 -999.9 -999.9 -999.9 -999.9 -999.9 -999.9 -999.9 Rio_Grande_do_Sul CEMADEN -999.9 -4.0 -999.9
-28.8493 -51.2744 16921 2026-09-02_09:10 -999.9 -999.9 -999.9 -999.9 -999.9 -999.9 -999.9 -999.9 -999.9 -999.9 -999.9 -999.9 -999.9 -999.9 -999.9 -999.9 -999.9 -20.4 10.4 56.8 91.8 196.8 -999.9 -999.9 -999.9 -999.9 -999.9 CEMADEN_-_Antônio_Prado_-_G2-430080202A_(683_m) -999.9 -999.9 -999.9 -999.9 -999.9 -999.9 -999.9 -999.9 Rio_Grande_do_Sul CEMADEN -999.9 -2.0 -999.9
-28.8493 -51.2744 16921 2026-09-02_10:10 -999.9 -999.9 -999.9 -999.9 -999.9 -999.9 -999.9 -999.9 -999.9 -999.9 -999.9 -999.9 -999.9 -999.9 -999.9 -999.9 -999.9 -21.8 10.4 56.8 90.4 195.4 -999.9 -999.9 -999.9 -999.9 -999.9 CEMADEN_-_Antônio_Prado_-_G2-430080202A_(683_m) -999.9 -999.9 -999.9 -999.9 -999.9 -999.9 -999.9 -999.9 Rio_Grande_do_Sul CEMADEN -999.9 -1.4 -999.9
-28.8493 -51.2744 16921 2026-09-02_11:10 -999.9 -999.9 -999.9 -999.9 -999.9 -999.9 -999.9 -999.9 -999.9 -999.9 -999.9 -999.9 -999.9 -999.9 -999.9 -999.9 -999.9 -23.2 10.4 56.8 89.0 194.0 -999.9 -999.9 -999.9 -999.9 -999.9 CEMADEN_-_Antônio_Prado_-_G2-430080202A_(683_m) -999.9 -999.9 -999.9 -999.9 -999.9 -999.9 -999.9 -999.9 Rio_Grande_do_Sul CEMADEN -999.9 -1.4 -999.9
-28.8493 -51.2744 16921 2026-09-02_12:10 -999.9 -999.9 -999.9 -999.9 -999.9 -999.9 -999.9 -999.9 -999.9 -999.9 -999.9 -999.9 -999.9 -999.9 -999.9 -999.9 -999.9 -24.4 10.2 56.8 87.8 192.8 -999.9 -999.9 -999.9 -999.9 -999.9 CEMADEN_-_Antônio_Prado_-_G2-430080202A_(683_m) -999.9 -999.9 -999.9 -999.9 -999.9 -999.9 -999.9 -999.9 Rio_Grande_do_Sul CEMADEN -999.9 -1.2 -999.9
-28.8493 -51.2744 16921 2026-09-02_13:10 -999.9 -999.9 -999.9 -999.9 -999.9 -999.9 -999.9 -999.9 -999.9 -999.9 -999.9 -999.9 -999.9 -999.9 -999.9 -999.9 -999.9 -25.2 8.6 55.4 87.0 192.0 -999.9 -999.9 -999.9 -999.9 -999.9 CEMADEN_-_Antônio_Prado_-_G2-430080202A_(683_m) -999.9 -999.9 -999.9 -999.9 -999.9 -999.9 -999.9 -999.9 Rio_Grande_do_Sul CEMADEN -999.9 -0.8 -999.9
-28.8493 -51.2744 16921 2026-09-02_14:10 -999.9 -999.9 -999.9 -999.9 -999.9 -999.9 -999.9 -999.9 -999.9 -999.9 -999.9 -999.9 -999.9 -999.9 -999.9 -999.9 -999.9 -25.6 7.6 54.0 86.6 191.6 -999.9 -999.9 -999.9 -999.9 -999.9 CEMADEN_-_Antônio_Prado_-_G2-430080202A_(683_m) -999.9 -999.9 -999.9 -999.9 -999.9 -999.9 -999.9 -999.9 Rio_Grande_do_Sul CEMADEN -999.9 -0.4 -999.9
-28.8493 -51.2744 16921 2026-09-02_15:10 -999.9 -999.9 -999.9 -999.9 -999.9 -999.9 -999.9 -999.9 -999.9 -999.9 -999.9 -999.9 -999.9 -999.9 -999.9 -999.9 -999.9 -27.8 5.2 51.8 84.4 189.4 -999.9 -999.9 -999.9 -999.9 -999.9 CEMADEN_-_Antônio_Prado_-_G2-430080202A_(683_m) -999.9 -999.9 -999.9 -999.9 -999.9 -999.9 -999.9 -999.9 Rio_Grande_do_Sul CEMADEN -999.9 -2.2 -999.9
-28.8493 -51.2744 16921 2026-09-02_16:10 -999.9 -999.9 -999.9 -999.9 -999.9 -999.9 -999.9 -999.9 -999.9 -999.9 -999.9 -999.9 -999.9 -999.9 -999.9 -999.9 -999.9 -30.8 3.4 46.4 81.4 186.4 -999.9 -999.9 -999.9 -999.9 -999.9 CEMADEN_-_Antônio_Prado_-_G2-430080202A_(683_m) -999.9 -999.9 -999.9 -999.9 -999.9 -999.9 -999.9 -999.9 Rio_Grande_do_Sul CEMADEN -999.9 -3.0 -999.9
-28.8493 -51.2744 16921 2026-09-02_17:10 -999.9 -999.9 -999.9 -999.9 -999.9 -999.9 -999.9 -999.9 -999.9 -999.9 -999.9 -999.9 -999.9 -999.9 -999.9 -999.9 -999.9 -34.0 1.4 40.4 78.2 183.2 -999.9 -999.9 -999.9 -999.9 -999.9 CEMADEN_-_Antônio_Prado_-_G2-430080202A_(683_m) -999.9 -999.9 -999.9 -999.9 -999.9 -999.9 -999.9 -999.9 Rio_Grande_do_Sul CEMADEN -999.9 -3.2 -999.9
-28.8493 -51.2744 16921 2026-09-02_18:10 -999.9 -999.9 -999.9 -999.9 -999.9 -999.9 -999.9 -999.9 -999.9 -999.9 -999.9 -999.9 -999.9 -999.9 -999.9 -999.9 -999.9 -38.0 1.4 35.6 74.2 179.2 -999.9 -999.9 -999.9 -999.9 -999.9 CEMADEN_-_Antônio_Prado_-_G2-430080202A_(683_m) -999.9 -999.9 -999.9 -999.9 -999.9 -999.9 -999.9 -999.9 Rio_Grande_do_Sul CEMADEN -999.9 -4.0 -999.9
-28.8493 -51.2744 16921 2026-09-02_19:10 -999.9 -999.9 -999.9 -999.9 -999.9 -999.9 -999.9 -999.9 -999.9 -999.9 -999.9 -999.9 -999.9 -999.9 -999.9 -999.9 -999.9 -42.4 1.4 30.0 69.8 174.8 -999.9 -999.9 -999.9 -999.9 -999.9 CEMADEN_-_Antônio_Prado_-_G2-430080202A_(683_m) -999.9 -999.9 -999.9 -999.9 -999.9 -999.9 -999.9 -999.9 Rio_Grande_do_Sul CEMADEN -999.9 -4.4 -999.9
-28.8493 -51.2744 16921 2026-09-02_20:10 -999.9 -999.9 -999.9 -999.9 -999.9 -999.9 -999.9 -999.9 -999.9 -999.9 -999.9 -999.9 -999.9 -999.9 -999.9 -999.9 -999.9 -50.2 1.4 24.2 62.0 167.0 -999.9 -999.9 -999.9 -999.9 -999.9 CEMADEN_-_Antônio_Prado_-_G2-430080202A_(683_m) -999.9 -999.9 -999.9 -999.9 -999.9 -999.9 -999.9 -999.9 Rio_Grande_do_Sul CEMADEN -999.9 -7.8 -999.9
-28.8493 -51.2744 16921 2026-09-02_21:10 -999.9 -999.9 -999.9 -999.9 -999.9 -999.9 -999.9 -999.9 -999.9 -999.9 -999.9 -999.9 -999.9 -999.9 -999.9 -999.9 -999.9 -55.4 1.4 19.8 56.8 161.8 -999.9 -999.9 -999.9 -999.9 -999.9 CEMADEN_-_Antônio_Prado_-_G2-430080202A_(683_m) -999.9 -999.9 -999.9 -999.9 -999.9 -999.9 -999.9 -999.9 Rio_Grande_do_Sul CEMADEN -999.9 -5.2 -999.9
-28.8493 -51.2744 16921 2026-09-02_22:10 -999.9 -999.9 -999.9 -999.9 -999.9 -999.9 -999.9 -999.9 -999.9 -999.9 -999.9 -999.9 -999.9 -999.9 -999.9 -999.9 -999.9 -55.4 1.4 16.4 56.8 161.8 -999.9 -999.9 -999.9 -999.9 -999.9 CEMADEN_-_Antônio_Prado_-_G2-430080202A_(683_m) -999.9 -999.9 -999.9 -999.9 -999.9 -999.9 -999.9 -999.9 Rio_Grande_do_Sul CEMADEN -999.9 0.0 -999.9
-28.8493 -51.2744 16921 2026-09-02_23:10 -999.9 -999.9 -999.9 -999.9 -999.9 -999.9 -999.9 -999.9 -999.9 -999.9 -999.9 -999.9 -999.9 -999.9 -999.9 -999.9 -999.9 -55.4 1.4 13.4 56.8 161.8 -999.9 -999.9 -999.9 -999.9 -999.9 CEMADEN_-_Antônio_Prado_-_G2-430080202A_(683_m) -999.9 -999.9 -999.9 -999.9 -999.9 -999.9 -999.9 -999.9 Rio_Grande_do_Sul CEMADEN -999.9 0.0 -999.9
