-28.8857 -50.3599 17789 2026-09-03_00:10 -999.9 -999.9 -999.9 -999.9 -999.9 -999.9 -999.9 -999.9 -999.9 -999.9 -999.9 -999.9 -999.9 -999.9 -999.9 -999.9 -999.9 0.0 3.4 11.6 56.0 146.2 -999.9 -999.9 -999.9 -999.9 -999.9 CEMADEN_-_Jaquirana_-_G2-431112201A_(928_m) -999.9 -999.9 -999.9 -999.9 -999.9 -999.9 -999.9 -999.9 Rio_Grande_do_Sul CEMADEN -999.9 0.0 -999.9
-28.8857 -50.3599 17789 2026-09-03_01:20 -999.9 -999.9 -999.9 -999.9 -999.9 -999.9 -999.9 -999.9 -999.9 -999.9 -999.9 -999.9 -999.9 -999.9 -999.9 -999.9 -999.9 0.0 3.4 11.6 56.0 146.2 -999.9 -999.9 -999.9 -999.9 -999.9 CEMADEN_-_Jaquirana_-_G2-431112201A_(928_m) -999.9 -999.9 -999.9 -999.9 -999.9 -999.9 -999.9 -999.9 Rio_Grande_do_Sul CEMADEN -999.9 0.0 -999.9
-28.8857 -50.3599 17789 2026-09-03_02:10 -999.9 -999.9 -999.9 -999.9 -999.9 -999.9 -999.9 -999.9 -999.9 -999.9 -999.9 -999.9 -999.9 -999.9 -999.9 -999.9 -999.9 0.0 3.4 11.6 56.0 146.2 -999.9 -999.9 -999.9 -999.9 -999.9 CEMADEN_-_Jaquirana_-_G2-431112201A_(928_m) -999.9 -999.9 -999.9 -999.9 -999.9 -999.9 -999.9 -999.9 Rio_Grande_do_Sul CEMADEN -999.9 0.0 -999.9
-28.8857 -50.3599 17789 2026-09-03_03:10 -999.9 -999.9 -999.9 -999.9 -999.9 -999.9 -999.9 -999.9 -999.9 -999.9 -999.9 -999.9 -999.9 -999.9 -999.9 -999.9 -999.9 0.0 3.0 11.2 56.0 146.2 -999.9 -999.9 -999.9 -999.9 -999.9 CEMADEN_-_Jaquirana_-_G2-431112201A_(928_m) -999.9 -999.9 -999.9 -999.9 -999.9 -999.9 -999.9 -999.9 Rio_Grande_do_Sul CEMADEN -999.9 0.0 -999.9
-28.8857 -50.3599 17789 2026-09-03_04:10 -999.9 -999.9 -999.9 -999.9 -999.9 -999.9 -999.9 -999.9 -999.9 -999.9 -999.9 -999.9 -999.9 -999.9 -999.9 -999.9 -999.9 0.0 1.6 11.2 56.0 146.2 -999.9 -999.9 -999.9 -999.9 -999.9 CEMADEN_-_Jaquirana_-_G2-431112201A_(928_m) -999.9 -999.9 -999.9 -999.9 -999.9 -999.9 -999.9 -999.9 Rio_Grande_do_Sul CEMADEN -999.9 0.0 -999.9
-28.8857 -50.3599 17789 2026-09-03_05:10 -999.9 -999.9 -999.9 -999.9 -999.9 -999.9 -999.9 -999.9 -999.9 -999.9 -999.9 -999.9 -999.9 -999.9 -999.9 -999.9 -999.9 -1.4 1.2 11.2 54.6 144.8 -999.9 -999.9 -999.9 -999.9 -999.9 CEMADEN_-_Jaquirana_-_G2-431112201A_(928_m) -999.9 -999.9 -999.9 -999.9 -999.9 -999.9 -999.9 -999.9 Rio_Grande_do_Sul CEMADEN -999.9 -1.4 -999.9
-28.8857 -50.3599 17789 2026-09-03_06:10 -999.9 -999.9 -999.9 -999.9 -999.9 -999.9 -999.9 -999.9 -999.9 -999.9 -999.9 -999.9 -999.9 -999.9 -999.9 -999.9 -999.9 -1.4 1.0 11.2 54.6 144.8 -999.9 -999.9 -999.9 -999.9 -999.9 CEMADEN_-_Jaquirana_-_G2-431112201A_(928_m) -999.9 -999.9 -999.9 -999.9 -999.9 -999.9 -999.9 -999.9 Rio_Grande_do_Sul CEMADEN -999.9 0.0 -999.9
-28.8857 -50.3599 17789 2026-09-03_07:10 -999.9 -999.9 -999.9 -999.9 -999.9 -999.9 -999.9 -999.9 -999.9 -999.9 -999.9 -999.9 -999.9 -999.9 -999.9 -999.9 -999.9 -2.4 0.8 11.2 53.6 143.8 -999.9 -999.9 -999.9 -999.9 -999.9 CEMADEN_-_Jaquirana_-_G2-431112201A_(928_m) -999.9 -999.9 -999.9 -999.9 -999.9 -999.9 -999.9 -999.9 Rio_Grande_do_Sul CEMADEN -999.9 -1.0 -999.9
-28.8857 -50.3599 17789 2026-09-03_08:10 -999.9 -999.9 -999.9 -999.9 -999.9 -999.9 -999.9 -999.9 -999.9 -999.9 -999.9 -999.9 -999.9 -999.9 -999.9 -999.9 -999.9 -2.4 0.8 11.2 53.6 143.8 -999.9 -999.9 -999.9 -999.9 -999.9 CEMADEN_-_Jaquirana_-_G2-431112201A_(928_m) -999.9 -999.9 -999.9 -999.9 -999.9 -999.9 -999.9 -999.9 Rio_Grande_do_Sul CEMADEN -999.9 0.0 -999.9
-28.8857 -50.3599 17789 2026-09-03_09:10 -999.9 -999.9 -999.9 -999.9 -999.9 -999.9 -999.9 -999.9 -999.9 -999.9 -999.9 -999.9 -999.9 -999.9 -999.9 -999.9 -999.9 -2.4 0.8 10.0 53.6 143.8 -999.9 -999.9 -999.9 -999.9 -999.9 CEMADEN_-_Jaquirana_-_G2-431112201A_(928_m) -999.9 -999.9 -999.9 -999.9 -999.9 -999.9 -999.9 -999.9 Rio_Grande_do_Sul CEMADEN -999.9 0.0 -999.9
-28.8857 -50.3599 17789 2026-09-03_10:10 -999.9 -999.9 -999.9 -999.9 -999.9 -999.9 -999.9 -999.9 -999.9 -999.9 -999.9 -999.9 -999.9 -999.9 -999.9 -999.9 -999.9 -2.4 0.8 10.0 53.6 143.8 -999.9 -999.9 -999.9 -999.9 -999.9 CEMADEN_-_Jaquirana_-_G2-431112201A_(928_m) -999.9 -999.9 -999.9 -999.9 -999.9 -999.9 -999.9 -999.9 Rio_Grande_do_Sul CEMADEN -999.9 0.0 -999.9
-28.8857 -50.3599 17789 2026-09-03_11:10 -999.9 -999.9 -999.9 -999.9 -999.9 -999.9 -999.9 -999.9 -999.9 -999.9 -999.9 -999.9 -999.9 -999.9 -999.9 -999.9 -999.9 -2.4 0.6 10.0 53.6 143.8 -999.9 -999.9 -999.9 -999.9 -999.9 CEMADEN_-_Jaquirana_-_G2-431112201A_(928_m) -999.9 -999.9 -999.9 -999.9 -999.9 -999.9 -999.9 -999.9 Rio_Grande_do_Sul CEMADEN -999.9 0.0 -999.9
-28.8857 -50.3599 17789 2026-09-03_12:10 -999.9 -999.9 -999.9 -999.9 -999.9 -999.9 -999.9 -999.9 -999.9 -999.9 -999.9 -999.9 -999.9 -999.9 -999.9 -999.9 -999.9 -2.4 0.4 10.0 53.6 143.8 -999.9 -999.9 -999.9 -999.9 -999.9 CEMADEN_-_Jaquirana_-_G2-431112201A_(928_m) -999.9 -999.9 -999.9 -999.9 -999.9 -999.9 -999.9 -999.9 Rio_Grande_do_Sul CEMADEN -999.9 0.0 -999.9
-28.8857 -50.3599 17789 2026-09-03_13:10 -999.9 -999.9 -999.9 -999.9 -999.9 -999.9 -999.9 -999.9 -999.9 -999.9 -999.9 -999.9 -999.9 -999.9 -999.9 -999.9 -999.9 -6.6 0.4 10.0 49.4 139.6 -999.9 -999.9 -999.9 -999.9 -999.9 CEMADEN_-_Jaquirana_-_G2-431112201A_(928_m) -999.9 -999.9 -999.9 -999.9 -999.9 -999.9 -999.9 -999.9 Rio_Grande_do_Sul CEMADEN -999.9 -4.2 -999.9
-28.8857 -50.3599 17789 2026-09-03_16:10 -999.9 -999.9 -999.9 -999.9 -999.9 -999.9 -999.9 -999.9 -999.9 -999.9 -999.9 -999.9 -999.9 -999.9 -999.9 -999.9 -999.9 -24.0 -999.9 6.6 32.0 122.2 -999.9 -999.9 -999.9 -999.9 -999.9 CEMADEN_-_Jaquirana_-_G2-431112201A_(928_m) -999.9 -999.9 -999.9 -999.9 -999.9 -999.9 -999.9 -999.9 Rio_Grande_do_Sul CEMADEN -999.9 -17.4 -999.9
-28.8857 -50.3599 17789 2026-09-03_17:10 -999.9 -999.9 -999.9 -999.9 -999.9 -999.9 -999.9 -999.9 -999.9 -999.9 -999.9 -999.9 -999.9 -999.9 -999.9 -999.9 -999.9 -32.2 -999.9 5.8 23.8 114.0 -999.9 -999.9 -999.9 -999.9 -999.9 CEMADEN_-_Jaquirana_-_G2-431112201A_(928_m) -999.9 -999.9 -999.9 -999.9 -999.9 -999.9 -999.9 -999.9 Rio_Grande_do_Sul CEMADEN -999.9 -8.2 -999.9
-28.8857 -50.3599 17789 2026-09-03_18:10 -999.9 -999.9 -999.9 -999.9 -999.9 -999.9 -999.9 -999.9 -999.9 -999.9 -999.9 -999.9 -999.9 -999.9 -999.9 -999.9 -999.9 -34.0 -999.9 4.4 22.0 112.2 -999.9 -999.9 -999.9 -999.9 -999.9 CEMADEN_-_Jaquirana_-_G2-431112201A_(928_m) -999.9 -999.9 -999.9 -999.9 -999.9 -999.9 -999.9 -999.9 Rio_Grande_do_Sul CEMADEN -999.9 -1.8 -999.9
-28.8857 -50.3599 17789 2026-09-03_19:10 -999.9 -999.9 -999.9 -999.9 -999.9 -999.9 -999.9 -999.9 -999.9 -999.9 -999.9 -999.9 -999.9 -999.9 -999.9 -999.9 -999.9 -38.4 -999.9 3.4 17.6 107.8 -999.9 -999.9 -999.9 -999.9 -999.9 CEMADEN_-_Jaquirana_-_G2-431112201A_(928_m) -999.9 -999.9 -999.9 -999.9 -999.9 -999.9 -999.9 -999.9 Rio_Grande_do_Sul CEMADEN -999.9 -4.4 -999.9
-28.8857 -50.3599 17789 2026-09-03_20:10 -999.9 -999.9 -999.9 -999.9 -999.9 -999.9 -999.9 -999.9 -999.9 -999.9 -999.9 -999.9 -999.9 -999.9 -999.9 -999.9 -999.9 -38.6 -999.9 3.4 17.4 107.6 -999.9 -999.9 -999.9 -999.9 -999.9 CEMADEN_-_Jaquirana_-_G2-431112201A_(928_m) -999.9 -999.9 -999.9 -999.9 -999.9 -999.9 -999.9 -999.9 Rio_Grande_do_Sul CEMADEN -999.9 -0.2 -999.9
-28.8857 -50.3599 17789 2026-09-03_21:10 -999.9 -999.9 -999.9 -999.9 -999.9 -999.9 -999.9 -999.9 -999.9 -999.9 -999.9 -999.9 -999.9 -999.9 -999.9 -999.9 -999.9 -39.8 -999.9 3.4 16.2 106.4 -999.9 -999.9 -999.9 -999.9 -999.9 CEMADEN_-_Jaquirana_-_G2-431112201A_(928_m) -999.9 -999.9 -999.9 -999.9 -999.9 -999.9 -999.9 -999.9 Rio_Grande_do_Sul CEMADEN -999.9 -1.2 -999.9
-28.8857 -50.3599 17789 2026-09-03_22:10 -999.9 -999.9 -999.9 -999.9 -999.9 -999.9 -999.9 -999.9 -999.9 -999.9 -999.9 -999.9 -999.9 -999.9 -999.9 -999.9 -999.9 -41.0 -999.9 3.4 15.0 105.2 -999.9 -999.9 -999.9 -999.9 -999.9 CEMADEN_-_Jaquirana_-_G2-431112201A_(928_m) -999.9 -999.9 -999.9 -999.9 -999.9 -999.9 -999.9 -999.9 Rio_Grande_do_Sul CEMADEN -999.9 -1.2 -999.9
-28.8857 -50.3599 17789 2026-09-03_23:10 -999.9 -999.9 -999.9 -999.9 -999.9 -999.9 -999.9 -999.9 -999.9 -999.9 -999.9 -999.9 -999.9 -999.9 -999.9 -999.9 -999.9 -44.0 -999.9 3.4 12.0 102.2 -999.9 -999.9 -999.9 -999.9 -999.9 CEMADEN_-_Jaquirana_-_G2-431112201A_(928_m) -999.9 -999.9 -999.9 -999.9 -999.9 -999.9 -999.9 -999.9 Rio_Grande_do_Sul CEMADEN -999.9 -3.0 -999.9
