-28.298889 -51.378178 EPAGRI-2416 2026-07-10_00:00 11.7 14.1 11.7 84.8 84.9 75.2 9.2 -999.9 -999.9 -999.9 -999.9 -999.9 -999.9 -999.9 -999.9 -999.9 -999.9 -999.9 -999.9 -999.9 -999.9 -999.9 18.4 10.2 100.0 75.2 -999.9 EPAGRI_-_Lagoa_Vermelha_-_BASF_(848_m) -999.9 -999.9 -999.9 -999.9 -999.9 -999.9 -999.9 -999.9 Rio_Grande_do_Sul EPAGRI -999.9 -999.9 -999.9
-28.298889 -51.378178 EPAGRI-2416 2026-07-10_01:00 11.3 11.7 10.2 87.5 91.5 84.8 9.3 -999.9 -999.9 -999.9 -999.9 -999.9 -999.9 -999.9 -999.9 -999.9 -999.9 -999.9 -999.9 -999.9 -999.9 -999.9 18.4 10.2 100.0 75.2 -999.9 EPAGRI_-_Lagoa_Vermelha_-_BASF_(848_m) -999.9 -999.9 -999.9 -999.9 -999.9 -999.9 -999.9 -999.9 Rio_Grande_do_Sul EPAGRI -999.9 -999.9 -999.9
-28.298889 -51.378178 EPAGRI-2416 2026-07-10_02:00 12.2 12.3 11.1 84.8 88.3 84.4 9.7 -999.9 -999.9 -999.9 -999.9 -999.9 -999.9 -999.9 -999.9 -999.9 -999.9 -999.9 -999.9 -999.9 -999.9 -999.9 18.4 10.2 100.0 75.2 -999.9 EPAGRI_-_Lagoa_Vermelha_-_BASF_(848_m) -999.9 -999.9 -999.9 -999.9 -999.9 -999.9 -999.9 -999.9 Rio_Grande_do_Sul EPAGRI -999.9 -999.9 -999.9
-28.298889 -51.378178 EPAGRI-2416 2026-07-10_03:00 12.8 12.8 12.2 79.2 85.2 79.2 9.2 -999.9 -999.9 -999.9 -999.9 -999.9 -999.9 -999.9 -999.9 -999.9 -999.9 -999.9 -999.9 -999.9 -999.9 -999.9 18.4 10.2 100.0 75.2 -999.9 EPAGRI_-_Lagoa_Vermelha_-_BASF_(848_m) -999.9 -999.9 -999.9 -999.9 -999.9 -999.9 -999.9 -999.9 Rio_Grande_do_Sul EPAGRI -999.9 -999.9 -999.9
-28.298889 -51.378178 EPAGRI-2416 2026-07-10_04:00 12.6 13.3 12.5 80.4 81.3 77.5 9.3 -999.9 -999.9 -999.9 -999.9 -999.9 -999.9 -999.9 -999.9 -999.9 -999.9 -999.9 -999.9 -999.9 -999.9 -999.9 18.4 10.2 100.0 75.2 -999.9 EPAGRI_-_Lagoa_Vermelha_-_BASF_(848_m) -999.9 -999.9 -999.9 -999.9 -999.9 -999.9 -999.9 -999.9 Rio_Grande_do_Sul EPAGRI -999.9 -999.9 -999.9
-28.298889 -51.378178 EPAGRI-2416 2026-07-10_05:00 12.3 12.7 12.1 83.0 84.1 80.1 9.5 -999.9 -999.9 -999.9 -999.9 -999.9 -999.9 -999.9 -999.9 -999.9 -999.9 -999.9 -999.9 -999.9 -999.9 -999.9 18.4 10.2 100.0 75.2 -999.9 EPAGRI_-_Lagoa_Vermelha_-_BASF_(848_m) -999.9 -999.9 -999.9 -999.9 -999.9 -999.9 -999.9 -999.9 Rio_Grande_do_Sul EPAGRI -999.9 -999.9 -999.9
-28.298889 -51.378178 EPAGRI-2416 2026-07-10_06:00 11.4 12.6 11.4 99.0 99.0 83.0 11.2 -999.9 -999.9 -999.9 -999.9 -999.9 -999.9 -999.9 -999.9 -999.9 -999.9 -999.9 -999.9 -999.9 -999.9 -999.9 18.4 10.2 100.0 75.2 -999.9 EPAGRI_-_Lagoa_Vermelha_-_BASF_(848_m) -999.9 -999.9 -999.9 -999.9 -999.9 -999.9 -999.9 -999.9 Rio_Grande_do_Sul EPAGRI -999.9 -999.9 -999.9
-28.298889 -51.378178 EPAGRI-2416 2026-07-10_07:00 11.1 11.4 11.0 98.9 100.0 97.2 10.9 -999.9 -999.9 -999.9 -999.9 -999.9 -999.9 -999.9 -999.9 -999.9 -999.9 -999.9 -999.9 -999.9 -999.9 -999.9 18.4 10.2 100.0 75.2 -999.9 EPAGRI_-_Lagoa_Vermelha_-_BASF_(848_m) -999.9 -999.9 -999.9 -999.9 -999.9 -999.9 -999.9 -999.9 Rio_Grande_do_Sul EPAGRI -999.9 -999.9 -999.9
-28.298889 -51.378178 EPAGRI-2416 2026-07-10_08:00 13.2 13.2 11.1 91.7 98.9 91.7 11.8 -999.9 -999.9 -999.9 -999.9 -999.9 -999.9 -999.9 -999.9 -999.9 -999.9 -999.9 -999.9 -999.9 -999.9 -999.9 18.4 10.2 100.0 75.2 -999.9 EPAGRI_-_Lagoa_Vermelha_-_BASF_(848_m) -999.9 -999.9 -999.9 -999.9 -999.9 -999.9 -999.9 -999.9 Rio_Grande_do_Sul EPAGRI -999.9 -999.9 -999.9
-28.298889 -51.378178 EPAGRI-2416 2026-07-10_09:00 14.2 14.3 13.2 90.2 92.5 90.0 12.6 -999.9 -999.9 -999.9 -999.9 -999.9 -999.9 -999.9 -999.9 -999.9 -999.9 -999.9 -999.9 -999.9 -999.9 -999.9 18.4 10.2 100.0 75.2 -999.9 EPAGRI_-_Lagoa_Vermelha_-_BASF_(848_m) -999.9 -999.9 -999.9 -999.9 -999.9 -999.9 -999.9 -999.9 Rio_Grande_do_Sul EPAGRI -999.9 -999.9 -999.9
-28.298889 -51.378178 EPAGRI-2416 2026-07-10_10:00 16.8 17.6 13.9 86.4 91.8 83.5 14.5 -999.9 -999.9 -999.9 -999.9 -999.9 -999.9 -999.9 -999.9 -999.9 -999.9 -999.9 -999.9 -999.9 -999.9 -999.9 18.4 10.2 100.0 75.2 -999.9 EPAGRI_-_Lagoa_Vermelha_-_BASF_(848_m) -999.9 -999.9 -999.9 -999.9 -999.9 -999.9 -999.9 -999.9 Rio_Grande_do_Sul EPAGRI -999.9 -999.9 -999.9
-28.298889 -51.378178 EPAGRI-2416 2026-07-10_11:00 16.5 18.2 16.5 88.9 90.3 83.7 14.7 -999.9 -999.9 -999.9 -999.9 -999.9 -999.9 -999.9 -999.9 -999.9 -999.9 -999.9 -999.9 -999.9 -999.9 -999.9 18.4 10.2 100.0 75.2 -999.9 EPAGRI_-_Lagoa_Vermelha_-_BASF_(848_m) -999.9 -999.9 -999.9 -999.9 -999.9 -999.9 -999.9 -999.9 Rio_Grande_do_Sul EPAGRI -999.9 -999.9 -999.9
-28.298889 -51.378178 EPAGRI-2416 2026-07-10_12:00 17.2 18.0 16.5 88.5 90.9 85.8 15.2 -999.9 -999.9 -999.9 -999.9 -999.9 -999.9 -999.9 -999.9 -999.9 -999.9 -999.9 -999.9 -999.9 -999.9 -999.9 18.4 10.2 100.0 75.2 -999.9 EPAGRI_-_Lagoa_Vermelha_-_BASF_(848_m) -999.9 -999.9 -999.9 -999.9 -999.9 -999.9 -999.9 -999.9 Rio_Grande_do_Sul EPAGRI -999.9 -999.9 -999.9
-28.298889 -51.378178 EPAGRI-2416 2026-07-10_13:00 17.5 18.4 17.1 88.9 89.9 84.0 15.7 -999.9 -999.9 -999.9 -999.9 -999.9 -999.9 -999.9 -999.9 -999.9 -999.9 -999.9 -999.9 -999.9 -999.9 -999.9 18.4 10.2 100.0 75.2 -999.9 EPAGRI_-_Lagoa_Vermelha_-_BASF_(848_m) -999.9 -999.9 -999.9 -999.9 -999.9 -999.9 -999.9 -999.9 Rio_Grande_do_Sul EPAGRI -999.9 -999.9 -999.9
-28.298889 -51.378178 EPAGRI-2416 2026-07-10_14:00 17.0 18.2 17.0 91.7 91.8 87.2 15.6 -999.9 -999.9 -999.9 -999.9 -999.9 -999.9 -999.9 -999.9 -999.9 -999.9 -999.9 -999.9 -999.9 -999.9 -999.9 18.4 10.2 100.0 75.2 -999.9 EPAGRI_-_Lagoa_Vermelha_-_BASF_(848_m) -999.9 -999.9 -999.9 -999.9 -999.9 -999.9 -999.9 -999.9 Rio_Grande_do_Sul EPAGRI -999.9 -999.9 -999.9
-28.298889 -51.378178 EPAGRI-2416 2026-07-10_15:00 16.8 17.4 16.5 95.5 95.9 91.0 16.1 -999.9 -999.9 -999.9 -999.9 -999.9 -999.9 -999.9 -999.9 -999.9 -999.9 -999.9 -999.9 -999.9 -999.9 -999.9 18.4 10.2 100.0 75.2 -999.9 EPAGRI_-_Lagoa_Vermelha_-_BASF_(848_m) -999.9 -999.9 -999.9 -999.9 -999.9 -999.9 -999.9 -999.9 Rio_Grande_do_Sul EPAGRI -999.9 -999.9 -999.9
-28.298889 -51.378178 EPAGRI-2416 2026-07-10_16:00 16.1 16.8 16.0 99.9 99.9 95.5 16.1 -999.9 -999.9 -999.9 -999.9 -999.9 -999.9 -999.9 -999.9 -999.9 -999.9 -999.9 -999.9 -999.9 -999.9 -999.9 18.4 10.2 100.0 75.2 -999.9 EPAGRI_-_Lagoa_Vermelha_-_BASF_(848_m) -999.9 -999.9 -999.9 -999.9 -999.9 -999.9 -999.9 -999.9 Rio_Grande_do_Sul EPAGRI -999.9 -999.9 -999.9
-28.298889 -51.378178 EPAGRI-2416 2026-07-10_17:00 16.0 16.2 16.0 100.0 100.0 99.9 16.0 -999.9 -999.9 -999.9 -999.9 -999.9 -999.9 -999.9 -999.9 -999.9 -999.9 -999.9 -999.9 -999.9 -999.9 -999.9 18.4 10.2 100.0 75.2 -999.9 EPAGRI_-_Lagoa_Vermelha_-_BASF_(848_m) -999.9 -999.9 -999.9 -999.9 -999.9 -999.9 -999.9 -999.9 Rio_Grande_do_Sul EPAGRI -999.9 -999.9 -999.9
-28.298889 -51.378178 EPAGRI-2416 2026-07-10_18:00 15.7 16.1 15.7 100.0 100.0 100.0 15.7 -999.9 -999.9 -999.9 -999.9 -999.9 -999.9 -999.9 -999.9 -999.9 -999.9 -999.9 -999.9 -999.9 -999.9 -999.9 18.4 10.2 100.0 75.2 -999.9 EPAGRI_-_Lagoa_Vermelha_-_BASF_(848_m) -999.9 -999.9 -999.9 -999.9 -999.9 -999.9 -999.9 -999.9 Rio_Grande_do_Sul EPAGRI -999.9 -999.9 -999.9
-28.298889 -51.378178 EPAGRI-2416 2026-07-10_19:00 15.5 15.7 15.5 100.0 100.0 100.0 15.5 -999.9 -999.9 -999.9 -999.9 -999.9 -999.9 -999.9 -999.9 -999.9 -999.9 -999.9 -999.9 -999.9 -999.9 -999.9 18.4 10.2 100.0 75.2 -999.9 EPAGRI_-_Lagoa_Vermelha_-_BASF_(848_m) -999.9 -999.9 -999.9 -999.9 -999.9 -999.9 -999.9 -999.9 Rio_Grande_do_Sul EPAGRI -999.9 -999.9 -999.9
-28.298889 -51.378178 EPAGRI-2416 2026-07-10_20:00 15.2 15.5 15.2 100.0 100.0 100.0 15.2 -999.9 -999.9 -999.9 -999.9 -999.9 -999.9 -999.9 -999.9 -999.9 -999.9 -999.9 -999.9 -999.9 -999.9 -999.9 18.4 10.2 100.0 75.2 -999.9 EPAGRI_-_Lagoa_Vermelha_-_BASF_(848_m) -999.9 -999.9 -999.9 -999.9 -999.9 -999.9 -999.9 -999.9 Rio_Grande_do_Sul EPAGRI -999.9 -999.9 -999.9
-28.298889 -51.378178 EPAGRI-2416 2026-07-10_21:00 15.2 15.3 15.1 100.0 100.0 100.0 15.2 -999.9 -999.9 -999.9 -999.9 -999.9 -999.9 -999.9 -999.9 -999.9 -999.9 -999.9 -999.9 -999.9 -999.9 -999.9 18.4 10.2 100.0 75.2 -999.9 EPAGRI_-_Lagoa_Vermelha_-_BASF_(848_m) -999.9 -999.9 -999.9 -999.9 -999.9 -999.9 -999.9 -999.9 Rio_Grande_do_Sul EPAGRI -999.9 -999.9 -999.9
-28.298889 -51.378178 EPAGRI-2416 2026-07-10_22:00 15.0 15.2 15.0 100.0 100.0 100.0 15.0 -999.9 -999.9 -999.9 -999.9 -999.9 -999.9 -999.9 -999.9 -999.9 -999.9 -999.9 -999.9 -999.9 -999.9 -999.9 18.4 10.2 100.0 75.2 -999.9 EPAGRI_-_Lagoa_Vermelha_-_BASF_(848_m) -999.9 -999.9 -999.9 -999.9 -999.9 -999.9 -999.9 -999.9 Rio_Grande_do_Sul EPAGRI -999.9 -999.9 -999.9
-28.298889 -51.378178 EPAGRI-2416 2026-07-10_23:00 15.0 15.1 14.8 100.0 100.0 100.0 15.0 -999.9 -999.9 -999.9 -999.9 -999.9 -999.9 -999.9 -999.9 -999.9 -999.9 -999.9 -999.9 -999.9 -999.9 -999.9 18.4 10.2 100.0 75.2 -999.9 EPAGRI_-_Lagoa_Vermelha_-_BASF_(848_m) -999.9 -999.9 -999.9 -999.9 -999.9 -999.9 -999.9 -999.9 Rio_Grande_do_Sul EPAGRI -999.9 -999.9 -999.9
