-29.164444 -51.534167 A840 2026-08-01_00:00 16.1 16.6 16 70 70 66 10.6 -999.9 -999.9 -999.9 -999.9 -999.9 18.7 32 41.0 -999.9 0.0 0.0 0.2 0.2 56.8 137.2 26.7 15.0 80.0 46.0 51.5 INMET_-_BENTO_GONCALVES_(639_m) -999.9 -999.9 -999.9 -999.9 -999.9 -999.9 -999.9 -999.9 Rio_Grande_do_Sul INMET -999.9 -999.9 -999.9
-29.164444 -51.534167 A840 2026-08-01_01:00 15.9 16.1 15.8 73 73 70 11.0 -999.9 -999.9 -999.9 -999.9 -999.9 19.4 23 35.6 -999.9 0.0 0.0 0.2 0.2 56.8 137.2 26.7 15.0 80.0 46.0 51.5 INMET_-_BENTO_GONCALVES_(639_m) -999.9 -999.9 -999.9 -999.9 -999.9 -999.9 -999.9 -999.9 Rio_Grande_do_Sul INMET -999.9 -999.9 -999.9
-29.164444 -51.534167 A840 2026-08-01_02:00 15.6 15.8 15.5 74 75 73 10.9 -999.9 -999.9 -999.9 -999.9 -999.9 21.2 31 46.4 -999.9 0.0 0.0 0.2 0.2 56.8 137.2 26.7 15.0 80.0 46.0 51.5 INMET_-_BENTO_GONCALVES_(639_m) -999.9 -999.9 -999.9 -999.9 -999.9 -999.9 -999.9 -999.9 Rio_Grande_do_Sul INMET -999.9 -999.9 -999.9
-29.164444 -51.534167 A840 2026-08-01_03:00 15.3 15.8 15.2 75 75 73 10.9 -999.9 -999.9 -999.9 -999.9 -999.9 20.5 32 47.9 -999.9 0.0 0.0 0.2 0.2 56.8 137.2 26.7 15.0 80.0 46.0 51.5 INMET_-_BENTO_GONCALVES_(639_m) -999.9 -999.9 -999.9 -999.9 -999.9 -999.9 -999.9 -999.9 Rio_Grande_do_Sul INMET -999.9 -999.9 -999.9
-29.164444 -51.534167 A840 2026-08-01_04:00 15.3 15.4 15.2 74 76 74 10.7 -999.9 -999.9 -999.9 -999.9 -999.9 21.6 28 40.7 -999.9 0.0 0.0 0.2 0.2 56.8 137.2 26.7 15.0 80.0 46.0 51.5 INMET_-_BENTO_GONCALVES_(639_m) -999.9 -999.9 -999.9 -999.9 -999.9 -999.9 -999.9 -999.9 Rio_Grande_do_Sul INMET -999.9 -999.9 -999.9
-29.164444 -51.534167 A840 2026-08-01_05:00 15.1 15.4 15.1 76 76 74 10.9 -999.9 -999.9 -999.9 -999.9 -999.9 22.7 36 43.2 -999.9 0.0 0.0 0.2 0.2 56.8 137.2 26.7 15.0 80.0 46.0 51.5 INMET_-_BENTO_GONCALVES_(639_m) -999.9 -999.9 -999.9 -999.9 -999.9 -999.9 -999.9 -999.9 Rio_Grande_do_Sul INMET -999.9 -999.9 -999.9
-29.164444 -51.534167 A840 2026-08-01_07:00 15.2 15.2 15 74 75 74 10.6 -999.9 -999.9 -999.9 -999.9 -999.9 19.4 36 36.7 -999.9 0.0 0.0 0.2 0.2 56.8 137.2 26.7 15.0 80.0 46.0 51.5 INMET_-_BENTO_GONCALVES_(639_m) -999.9 -999.9 -999.9 -999.9 -999.9 -999.9 -999.9 -999.9 Rio_Grande_do_Sul INMET -999.9 -999.9 -999.9
-29.164444 -51.534167 A840 2026-08-01_08:00 15.9 15.9 15.1 69 74 69 10.2 -999.9 -999.9 -999.9 -999.9 -999.9 18.4 31 34.2 -999.9 0.0 0.0 0.2 0.2 56.8 137.2 26.7 15.0 80.0 46.0 51.5 INMET_-_BENTO_GONCALVES_(639_m) -999.9 -999.9 -999.9 -999.9 -999.9 -999.9 -999.9 -999.9 Rio_Grande_do_Sul INMET -999.9 -999.9 -999.9
-29.164444 -51.534167 A840 2026-08-01_09:00 18.1 18.1 16 61 69 61 10.4 -999.9 -999.9 -999.9 -999.9 -999.9 23.4 17 40.3 -999.9 0.0 0.0 0.2 0.2 56.8 137.2 26.7 15.0 80.0 46.0 51.5 INMET_-_BENTO_GONCALVES_(639_m) -999.9 -999.9 -999.9 -999.9 -999.9 -999.9 -999.9 -999.9 Rio_Grande_do_Sul INMET -999.9 -999.9 -999.9
-29.164444 -51.534167 A840 2026-08-01_10:00 19.7 19.7 18.1 58 62 57 11.2 -999.9 -999.9 -999.9 -999.9 -999.9 24.8 14 48.6 -999.9 0.0 0.0 0.2 0.2 56.8 137.2 26.7 15.0 80.0 46.0 51.5 INMET_-_BENTO_GONCALVES_(639_m) -999.9 -999.9 -999.9 -999.9 -999.9 -999.9 -999.9 -999.9 Rio_Grande_do_Sul INMET -999.9 -999.9 -999.9
-29.164444 -51.534167 A840 2026-08-01_11:00 21.6 21.6 19.7 55 60 54 12.1 -999.9 -999.9 -999.9 -999.9 -999.9 24.1 16 44.6 -999.9 0.0 0.0 0.2 0.2 56.8 137.2 26.7 15.0 80.0 46.0 51.5 INMET_-_BENTO_GONCALVES_(639_m) -999.9 -999.9 -999.9 -999.9 -999.9 -999.9 -999.9 -999.9 Rio_Grande_do_Sul INMET -999.9 -999.9 -999.9
-29.164444 -51.534167 A840 2026-08-01_12:00 23.3 23.3 21.6 52 56 51 12.9 -999.9 -999.9 -999.9 -999.9 -999.9 22.0 8 38.5 -999.9 0.0 0.0 0.2 0.2 56.8 137.2 26.7 15.0 80.0 46.0 51.5 INMET_-_BENTO_GONCALVES_(639_m) -999.9 -999.9 -999.9 -999.9 -999.9 -999.9 -999.9 -999.9 Rio_Grande_do_Sul INMET -999.9 -999.9 -999.9
-29.164444 -51.534167 A840 2026-08-01_13:00 25.2 25.2 23.4 52 54 49 14.6 -999.9 -999.9 -999.9 -999.9 -999.9 19.4 3 46.1 -999.9 0.0 0.0 0.2 0.2 56.8 137.2 26.7 15.0 80.0 46.0 51.5 INMET_-_BENTO_GONCALVES_(639_m) -999.9 -999.9 -999.9 -999.9 -999.9 -999.9 -999.9 -999.9 Rio_Grande_do_Sul INMET -999.9 -999.9 -999.9
-29.164444 -51.534167 A840 2026-08-01_14:00 26.3 26.3 25.1 47 52 47 14.1 -999.9 -999.9 -999.9 -999.9 -999.9 25.2 1 45.0 -999.9 0.0 0.0 0.2 0.2 56.8 137.2 26.7 15.0 80.0 46.0 51.5 INMET_-_BENTO_GONCALVES_(639_m) -999.9 -999.9 -999.9 -999.9 -999.9 -999.9 -999.9 -999.9 Rio_Grande_do_Sul INMET -999.9 -999.9 -999.9
-29.164444 -51.534167 A840 2026-08-01_15:00 26.6 26.7 26.3 48 50 46 14.7 -999.9 -999.9 -999.9 -999.9 -999.9 20.9 6 45.0 -999.9 0.0 0.0 0.2 0.2 56.8 137.2 26.7 15.0 80.0 46.0 51.5 INMET_-_BENTO_GONCALVES_(639_m) -999.9 -999.9 -999.9 -999.9 -999.9 -999.9 -999.9 -999.9 Rio_Grande_do_Sul INMET -999.9 -999.9 -999.9
-29.164444 -51.534167 A840 2026-08-01_16:00 26 26.7 26 48 50 46 14.1 -999.9 -999.9 -999.9 -999.9 -999.9 19.1 346 38.5 -999.9 0.0 0.0 0.2 0.2 56.8 137.2 26.7 15.0 80.0 46.0 51.5 INMET_-_BENTO_GONCALVES_(639_m) -999.9 -999.9 -999.9 -999.9 -999.9 -999.9 -999.9 -999.9 Rio_Grande_do_Sul INMET -999.9 -999.9 -999.9
-29.164444 -51.534167 A840 2026-08-01_17:00 25.4 26.1 25.3 52 53 48 14.8 -999.9 -999.9 -999.9 -999.9 -999.9 19.8 3 38.2 -999.9 0.0 0.0 0.2 0.2 56.8 137.2 26.7 15.0 80.0 46.0 51.5 INMET_-_BENTO_GONCALVES_(639_m) -999.9 -999.9 -999.9 -999.9 -999.9 -999.9 -999.9 -999.9 Rio_Grande_do_Sul INMET -999.9 -999.9 -999.9
-29.164444 -51.534167 A840 2026-08-01_18:00 24.3 25.3 24.3 57 57 52 15.2 -999.9 -999.9 -999.9 -999.9 -999.9 9.7 344 25.9 -999.9 0.0 0.0 0.2 0.2 56.8 137.2 26.7 15.0 80.0 46.0 51.5 INMET_-_BENTO_GONCALVES_(639_m) -999.9 -999.9 -999.9 -999.9 -999.9 -999.9 -999.9 -999.9 Rio_Grande_do_Sul INMET -999.9 -999.9 -999.9
-29.164444 -51.534167 A840 2026-08-01_19:00 23.7 24.5 23.7 60 60 56 15.5 -999.9 -999.9 -999.9 -999.9 -999.9 13.0 297 24.5 -999.9 0.0 0.0 0.2 0.2 56.8 137.2 26.7 15.0 80.0 46.0 51.5 INMET_-_BENTO_GONCALVES_(639_m) -999.9 -999.9 -999.9 -999.9 -999.9 -999.9 -999.9 -999.9 Rio_Grande_do_Sul INMET -999.9 -999.9 -999.9
-29.164444 -51.534167 A840 2026-08-01_20:00 20.5 23.8 20.5 75 76 59 15.9 -999.9 -999.9 -999.9 -999.9 -999.9 29.2 297 51.5 -999.9 0.0 0.0 0.2 0.2 56.8 137.2 26.7 15.0 80.0 46.0 51.5 INMET_-_BENTO_GONCALVES_(639_m) -999.9 -999.9 -999.9 -999.9 -999.9 -999.9 -999.9 -999.9 Rio_Grande_do_Sul INMET -999.9 -999.9 -999.9
-29.164444 -51.534167 A840 2026-08-01_21:00 19.2 20.5 19.2 74 77 72 14.4 -999.9 -999.9 -999.9 -999.9 -999.9 10.1 330 42.8 -999.9 0.0 0.0 0.2 0.2 56.8 137.2 26.7 15.0 80.0 46.0 51.5 INMET_-_BENTO_GONCALVES_(639_m) -999.9 -999.9 -999.9 -999.9 -999.9 -999.9 -999.9 -999.9 Rio_Grande_do_Sul INMET -999.9 -999.9 -999.9
-29.164444 -51.534167 A840 2026-08-01_22:00 19 19.2 18.9 69 74 68 13.1 -999.9 -999.9 -999.9 -999.9 -999.9 16.2 340 32.4 -999.9 0.0 0.0 0.2 0.2 56.8 137.2 26.7 15.0 80.0 46.0 51.5 INMET_-_BENTO_GONCALVES_(639_m) -999.9 -999.9 -999.9 -999.9 -999.9 -999.9 -999.9 -999.9 Rio_Grande_do_Sul INMET -999.9 -999.9 -999.9
-29.164444 -51.534167 A840 2026-08-01_23:00 17.4 19.2 17.4 79 80 68 13.7 -999.9 -999.9 -999.9 -999.9 -999.9 14.4 308 32.4 -999.9 0.0 0.0 0.2 0.2 56.8 137.2 26.7 15.0 80.0 46.0 51.5 INMET_-_BENTO_GONCALVES_(639_m) -999.9 -999.9 -999.9 -999.9 -999.9 -999.9 -999.9 -999.9 Rio_Grande_do_Sul INMET -999.9 -999.9 -999.9
