-28.84888 -51.8325 86500000 2026-09-14_00:00 -999.9 -999.9 -999.9 -999.9 -999.9 -999.9 -999.9 -999.9 -999.9 -999.9 -999.9 -999.9 -999.9 -999.9 -999.9 -999.9 0.0 0.0 0.0 1.8 42.4 51.8 -999.9 -999.9 -999.9 -999.9 -999.9 SGB/CPRM_-_Passo_Carreiro_(259_m) -999.9 -999.9 -999.9 -999.9 -999.9 -999.9 -999.9 -999.9 Brasil SGB/CPRM -999.9 0.0 0.0 2.32 2.32 2.32 0 -0.01 2.77 3.57 3.57 3.57
-28.84888 -51.8325 86500000 2026-09-14_00:15 -999.9 -999.9 -999.9 -999.9 -999.9 -999.9 -999.9 -999.9 -999.9 -999.9 -999.9 -999.9 -999.9 -999.9 -999.9 -999.9 0.0 0.0 0.0 1.8 42.4 51.8 -999.9 -999.9 -999.9 -999.9 -999.9 SGB/CPRM_-_Passo_Carreiro_(259_m) -999.9 -999.9 -999.9 -999.9 -999.9 -999.9 -999.9 -999.9 Brasil SGB/CPRM -999.9 0.0 0.0 2.32 2.32 2.32 0 0 2.77 3.57 3.57 3.57
-28.84888 -51.8325 86500000 2026-09-14_00:30 -999.9 -999.9 -999.9 -999.9 -999.9 -999.9 -999.9 -999.9 -999.9 -999.9 -999.9 -999.9 -999.9 -999.9 -999.9 -999.9 0.0 0.0 0.0 1.8 42.4 51.8 -999.9 -999.9 -999.9 -999.9 -999.9 SGB/CPRM_-_Passo_Carreiro_(259_m) -999.9 -999.9 -999.9 -999.9 -999.9 -999.9 -999.9 -999.9 Brasil SGB/CPRM -999.9 0.0 0.0 2.32 2.32 2.32 0 -0.01 2.77 3.57 3.57 3.57
-28.84888 -51.8325 86500000 2026-09-14_00:45 -999.9 -999.9 -999.9 -999.9 -999.9 -999.9 -999.9 -999.9 -999.9 -999.9 -999.9 -999.9 -999.9 -999.9 -999.9 -999.9 0.0 0.0 0.0 1.8 42.4 51.8 -999.9 -999.9 -999.9 -999.9 -999.9 SGB/CPRM_-_Passo_Carreiro_(259_m) -999.9 -999.9 -999.9 -999.9 -999.9 -999.9 -999.9 -999.9 Brasil SGB/CPRM -999.9 0.0 0.0 2.31 2.32 2.31 0 -0.01 2.77 3.57 3.57 3.57
-28.84888 -51.8325 86500000 2026-09-14_01:00 -999.9 -999.9 -999.9 -999.9 -999.9 -999.9 -999.9 -999.9 -999.9 -999.9 -999.9 -999.9 -999.9 -999.9 -999.9 -999.9 0.0 0.0 0.0 1.8 42.4 51.8 -999.9 -999.9 -999.9 -999.9 -999.9 SGB/CPRM_-_Passo_Carreiro_(259_m) -999.9 -999.9 -999.9 -999.9 -999.9 -999.9 -999.9 -999.9 Brasil SGB/CPRM -999.9 0.0 0.0 2.31 2.32 2.31 0 -0.01 2.77 3.57 3.57 3.57
-28.84888 -51.8325 86500000 2026-09-14_01:15 -999.9 -999.9 -999.9 -999.9 -999.9 -999.9 -999.9 -999.9 -999.9 -999.9 -999.9 -999.9 -999.9 -999.9 -999.9 -999.9 0.0 0.0 0.0 1.8 42.4 51.8 -999.9 -999.9 -999.9 -999.9 -999.9 SGB/CPRM_-_Passo_Carreiro_(259_m) -999.9 -999.9 -999.9 -999.9 -999.9 -999.9 -999.9 -999.9 Brasil SGB/CPRM -999.9 0.0 0.0 2.3 2.32 2.3 -1 -0.02 2.77 3.57 3.57 3.57
-28.84888 -51.8325 86500000 2026-09-14_01:30 -999.9 -999.9 -999.9 -999.9 -999.9 -999.9 -999.9 -999.9 -999.9 -999.9 -999.9 -999.9 -999.9 -999.9 -999.9 -999.9 0.0 0.0 0.0 1.8 42.4 51.8 -999.9 -999.9 -999.9 -999.9 -999.9 SGB/CPRM_-_Passo_Carreiro_(259_m) -999.9 -999.9 -999.9 -999.9 -999.9 -999.9 -999.9 -999.9 Brasil SGB/CPRM -999.9 0.0 0.0 2.3 2.32 2.3 -1 -0.02 2.77 3.57 3.57 3.57
-28.84888 -51.8325 86500000 2026-09-14_01:45 -999.9 -999.9 -999.9 -999.9 -999.9 -999.9 -999.9 -999.9 -999.9 -999.9 -999.9 -999.9 -999.9 -999.9 -999.9 -999.9 0.0 0.0 0.0 1.8 42.4 51.8 -999.9 -999.9 -999.9 -999.9 -999.9 SGB/CPRM_-_Passo_Carreiro_(259_m) -999.9 -999.9 -999.9 -999.9 -999.9 -999.9 -999.9 -999.9 Brasil SGB/CPRM -999.9 0.0 0.0 2.29 2.32 2.29 -1 -0.02 2.77 3.57 3.57 3.57
-28.84888 -51.8325 86500000 2026-09-14_02:00 -999.9 -999.9 -999.9 -999.9 -999.9 -999.9 -999.9 -999.9 -999.9 -999.9 -999.9 -999.9 -999.9 -999.9 -999.9 -999.9 0.0 0.0 0.0 1.8 42.4 51.8 -999.9 -999.9 -999.9 -999.9 -999.9 SGB/CPRM_-_Passo_Carreiro_(259_m) -999.9 -999.9 -999.9 -999.9 -999.9 -999.9 -999.9 -999.9 Brasil SGB/CPRM -999.9 0.0 0.0 2.29 2.32 2.29 -1 -0.02 2.77 3.57 3.57 3.57
-28.84888 -51.8325 86500000 2026-09-14_02:15 -999.9 -999.9 -999.9 -999.9 -999.9 -999.9 -999.9 -999.9 -999.9 -999.9 -999.9 -999.9 -999.9 -999.9 -999.9 -999.9 0.0 0.0 0.0 1.8 42.4 51.8 -999.9 -999.9 -999.9 -999.9 -999.9 SGB/CPRM_-_Passo_Carreiro_(259_m) -999.9 -999.9 -999.9 -999.9 -999.9 -999.9 -999.9 -999.9 Brasil SGB/CPRM -999.9 0.0 0.0 2.28 2.32 2.28 -1 -0.02 2.77 3.57 3.57 3.57
-28.84888 -51.8325 86500000 2026-09-14_02:30 -999.9 -999.9 -999.9 -999.9 -999.9 -999.9 -999.9 -999.9 -999.9 -999.9 -999.9 -999.9 -999.9 -999.9 -999.9 -999.9 0.0 0.0 0.0 1.8 42.4 51.8 -999.9 -999.9 -999.9 -999.9 -999.9 SGB/CPRM_-_Passo_Carreiro_(259_m) -999.9 -999.9 -999.9 -999.9 -999.9 -999.9 -999.9 -999.9 Brasil SGB/CPRM -999.9 0.0 0.0 2.28 2.32 2.28 -1 -0.02 2.77 3.57 3.57 3.57
-28.84888 -51.8325 86500000 2026-09-14_02:45 -999.9 -999.9 -999.9 -999.9 -999.9 -999.9 -999.9 -999.9 -999.9 -999.9 -999.9 -999.9 -999.9 -999.9 -999.9 -999.9 0.0 0.0 0.0 1.8 42.4 51.8 -999.9 -999.9 -999.9 -999.9 -999.9 SGB/CPRM_-_Passo_Carreiro_(259_m) -999.9 -999.9 -999.9 -999.9 -999.9 -999.9 -999.9 -999.9 Brasil SGB/CPRM -999.9 0.0 0.0 2.28 2.32 2.28 -1 -0.01 2.77 3.57 3.57 3.57
-28.84888 -51.8325 86500000 2026-09-14_03:00 -999.9 -999.9 -999.9 -999.9 -999.9 -999.9 -999.9 -999.9 -999.9 -999.9 -999.9 -999.9 -999.9 -999.9 -999.9 -999.9 0.0 0.0 0.0 1.8 42.4 51.8 -999.9 -999.9 -999.9 -999.9 -999.9 SGB/CPRM_-_Passo_Carreiro_(259_m) -999.9 -999.9 -999.9 -999.9 -999.9 -999.9 -999.9 -999.9 Brasil SGB/CPRM -999.9 0.0 0.0 2.28 2.32 2.28 -1 -0.01 2.77 3.57 3.57 3.57
-28.84888 -51.8325 86500000 2026-09-14_03:15 -999.9 -999.9 -999.9 -999.9 -999.9 -999.9 -999.9 -999.9 -999.9 -999.9 -999.9 -999.9 -999.9 -999.9 -999.9 -999.9 0.0 0.0 0.0 1.8 42.4 51.8 -999.9 -999.9 -999.9 -999.9 -999.9 SGB/CPRM_-_Passo_Carreiro_(259_m) -999.9 -999.9 -999.9 -999.9 -999.9 -999.9 -999.9 -999.9 Brasil SGB/CPRM -999.9 0.0 0.0 2.28 2.32 2.28 0 0 2.77 3.57 3.57 3.57
-28.84888 -51.8325 86500000 2026-09-14_03:30 -999.9 -999.9 -999.9 -999.9 -999.9 -999.9 -999.9 -999.9 -999.9 -999.9 -999.9 -999.9 -999.9 -999.9 -999.9 -999.9 0.0 0.0 0.0 1.8 42.4 51.8 -999.9 -999.9 -999.9 -999.9 -999.9 SGB/CPRM_-_Passo_Carreiro_(259_m) -999.9 -999.9 -999.9 -999.9 -999.9 -999.9 -999.9 -999.9 Brasil SGB/CPRM -999.9 0.0 0.0 2.28 2.32 2.28 0 0 2.77 3.57 3.57 3.57
-28.84888 -51.8325 86500000 2026-09-14_03:45 -999.9 -999.9 -999.9 -999.9 -999.9 -999.9 -999.9 -999.9 -999.9 -999.9 -999.9 -999.9 -999.9 -999.9 -999.9 -999.9 0.0 0.0 0.0 1.8 42.4 51.8 -999.9 -999.9 -999.9 -999.9 -999.9 SGB/CPRM_-_Passo_Carreiro_(259_m) -999.9 -999.9 -999.9 -999.9 -999.9 -999.9 -999.9 -999.9 Brasil SGB/CPRM -999.9 0.0 0.0 2.27 2.32 2.27 0 -0.01 2.77 3.57 3.57 3.57
-28.84888 -51.8325 86500000 2026-09-14_04:00 -999.9 -999.9 -999.9 -999.9 -999.9 -999.9 -999.9 -999.9 -999.9 -999.9 -999.9 -999.9 -999.9 -999.9 -999.9 -999.9 0.0 0.0 0.0 1.8 42.4 51.8 -999.9 -999.9 -999.9 -999.9 -999.9 SGB/CPRM_-_Passo_Carreiro_(259_m) -999.9 -999.9 -999.9 -999.9 -999.9 -999.9 -999.9 -999.9 Brasil SGB/CPRM -999.9 0.0 0.0 2.27 2.32 2.27 0 -0.01 2.77 3.57 3.57 3.57
-28.84888 -51.8325 86500000 2026-09-14_04:15 -999.9 -999.9 -999.9 -999.9 -999.9 -999.9 -999.9 -999.9 -999.9 -999.9 -999.9 -999.9 -999.9 -999.9 -999.9 -999.9 0.0 0.0 0.0 1.8 42.4 51.8 -999.9 -999.9 -999.9 -999.9 -999.9 SGB/CPRM_-_Passo_Carreiro_(259_m) -999.9 -999.9 -999.9 -999.9 -999.9 -999.9 -999.9 -999.9 Brasil SGB/CPRM -999.9 0.0 0.0 2.26 2.32 2.26 -1 -0.02 2.77 3.57 3.57 3.57
-28.84888 -51.8325 86500000 2026-09-14_04:30 -999.9 -999.9 -999.9 -999.9 -999.9 -999.9 -999.9 -999.9 -999.9 -999.9 -999.9 -999.9 -999.9 -999.9 -999.9 -999.9 0.0 0.0 0.0 1.8 42.4 51.8 -999.9 -999.9 -999.9 -999.9 -999.9 SGB/CPRM_-_Passo_Carreiro_(259_m) -999.9 -999.9 -999.9 -999.9 -999.9 -999.9 -999.9 -999.9 Brasil SGB/CPRM -999.9 0.0 0.0 2.26 2.32 2.26 -1 -0.02 2.77 3.57 3.57 3.57
-28.84888 -51.8325 86500000 2026-09-14_04:45 -999.9 -999.9 -999.9 -999.9 -999.9 -999.9 -999.9 -999.9 -999.9 -999.9 -999.9 -999.9 -999.9 -999.9 -999.9 -999.9 0.0 0.0 0.0 1.8 42.4 51.8 -999.9 -999.9 -999.9 -999.9 -999.9 SGB/CPRM_-_Passo_Carreiro_(259_m) -999.9 -999.9 -999.9 -999.9 -999.9 -999.9 -999.9 -999.9 Brasil SGB/CPRM -999.9 0.0 0.0 2.25 2.32 2.25 -1 -0.02 2.77 3.57 3.57 3.57
-28.84888 -51.8325 86500000 2026-09-14_05:00 -999.9 -999.9 -999.9 -999.9 -999.9 -999.9 -999.9 -999.9 -999.9 -999.9 -999.9 -999.9 -999.9 -999.9 -999.9 -999.9 0.0 0.0 0.0 1.8 42.4 51.8 -999.9 -999.9 -999.9 -999.9 -999.9 SGB/CPRM_-_Passo_Carreiro_(259_m) -999.9 -999.9 -999.9 -999.9 -999.9 -999.9 -999.9 -999.9 Brasil SGB/CPRM -999.9 0.0 0.0 2.25 2.32 2.25 -1 -0.02 2.77 3.57 3.57 3.57
-28.84888 -51.8325 86500000 2026-09-14_05:15 -999.9 -999.9 -999.9 -999.9 -999.9 -999.9 -999.9 -999.9 -999.9 -999.9 -999.9 -999.9 -999.9 -999.9 -999.9 -999.9 0.0 0.0 0.0 1.8 42.4 51.8 -999.9 -999.9 -999.9 -999.9 -999.9 SGB/CPRM_-_Passo_Carreiro_(259_m) -999.9 -999.9 -999.9 -999.9 -999.9 -999.9 -999.9 -999.9 Brasil SGB/CPRM -999.9 0.0 0.0 2.25 2.32 2.25 -1 -0.01 2.77 3.57 3.57 3.57
-28.84888 -51.8325 86500000 2026-09-14_05:30 -999.9 -999.9 -999.9 -999.9 -999.9 -999.9 -999.9 -999.9 -999.9 -999.9 -999.9 -999.9 -999.9 -999.9 -999.9 -999.9 0.0 0.0 0.0 1.8 42.4 51.8 -999.9 -999.9 -999.9 -999.9 -999.9 SGB/CPRM_-_Passo_Carreiro_(259_m) -999.9 -999.9 -999.9 -999.9 -999.9 -999.9 -999.9 -999.9 Brasil SGB/CPRM -999.9 0.0 0.0 2.25 2.32 2.25 0 -0.01 2.77 3.57 3.57 3.57
-28.84888 -51.8325 86500000 2026-09-14_05:45 -999.9 -999.9 -999.9 -999.9 -999.9 -999.9 -999.9 -999.9 -999.9 -999.9 -999.9 -999.9 -999.9 -999.9 -999.9 -999.9 0.0 0.0 0.0 1.8 42.4 51.8 -999.9 -999.9 -999.9 -999.9 -999.9 SGB/CPRM_-_Passo_Carreiro_(259_m) -999.9 -999.9 -999.9 -999.9 -999.9 -999.9 -999.9 -999.9 Brasil SGB/CPRM -999.9 0.0 0.0 2.24 2.32 2.24 0 -0.01 2.77 3.57 3.57 3.57
-28.84888 -51.8325 86500000 2026-09-14_06:00 -999.9 -999.9 -999.9 -999.9 -999.9 -999.9 -999.9 -999.9 -999.9 -999.9 -999.9 -999.9 -999.9 -999.9 -999.9 -999.9 0.0 0.0 0.0 1.8 42.4 51.8 -999.9 -999.9 -999.9 -999.9 -999.9 SGB/CPRM_-_Passo_Carreiro_(259_m) -999.9 -999.9 -999.9 -999.9 -999.9 -999.9 -999.9 -999.9 Brasil SGB/CPRM -999.9 0.0 0.0 2.25 2.32 2.24 0 0 2.77 3.57 3.57 3.57
-28.84888 -51.8325 86500000 2026-09-14_06:15 -999.9 -999.9 -999.9 -999.9 -999.9 -999.9 -999.9 -999.9 -999.9 -999.9 -999.9 -999.9 -999.9 -999.9 -999.9 -999.9 0.0 0.0 0.0 1.8 42.4 51.8 -999.9 -999.9 -999.9 -999.9 -999.9 SGB/CPRM_-_Passo_Carreiro_(259_m) -999.9 -999.9 -999.9 -999.9 -999.9 -999.9 -999.9 -999.9 Brasil SGB/CPRM -999.9 0.0 0.0 2.25 2.32 2.24 0 0 2.77 3.57 3.57 3.57
-28.84888 -51.8325 86500000 2026-09-14_06:30 -999.9 -999.9 -999.9 -999.9 -999.9 -999.9 -999.9 -999.9 -999.9 -999.9 -999.9 -999.9 -999.9 -999.9 -999.9 -999.9 0.0 0.0 0.0 1.8 42.4 51.8 -999.9 -999.9 -999.9 -999.9 -999.9 SGB/CPRM_-_Passo_Carreiro_(259_m) -999.9 -999.9 -999.9 -999.9 -999.9 -999.9 -999.9 -999.9 Brasil SGB/CPRM -999.9 0.0 0.0 2.24 2.32 2.24 0 -0.01 2.77 3.57 3.57 3.57
-28.84888 -51.8325 86500000 2026-09-14_06:45 -999.9 -999.9 -999.9 -999.9 -999.9 -999.9 -999.9 -999.9 -999.9 -999.9 -999.9 -999.9 -999.9 -999.9 -999.9 -999.9 0.0 0.0 0.0 1.8 42.4 51.8 -999.9 -999.9 -999.9 -999.9 -999.9 SGB/CPRM_-_Passo_Carreiro_(259_m) -999.9 -999.9 -999.9 -999.9 -999.9 -999.9 -999.9 -999.9 Brasil SGB/CPRM -999.9 0.0 0.0 2.23 2.32 2.23 0 -0.01 2.77 3.57 3.57 3.57
-28.84888 -51.8325 86500000 2026-09-14_07:00 -999.9 -999.9 -999.9 -999.9 -999.9 -999.9 -999.9 -999.9 -999.9 -999.9 -999.9 -999.9 -999.9 -999.9 -999.9 -999.9 0.0 0.0 0.0 1.8 42.4 51.8 -999.9 -999.9 -999.9 -999.9 -999.9 SGB/CPRM_-_Passo_Carreiro_(259_m) -999.9 -999.9 -999.9 -999.9 -999.9 -999.9 -999.9 -999.9 Brasil SGB/CPRM -999.9 0.0 0.0 2.23 2.32 2.23 -1 -0.02 2.77 3.57 3.57 3.57
-28.84888 -51.8325 86500000 2026-09-14_07:15 -999.9 -999.9 -999.9 -999.9 -999.9 -999.9 -999.9 -999.9 -999.9 -999.9 -999.9 -999.9 -999.9 -999.9 -999.9 -999.9 0.0 0.0 0.0 1.8 42.4 51.8 -999.9 -999.9 -999.9 -999.9 -999.9 SGB/CPRM_-_Passo_Carreiro_(259_m) -999.9 -999.9 -999.9 -999.9 -999.9 -999.9 -999.9 -999.9 Brasil SGB/CPRM -999.9 0.0 0.0 2.23 2.32 2.23 -1 -0.02 2.77 3.57 3.57 3.57
-28.84888 -51.8325 86500000 2026-09-14_07:30 -999.9 -999.9 -999.9 -999.9 -999.9 -999.9 -999.9 -999.9 -999.9 -999.9 -999.9 -999.9 -999.9 -999.9 -999.9 -999.9 0.0 0.0 0.0 1.8 42.4 51.8 -999.9 -999.9 -999.9 -999.9 -999.9 SGB/CPRM_-_Passo_Carreiro_(259_m) -999.9 -999.9 -999.9 -999.9 -999.9 -999.9 -999.9 -999.9 Brasil SGB/CPRM -999.9 0.0 0.0 2.22 2.32 2.22 -1 -0.02 2.77 3.57 3.57 3.57
-28.84888 -51.8325 86500000 2026-09-14_07:45 -999.9 -999.9 -999.9 -999.9 -999.9 -999.9 -999.9 -999.9 -999.9 -999.9 -999.9 -999.9 -999.9 -999.9 -999.9 -999.9 0.0 0.0 0.0 1.8 42.4 51.8 -999.9 -999.9 -999.9 -999.9 -999.9 SGB/CPRM_-_Passo_Carreiro_(259_m) -999.9 -999.9 -999.9 -999.9 -999.9 -999.9 -999.9 -999.9 Brasil SGB/CPRM -999.9 0.0 0.0 2.23 2.32 2.22 0 0 2.77 3.57 3.57 3.57
-28.84888 -51.8325 86500000 2026-09-14_08:00 -999.9 -999.9 -999.9 -999.9 -999.9 -999.9 -999.9 -999.9 -999.9 -999.9 -999.9 -999.9 -999.9 -999.9 -999.9 -999.9 0.0 0.0 0.0 1.8 42.4 51.8 -999.9 -999.9 -999.9 -999.9 -999.9 SGB/CPRM_-_Passo_Carreiro_(259_m) -999.9 -999.9 -999.9 -999.9 -999.9 -999.9 -999.9 -999.9 Brasil SGB/CPRM -999.9 0.0 0.0 2.22 2.32 2.22 0 -0.01 2.77 3.57 3.57 3.57
-28.84888 -51.8325 86500000 2026-09-14_08:15 -999.9 -999.9 -999.9 -999.9 -999.9 -999.9 -999.9 -999.9 -999.9 -999.9 -999.9 -999.9 -999.9 -999.9 -999.9 -999.9 0.0 0.0 0.0 1.8 42.4 51.8 -999.9 -999.9 -999.9 -999.9 -999.9 SGB/CPRM_-_Passo_Carreiro_(259_m) -999.9 -999.9 -999.9 -999.9 -999.9 -999.9 -999.9 -999.9 Brasil SGB/CPRM -999.9 0.0 0.0 2.22 2.32 2.22 0 -0.01 2.77 3.57 3.57 3.57
-28.84888 -51.8325 86500000 2026-09-14_08:30 -999.9 -999.9 -999.9 -999.9 -999.9 -999.9 -999.9 -999.9 -999.9 -999.9 -999.9 -999.9 -999.9 -999.9 -999.9 -999.9 0.0 0.0 0.0 1.8 42.4 51.8 -999.9 -999.9 -999.9 -999.9 -999.9 SGB/CPRM_-_Passo_Carreiro_(259_m) -999.9 -999.9 -999.9 -999.9 -999.9 -999.9 -999.9 -999.9 Brasil SGB/CPRM -999.9 0.0 0.0 2.22 2.32 2.22 0 0 2.77 3.57 3.57 3.57
-28.84888 -51.8325 86500000 2026-09-14_08:45 -999.9 -999.9 -999.9 -999.9 -999.9 -999.9 -999.9 -999.9 -999.9 -999.9 -999.9 -999.9 -999.9 -999.9 -999.9 -999.9 0.0 0.0 0.0 1.8 42.4 51.8 -999.9 -999.9 -999.9 -999.9 -999.9 SGB/CPRM_-_Passo_Carreiro_(259_m) -999.9 -999.9 -999.9 -999.9 -999.9 -999.9 -999.9 -999.9 Brasil SGB/CPRM -999.9 0.0 0.0 2.21 2.32 2.21 -1 -0.02 2.77 3.57 3.57 3.57
-28.84888 -51.8325 86500000 2026-09-14_09:00 -999.9 -999.9 -999.9 -999.9 -999.9 -999.9 -999.9 -999.9 -999.9 -999.9 -999.9 -999.9 -999.9 -999.9 -999.9 -999.9 0.0 0.0 0.0 1.8 42.4 51.8 -999.9 -999.9 -999.9 -999.9 -999.9 SGB/CPRM_-_Passo_Carreiro_(259_m) -999.9 -999.9 -999.9 -999.9 -999.9 -999.9 -999.9 -999.9 Brasil SGB/CPRM -999.9 0.0 0.0 2.21 2.32 2.21 0 -0.01 2.77 3.57 3.57 3.57
-28.84888 -51.8325 86500000 2026-09-14_09:15 -999.9 -999.9 -999.9 -999.9 -999.9 -999.9 -999.9 -999.9 -999.9 -999.9 -999.9 -999.9 -999.9 -999.9 -999.9 -999.9 0.0 0.0 0.0 1.8 42.4 51.8 -999.9 -999.9 -999.9 -999.9 -999.9 SGB/CPRM_-_Passo_Carreiro_(259_m) -999.9 -999.9 -999.9 -999.9 -999.9 -999.9 -999.9 -999.9 Brasil SGB/CPRM -999.9 0.0 0.0 2.21 2.32 2.21 -1 -0.01 2.77 3.57 3.57 3.57
-28.84888 -51.8325 86500000 2026-09-14_09:30 -999.9 -999.9 -999.9 -999.9 -999.9 -999.9 -999.9 -999.9 -999.9 -999.9 -999.9 -999.9 -999.9 -999.9 -999.9 -999.9 0.0 0.0 0.0 1.8 42.4 51.8 -999.9 -999.9 -999.9 -999.9 -999.9 SGB/CPRM_-_Passo_Carreiro_(259_m) -999.9 -999.9 -999.9 -999.9 -999.9 -999.9 -999.9 -999.9 Brasil SGB/CPRM -999.9 0.0 0.0 2.22 2.32 2.21 0 0 2.77 3.57 3.57 3.57
-28.84888 -51.8325 86500000 2026-09-14_09:45 -999.9 -999.9 -999.9 -999.9 -999.9 -999.9 -999.9 -999.9 -999.9 -999.9 -999.9 -999.9 -999.9 -999.9 -999.9 -999.9 0.0 0.0 0.0 1.8 42.4 51.8 -999.9 -999.9 -999.9 -999.9 -999.9 SGB/CPRM_-_Passo_Carreiro_(259_m) -999.9 -999.9 -999.9 -999.9 -999.9 -999.9 -999.9 -999.9 Brasil SGB/CPRM -999.9 0.0 0.0 2.22 2.32 2.21 0 0.01 2.77 3.57 3.57 3.57
-28.84888 -51.8325 86500000 2026-09-14_10:00 -999.9 -999.9 -999.9 -999.9 -999.9 -999.9 -999.9 -999.9 -999.9 -999.9 -999.9 -999.9 -999.9 -999.9 -999.9 -999.9 0.0 0.0 0.0 1.8 42.4 51.8 -999.9 -999.9 -999.9 -999.9 -999.9 SGB/CPRM_-_Passo_Carreiro_(259_m) -999.9 -999.9 -999.9 -999.9 -999.9 -999.9 -999.9 -999.9 Brasil SGB/CPRM -999.9 0.0 0.0 2.21 2.32 2.21 0 0 2.77 3.57 3.57 3.57
-28.84888 -51.8325 86500000 2026-09-14_10:15 -999.9 -999.9 -999.9 -999.9 -999.9 -999.9 -999.9 -999.9 -999.9 -999.9 -999.9 -999.9 -999.9 -999.9 -999.9 -999.9 0.0 0.0 0.0 1.8 42.4 51.8 -999.9 -999.9 -999.9 -999.9 -999.9 SGB/CPRM_-_Passo_Carreiro_(259_m) -999.9 -999.9 -999.9 -999.9 -999.9 -999.9 -999.9 -999.9 Brasil SGB/CPRM -999.9 0.0 0.0 2.21 2.32 2.21 0 0 2.77 3.57 3.57 3.57
-28.84888 -51.8325 86500000 2026-09-14_10:30 -999.9 -999.9 -999.9 -999.9 -999.9 -999.9 -999.9 -999.9 -999.9 -999.9 -999.9 -999.9 -999.9 -999.9 -999.9 -999.9 0.0 0.0 0.0 1.8 42.4 51.8 -999.9 -999.9 -999.9 -999.9 -999.9 SGB/CPRM_-_Passo_Carreiro_(259_m) -999.9 -999.9 -999.9 -999.9 -999.9 -999.9 -999.9 -999.9 Brasil SGB/CPRM -999.9 0.0 0.0 2.21 2.32 2.21 -1 -0.01 2.77 3.57 3.57 3.57
-28.84888 -51.8325 86500000 2026-09-14_10:45 -999.9 -999.9 -999.9 -999.9 -999.9 -999.9 -999.9 -999.9 -999.9 -999.9 -999.9 -999.9 -999.9 -999.9 -999.9 -999.9 0.0 0.0 0.0 1.8 42.4 51.8 -999.9 -999.9 -999.9 -999.9 -999.9 SGB/CPRM_-_Passo_Carreiro_(259_m) -999.9 -999.9 -999.9 -999.9 -999.9 -999.9 -999.9 -999.9 Brasil SGB/CPRM -999.9 0.0 0.0 2.21 2.32 2.21 -1 -0.01 2.77 3.57 3.57 3.57
-28.84888 -51.8325 86500000 2026-09-14_11:00 -999.9 -999.9 -999.9 -999.9 -999.9 -999.9 -999.9 -999.9 -999.9 -999.9 -999.9 -999.9 -999.9 -999.9 -999.9 -999.9 0.0 0.0 0.0 1.8 42.4 51.8 -999.9 -999.9 -999.9 -999.9 -999.9 SGB/CPRM_-_Passo_Carreiro_(259_m) -999.9 -999.9 -999.9 -999.9 -999.9 -999.9 -999.9 -999.9 Brasil SGB/CPRM -999.9 0.0 0.0 2.2 2.32 2.2 0 -0.01 2.77 3.57 3.57 3.57
-28.84888 -51.8325 86500000 2026-09-14_11:15 -999.9 -999.9 -999.9 -999.9 -999.9 -999.9 -999.9 -999.9 -999.9 -999.9 -999.9 -999.9 -999.9 -999.9 -999.9 -999.9 0.0 0.0 0.0 1.8 42.4 51.8 -999.9 -999.9 -999.9 -999.9 -999.9 SGB/CPRM_-_Passo_Carreiro_(259_m) -999.9 -999.9 -999.9 -999.9 -999.9 -999.9 -999.9 -999.9 Brasil SGB/CPRM -999.9 0.0 0.0 2.2 2.32 2.2 0 -0.01 2.77 3.57 3.57 3.57
-28.84888 -51.8325 86500000 2026-09-14_11:30 -999.9 -999.9 -999.9 -999.9 -999.9 -999.9 -999.9 -999.9 -999.9 -999.9 -999.9 -999.9 -999.9 -999.9 -999.9 -999.9 0.0 0.0 0.0 1.8 42.4 51.8 -999.9 -999.9 -999.9 -999.9 -999.9 SGB/CPRM_-_Passo_Carreiro_(259_m) -999.9 -999.9 -999.9 -999.9 -999.9 -999.9 -999.9 -999.9 Brasil SGB/CPRM -999.9 0.0 0.0 2.2 2.32 2.2 -1 -0.01 2.77 3.57 3.57 3.57
-28.84888 -51.8325 86500000 2026-09-14_11:45 -999.9 -999.9 -999.9 -999.9 -999.9 -999.9 -999.9 -999.9 -999.9 -999.9 -999.9 -999.9 -999.9 -999.9 -999.9 -999.9 0.0 0.0 0.0 1.8 42.4 51.8 -999.9 -999.9 -999.9 -999.9 -999.9 SGB/CPRM_-_Passo_Carreiro_(259_m) -999.9 -999.9 -999.9 -999.9 -999.9 -999.9 -999.9 -999.9 Brasil SGB/CPRM -999.9 0.0 0.0 2.19 2.32 2.19 -1 -0.02 2.77 3.57 3.57 3.57
-28.84888 -51.8325 86500000 2026-09-14_12:00 -999.9 -999.9 -999.9 -999.9 -999.9 -999.9 -999.9 -999.9 -999.9 -999.9 -999.9 -999.9 -999.9 -999.9 -999.9 -999.9 0.0 0.0 0.0 1.8 42.4 51.8 -999.9 -999.9 -999.9 -999.9 -999.9 SGB/CPRM_-_Passo_Carreiro_(259_m) -999.9 -999.9 -999.9 -999.9 -999.9 -999.9 -999.9 -999.9 Brasil SGB/CPRM -999.9 0.0 0.0 2.18 2.32 2.18 0 -0.02 2.77 3.57 3.57 3.57
-28.84888 -51.8325 86500000 2026-09-14_12:15 -999.9 -999.9 -999.9 -999.9 -999.9 -999.9 -999.9 -999.9 -999.9 -999.9 -999.9 -999.9 -999.9 -999.9 -999.9 -999.9 0.0 0.0 0.0 1.8 42.4 51.8 -999.9 -999.9 -999.9 -999.9 -999.9 SGB/CPRM_-_Passo_Carreiro_(259_m) -999.9 -999.9 -999.9 -999.9 -999.9 -999.9 -999.9 -999.9 Brasil SGB/CPRM -999.9 0.0 0.0 2.18 2.32 2.18 -1 -0.02 2.77 3.57 3.57 3.57
-28.84888 -51.8325 86500000 2026-09-14_12:30 -999.9 -999.9 -999.9 -999.9 -999.9 -999.9 -999.9 -999.9 -999.9 -999.9 -999.9 -999.9 -999.9 -999.9 -999.9 -999.9 0.0 0.0 0.0 1.8 42.4 51.8 -999.9 -999.9 -999.9 -999.9 -999.9 SGB/CPRM_-_Passo_Carreiro_(259_m) -999.9 -999.9 -999.9 -999.9 -999.9 -999.9 -999.9 -999.9 Brasil SGB/CPRM -999.9 0.0 0.0 2.18 2.32 2.18 -1 -0.02 2.77 3.57 3.57 3.57
-28.84888 -51.8325 86500000 2026-09-14_12:45 -999.9 -999.9 -999.9 -999.9 -999.9 -999.9 -999.9 -999.9 -999.9 -999.9 -999.9 -999.9 -999.9 -999.9 -999.9 -999.9 0.0 0.0 0.0 1.8 42.4 51.8 -999.9 -999.9 -999.9 -999.9 -999.9 SGB/CPRM_-_Passo_Carreiro_(259_m) -999.9 -999.9 -999.9 -999.9 -999.9 -999.9 -999.9 -999.9 Brasil SGB/CPRM -999.9 0.0 0.0 2.18 2.32 2.18 -1 -0.01 2.77 3.57 3.57 3.57
-28.84888 -51.8325 86500000 2026-09-14_13:00 -999.9 -999.9 -999.9 -999.9 -999.9 -999.9 -999.9 -999.9 -999.9 -999.9 -999.9 -999.9 -999.9 -999.9 -999.9 -999.9 0.0 0.0 0.0 1.8 42.4 51.8 -999.9 -999.9 -999.9 -999.9 -999.9 SGB/CPRM_-_Passo_Carreiro_(259_m) -999.9 -999.9 -999.9 -999.9 -999.9 -999.9 -999.9 -999.9 Brasil SGB/CPRM -999.9 0.0 0.0 2.18 2.32 2.18 0 0 2.77 3.57 3.57 3.57
-28.84888 -51.8325 86500000 2026-09-14_13:15 -999.9 -999.9 -999.9 -999.9 -999.9 -999.9 -999.9 -999.9 -999.9 -999.9 -999.9 -999.9 -999.9 -999.9 -999.9 -999.9 0.0 0.0 0.0 1.8 42.4 51.8 -999.9 -999.9 -999.9 -999.9 -999.9 SGB/CPRM_-_Passo_Carreiro_(259_m) -999.9 -999.9 -999.9 -999.9 -999.9 -999.9 -999.9 -999.9 Brasil SGB/CPRM -999.9 0.0 0.0 2.18 2.32 2.18 0 0 2.77 3.57 3.57 3.57
-28.84888 -51.8325 86500000 2026-09-14_13:30 -999.9 -999.9 -999.9 -999.9 -999.9 -999.9 -999.9 -999.9 -999.9 -999.9 -999.9 -999.9 -999.9 -999.9 -999.9 -999.9 0.0 0.0 0.0 1.8 42.4 51.8 -999.9 -999.9 -999.9 -999.9 -999.9 SGB/CPRM_-_Passo_Carreiro_(259_m) -999.9 -999.9 -999.9 -999.9 -999.9 -999.9 -999.9 -999.9 Brasil SGB/CPRM -999.9 0.0 0.0 2.18 2.32 2.18 0 0 2.77 3.57 3.57 3.57
-28.84888 -51.8325 86500000 2026-09-14_13:45 -999.9 -999.9 -999.9 -999.9 -999.9 -999.9 -999.9 -999.9 -999.9 -999.9 -999.9 -999.9 -999.9 -999.9 -999.9 -999.9 0.0 0.0 0.0 1.8 42.4 51.8 -999.9 -999.9 -999.9 -999.9 -999.9 SGB/CPRM_-_Passo_Carreiro_(259_m) -999.9 -999.9 -999.9 -999.9 -999.9 -999.9 -999.9 -999.9 Brasil SGB/CPRM -999.9 0.0 0.0 2.17 2.32 2.17 0 -0.01 2.77 3.57 3.57 3.57
-28.84888 -51.8325 86500000 2026-09-14_14:00 -999.9 -999.9 -999.9 -999.9 -999.9 -999.9 -999.9 -999.9 -999.9 -999.9 -999.9 -999.9 -999.9 -999.9 -999.9 -999.9 0.0 0.0 0.0 1.8 42.4 51.8 -999.9 -999.9 -999.9 -999.9 -999.9 SGB/CPRM_-_Passo_Carreiro_(259_m) -999.9 -999.9 -999.9 -999.9 -999.9 -999.9 -999.9 -999.9 Brasil SGB/CPRM -999.9 0.0 0.0 2.17 2.32 2.17 0 -0.01 2.77 3.57 3.57 3.57
-28.84888 -51.8325 86500000 2026-09-14_14:15 -999.9 -999.9 -999.9 -999.9 -999.9 -999.9 -999.9 -999.9 -999.9 -999.9 -999.9 -999.9 -999.9 -999.9 -999.9 -999.9 0.0 0.0 0.0 1.8 42.4 51.8 -999.9 -999.9 -999.9 -999.9 -999.9 SGB/CPRM_-_Passo_Carreiro_(259_m) -999.9 -999.9 -999.9 -999.9 -999.9 -999.9 -999.9 -999.9 Brasil SGB/CPRM -999.9 0.0 0.0 2.17 2.32 2.17 -1 -0.01 2.77 3.57 3.57 3.57
-28.84888 -51.8325 86500000 2026-09-14_14:30 -999.9 -999.9 -999.9 -999.9 -999.9 -999.9 -999.9 -999.9 -999.9 -999.9 -999.9 -999.9 -999.9 -999.9 -999.9 -999.9 0.0 0.0 0.0 1.8 42.4 51.8 -999.9 -999.9 -999.9 -999.9 -999.9 SGB/CPRM_-_Passo_Carreiro_(259_m) -999.9 -999.9 -999.9 -999.9 -999.9 -999.9 -999.9 -999.9 Brasil SGB/CPRM -999.9 0.0 0.0 2.15 2.32 2.15 -1 -0.03 2.77 3.57 3.57 3.57
-28.84888 -51.8325 86500000 2026-09-14_14:45 -999.9 -999.9 -999.9 -999.9 -999.9 -999.9 -999.9 -999.9 -999.9 -999.9 -999.9 -999.9 -999.9 -999.9 -999.9 -999.9 0.0 0.0 0.0 1.8 42.4 51.8 -999.9 -999.9 -999.9 -999.9 -999.9 SGB/CPRM_-_Passo_Carreiro_(259_m) -999.9 -999.9 -999.9 -999.9 -999.9 -999.9 -999.9 -999.9 Brasil SGB/CPRM -999.9 0.0 0.0 2.14 2.32 2.14 -1 -0.03 2.77 3.57 3.57 3.57
-28.84888 -51.8325 86500000 2026-09-14_15:00 -999.9 -999.9 -999.9 -999.9 -999.9 -999.9 -999.9 -999.9 -999.9 -999.9 -999.9 -999.9 -999.9 -999.9 -999.9 -999.9 0.0 0.0 0.0 1.8 42.4 51.8 -999.9 -999.9 -999.9 -999.9 -999.9 SGB/CPRM_-_Passo_Carreiro_(259_m) -999.9 -999.9 -999.9 -999.9 -999.9 -999.9 -999.9 -999.9 Brasil SGB/CPRM -999.9 0.0 0.0 2.14 2.32 2.14 -1 -0.03 2.77 3.57 3.57 3.57
-28.84888 -51.8325 86500000 2026-09-14_15:15 -999.9 -999.9 -999.9 -999.9 -999.9 -999.9 -999.9 -999.9 -999.9 -999.9 -999.9 -999.9 -999.9 -999.9 -999.9 -999.9 0.0 0.0 0.0 1.8 42.4 51.8 -999.9 -999.9 -999.9 -999.9 -999.9 SGB/CPRM_-_Passo_Carreiro_(259_m) -999.9 -999.9 -999.9 -999.9 -999.9 -999.9 -999.9 -999.9 Brasil SGB/CPRM -999.9 0.0 0.0 2.12 2.32 2.12 -1 -0.05 2.77 3.57 3.57 3.57
-28.84888 -51.8325 86500000 2026-09-14_15:30 -999.9 -999.9 -999.9 -999.9 -999.9 -999.9 -999.9 -999.9 -999.9 -999.9 -999.9 -999.9 -999.9 -999.9 -999.9 -999.9 0.0 0.0 0.0 1.8 42.4 51.8 -999.9 -999.9 -999.9 -999.9 -999.9 SGB/CPRM_-_Passo_Carreiro_(259_m) -999.9 -999.9 -999.9 -999.9 -999.9 -999.9 -999.9 -999.9 Brasil SGB/CPRM -999.9 0.0 0.0 2.12 2.32 2.12 -1 -0.03 2.77 3.57 3.57 3.57
-28.84888 -51.8325 86500000 2026-09-14_15:45 -999.9 -999.9 -999.9 -999.9 -999.9 -999.9 -999.9 -999.9 -999.9 -999.9 -999.9 -999.9 -999.9 -999.9 -999.9 -999.9 0.0 0.0 0.0 1.8 42.4 51.8 -999.9 -999.9 -999.9 -999.9 -999.9 SGB/CPRM_-_Passo_Carreiro_(259_m) -999.9 -999.9 -999.9 -999.9 -999.9 -999.9 -999.9 -999.9 Brasil SGB/CPRM -999.9 0.0 0.0 2.12 2.32 2.12 -1 -0.02 2.77 3.57 3.57 3.57
-28.84888 -51.8325 86500000 2026-09-14_16:00 -999.9 -999.9 -999.9 -999.9 -999.9 -999.9 -999.9 -999.9 -999.9 -999.9 -999.9 -999.9 -999.9 -999.9 -999.9 -999.9 0.0 0.0 0.0 1.8 42.4 51.8 -999.9 -999.9 -999.9 -999.9 -999.9 SGB/CPRM_-_Passo_Carreiro_(259_m) -999.9 -999.9 -999.9 -999.9 -999.9 -999.9 -999.9 -999.9 Brasil SGB/CPRM -999.9 0.0 0.0 2.11 2.32 2.11 -1 -0.03 2.77 3.57 3.57 3.57
-28.84888 -51.8325 86500000 2026-09-14_16:15 -999.9 -999.9 -999.9 -999.9 -999.9 -999.9 -999.9 -999.9 -999.9 -999.9 -999.9 -999.9 -999.9 -999.9 -999.9 -999.9 0.0 0.0 0.0 1.8 42.4 51.8 -999.9 -999.9 -999.9 -999.9 -999.9 SGB/CPRM_-_Passo_Carreiro_(259_m) -999.9 -999.9 -999.9 -999.9 -999.9 -999.9 -999.9 -999.9 Brasil SGB/CPRM -999.9 0.0 0.0 2.1 2.32 2.1 0 -0.02 2.77 3.57 3.57 3.57
-28.84888 -51.8325 86500000 2026-09-14_16:30 -999.9 -999.9 -999.9 -999.9 -999.9 -999.9 -999.9 -999.9 -999.9 -999.9 -999.9 -999.9 -999.9 -999.9 -999.9 -999.9 0.0 0.0 0.0 1.8 42.4 51.8 -999.9 -999.9 -999.9 -999.9 -999.9 SGB/CPRM_-_Passo_Carreiro_(259_m) -999.9 -999.9 -999.9 -999.9 -999.9 -999.9 -999.9 -999.9 Brasil SGB/CPRM -999.9 0.0 0.0 2.1 2.32 2.1 -1 -0.02 2.77 3.57 3.57 3.57
-28.84888 -51.8325 86500000 2026-09-14_16:45 -999.9 -999.9 -999.9 -999.9 -999.9 -999.9 -999.9 -999.9 -999.9 -999.9 -999.9 -999.9 -999.9 -999.9 -999.9 -999.9 0.0 0.0 0.0 1.8 42.4 51.8 -999.9 -999.9 -999.9 -999.9 -999.9 SGB/CPRM_-_Passo_Carreiro_(259_m) -999.9 -999.9 -999.9 -999.9 -999.9 -999.9 -999.9 -999.9 Brasil SGB/CPRM -999.9 0.0 0.0 2.1 2.32 2.1 -1 -0.02 2.77 3.57 3.57 3.57
-28.84888 -51.8325 86500000 2026-09-14_17:00 -999.9 -999.9 -999.9 -999.9 -999.9 -999.9 -999.9 -999.9 -999.9 -999.9 -999.9 -999.9 -999.9 -999.9 -999.9 -999.9 0.0 0.0 0.0 1.8 42.4 51.8 -999.9 -999.9 -999.9 -999.9 -999.9 SGB/CPRM_-_Passo_Carreiro_(259_m) -999.9 -999.9 -999.9 -999.9 -999.9 -999.9 -999.9 -999.9 Brasil SGB/CPRM -999.9 0.0 0.0 2.1 2.32 2.1 -1 -0.01 2.77 3.57 3.57 3.57
-28.84888 -51.8325 86500000 2026-09-14_17:15 -999.9 -999.9 -999.9 -999.9 -999.9 -999.9 -999.9 -999.9 -999.9 -999.9 -999.9 -999.9 -999.9 -999.9 -999.9 -999.9 0.0 0.0 0.0 1.8 42.4 51.8 -999.9 -999.9 -999.9 -999.9 -999.9 SGB/CPRM_-_Passo_Carreiro_(259_m) -999.9 -999.9 -999.9 -999.9 -999.9 -999.9 -999.9 -999.9 Brasil SGB/CPRM -999.9 0.0 0.0 2.09 2.32 2.09 0 -0.01 2.77 3.57 3.57 3.57
-28.84888 -51.8325 86500000 2026-09-14_17:30 -999.9 -999.9 -999.9 -999.9 -999.9 -999.9 -999.9 -999.9 -999.9 -999.9 -999.9 -999.9 -999.9 -999.9 -999.9 -999.9 0.0 0.0 0.0 1.8 42.4 51.8 -999.9 -999.9 -999.9 -999.9 -999.9 SGB/CPRM_-_Passo_Carreiro_(259_m) -999.9 -999.9 -999.9 -999.9 -999.9 -999.9 -999.9 -999.9 Brasil SGB/CPRM -999.9 0.0 0.0 2.09 2.32 2.09 0 -0.01 2.77 3.57 3.57 3.57
-28.84888 -51.8325 86500000 2026-09-14_17:45 -999.9 -999.9 -999.9 -999.9 -999.9 -999.9 -999.9 -999.9 -999.9 -999.9 -999.9 -999.9 -999.9 -999.9 -999.9 -999.9 0.0 0.0 0.0 1.8 42.4 51.8 -999.9 -999.9 -999.9 -999.9 -999.9 SGB/CPRM_-_Passo_Carreiro_(259_m) -999.9 -999.9 -999.9 -999.9 -999.9 -999.9 -999.9 -999.9 Brasil SGB/CPRM -999.9 0.0 0.0 2.09 2.32 2.09 -1 -0.01 2.77 3.57 3.57 3.57
-28.84888 -51.8325 86500000 2026-09-14_18:00 -999.9 -999.9 -999.9 -999.9 -999.9 -999.9 -999.9 -999.9 -999.9 -999.9 -999.9 -999.9 -999.9 -999.9 -999.9 -999.9 0.0 0.0 0.0 1.8 42.4 51.8 -999.9 -999.9 -999.9 -999.9 -999.9 SGB/CPRM_-_Passo_Carreiro_(259_m) -999.9 -999.9 -999.9 -999.9 -999.9 -999.9 -999.9 -999.9 Brasil SGB/CPRM -999.9 0.0 0.0 2.09 2.32 2.09 -1 -0.01 2.77 3.57 3.57 3.57
-28.84888 -51.8325 86500000 2026-09-14_18:15 -999.9 -999.9 -999.9 -999.9 -999.9 -999.9 -999.9 -999.9 -999.9 -999.9 -999.9 -999.9 -999.9 -999.9 -999.9 -999.9 0.0 0.0 0.0 1.8 42.4 51.8 -999.9 -999.9 -999.9 -999.9 -999.9 SGB/CPRM_-_Passo_Carreiro_(259_m) -999.9 -999.9 -999.9 -999.9 -999.9 -999.9 -999.9 -999.9 Brasil SGB/CPRM -999.9 0.0 0.0 2.09 2.32 2.09 0 0 2.77 3.57 3.57 3.57
-28.84888 -51.8325 86500000 2026-09-14_18:30 -999.9 -999.9 -999.9 -999.9 -999.9 -999.9 -999.9 -999.9 -999.9 -999.9 -999.9 -999.9 -999.9 -999.9 -999.9 -999.9 0.0 0.0 0.0 1.8 42.4 51.8 -999.9 -999.9 -999.9 -999.9 -999.9 SGB/CPRM_-_Passo_Carreiro_(259_m) -999.9 -999.9 -999.9 -999.9 -999.9 -999.9 -999.9 -999.9 Brasil SGB/CPRM -999.9 0.0 0.0 2.09 2.32 2.09 0 0 2.77 3.57 3.57 3.57
-28.84888 -51.8325 86500000 2026-09-14_18:45 -999.9 -999.9 -999.9 -999.9 -999.9 -999.9 -999.9 -999.9 -999.9 -999.9 -999.9 -999.9 -999.9 -999.9 -999.9 -999.9 0.0 0.0 0.0 1.8 42.4 51.8 -999.9 -999.9 -999.9 -999.9 -999.9 SGB/CPRM_-_Passo_Carreiro_(259_m) -999.9 -999.9 -999.9 -999.9 -999.9 -999.9 -999.9 -999.9 Brasil SGB/CPRM -999.9 0.0 0.0 2.09 2.32 2.09 0 0 2.77 3.57 3.57 3.57
-28.84888 -51.8325 86500000 2026-09-14_19:00 -999.9 -999.9 -999.9 -999.9 -999.9 -999.9 -999.9 -999.9 -999.9 -999.9 -999.9 -999.9 -999.9 -999.9 -999.9 -999.9 0.0 0.0 0.0 1.8 42.4 51.8 -999.9 -999.9 -999.9 -999.9 -999.9 SGB/CPRM_-_Passo_Carreiro_(259_m) -999.9 -999.9 -999.9 -999.9 -999.9 -999.9 -999.9 -999.9 Brasil SGB/CPRM -999.9 0.0 0.0 2.09 2.32 2.09 0 0 2.77 3.57 3.57 3.57
-28.84888 -51.8325 86500000 2026-09-14_19:15 -999.9 -999.9 -999.9 -999.9 -999.9 -999.9 -999.9 -999.9 -999.9 -999.9 -999.9 -999.9 -999.9 -999.9 -999.9 -999.9 0.0 0.0 0.0 1.8 42.4 51.8 -999.9 -999.9 -999.9 -999.9 -999.9 SGB/CPRM_-_Passo_Carreiro_(259_m) -999.9 -999.9 -999.9 -999.9 -999.9 -999.9 -999.9 -999.9 Brasil SGB/CPRM -999.9 0.0 0.0 2.08 2.32 2.08 0 -0.01 2.77 3.57 3.57 3.57
-28.84888 -51.8325 86500000 2026-09-14_19:30 -999.9 -999.9 -999.9 -999.9 -999.9 -999.9 -999.9 -999.9 -999.9 -999.9 -999.9 -999.9 -999.9 -999.9 -999.9 -999.9 0.0 0.0 0.0 1.8 42.4 51.8 -999.9 -999.9 -999.9 -999.9 -999.9 SGB/CPRM_-_Passo_Carreiro_(259_m) -999.9 -999.9 -999.9 -999.9 -999.9 -999.9 -999.9 -999.9 Brasil SGB/CPRM -999.9 0.0 0.0 2.09 2.32 2.08 0 0 2.77 3.57 3.57 3.57
-28.84888 -51.8325 86500000 2026-09-14_19:45 -999.9 -999.9 -999.9 -999.9 -999.9 -999.9 -999.9 -999.9 -999.9 -999.9 -999.9 -999.9 -999.9 -999.9 -999.9 -999.9 0.0 0.0 0.0 1.8 42.4 51.8 -999.9 -999.9 -999.9 -999.9 -999.9 SGB/CPRM_-_Passo_Carreiro_(259_m) -999.9 -999.9 -999.9 -999.9 -999.9 -999.9 -999.9 -999.9 Brasil SGB/CPRM -999.9 0.0 0.0 2.08 2.32 2.08 0 -0.01 2.77 3.57 3.57 3.57
-28.84888 -51.8325 86500000 2026-09-14_20:00 -999.9 -999.9 -999.9 -999.9 -999.9 -999.9 -999.9 -999.9 -999.9 -999.9 -999.9 -999.9 -999.9 -999.9 -999.9 -999.9 0.0 0.0 0.0 1.8 42.4 51.8 -999.9 -999.9 -999.9 -999.9 -999.9 SGB/CPRM_-_Passo_Carreiro_(259_m) -999.9 -999.9 -999.9 -999.9 -999.9 -999.9 -999.9 -999.9 Brasil SGB/CPRM -999.9 0.0 0.0 2.08 2.32 2.08 0 -0.01 2.77 3.57 3.57 3.57
-28.84888 -51.8325 86500000 2026-09-14_20:15 -999.9 -999.9 -999.9 -999.9 -999.9 -999.9 -999.9 -999.9 -999.9 -999.9 -999.9 -999.9 -999.9 -999.9 -999.9 -999.9 0.0 0.0 0.0 1.8 42.4 51.8 -999.9 -999.9 -999.9 -999.9 -999.9 SGB/CPRM_-_Passo_Carreiro_(259_m) -999.9 -999.9 -999.9 -999.9 -999.9 -999.9 -999.9 -999.9 Brasil SGB/CPRM -999.9 0.0 0.0 2.09 2.32 2.08 0 0.01 2.77 3.57 3.57 3.57
-28.84888 -51.8325 86500000 2026-09-14_20:30 -999.9 -999.9 -999.9 -999.9 -999.9 -999.9 -999.9 -999.9 -999.9 -999.9 -999.9 -999.9 -999.9 -999.9 -999.9 -999.9 0.0 0.0 0.0 1.8 42.4 51.8 -999.9 -999.9 -999.9 -999.9 -999.9 SGB/CPRM_-_Passo_Carreiro_(259_m) -999.9 -999.9 -999.9 -999.9 -999.9 -999.9 -999.9 -999.9 Brasil SGB/CPRM -999.9 0.0 0.0 2.09 2.32 2.08 0 0 2.77 3.57 3.57 3.57
-28.84888 -51.8325 86500000 2026-09-14_20:45 -999.9 -999.9 -999.9 -999.9 -999.9 -999.9 -999.9 -999.9 -999.9 -999.9 -999.9 -999.9 -999.9 -999.9 -999.9 -999.9 0.0 0.0 0.0 1.8 42.4 51.8 -999.9 -999.9 -999.9 -999.9 -999.9 SGB/CPRM_-_Passo_Carreiro_(259_m) -999.9 -999.9 -999.9 -999.9 -999.9 -999.9 -999.9 -999.9 Brasil SGB/CPRM -999.9 0.0 0.0 2.09 2.32 2.08 1 0.01 2.77 3.57 3.57 3.57
-28.84888 -51.8325 86500000 2026-09-14_21:00 -999.9 -999.9 -999.9 -999.9 -999.9 -999.9 -999.9 -999.9 -999.9 -999.9 -999.9 -999.9 -999.9 -999.9 -999.9 -999.9 0.0 0.0 0.0 1.8 42.4 51.8 -999.9 -999.9 -999.9 -999.9 -999.9 SGB/CPRM_-_Passo_Carreiro_(259_m) -999.9 -999.9 -999.9 -999.9 -999.9 -999.9 -999.9 -999.9 Brasil SGB/CPRM -999.9 0.0 0.0 2.09 2.32 2.08 1 0.01 2.77 3.57 3.57 3.57
-28.84888 -51.8325 86500000 2026-09-14_21:15 -999.9 -999.9 -999.9 -999.9 -999.9 -999.9 -999.9 -999.9 -999.9 -999.9 -999.9 -999.9 -999.9 -999.9 -999.9 -999.9 0.0 0.0 0.0 1.8 42.4 51.8 -999.9 -999.9 -999.9 -999.9 -999.9 SGB/CPRM_-_Passo_Carreiro_(259_m) -999.9 -999.9 -999.9 -999.9 -999.9 -999.9 -999.9 -999.9 Brasil SGB/CPRM -999.9 0.0 0.0 2.08 2.32 2.08 0 -0.01 2.77 3.57 3.57 3.57
-28.84888 -51.8325 86500000 2026-09-14_21:30 -999.9 -999.9 -999.9 -999.9 -999.9 -999.9 -999.9 -999.9 -999.9 -999.9 -999.9 -999.9 -999.9 -999.9 -999.9 -999.9 0.0 0.0 0.0 1.8 42.4 51.8 -999.9 -999.9 -999.9 -999.9 -999.9 SGB/CPRM_-_Passo_Carreiro_(259_m) -999.9 -999.9 -999.9 -999.9 -999.9 -999.9 -999.9 -999.9 Brasil SGB/CPRM -999.9 0.0 0.0 2.08 2.32 2.08 0 -0.01 2.77 3.57 3.57 3.57
-28.84888 -51.8325 86500000 2026-09-14_21:45 -999.9 -999.9 -999.9 -999.9 -999.9 -999.9 -999.9 -999.9 -999.9 -999.9 -999.9 -999.9 -999.9 -999.9 -999.9 -999.9 0.0 0.0 0.0 1.8 42.4 51.8 -999.9 -999.9 -999.9 -999.9 -999.9 SGB/CPRM_-_Passo_Carreiro_(259_m) -999.9 -999.9 -999.9 -999.9 -999.9 -999.9 -999.9 -999.9 Brasil SGB/CPRM -999.9 0.0 0.0 2.08 2.32 2.08 -1 -0.01 2.77 3.57 3.57 3.57
-28.84888 -51.8325 86500000 2026-09-14_22:00 -999.9 -999.9 -999.9 -999.9 -999.9 -999.9 -999.9 -999.9 -999.9 -999.9 -999.9 -999.9 -999.9 -999.9 -999.9 -999.9 0.0 0.0 0.0 1.8 42.4 51.8 -999.9 -999.9 -999.9 -999.9 -999.9 SGB/CPRM_-_Passo_Carreiro_(259_m) -999.9 -999.9 -999.9 -999.9 -999.9 -999.9 -999.9 -999.9 Brasil SGB/CPRM -999.9 0.0 0.0 2.08 2.32 2.08 -1 -0.01 2.77 3.57 3.57 3.57
-28.84888 -51.8325 86500000 2026-09-14_22:15 -999.9 -999.9 -999.9 -999.9 -999.9 -999.9 -999.9 -999.9 -999.9 -999.9 -999.9 -999.9 -999.9 -999.9 -999.9 -999.9 0.0 0.0 0.0 1.8 42.4 51.8 -999.9 -999.9 -999.9 -999.9 -999.9 SGB/CPRM_-_Passo_Carreiro_(259_m) -999.9 -999.9 -999.9 -999.9 -999.9 -999.9 -999.9 -999.9 Brasil SGB/CPRM -999.9 0.0 0.0 2.08 2.32 2.08 0 0 2.77 3.57 3.57 3.57
-28.84888 -51.8325 86500000 2026-09-14_22:30 -999.9 -999.9 -999.9 -999.9 -999.9 -999.9 -999.9 -999.9 -999.9 -999.9 -999.9 -999.9 -999.9 -999.9 -999.9 -999.9 0.0 0.0 0.0 1.8 42.4 51.8 -999.9 -999.9 -999.9 -999.9 -999.9 SGB/CPRM_-_Passo_Carreiro_(259_m) -999.9 -999.9 -999.9 -999.9 -999.9 -999.9 -999.9 -999.9 Brasil SGB/CPRM -999.9 0.0 0.0 2.09 2.32 2.08 0 0.01 2.77 3.57 3.57 3.57
-28.84888 -51.8325 86500000 2026-09-14_22:45 -999.9 -999.9 -999.9 -999.9 -999.9 -999.9 -999.9 -999.9 -999.9 -999.9 -999.9 -999.9 -999.9 -999.9 -999.9 -999.9 0.0 0.0 0.0 1.8 42.4 51.8 -999.9 -999.9 -999.9 -999.9 -999.9 SGB/CPRM_-_Passo_Carreiro_(259_m) -999.9 -999.9 -999.9 -999.9 -999.9 -999.9 -999.9 -999.9 Brasil SGB/CPRM -999.9 0.0 0.0 2.08 2.32 2.08 0 0 2.77 3.57 3.57 3.57
-28.84888 -51.8325 86500000 2026-09-14_23:00 -999.9 -999.9 -999.9 -999.9 -999.9 -999.9 -999.9 -999.9 -999.9 -999.9 -999.9 -999.9 -999.9 -999.9 -999.9 -999.9 0.0 0.0 0.0 1.8 42.4 51.8 -999.9 -999.9 -999.9 -999.9 -999.9 SGB/CPRM_-_Passo_Carreiro_(259_m) -999.9 -999.9 -999.9 -999.9 -999.9 -999.9 -999.9 -999.9 Brasil SGB/CPRM -999.9 0.0 0.0 2.08 2.32 2.08 0 0 2.77 3.57 3.57 3.57
-28.84888 -51.8325 86500000 2026-09-14_23:15 -999.9 -999.9 -999.9 -999.9 -999.9 -999.9 -999.9 -999.9 -999.9 -999.9 -999.9 -999.9 -999.9 -999.9 -999.9 -999.9 0.0 0.0 0.0 1.8 42.4 51.8 -999.9 -999.9 -999.9 -999.9 -999.9 SGB/CPRM_-_Passo_Carreiro_(259_m) -999.9 -999.9 -999.9 -999.9 -999.9 -999.9 -999.9 -999.9 Brasil SGB/CPRM -999.9 0.0 0.0 2.08 2.32 2.08 0 0 2.77 3.57 3.57 3.57
-28.84888 -51.8325 86500000 2026-09-14_23:30 -999.9 -999.9 -999.9 -999.9 -999.9 -999.9 -999.9 -999.9 -999.9 -999.9 -999.9 -999.9 -999.9 -999.9 -999.9 -999.9 0.0 0.0 0.0 1.8 42.4 51.8 -999.9 -999.9 -999.9 -999.9 -999.9 SGB/CPRM_-_Passo_Carreiro_(259_m) -999.9 -999.9 -999.9 -999.9 -999.9 -999.9 -999.9 -999.9 Brasil SGB/CPRM -999.9 0.0 0.0 2.08 2.32 2.08 -1 -0.01 2.77 3.57 3.57 3.57
-28.84888 -51.8325 86500000 2026-09-14_23:45 -999.9 -999.9 -999.9 -999.9 -999.9 -999.9 -999.9 -999.9 -999.9 -999.9 -999.9 -999.9 -999.9 -999.9 -999.9 -999.9 0.0 0.0 0.0 1.8 42.4 51.8 -999.9 -999.9 -999.9 -999.9 -999.9 SGB/CPRM_-_Passo_Carreiro_(259_m) -999.9 -999.9 -999.9 -999.9 -999.9 -999.9 -999.9 -999.9 Brasil SGB/CPRM -999.9 0.0 0.0 2.08 2.32 2.08 0 0 2.77 3.57 3.57 3.57
