-29.12422 -51.76907 17719 2026-08-15_00:10 -999.9 -999.9 -999.9 -999.9 -999.9 -999.9 -999.9 -999.9 -999.9 -999.9 -999.9 -999.9 -999.9 -999.9 -999.9 -999.9 -999.9 0.0 24.2 90.8 94.0 158.0 -999.9 -999.9 -999.9 -999.9 -999.9 CEMADEN_-_Muçum_-_G2-431260901A_(517_m) -999.9 -999.9 -999.9 -999.9 -999.9 -999.9 -999.9 -999.9 Rio_Grande_do_Sul CEMADEN -999.9 0.0 -999.9
-29.12422 -51.76907 17719 2026-08-15_01:10 -999.9 -999.9 -999.9 -999.9 -999.9 -999.9 -999.9 -999.9 -999.9 -999.9 -999.9 -999.9 -999.9 -999.9 -999.9 -999.9 -999.9 0.0 24.2 90.8 94.0 158.0 -999.9 -999.9 -999.9 -999.9 -999.9 CEMADEN_-_Muçum_-_G2-431260901A_(517_m) -999.9 -999.9 -999.9 -999.9 -999.9 -999.9 -999.9 -999.9 Rio_Grande_do_Sul CEMADEN -999.9 0.0 -999.9
-29.12422 -51.76907 17719 2026-08-15_02:10 -999.9 -999.9 -999.9 -999.9 -999.9 -999.9 -999.9 -999.9 -999.9 -999.9 -999.9 -999.9 -999.9 -999.9 -999.9 -999.9 -999.9 0.0 18.2 88.8 94.0 158.0 -999.9 -999.9 -999.9 -999.9 -999.9 CEMADEN_-_Muçum_-_G2-431260901A_(517_m) -999.9 -999.9 -999.9 -999.9 -999.9 -999.9 -999.9 -999.9 Rio_Grande_do_Sul CEMADEN -999.9 0.0 -999.9
-29.12422 -51.76907 17719 2026-08-15_03:10 -999.9 -999.9 -999.9 -999.9 -999.9 -999.9 -999.9 -999.9 -999.9 -999.9 -999.9 -999.9 -999.9 -999.9 -999.9 -999.9 -999.9 0.0 16.2 83.6 94.0 158.0 -999.9 -999.9 -999.9 -999.9 -999.9 CEMADEN_-_Muçum_-_G2-431260901A_(517_m) -999.9 -999.9 -999.9 -999.9 -999.9 -999.9 -999.9 -999.9 Rio_Grande_do_Sul CEMADEN -999.9 0.0 -999.9
-29.12422 -51.76907 17719 2026-08-15_05:10 -999.9 -999.9 -999.9 -999.9 -999.9 -999.9 -999.9 -999.9 -999.9 -999.9 -999.9 -999.9 -999.9 -999.9 -999.9 -999.9 -999.9 0.0 16.0 80.4 94.0 158.0 -999.9 -999.9 -999.9 -999.9 -999.9 CEMADEN_-_Muçum_-_G2-431260901A_(517_m) -999.9 -999.9 -999.9 -999.9 -999.9 -999.9 -999.9 -999.9 Rio_Grande_do_Sul CEMADEN -999.9 0.0 -999.9
-29.12422 -51.76907 17719 2026-08-15_06:10 -999.9 -999.9 -999.9 -999.9 -999.9 -999.9 -999.9 -999.9 -999.9 -999.9 -999.9 -999.9 -999.9 -999.9 -999.9 -999.9 -999.9 0.0 16.0 70.4 94.0 158.0 -999.9 -999.9 -999.9 -999.9 -999.9 CEMADEN_-_Muçum_-_G2-431260901A_(517_m) -999.9 -999.9 -999.9 -999.9 -999.9 -999.9 -999.9 -999.9 Rio_Grande_do_Sul CEMADEN -999.9 0.0 -999.9
-29.12422 -51.76907 17719 2026-08-15_07:10 -999.9 -999.9 -999.9 -999.9 -999.9 -999.9 -999.9 -999.9 -999.9 -999.9 -999.9 -999.9 -999.9 -999.9 -999.9 -999.9 -999.9 0.0 6.2 66.0 94.0 158.0 -999.9 -999.9 -999.9 -999.9 -999.9 CEMADEN_-_Muçum_-_G2-431260901A_(517_m) -999.9 -999.9 -999.9 -999.9 -999.9 -999.9 -999.9 -999.9 Rio_Grande_do_Sul CEMADEN -999.9 0.0 -999.9
-29.12422 -51.76907 17719 2026-08-15_08:10 -999.9 -999.9 -999.9 -999.9 -999.9 -999.9 -999.9 -999.9 -999.9 -999.9 -999.9 -999.9 -999.9 -999.9 -999.9 -999.9 -999.9 0.0 6.2 59.6 94.0 158.0 -999.9 -999.9 -999.9 -999.9 -999.9 CEMADEN_-_Muçum_-_G2-431260901A_(517_m) -999.9 -999.9 -999.9 -999.9 -999.9 -999.9 -999.9 -999.9 Rio_Grande_do_Sul CEMADEN -999.9 0.0 -999.9
-29.12422 -51.76907 17719 2026-08-15_09:10 -999.9 -999.9 -999.9 -999.9 -999.9 -999.9 -999.9 -999.9 -999.9 -999.9 -999.9 -999.9 -999.9 -999.9 -999.9 -999.9 -999.9 0.0 0.6 54.6 94.0 158.0 -999.9 -999.9 -999.9 -999.9 -999.9 CEMADEN_-_Muçum_-_G2-431260901A_(517_m) -999.9 -999.9 -999.9 -999.9 -999.9 -999.9 -999.9 -999.9 Rio_Grande_do_Sul CEMADEN -999.9 0.0 -999.9
-29.12422 -51.76907 17719 2026-08-15_10:10 -999.9 -999.9 -999.9 -999.9 -999.9 -999.9 -999.9 -999.9 -999.9 -999.9 -999.9 -999.9 -999.9 -999.9 -999.9 -999.9 -999.9 0.0 0.6 52.8 94.0 158.0 -999.9 -999.9 -999.9 -999.9 -999.9 CEMADEN_-_Muçum_-_G2-431260901A_(517_m) -999.9 -999.9 -999.9 -999.9 -999.9 -999.9 -999.9 -999.9 Rio_Grande_do_Sul CEMADEN -999.9 0.0 -999.9
-29.12422 -51.76907 17719 2026-08-15_11:10 -999.9 -999.9 -999.9 -999.9 -999.9 -999.9 -999.9 -999.9 -999.9 -999.9 -999.9 -999.9 -999.9 -999.9 -999.9 -999.9 -999.9 0.0 0.6 49.0 94.0 158.0 -999.9 -999.9 -999.9 -999.9 -999.9 CEMADEN_-_Muçum_-_G2-431260901A_(517_m) -999.9 -999.9 -999.9 -999.9 -999.9 -999.9 -999.9 -999.9 Rio_Grande_do_Sul CEMADEN -999.9 0.0 -999.9
-29.12422 -51.76907 17719 2026-08-15_12:10 -999.9 -999.9 -999.9 -999.9 -999.9 -999.9 -999.9 -999.9 -999.9 -999.9 -999.9 -999.9 -999.9 -999.9 -999.9 -999.9 -999.9 0.0 0.6 44.2 94.0 158.0 -999.9 -999.9 -999.9 -999.9 -999.9 CEMADEN_-_Muçum_-_G2-431260901A_(517_m) -999.9 -999.9 -999.9 -999.9 -999.9 -999.9 -999.9 -999.9 Rio_Grande_do_Sul CEMADEN -999.9 0.0 -999.9
-29.12422 -51.76907 17719 2026-08-15_13:10 -999.9 -999.9 -999.9 -999.9 -999.9 -999.9 -999.9 -999.9 -999.9 -999.9 -999.9 -999.9 -999.9 -999.9 -999.9 -999.9 -999.9 0.0 0.6 43.0 94.0 158.0 -999.9 -999.9 -999.9 -999.9 -999.9 CEMADEN_-_Muçum_-_G2-431260901A_(517_m) -999.9 -999.9 -999.9 -999.9 -999.9 -999.9 -999.9 -999.9 Rio_Grande_do_Sul CEMADEN -999.9 0.0 -999.9
-29.12422 -51.76907 17719 2026-08-15_14:10 -999.9 -999.9 -999.9 -999.9 -999.9 -999.9 -999.9 -999.9 -999.9 -999.9 -999.9 -999.9 -999.9 -999.9 -999.9 -999.9 -999.9 0.0 0.6 42.8 94.0 158.0 -999.9 -999.9 -999.9 -999.9 -999.9 CEMADEN_-_Muçum_-_G2-431260901A_(517_m) -999.9 -999.9 -999.9 -999.9 -999.9 -999.9 -999.9 -999.9 Rio_Grande_do_Sul CEMADEN -999.9 0.0 -999.9
-29.12422 -51.76907 17719 2026-08-15_15:10 -999.9 -999.9 -999.9 -999.9 -999.9 -999.9 -999.9 -999.9 -999.9 -999.9 -999.9 -999.9 -999.9 -999.9 -999.9 -999.9 -999.9 0.0 0.6 40.8 94.0 158.0 -999.9 -999.9 -999.9 -999.9 -999.9 CEMADEN_-_Muçum_-_G2-431260901A_(517_m) -999.9 -999.9 -999.9 -999.9 -999.9 -999.9 -999.9 -999.9 Rio_Grande_do_Sul CEMADEN -999.9 0.0 -999.9
-29.12422 -51.76907 17719 2026-08-15_16:10 -999.9 -999.9 -999.9 -999.9 -999.9 -999.9 -999.9 -999.9 -999.9 -999.9 -999.9 -999.9 -999.9 -999.9 -999.9 -999.9 -999.9 0.0 0.6 40.6 94.0 158.0 -999.9 -999.9 -999.9 -999.9 -999.9 CEMADEN_-_Muçum_-_G2-431260901A_(517_m) -999.9 -999.9 -999.9 -999.9 -999.9 -999.9 -999.9 -999.9 Rio_Grande_do_Sul CEMADEN -999.9 0.0 -999.9
-29.12422 -51.76907 17719 2026-08-15_17:10 -999.9 -999.9 -999.9 -999.9 -999.9 -999.9 -999.9 -999.9 -999.9 -999.9 -999.9 -999.9 -999.9 -999.9 -999.9 -999.9 -999.9 0.0 0.6 40.6 94.0 158.0 -999.9 -999.9 -999.9 -999.9 -999.9 CEMADEN_-_Muçum_-_G2-431260901A_(517_m) -999.9 -999.9 -999.9 -999.9 -999.9 -999.9 -999.9 -999.9 Rio_Grande_do_Sul CEMADEN -999.9 0.0 -999.9
-29.12422 -51.76907 17719 2026-08-15_18:10 -999.9 -999.9 -999.9 -999.9 -999.9 -999.9 -999.9 -999.9 -999.9 -999.9 -999.9 -999.9 -999.9 -999.9 -999.9 -999.9 -999.9 0.0 0.6 40.6 94.0 158.0 -999.9 -999.9 -999.9 -999.9 -999.9 CEMADEN_-_Muçum_-_G2-431260901A_(517_m) -999.9 -999.9 -999.9 -999.9 -999.9 -999.9 -999.9 -999.9 Rio_Grande_do_Sul CEMADEN -999.9 0.0 -999.9
-29.12422 -51.76907 17719 2026-08-15_19:10 -999.9 -999.9 -999.9 -999.9 -999.9 -999.9 -999.9 -999.9 -999.9 -999.9 -999.9 -999.9 -999.9 -999.9 -999.9 -999.9 -999.9 -3.0 0.4 40.4 91.0 155.0 -999.9 -999.9 -999.9 -999.9 -999.9 CEMADEN_-_Muçum_-_G2-431260901A_(517_m) -999.9 -999.9 -999.9 -999.9 -999.9 -999.9 -999.9 -999.9 Rio_Grande_do_Sul CEMADEN -999.9 -3.0 -999.9
-29.12422 -51.76907 17719 2026-08-15_20:10 -999.9 -999.9 -999.9 -999.9 -999.9 -999.9 -999.9 -999.9 -999.9 -999.9 -999.9 -999.9 -999.9 -999.9 -999.9 -999.9 -999.9 -3.2 0.4 40.4 90.8 154.8 -999.9 -999.9 -999.9 -999.9 -999.9 CEMADEN_-_Muçum_-_G2-431260901A_(517_m) -999.9 -999.9 -999.9 -999.9 -999.9 -999.9 -999.9 -999.9 Rio_Grande_do_Sul CEMADEN -999.9 -0.2 -999.9
-29.12422 -51.76907 17719 2026-08-15_21:10 -999.9 -999.9 -999.9 -999.9 -999.9 -999.9 -999.9 -999.9 -999.9 -999.9 -999.9 -999.9 -999.9 -999.9 -999.9 -999.9 -999.9 -3.2 0.4 40.4 90.8 154.8 -999.9 -999.9 -999.9 -999.9 -999.9 CEMADEN_-_Muçum_-_G2-431260901A_(517_m) -999.9 -999.9 -999.9 -999.9 -999.9 -999.9 -999.9 -999.9 Rio_Grande_do_Sul CEMADEN -999.9 0.0 -999.9
-29.12422 -51.76907 17719 2026-08-15_22:10 -999.9 -999.9 -999.9 -999.9 -999.9 -999.9 -999.9 -999.9 -999.9 -999.9 -999.9 -999.9 -999.9 -999.9 -999.9 -999.9 -999.9 -3.2 0.2 30.2 90.8 154.8 -999.9 -999.9 -999.9 -999.9 -999.9 CEMADEN_-_Muçum_-_G2-431260901A_(517_m) -999.9 -999.9 -999.9 -999.9 -999.9 -999.9 -999.9 -999.9 Rio_Grande_do_Sul CEMADEN -999.9 0.0 -999.9
-29.12422 -51.76907 17719 2026-08-15_23:10 -999.9 -999.9 -999.9 -999.9 -999.9 -999.9 -999.9 -999.9 -999.9 -999.9 -999.9 -999.9 -999.9 -999.9 -999.9 -999.9 3.8 0.6 4.0 34.0 94.6 158.6 -999.9 -999.9 -999.9 -999.9 -999.9 CEMADEN_-_Muçum_-_G2-431260901A_(517_m) -999.9 -999.9 -999.9 -999.9 -999.9 -999.9 -999.9 -999.9 Rio_Grande_do_Sul CEMADEN -999.9 3.8 -999.9
-29.12422 -51.76907 17719 2026-08-15_23:20 -999.9 -999.9 -999.9 -999.9 -999.9 -999.9 -999.9 -999.9 -999.9 -999.9 -999.9 -999.9 -999.9 -999.9 -999.9 -999.9 4.6 1.4 4.8 34.6 95.4 159.4 -999.9 -999.9 -999.9 -999.9 -999.9 CEMADEN_-_Muçum_-_G2-431260901A_(517_m) -999.9 -999.9 -999.9 -999.9 -999.9 -999.9 -999.9 -999.9 Rio_Grande_do_Sul CEMADEN -999.9 0.8 -999.9
