-28.71893 -51.70357 17825 2026-08-06_00:10 -999.9 -999.9 -999.9 -999.9 -999.9 -999.9 -999.9 -999.9 -999.9 -999.9 -999.9 -999.9 -999.9 -999.9 -999.9 -999.9 -999.9 0.0 0.4 0.4 0.4 -999.9 -999.9 -999.9 -999.9 -999.9 -999.9 CEMADEN_-_Nova_Bassano_-_G2-431290602A_(621_m) -999.9 -999.9 -999.9 -999.9 -999.9 -999.9 -999.9 -999.9 Rio_Grande_do_Sul CEMADEN -999.9 0.0 -999.9
-28.71893 -51.70357 17825 2026-08-06_01:10 -999.9 -999.9 -999.9 -999.9 -999.9 -999.9 -999.9 -999.9 -999.9 -999.9 -999.9 -999.9 -999.9 -999.9 -999.9 -999.9 -999.9 0.0 0.4 0.4 0.4 -999.9 -999.9 -999.9 -999.9 -999.9 -999.9 CEMADEN_-_Nova_Bassano_-_G2-431290602A_(621_m) -999.9 -999.9 -999.9 -999.9 -999.9 -999.9 -999.9 -999.9 Rio_Grande_do_Sul CEMADEN -999.9 0.0 -999.9
-28.71893 -51.70357 17825 2026-08-06_02:10 -999.9 -999.9 -999.9 -999.9 -999.9 -999.9 -999.9 -999.9 -999.9 -999.9 -999.9 -999.9 -999.9 -999.9 -999.9 -999.9 -999.9 0.0 0.4 0.4 0.4 -999.9 -999.9 -999.9 -999.9 -999.9 -999.9 CEMADEN_-_Nova_Bassano_-_G2-431290602A_(621_m) -999.9 -999.9 -999.9 -999.9 -999.9 -999.9 -999.9 -999.9 Rio_Grande_do_Sul CEMADEN -999.9 0.0 -999.9
-28.71893 -51.70357 17825 2026-08-06_03:10 -999.9 -999.9 -999.9 -999.9 -999.9 -999.9 -999.9 -999.9 -999.9 -999.9 -999.9 -999.9 -999.9 -999.9 -999.9 -999.9 -999.9 0.0 0.4 0.4 0.4 -999.9 -999.9 -999.9 -999.9 -999.9 -999.9 CEMADEN_-_Nova_Bassano_-_G2-431290602A_(621_m) -999.9 -999.9 -999.9 -999.9 -999.9 -999.9 -999.9 -999.9 Rio_Grande_do_Sul CEMADEN -999.9 0.0 -999.9
-28.71893 -51.70357 17825 2026-08-06_04:10 -999.9 -999.9 -999.9 -999.9 -999.9 -999.9 -999.9 -999.9 -999.9 -999.9 -999.9 -999.9 -999.9 -999.9 -999.9 -999.9 -999.9 0.0 0.4 0.4 0.4 -999.9 -999.9 -999.9 -999.9 -999.9 -999.9 CEMADEN_-_Nova_Bassano_-_G2-431290602A_(621_m) -999.9 -999.9 -999.9 -999.9 -999.9 -999.9 -999.9 -999.9 Rio_Grande_do_Sul CEMADEN -999.9 0.0 -999.9
-28.71893 -51.70357 17825 2026-08-06_05:10 -999.9 -999.9 -999.9 -999.9 -999.9 -999.9 -999.9 -999.9 -999.9 -999.9 -999.9 -999.9 -999.9 -999.9 -999.9 -999.9 -999.9 0.0 0.4 0.4 0.4 -999.9 -999.9 -999.9 -999.9 -999.9 -999.9 CEMADEN_-_Nova_Bassano_-_G2-431290602A_(621_m) -999.9 -999.9 -999.9 -999.9 -999.9 -999.9 -999.9 -999.9 Rio_Grande_do_Sul CEMADEN -999.9 0.0 -999.9
-28.71893 -51.70357 17825 2026-08-06_06:10 -999.9 -999.9 -999.9 -999.9 -999.9 -999.9 -999.9 -999.9 -999.9 -999.9 -999.9 -999.9 -999.9 -999.9 -999.9 -999.9 -999.9 0.0 0.4 0.4 0.4 -999.9 -999.9 -999.9 -999.9 -999.9 -999.9 CEMADEN_-_Nova_Bassano_-_G2-431290602A_(621_m) -999.9 -999.9 -999.9 -999.9 -999.9 -999.9 -999.9 -999.9 Rio_Grande_do_Sul CEMADEN -999.9 0.0 -999.9
-28.71893 -51.70357 17825 2026-08-06_07:10 -999.9 -999.9 -999.9 -999.9 -999.9 -999.9 -999.9 -999.9 -999.9 -999.9 -999.9 -999.9 -999.9 -999.9 -999.9 -999.9 -999.9 0.0 0.4 0.4 0.4 -999.9 -999.9 -999.9 -999.9 -999.9 -999.9 CEMADEN_-_Nova_Bassano_-_G2-431290602A_(621_m) -999.9 -999.9 -999.9 -999.9 -999.9 -999.9 -999.9 -999.9 Rio_Grande_do_Sul CEMADEN -999.9 0.0 -999.9
-28.71893 -51.70357 17825 2026-08-06_08:10 -999.9 -999.9 -999.9 -999.9 -999.9 -999.9 -999.9 -999.9 -999.9 -999.9 -999.9 -999.9 -999.9 -999.9 -999.9 -999.9 -999.9 0.0 0.2 0.4 0.4 -999.9 -999.9 -999.9 -999.9 -999.9 -999.9 CEMADEN_-_Nova_Bassano_-_G2-431290602A_(621_m) -999.9 -999.9 -999.9 -999.9 -999.9 -999.9 -999.9 -999.9 Rio_Grande_do_Sul CEMADEN -999.9 0.0 -999.9
-28.71893 -51.70357 17825 2026-08-06_09:10 -999.9 -999.9 -999.9 -999.9 -999.9 -999.9 -999.9 -999.9 -999.9 -999.9 -999.9 -999.9 -999.9 -999.9 -999.9 -999.9 -999.9 0.0 0.2 0.4 0.4 -999.9 -999.9 -999.9 -999.9 -999.9 -999.9 CEMADEN_-_Nova_Bassano_-_G2-431290602A_(621_m) -999.9 -999.9 -999.9 -999.9 -999.9 -999.9 -999.9 -999.9 Rio_Grande_do_Sul CEMADEN -999.9 0.0 -999.9
-28.71893 -51.70357 17825 2026-08-06_10:10 -999.9 -999.9 -999.9 -999.9 -999.9 -999.9 -999.9 -999.9 -999.9 -999.9 -999.9 -999.9 -999.9 -999.9 -999.9 -999.9 -999.9 0.0 0.2 0.4 0.4 -999.9 -999.9 -999.9 -999.9 -999.9 -999.9 CEMADEN_-_Nova_Bassano_-_G2-431290602A_(621_m) -999.9 -999.9 -999.9 -999.9 -999.9 -999.9 -999.9 -999.9 Rio_Grande_do_Sul CEMADEN -999.9 0.0 -999.9
-28.71893 -51.70357 17825 2026-08-06_11:10 -999.9 -999.9 -999.9 -999.9 -999.9 -999.9 -999.9 -999.9 -999.9 -999.9 -999.9 -999.9 -999.9 -999.9 -999.9 -999.9 -999.9 0.0 0.2 0.4 0.4 -999.9 -999.9 -999.9 -999.9 -999.9 -999.9 CEMADEN_-_Nova_Bassano_-_G2-431290602A_(621_m) -999.9 -999.9 -999.9 -999.9 -999.9 -999.9 -999.9 -999.9 Rio_Grande_do_Sul CEMADEN -999.9 0.0 -999.9
-28.71893 -51.70357 17825 2026-08-06_12:10 -999.9 -999.9 -999.9 -999.9 -999.9 -999.9 -999.9 -999.9 -999.9 -999.9 -999.9 -999.9 -999.9 -999.9 -999.9 -999.9 0.8 0.8 1.0 1.2 1.2 -999.9 -999.9 -999.9 -999.9 -999.9 -999.9 CEMADEN_-_Nova_Bassano_-_G2-431290602A_(621_m) -999.9 -999.9 -999.9 -999.9 -999.9 -999.9 -999.9 -999.9 Rio_Grande_do_Sul CEMADEN -999.9 0.8 -999.9
-28.71893 -51.70357 17825 2026-08-06_12:30 -999.9 -999.9 -999.9 -999.9 -999.9 -999.9 -999.9 -999.9 -999.9 -999.9 -999.9 -999.9 -999.9 -999.9 -999.9 -999.9 6.8 6.8 7.0 7.2 7.2 -999.9 -999.9 -999.9 -999.9 -999.9 -999.9 CEMADEN_-_Nova_Bassano_-_G2-431290602A_(621_m) -999.9 -999.9 -999.9 -999.9 -999.9 -999.9 -999.9 -999.9 Rio_Grande_do_Sul CEMADEN -999.9 6.0 -999.9
-28.71893 -51.70357 17825 2026-08-06_12:50 -999.9 -999.9 -999.9 -999.9 -999.9 -999.9 -999.9 -999.9 -999.9 -999.9 -999.9 -999.9 -999.9 -999.9 -999.9 -999.9 7.0 7.0 7.2 7.4 7.4 -999.9 -999.9 -999.9 -999.9 -999.9 -999.9 CEMADEN_-_Nova_Bassano_-_G2-431290602A_(621_m) -999.9 -999.9 -999.9 -999.9 -999.9 -999.9 -999.9 -999.9 Rio_Grande_do_Sul CEMADEN -999.9 0.2 -999.9
-28.71893 -51.70357 17825 2026-08-06_13:00 -999.9 -999.9 -999.9 -999.9 -999.9 -999.9 -999.9 -999.9 -999.9 -999.9 -999.9 -999.9 -999.9 -999.9 -999.9 -999.9 8.6 8.6 8.8 9.0 9.0 -999.9 -999.9 -999.9 -999.9 -999.9 -999.9 CEMADEN_-_Nova_Bassano_-_G2-431290602A_(621_m) -999.9 -999.9 -999.9 -999.9 -999.9 -999.9 -999.9 -999.9 Rio_Grande_do_Sul CEMADEN -999.9 1.6 -999.9
-28.71893 -51.70357 17825 2026-08-06_13:10 -999.9 -999.9 -999.9 -999.9 -999.9 -999.9 -999.9 -999.9 -999.9 -999.9 -999.9 -999.9 -999.9 -999.9 -999.9 -999.9 0.4 9.0 9.2 9.4 9.4 -999.9 -999.9 -999.9 -999.9 -999.9 -999.9 CEMADEN_-_Nova_Bassano_-_G2-431290602A_(621_m) -999.9 -999.9 -999.9 -999.9 -999.9 -999.9 -999.9 -999.9 Rio_Grande_do_Sul CEMADEN -999.9 0.4 -999.9
-28.71893 -51.70357 17825 2026-08-06_14:10 -999.9 -999.9 -999.9 -999.9 -999.9 -999.9 -999.9 -999.9 -999.9 -999.9 -999.9 -999.9 -999.9 -999.9 -999.9 -999.9 -999.9 9.0 9.2 9.4 9.4 -999.9 -999.9 -999.9 -999.9 -999.9 -999.9 CEMADEN_-_Nova_Bassano_-_G2-431290602A_(621_m) -999.9 -999.9 -999.9 -999.9 -999.9 -999.9 -999.9 -999.9 Rio_Grande_do_Sul CEMADEN -999.9 0.0 -999.9
-28.71893 -51.70357 17825 2026-08-06_14:30 -999.9 -999.9 -999.9 -999.9 -999.9 -999.9 -999.9 -999.9 -999.9 -999.9 -999.9 -999.9 -999.9 -999.9 -999.9 -999.9 0.2 9.2 9.4 9.6 9.6 -999.9 -999.9 -999.9 -999.9 -999.9 -999.9 CEMADEN_-_Nova_Bassano_-_G2-431290602A_(621_m) -999.9 -999.9 -999.9 -999.9 -999.9 -999.9 -999.9 -999.9 Rio_Grande_do_Sul CEMADEN -999.9 0.2 -999.9
-28.71893 -51.70357 17825 2026-08-06_15:10 -999.9 -999.9 -999.9 -999.9 -999.9 -999.9 -999.9 -999.9 -999.9 -999.9 -999.9 -999.9 -999.9 -999.9 -999.9 -999.9 -999.9 9.2 9.4 9.6 9.6 -999.9 -999.9 -999.9 -999.9 -999.9 -999.9 CEMADEN_-_Nova_Bassano_-_G2-431290602A_(621_m) -999.9 -999.9 -999.9 -999.9 -999.9 -999.9 -999.9 -999.9 Rio_Grande_do_Sul CEMADEN -999.9 0.0 -999.9
-28.71893 -51.70357 17825 2026-08-06_16:10 -999.9 -999.9 -999.9 -999.9 -999.9 -999.9 -999.9 -999.9 -999.9 -999.9 -999.9 -999.9 -999.9 -999.9 -999.9 -999.9 -999.9 9.2 9.4 9.6 9.6 -999.9 -999.9 -999.9 -999.9 -999.9 -999.9 CEMADEN_-_Nova_Bassano_-_G2-431290602A_(621_m) -999.9 -999.9 -999.9 -999.9 -999.9 -999.9 -999.9 -999.9 Rio_Grande_do_Sul CEMADEN -999.9 0.0 -999.9
-28.71893 -51.70357 17825 2026-08-06_16:40 -999.9 -999.9 -999.9 -999.9 -999.9 -999.9 -999.9 -999.9 -999.9 -999.9 -999.9 -999.9 -999.9 -999.9 -999.9 -999.9 0.2 9.4 9.6 9.8 9.8 -999.9 -999.9 -999.9 -999.9 -999.9 -999.9 CEMADEN_-_Nova_Bassano_-_G2-431290602A_(621_m) -999.9 -999.9 -999.9 -999.9 -999.9 -999.9 -999.9 -999.9 Rio_Grande_do_Sul CEMADEN -999.9 0.2 -999.9
-28.71893 -51.70357 17825 2026-08-06_17:10 -999.9 -999.9 -999.9 -999.9 -999.9 -999.9 -999.9 -999.9 -999.9 -999.9 -999.9 -999.9 -999.9 -999.9 -999.9 -999.9 -999.9 9.4 9.6 9.8 9.8 -999.9 -999.9 -999.9 -999.9 -999.9 -999.9 CEMADEN_-_Nova_Bassano_-_G2-431290602A_(621_m) -999.9 -999.9 -999.9 -999.9 -999.9 -999.9 -999.9 -999.9 Rio_Grande_do_Sul CEMADEN -999.9 0.0 -999.9
-28.71893 -51.70357 17825 2026-08-06_18:10 -999.9 -999.9 -999.9 -999.9 -999.9 -999.9 -999.9 -999.9 -999.9 -999.9 -999.9 -999.9 -999.9 -999.9 -999.9 -999.9 -999.9 9.4 9.6 9.8 9.8 -999.9 -999.9 -999.9 -999.9 -999.9 -999.9 CEMADEN_-_Nova_Bassano_-_G2-431290602A_(621_m) -999.9 -999.9 -999.9 -999.9 -999.9 -999.9 -999.9 -999.9 Rio_Grande_do_Sul CEMADEN -999.9 0.0 -999.9
-28.71893 -51.70357 17825 2026-08-06_18:20 -999.9 -999.9 -999.9 -999.9 -999.9 -999.9 -999.9 -999.9 -999.9 -999.9 -999.9 -999.9 -999.9 -999.9 -999.9 -999.9 0.4 9.8 10.0 10.2 10.2 -999.9 -999.9 -999.9 -999.9 -999.9 -999.9 CEMADEN_-_Nova_Bassano_-_G2-431290602A_(621_m) -999.9 -999.9 -999.9 -999.9 -999.9 -999.9 -999.9 -999.9 Rio_Grande_do_Sul CEMADEN -999.9 0.4 -999.9
-28.71893 -51.70357 17825 2026-08-06_18:30 -999.9 -999.9 -999.9 -999.9 -999.9 -999.9 -999.9 -999.9 -999.9 -999.9 -999.9 -999.9 -999.9 -999.9 -999.9 -999.9 1.0 10.4 10.6 10.8 10.8 -999.9 -999.9 -999.9 -999.9 -999.9 -999.9 CEMADEN_-_Nova_Bassano_-_G2-431290602A_(621_m) -999.9 -999.9 -999.9 -999.9 -999.9 -999.9 -999.9 -999.9 Rio_Grande_do_Sul CEMADEN -999.9 0.6 -999.9
-28.71893 -51.70357 17825 2026-08-06_18:40 -999.9 -999.9 -999.9 -999.9 -999.9 -999.9 -999.9 -999.9 -999.9 -999.9 -999.9 -999.9 -999.9 -999.9 -999.9 -999.9 1.2 10.6 10.8 11.0 11.0 -999.9 -999.9 -999.9 -999.9 -999.9 -999.9 CEMADEN_-_Nova_Bassano_-_G2-431290602A_(621_m) -999.9 -999.9 -999.9 -999.9 -999.9 -999.9 -999.9 -999.9 Rio_Grande_do_Sul CEMADEN -999.9 0.2 -999.9
-28.71893 -51.70357 17825 2026-08-06_18:50 -999.9 -999.9 -999.9 -999.9 -999.9 -999.9 -999.9 -999.9 -999.9 -999.9 -999.9 -999.9 -999.9 -999.9 -999.9 -999.9 1.4 10.8 11.0 11.2 11.2 -999.9 -999.9 -999.9 -999.9 -999.9 -999.9 CEMADEN_-_Nova_Bassano_-_G2-431290602A_(621_m) -999.9 -999.9 -999.9 -999.9 -999.9 -999.9 -999.9 -999.9 Rio_Grande_do_Sul CEMADEN -999.9 0.2 -999.9
-28.71893 -51.70357 17825 2026-08-06_19:00 -999.9 -999.9 -999.9 -999.9 -999.9 -999.9 -999.9 -999.9 -999.9 -999.9 -999.9 -999.9 -999.9 -999.9 -999.9 -999.9 1.2 11.0 11.2 11.4 11.4 -999.9 -999.9 -999.9 -999.9 -999.9 -999.9 CEMADEN_-_Nova_Bassano_-_G2-431290602A_(621_m) -999.9 -999.9 -999.9 -999.9 -999.9 -999.9 -999.9 -999.9 Rio_Grande_do_Sul CEMADEN -999.9 0.2 -999.9
-28.71893 -51.70357 17825 2026-08-06_19:20 -999.9 -999.9 -999.9 -999.9 -999.9 -999.9 -999.9 -999.9 -999.9 -999.9 -999.9 -999.9 -999.9 -999.9 -999.9 -999.9 0.6 11.2 11.4 11.6 11.6 -999.9 -999.9 -999.9 -999.9 -999.9 -999.9 CEMADEN_-_Nova_Bassano_-_G2-431290602A_(621_m) -999.9 -999.9 -999.9 -999.9 -999.9 -999.9 -999.9 -999.9 Rio_Grande_do_Sul CEMADEN -999.9 0.2 -999.9
-28.71893 -51.70357 17825 2026-08-06_19:40 -999.9 -999.9 -999.9 -999.9 -999.9 -999.9 -999.9 -999.9 -999.9 -999.9 -999.9 -999.9 -999.9 -999.9 -999.9 -999.9 0.4 11.4 11.6 11.8 11.8 -999.9 -999.9 -999.9 -999.9 -999.9 -999.9 CEMADEN_-_Nova_Bassano_-_G2-431290602A_(621_m) -999.9 -999.9 -999.9 -999.9 -999.9 -999.9 -999.9 -999.9 Rio_Grande_do_Sul CEMADEN -999.9 0.2 -999.9
-28.71893 -51.70357 17825 2026-08-06_20:10 -999.9 -999.9 -999.9 -999.9 -999.9 -999.9 -999.9 -999.9 -999.9 -999.9 -999.9 -999.9 -999.9 -999.9 -999.9 -999.9 -999.9 11.4 11.6 11.8 11.8 -999.9 -999.9 -999.9 -999.9 -999.9 -999.9 CEMADEN_-_Nova_Bassano_-_G2-431290602A_(621_m) -999.9 -999.9 -999.9 -999.9 -999.9 -999.9 -999.9 -999.9 Rio_Grande_do_Sul CEMADEN -999.9 0.0 -999.9
-28.71893 -51.70357 17825 2026-08-06_21:00 -999.9 -999.9 -999.9 -999.9 -999.9 -999.9 -999.9 -999.9 -999.9 -999.9 -999.9 -999.9 -999.9 -999.9 -999.9 -999.9 0.2 11.6 11.8 12.0 12.0 -999.9 -999.9 -999.9 -999.9 -999.9 -999.9 CEMADEN_-_Nova_Bassano_-_G2-431290602A_(621_m) -999.9 -999.9 -999.9 -999.9 -999.9 -999.9 -999.9 -999.9 Rio_Grande_do_Sul CEMADEN -999.9 0.2 -999.9
-28.71893 -51.70357 17825 2026-08-06_21:20 -999.9 -999.9 -999.9 -999.9 -999.9 -999.9 -999.9 -999.9 -999.9 -999.9 -999.9 -999.9 -999.9 -999.9 -999.9 -999.9 0.4 11.8 12.0 12.2 12.2 -999.9 -999.9 -999.9 -999.9 -999.9 -999.9 CEMADEN_-_Nova_Bassano_-_G2-431290602A_(621_m) -999.9 -999.9 -999.9 -999.9 -999.9 -999.9 -999.9 -999.9 Rio_Grande_do_Sul CEMADEN -999.9 0.2 -999.9
-28.71893 -51.70357 17825 2026-08-06_21:30 -999.9 -999.9 -999.9 -999.9 -999.9 -999.9 -999.9 -999.9 -999.9 -999.9 -999.9 -999.9 -999.9 -999.9 -999.9 -999.9 1.4 12.8 13.0 13.2 13.2 -999.9 -999.9 -999.9 -999.9 -999.9 -999.9 CEMADEN_-_Nova_Bassano_-_G2-431290602A_(621_m) -999.9 -999.9 -999.9 -999.9 -999.9 -999.9 -999.9 -999.9 Rio_Grande_do_Sul CEMADEN -999.9 1.0 -999.9
-28.71893 -51.70357 17825 2026-08-06_21:40 -999.9 -999.9 -999.9 -999.9 -999.9 -999.9 -999.9 -999.9 -999.9 -999.9 -999.9 -999.9 -999.9 -999.9 -999.9 -999.9 2.4 13.8 14.0 14.2 14.2 -999.9 -999.9 -999.9 -999.9 -999.9 -999.9 CEMADEN_-_Nova_Bassano_-_G2-431290602A_(621_m) -999.9 -999.9 -999.9 -999.9 -999.9 -999.9 -999.9 -999.9 Rio_Grande_do_Sul CEMADEN -999.9 1.0 -999.9
-28.71893 -51.70357 17825 2026-08-06_22:00 -999.9 -999.9 -999.9 -999.9 -999.9 -999.9 -999.9 -999.9 -999.9 -999.9 -999.9 -999.9 -999.9 -999.9 -999.9 -999.9 4.2 15.8 16.0 16.2 16.2 -999.9 -999.9 -999.9 -999.9 -999.9 -999.9 CEMADEN_-_Nova_Bassano_-_G2-431290602A_(621_m) -999.9 -999.9 -999.9 -999.9 -999.9 -999.9 -999.9 -999.9 Rio_Grande_do_Sul CEMADEN -999.9 2.0 -999.9
-28.71893 -51.70357 17825 2026-08-06_22:10 -999.9 -999.9 -999.9 -999.9 -999.9 -999.9 -999.9 -999.9 -999.9 -999.9 -999.9 -999.9 -999.9 -999.9 -999.9 -999.9 12.4 24.0 24.2 24.4 24.4 -999.9 -999.9 -999.9 -999.9 -999.9 -999.9 CEMADEN_-_Nova_Bassano_-_G2-431290602A_(621_m) -999.9 -999.9 -999.9 -999.9 -999.9 -999.9 -999.9 -999.9 Rio_Grande_do_Sul CEMADEN -999.9 8.2 -999.9
-28.71893 -51.70357 17825 2026-08-06_22:20 -999.9 -999.9 -999.9 -999.9 -999.9 -999.9 -999.9 -999.9 -999.9 -999.9 -999.9 -999.9 -999.9 -999.9 -999.9 -999.9 12.4 24.2 24.4 24.6 24.6 -999.9 -999.9 -999.9 -999.9 -999.9 -999.9 CEMADEN_-_Nova_Bassano_-_G2-431290602A_(621_m) -999.9 -999.9 -999.9 -999.9 -999.9 -999.9 -999.9 -999.9 Rio_Grande_do_Sul CEMADEN -999.9 0.2 -999.9
-28.71893 -51.70357 17825 2026-08-06_22:30 -999.9 -999.9 -999.9 -999.9 -999.9 -999.9 -999.9 -999.9 -999.9 -999.9 -999.9 -999.9 -999.9 -999.9 -999.9 -999.9 15.0 27.8 28.0 28.2 28.2 -999.9 -999.9 -999.9 -999.9 -999.9 -999.9 CEMADEN_-_Nova_Bassano_-_G2-431290602A_(621_m) -999.9 -999.9 -999.9 -999.9 -999.9 -999.9 -999.9 -999.9 Rio_Grande_do_Sul CEMADEN -999.9 3.6 -999.9
-28.71893 -51.70357 17825 2026-08-06_22:40 -999.9 -999.9 -999.9 -999.9 -999.9 -999.9 -999.9 -999.9 -999.9 -999.9 -999.9 -999.9 -999.9 -999.9 -999.9 -999.9 13.6 29.2 29.4 29.6 29.6 -999.9 -999.9 -999.9 -999.9 -999.9 -999.9 CEMADEN_-_Nova_Bassano_-_G2-431290602A_(621_m) -999.9 -999.9 -999.9 -999.9 -999.9 -999.9 -999.9 -999.9 Rio_Grande_do_Sul CEMADEN -999.9 1.4 -999.9
-28.71893 -51.70357 17825 2026-08-06_22:50 -999.9 -999.9 -999.9 -999.9 -999.9 -999.9 -999.9 -999.9 -999.9 -999.9 -999.9 -999.9 -999.9 -999.9 -999.9 -999.9 9.0 30.0 30.2 30.4 30.4 -999.9 -999.9 -999.9 -999.9 -999.9 -999.9 CEMADEN_-_Nova_Bassano_-_G2-431290602A_(621_m) -999.9 -999.9 -999.9 -999.9 -999.9 -999.9 -999.9 -999.9 Rio_Grande_do_Sul CEMADEN -999.9 0.8 -999.9
-28.71893 -51.70357 17825 2026-08-06_23:00 -999.9 -999.9 -999.9 -999.9 -999.9 -999.9 -999.9 -999.9 -999.9 -999.9 -999.9 -999.9 -999.9 -999.9 -999.9 -999.9 6.4 30.4 30.6 30.8 30.8 -999.9 -999.9 -999.9 -999.9 -999.9 -999.9 CEMADEN_-_Nova_Bassano_-_G2-431290602A_(621_m) -999.9 -999.9 -999.9 -999.9 -999.9 -999.9 -999.9 -999.9 Rio_Grande_do_Sul CEMADEN -999.9 0.4 -999.9
-28.71893 -51.70357 17825 2026-08-06_23:20 -999.9 -999.9 -999.9 -999.9 -999.9 -999.9 -999.9 -999.9 -999.9 -999.9 -999.9 -999.9 -999.9 -999.9 -999.9 -999.9 5.8 31.2 31.4 31.6 31.6 -999.9 -999.9 -999.9 -999.9 -999.9 -999.9 CEMADEN_-_Nova_Bassano_-_G2-431290602A_(621_m) -999.9 -999.9 -999.9 -999.9 -999.9 -999.9 -999.9 -999.9 Rio_Grande_do_Sul CEMADEN -999.9 0.8 -999.9
-28.71893 -51.70357 17825 2026-08-06_23:30 -999.9 -999.9 -999.9 -999.9 -999.9 -999.9 -999.9 -999.9 -999.9 -999.9 -999.9 -999.9 -999.9 -999.9 -999.9 -999.9 1.4 31.4 31.6 31.8 31.8 -999.9 -999.9 -999.9 -999.9 -999.9 -999.9 CEMADEN_-_Nova_Bassano_-_G2-431290602A_(621_m) -999.9 -999.9 -999.9 -999.9 -999.9 -999.9 -999.9 -999.9 Rio_Grande_do_Sul CEMADEN -999.9 0.2 -999.9
