-28.31624 -51.18542 17794 2026-09-03_00:10 -999.9 -999.9 -999.9 -999.9 -999.9 -999.9 -999.9 -999.9 -999.9 -999.9 -999.9 -999.9 -999.9 -999.9 -999.9 -999.9 -999.9 0.0 2.6 23.0 38.8 85.2 -999.9 -999.9 -999.9 -999.9 -999.9 CEMADEN_-_Muitos_Capões_-_G2-431261701A_(928_m) -999.9 -999.9 -999.9 -999.9 -999.9 -999.9 -999.9 -999.9 Rio_Grande_do_Sul CEMADEN -999.9 0.0 -999.9
-28.31624 -51.18542 17794 2026-09-03_02:10 -999.9 -999.9 -999.9 -999.9 -999.9 -999.9 -999.9 -999.9 -999.9 -999.9 -999.9 -999.9 -999.9 -999.9 -999.9 -999.9 -999.9 0.0 1.6 22.8 38.8 85.2 -999.9 -999.9 -999.9 -999.9 -999.9 CEMADEN_-_Muitos_Capões_-_G2-431261701A_(928_m) -999.9 -999.9 -999.9 -999.9 -999.9 -999.9 -999.9 -999.9 Rio_Grande_do_Sul CEMADEN -999.9 0.0 -999.9
-28.31624 -51.18542 17794 2026-09-03_03:10 -999.9 -999.9 -999.9 -999.9 -999.9 -999.9 -999.9 -999.9 -999.9 -999.9 -999.9 -999.9 -999.9 -999.9 -999.9 -999.9 -999.9 -0.8 1.4 22.2 38.0 84.4 -999.9 -999.9 -999.9 -999.9 -999.9 CEMADEN_-_Muitos_Capões_-_G2-431261701A_(928_m) -999.9 -999.9 -999.9 -999.9 -999.9 -999.9 -999.9 -999.9 Rio_Grande_do_Sul CEMADEN -999.9 -0.8 -999.9
-28.31624 -51.18542 17794 2026-09-03_04:10 -999.9 -999.9 -999.9 -999.9 -999.9 -999.9 -999.9 -999.9 -999.9 -999.9 -999.9 -999.9 -999.9 -999.9 -999.9 -999.9 -999.9 -1.2 0.4 22.2 37.6 84.0 -999.9 -999.9 -999.9 -999.9 -999.9 CEMADEN_-_Muitos_Capões_-_G2-431261701A_(928_m) -999.9 -999.9 -999.9 -999.9 -999.9 -999.9 -999.9 -999.9 Rio_Grande_do_Sul CEMADEN -999.9 -0.4 -999.9
-28.31624 -51.18542 17794 2026-09-03_05:10 -999.9 -999.9 -999.9 -999.9 -999.9 -999.9 -999.9 -999.9 -999.9 -999.9 -999.9 -999.9 -999.9 -999.9 -999.9 -999.9 -999.9 -1.4 0.2 22.2 37.4 83.8 -999.9 -999.9 -999.9 -999.9 -999.9 CEMADEN_-_Muitos_Capões_-_G2-431261701A_(928_m) -999.9 -999.9 -999.9 -999.9 -999.9 -999.9 -999.9 -999.9 Rio_Grande_do_Sul CEMADEN -999.9 -0.2 -999.9
-28.31624 -51.18542 17794 2026-09-03_06:10 -999.9 -999.9 -999.9 -999.9 -999.9 -999.9 -999.9 -999.9 -999.9 -999.9 -999.9 -999.9 -999.9 -999.9 -999.9 -999.9 -999.9 -1.4 0.2 22.2 37.4 83.8 -999.9 -999.9 -999.9 -999.9 -999.9 CEMADEN_-_Muitos_Capões_-_G2-431261701A_(928_m) -999.9 -999.9 -999.9 -999.9 -999.9 -999.9 -999.9 -999.9 Rio_Grande_do_Sul CEMADEN -999.9 0.0 -999.9
-28.31624 -51.18542 17794 2026-09-03_07:10 -999.9 -999.9 -999.9 -999.9 -999.9 -999.9 -999.9 -999.9 -999.9 -999.9 -999.9 -999.9 -999.9 -999.9 -999.9 -999.9 -999.9 -1.4 -999.9 22.2 37.4 83.8 -999.9 -999.9 -999.9 -999.9 -999.9 CEMADEN_-_Muitos_Capões_-_G2-431261701A_(928_m) -999.9 -999.9 -999.9 -999.9 -999.9 -999.9 -999.9 -999.9 Rio_Grande_do_Sul CEMADEN -999.9 0.0 -999.9
-28.31624 -51.18542 17794 2026-09-03_08:10 -999.9 -999.9 -999.9 -999.9 -999.9 -999.9 -999.9 -999.9 -999.9 -999.9 -999.9 -999.9 -999.9 -999.9 -999.9 -999.9 -999.9 -1.4 -999.9 19.8 37.4 83.8 -999.9 -999.9 -999.9 -999.9 -999.9 CEMADEN_-_Muitos_Capões_-_G2-431261701A_(928_m) -999.9 -999.9 -999.9 -999.9 -999.9 -999.9 -999.9 -999.9 Rio_Grande_do_Sul CEMADEN -999.9 0.0 -999.9
-28.31624 -51.18542 17794 2026-09-03_09:10 -999.9 -999.9 -999.9 -999.9 -999.9 -999.9 -999.9 -999.9 -999.9 -999.9 -999.9 -999.9 -999.9 -999.9 -999.9 -999.9 -999.9 -1.4 -999.9 19.8 37.4 83.8 -999.9 -999.9 -999.9 -999.9 -999.9 CEMADEN_-_Muitos_Capões_-_G2-431261701A_(928_m) -999.9 -999.9 -999.9 -999.9 -999.9 -999.9 -999.9 -999.9 Rio_Grande_do_Sul CEMADEN -999.9 0.0 -999.9
-28.31624 -51.18542 17794 2026-09-03_10:10 -999.9 -999.9 -999.9 -999.9 -999.9 -999.9 -999.9 -999.9 -999.9 -999.9 -999.9 -999.9 -999.9 -999.9 -999.9 -999.9 -999.9 -1.4 -999.9 19.2 37.4 83.8 -999.9 -999.9 -999.9 -999.9 -999.9 CEMADEN_-_Muitos_Capões_-_G2-431261701A_(928_m) -999.9 -999.9 -999.9 -999.9 -999.9 -999.9 -999.9 -999.9 Rio_Grande_do_Sul CEMADEN -999.9 0.0 -999.9
-28.31624 -51.18542 17794 2026-09-03_11:10 -999.9 -999.9 -999.9 -999.9 -999.9 -999.9 -999.9 -999.9 -999.9 -999.9 -999.9 -999.9 -999.9 -999.9 -999.9 -999.9 -999.9 -1.4 -999.9 18.0 37.4 83.8 -999.9 -999.9 -999.9 -999.9 -999.9 CEMADEN_-_Muitos_Capões_-_G2-431261701A_(928_m) -999.9 -999.9 -999.9 -999.9 -999.9 -999.9 -999.9 -999.9 Rio_Grande_do_Sul CEMADEN -999.9 0.0 -999.9
-28.31624 -51.18542 17794 2026-09-03_12:10 -999.9 -999.9 -999.9 -999.9 -999.9 -999.9 -999.9 -999.9 -999.9 -999.9 -999.9 -999.9 -999.9 -999.9 -999.9 -999.9 -999.9 -1.4 -999.9 16.2 37.4 83.8 -999.9 -999.9 -999.9 -999.9 -999.9 CEMADEN_-_Muitos_Capões_-_G2-431261701A_(928_m) -999.9 -999.9 -999.9 -999.9 -999.9 -999.9 -999.9 -999.9 Rio_Grande_do_Sul CEMADEN -999.9 0.0 -999.9
-28.31624 -51.18542 17794 2026-09-03_13:10 -999.9 -999.9 -999.9 -999.9 -999.9 -999.9 -999.9 -999.9 -999.9 -999.9 -999.9 -999.9 -999.9 -999.9 -999.9 -999.9 -999.9 -1.4 -999.9 13.4 37.4 83.8 -999.9 -999.9 -999.9 -999.9 -999.9 CEMADEN_-_Muitos_Capões_-_G2-431261701A_(928_m) -999.9 -999.9 -999.9 -999.9 -999.9 -999.9 -999.9 -999.9 Rio_Grande_do_Sul CEMADEN -999.9 0.0 -999.9
-28.31624 -51.18542 17794 2026-09-03_14:10 -999.9 -999.9 -999.9 -999.9 -999.9 -999.9 -999.9 -999.9 -999.9 -999.9 -999.9 -999.9 -999.9 -999.9 -999.9 -999.9 -999.9 -1.4 -999.9 12.4 37.4 83.8 -999.9 -999.9 -999.9 -999.9 -999.9 CEMADEN_-_Muitos_Capões_-_G2-431261701A_(928_m) -999.9 -999.9 -999.9 -999.9 -999.9 -999.9 -999.9 -999.9 Rio_Grande_do_Sul CEMADEN -999.9 0.0 -999.9
-28.31624 -51.18542 17794 2026-09-03_15:10 -999.9 -999.9 -999.9 -999.9 -999.9 -999.9 -999.9 -999.9 -999.9 -999.9 -999.9 -999.9 -999.9 -999.9 -999.9 -999.9 -999.9 -1.4 -999.9 9.8 37.4 83.8 -999.9 -999.9 -999.9 -999.9 -999.9 CEMADEN_-_Muitos_Capões_-_G2-431261701A_(928_m) -999.9 -999.9 -999.9 -999.9 -999.9 -999.9 -999.9 -999.9 Rio_Grande_do_Sul CEMADEN -999.9 0.0 -999.9
-28.31624 -51.18542 17794 2026-09-03_16:10 -999.9 -999.9 -999.9 -999.9 -999.9 -999.9 -999.9 -999.9 -999.9 -999.9 -999.9 -999.9 -999.9 -999.9 -999.9 -999.9 -999.9 -1.4 -999.9 6.4 37.4 83.8 -999.9 -999.9 -999.9 -999.9 -999.9 CEMADEN_-_Muitos_Capões_-_G2-431261701A_(928_m) -999.9 -999.9 -999.9 -999.9 -999.9 -999.9 -999.9 -999.9 Rio_Grande_do_Sul CEMADEN -999.9 0.0 -999.9
-28.31624 -51.18542 17794 2026-09-03_17:10 -999.9 -999.9 -999.9 -999.9 -999.9 -999.9 -999.9 -999.9 -999.9 -999.9 -999.9 -999.9 -999.9 -999.9 -999.9 -999.9 -999.9 -1.4 -999.9 4.2 37.4 83.8 -999.9 -999.9 -999.9 -999.9 -999.9 CEMADEN_-_Muitos_Capões_-_G2-431261701A_(928_m) -999.9 -999.9 -999.9 -999.9 -999.9 -999.9 -999.9 -999.9 Rio_Grande_do_Sul CEMADEN -999.9 0.0 -999.9
-28.31624 -51.18542 17794 2026-09-03_18:10 -999.9 -999.9 -999.9 -999.9 -999.9 -999.9 -999.9 -999.9 -999.9 -999.9 -999.9 -999.9 -999.9 -999.9 -999.9 -999.9 -999.9 -1.4 -999.9 2.8 37.4 83.8 -999.9 -999.9 -999.9 -999.9 -999.9 CEMADEN_-_Muitos_Capões_-_G2-431261701A_(928_m) -999.9 -999.9 -999.9 -999.9 -999.9 -999.9 -999.9 -999.9 Rio_Grande_do_Sul CEMADEN -999.9 0.0 -999.9
-28.31624 -51.18542 17794 2026-09-03_19:10 -999.9 -999.9 -999.9 -999.9 -999.9 -999.9 -999.9 -999.9 -999.9 -999.9 -999.9 -999.9 -999.9 -999.9 -999.9 -999.9 -999.9 -5.6 -999.9 2.6 33.2 79.6 -999.9 -999.9 -999.9 -999.9 -999.9 CEMADEN_-_Muitos_Capões_-_G2-431261701A_(928_m) -999.9 -999.9 -999.9 -999.9 -999.9 -999.9 -999.9 -999.9 Rio_Grande_do_Sul CEMADEN -999.9 -4.2 -999.9
-28.31624 -51.18542 17794 2026-09-03_20:10 -999.9 -999.9 -999.9 -999.9 -999.9 -999.9 -999.9 -999.9 -999.9 -999.9 -999.9 -999.9 -999.9 -999.9 -999.9 -999.9 -999.9 -6.4 -999.9 2.6 32.4 78.8 -999.9 -999.9 -999.9 -999.9 -999.9 CEMADEN_-_Muitos_Capões_-_G2-431261701A_(928_m) -999.9 -999.9 -999.9 -999.9 -999.9 -999.9 -999.9 -999.9 Rio_Grande_do_Sul CEMADEN -999.9 -0.8 -999.9
-28.31624 -51.18542 17794 2026-09-03_21:10 -999.9 -999.9 -999.9 -999.9 -999.9 -999.9 -999.9 -999.9 -999.9 -999.9 -999.9 -999.9 -999.9 -999.9 -999.9 -999.9 -999.9 -7.6 -999.9 2.6 31.2 77.6 -999.9 -999.9 -999.9 -999.9 -999.9 CEMADEN_-_Muitos_Capões_-_G2-431261701A_(928_m) -999.9 -999.9 -999.9 -999.9 -999.9 -999.9 -999.9 -999.9 Rio_Grande_do_Sul CEMADEN -999.9 -1.2 -999.9
-28.31624 -51.18542 17794 2026-09-03_22:10 -999.9 -999.9 -999.9 -999.9 -999.9 -999.9 -999.9 -999.9 -999.9 -999.9 -999.9 -999.9 -999.9 -999.9 -999.9 -999.9 -999.9 -9.2 -999.9 2.6 29.6 76.0 -999.9 -999.9 -999.9 -999.9 -999.9 CEMADEN_-_Muitos_Capões_-_G2-431261701A_(928_m) -999.9 -999.9 -999.9 -999.9 -999.9 -999.9 -999.9 -999.9 Rio_Grande_do_Sul CEMADEN -999.9 -1.6 -999.9
-28.31624 -51.18542 17794 2026-09-03_23:10 -999.9 -999.9 -999.9 -999.9 -999.9 -999.9 -999.9 -999.9 -999.9 -999.9 -999.9 -999.9 -999.9 -999.9 -999.9 -999.9 -999.9 -15.0 -999.9 2.6 23.8 70.2 -999.9 -999.9 -999.9 -999.9 -999.9 CEMADEN_-_Muitos_Capões_-_G2-431261701A_(928_m) -999.9 -999.9 -999.9 -999.9 -999.9 -999.9 -999.9 -999.9 Rio_Grande_do_Sul CEMADEN -999.9 -5.8 -999.9
