-28.84444 -51.87916 02851044 2026-08-08_00:00 -999.9 -999.9 -999.9 -999.9 -999.9 -999.9 -999.9 -999.9 -999.9 -999.9 -999.9 -999.9 -999.9 -999.9 -999.9 -999.9 0.0 0.0 0.0 0.0 0.0 0.0 -999.9 -999.9 -999.9 -999.9 -999.9 SGB/CPRM_-_Guaporé_(525_m) -999.9 -999.9 -999.9 -999.9 -999.9 -999.9 -999.9 -999.9 Brasil SGB/CPRM -999.9 0.0 0.0 -999.9 -999.9 -999.9 0 0 0 0.08 0.08 0.08
-28.84444 -51.87916 02851044 2026-08-08_00:15 -999.9 -999.9 -999.9 -999.9 -999.9 -999.9 -999.9 -999.9 -999.9 -999.9 -999.9 -999.9 -999.9 -999.9 -999.9 -999.9 0.0 0.0 0.0 0.0 0.0 0.0 -999.9 -999.9 -999.9 -999.9 -999.9 SGB/CPRM_-_Guaporé_(525_m) -999.9 -999.9 -999.9 -999.9 -999.9 -999.9 -999.9 -999.9 Brasil SGB/CPRM -999.9 0.0 0.0 -999.9 -999.9 -999.9 0 0 0 0.08 0.08 0.08
-28.84444 -51.87916 02851044 2026-08-08_00:30 -999.9 -999.9 -999.9 -999.9 -999.9 -999.9 -999.9 -999.9 -999.9 -999.9 -999.9 -999.9 -999.9 -999.9 -999.9 -999.9 0.0 0.0 0.0 0.0 0.0 0.0 -999.9 -999.9 -999.9 -999.9 -999.9 SGB/CPRM_-_Guaporé_(525_m) -999.9 -999.9 -999.9 -999.9 -999.9 -999.9 -999.9 -999.9 Brasil SGB/CPRM -999.9 0.0 0.0 -999.9 -999.9 -999.9 0 0 0 0.08 0.08 0.08
-28.84444 -51.87916 02851044 2026-08-08_00:45 -999.9 -999.9 -999.9 -999.9 -999.9 -999.9 -999.9 -999.9 -999.9 -999.9 -999.9 -999.9 -999.9 -999.9 -999.9 -999.9 0.0 0.0 0.0 0.0 0.0 0.0 -999.9 -999.9 -999.9 -999.9 -999.9 SGB/CPRM_-_Guaporé_(525_m) -999.9 -999.9 -999.9 -999.9 -999.9 -999.9 -999.9 -999.9 Brasil SGB/CPRM -999.9 0.0 0.0 0 0 0 0 0 0 0.08 0.08 0.08
-28.84444 -51.87916 02851044 2026-08-08_01:00 -999.9 -999.9 -999.9 -999.9 -999.9 -999.9 -999.9 -999.9 -999.9 -999.9 -999.9 -999.9 -999.9 -999.9 -999.9 -999.9 0.0 0.0 0.0 0.0 0.0 0.0 -999.9 -999.9 -999.9 -999.9 -999.9 SGB/CPRM_-_Guaporé_(525_m) -999.9 -999.9 -999.9 -999.9 -999.9 -999.9 -999.9 -999.9 Brasil SGB/CPRM -999.9 0.0 0.0 -999.9 0 0 0 0 0 0.08 0.08 0.08
-28.84444 -51.87916 02851044 2026-08-08_01:15 -999.9 -999.9 -999.9 -999.9 -999.9 -999.9 -999.9 -999.9 -999.9 -999.9 -999.9 -999.9 -999.9 -999.9 -999.9 -999.9 0.0 0.0 0.0 0.0 0.0 0.0 -999.9 -999.9 -999.9 -999.9 -999.9 SGB/CPRM_-_Guaporé_(525_m) -999.9 -999.9 -999.9 -999.9 -999.9 -999.9 -999.9 -999.9 Brasil SGB/CPRM -999.9 0.0 0.0 -999.9 0 0 0 0 0 0.08 0.08 0.08
-28.84444 -51.87916 02851044 2026-08-08_01:30 -999.9 -999.9 -999.9 -999.9 -999.9 -999.9 -999.9 -999.9 -999.9 -999.9 -999.9 -999.9 -999.9 -999.9 -999.9 -999.9 0.0 0.0 0.0 0.0 0.0 0.0 -999.9 -999.9 -999.9 -999.9 -999.9 SGB/CPRM_-_Guaporé_(525_m) -999.9 -999.9 -999.9 -999.9 -999.9 -999.9 -999.9 -999.9 Brasil SGB/CPRM -999.9 0.0 0.0 -999.9 0 0 0 0 0 0.08 0.08 0.08
-28.84444 -51.87916 02851044 2026-08-08_01:45 -999.9 -999.9 -999.9 -999.9 -999.9 -999.9 -999.9 -999.9 -999.9 -999.9 -999.9 -999.9 -999.9 -999.9 -999.9 -999.9 0.0 0.0 0.0 0.0 0.0 0.0 -999.9 -999.9 -999.9 -999.9 -999.9 SGB/CPRM_-_Guaporé_(525_m) -999.9 -999.9 -999.9 -999.9 -999.9 -999.9 -999.9 -999.9 Brasil SGB/CPRM -999.9 0.0 0.0 -999.9 0 0 0 0 0 0.08 0.08 0.08
-28.84444 -51.87916 02851044 2026-08-08_02:00 -999.9 -999.9 -999.9 -999.9 -999.9 -999.9 -999.9 -999.9 -999.9 -999.9 -999.9 -999.9 -999.9 -999.9 -999.9 -999.9 0.0 0.0 0.0 0.0 0.0 0.0 -999.9 -999.9 -999.9 -999.9 -999.9 SGB/CPRM_-_Guaporé_(525_m) -999.9 -999.9 -999.9 -999.9 -999.9 -999.9 -999.9 -999.9 Brasil SGB/CPRM -999.9 0.0 0.0 -999.9 0 0 0 0 0 0.08 0.08 0.08
-28.84444 -51.87916 02851044 2026-08-08_02:15 -999.9 -999.9 -999.9 -999.9 -999.9 -999.9 -999.9 -999.9 -999.9 -999.9 -999.9 -999.9 -999.9 -999.9 -999.9 -999.9 0.0 0.0 0.0 0.0 0.0 0.0 -999.9 -999.9 -999.9 -999.9 -999.9 SGB/CPRM_-_Guaporé_(525_m) -999.9 -999.9 -999.9 -999.9 -999.9 -999.9 -999.9 -999.9 Brasil SGB/CPRM -999.9 0.0 0.0 -999.9 0 0 0 0 0 0.08 0.08 0.08
-28.84444 -51.87916 02851044 2026-08-08_02:30 -999.9 -999.9 -999.9 -999.9 -999.9 -999.9 -999.9 -999.9 -999.9 -999.9 -999.9 -999.9 -999.9 -999.9 -999.9 -999.9 0.0 0.0 0.0 0.0 0.0 0.0 -999.9 -999.9 -999.9 -999.9 -999.9 SGB/CPRM_-_Guaporé_(525_m) -999.9 -999.9 -999.9 -999.9 -999.9 -999.9 -999.9 -999.9 Brasil SGB/CPRM -999.9 0.0 0.0 -999.9 0 0 0 0 0 0.08 0.08 0.08
-28.84444 -51.87916 02851044 2026-08-08_02:45 -999.9 -999.9 -999.9 -999.9 -999.9 -999.9 -999.9 -999.9 -999.9 -999.9 -999.9 -999.9 -999.9 -999.9 -999.9 -999.9 0.0 0.0 0.0 0.0 0.0 0.0 -999.9 -999.9 -999.9 -999.9 -999.9 SGB/CPRM_-_Guaporé_(525_m) -999.9 -999.9 -999.9 -999.9 -999.9 -999.9 -999.9 -999.9 Brasil SGB/CPRM -999.9 0.0 0.0 -999.9 0 0 0 0 0 0.08 0.08 0.08
-28.84444 -51.87916 02851044 2026-08-08_03:00 -999.9 -999.9 -999.9 -999.9 -999.9 -999.9 -999.9 -999.9 -999.9 -999.9 -999.9 -999.9 -999.9 -999.9 -999.9 -999.9 0.0 0.0 0.0 0.0 0.0 0.0 -999.9 -999.9 -999.9 -999.9 -999.9 SGB/CPRM_-_Guaporé_(525_m) -999.9 -999.9 -999.9 -999.9 -999.9 -999.9 -999.9 -999.9 Brasil SGB/CPRM -999.9 0.0 0.0 -999.9 0 0 0 0 0 0.08 0.08 0.08
-28.84444 -51.87916 02851044 2026-08-08_03:15 -999.9 -999.9 -999.9 -999.9 -999.9 -999.9 -999.9 -999.9 -999.9 -999.9 -999.9 -999.9 -999.9 -999.9 -999.9 -999.9 0.0 0.0 0.0 0.0 0.0 0.0 -999.9 -999.9 -999.9 -999.9 -999.9 SGB/CPRM_-_Guaporé_(525_m) -999.9 -999.9 -999.9 -999.9 -999.9 -999.9 -999.9 -999.9 Brasil SGB/CPRM -999.9 0.0 0.0 -999.9 0 0 0 0 0 0.08 0.08 0.08
-28.84444 -51.87916 02851044 2026-08-08_03:30 -999.9 -999.9 -999.9 -999.9 -999.9 -999.9 -999.9 -999.9 -999.9 -999.9 -999.9 -999.9 -999.9 -999.9 -999.9 -999.9 0.0 0.0 0.0 0.0 0.0 0.0 -999.9 -999.9 -999.9 -999.9 -999.9 SGB/CPRM_-_Guaporé_(525_m) -999.9 -999.9 -999.9 -999.9 -999.9 -999.9 -999.9 -999.9 Brasil SGB/CPRM -999.9 0.0 0.0 -999.9 0 0 0 0 0 0.08 0.08 0.08
-28.84444 -51.87916 02851044 2026-08-08_03:45 -999.9 -999.9 -999.9 -999.9 -999.9 -999.9 -999.9 -999.9 -999.9 -999.9 -999.9 -999.9 -999.9 -999.9 -999.9 -999.9 0.0 0.0 0.0 0.0 0.0 0.0 -999.9 -999.9 -999.9 -999.9 -999.9 SGB/CPRM_-_Guaporé_(525_m) -999.9 -999.9 -999.9 -999.9 -999.9 -999.9 -999.9 -999.9 Brasil SGB/CPRM -999.9 0.0 0.0 -999.9 0 0 0 0 0 0.08 0.08 0.08
-28.84444 -51.87916 02851044 2026-08-08_04:00 -999.9 -999.9 -999.9 -999.9 -999.9 -999.9 -999.9 -999.9 -999.9 -999.9 -999.9 -999.9 -999.9 -999.9 -999.9 -999.9 0.0 0.0 0.0 0.0 0.0 0.0 -999.9 -999.9 -999.9 -999.9 -999.9 SGB/CPRM_-_Guaporé_(525_m) -999.9 -999.9 -999.9 -999.9 -999.9 -999.9 -999.9 -999.9 Brasil SGB/CPRM -999.9 0.0 0.0 -999.9 0 0 0 0 0 0.08 0.08 0.08
-28.84444 -51.87916 02851044 2026-08-08_04:15 -999.9 -999.9 -999.9 -999.9 -999.9 -999.9 -999.9 -999.9 -999.9 -999.9 -999.9 -999.9 -999.9 -999.9 -999.9 -999.9 0.0 0.0 0.0 0.0 0.0 0.0 -999.9 -999.9 -999.9 -999.9 -999.9 SGB/CPRM_-_Guaporé_(525_m) -999.9 -999.9 -999.9 -999.9 -999.9 -999.9 -999.9 -999.9 Brasil SGB/CPRM -999.9 0.0 0.0 -999.9 0 0 0 0 0 0.08 0.08 0.08
-28.84444 -51.87916 02851044 2026-08-08_04:30 -999.9 -999.9 -999.9 -999.9 -999.9 -999.9 -999.9 -999.9 -999.9 -999.9 -999.9 -999.9 -999.9 -999.9 -999.9 -999.9 0.0 0.0 0.0 0.0 0.0 0.0 -999.9 -999.9 -999.9 -999.9 -999.9 SGB/CPRM_-_Guaporé_(525_m) -999.9 -999.9 -999.9 -999.9 -999.9 -999.9 -999.9 -999.9 Brasil SGB/CPRM -999.9 0.0 0.0 -999.9 0 0 0 0 0 0.08 0.08 0.08
-28.84444 -51.87916 02851044 2026-08-08_04:45 -999.9 -999.9 -999.9 -999.9 -999.9 -999.9 -999.9 -999.9 -999.9 -999.9 -999.9 -999.9 -999.9 -999.9 -999.9 -999.9 0.0 0.0 0.0 0.0 0.0 0.0 -999.9 -999.9 -999.9 -999.9 -999.9 SGB/CPRM_-_Guaporé_(525_m) -999.9 -999.9 -999.9 -999.9 -999.9 -999.9 -999.9 -999.9 Brasil SGB/CPRM -999.9 0.0 0.0 -999.9 0 0 0 0 0 0.08 0.08 0.08
-28.84444 -51.87916 02851044 2026-08-08_05:00 -999.9 -999.9 -999.9 -999.9 -999.9 -999.9 -999.9 -999.9 -999.9 -999.9 -999.9 -999.9 -999.9 -999.9 -999.9 -999.9 0.0 0.0 0.0 0.0 0.0 0.0 -999.9 -999.9 -999.9 -999.9 -999.9 SGB/CPRM_-_Guaporé_(525_m) -999.9 -999.9 -999.9 -999.9 -999.9 -999.9 -999.9 -999.9 Brasil SGB/CPRM -999.9 0.0 0.0 -999.9 0 0 0 0 0 0.08 0.08 0.08
-28.84444 -51.87916 02851044 2026-08-08_05:15 -999.9 -999.9 -999.9 -999.9 -999.9 -999.9 -999.9 -999.9 -999.9 -999.9 -999.9 -999.9 -999.9 -999.9 -999.9 -999.9 0.0 0.0 0.0 0.0 0.0 0.0 -999.9 -999.9 -999.9 -999.9 -999.9 SGB/CPRM_-_Guaporé_(525_m) -999.9 -999.9 -999.9 -999.9 -999.9 -999.9 -999.9 -999.9 Brasil SGB/CPRM -999.9 0.0 0.0 -999.9 0 0 0 0 0 0.08 0.08 0.08
-28.84444 -51.87916 02851044 2026-08-08_05:30 -999.9 -999.9 -999.9 -999.9 -999.9 -999.9 -999.9 -999.9 -999.9 -999.9 -999.9 -999.9 -999.9 -999.9 -999.9 -999.9 0.0 0.0 0.0 0.0 0.0 0.0 -999.9 -999.9 -999.9 -999.9 -999.9 SGB/CPRM_-_Guaporé_(525_m) -999.9 -999.9 -999.9 -999.9 -999.9 -999.9 -999.9 -999.9 Brasil SGB/CPRM -999.9 0.0 0.0 -999.9 0 0 0 0 0 0.08 0.08 0.08
-28.84444 -51.87916 02851044 2026-08-08_05:45 -999.9 -999.9 -999.9 -999.9 -999.9 -999.9 -999.9 -999.9 -999.9 -999.9 -999.9 -999.9 -999.9 -999.9 -999.9 -999.9 0.0 0.0 0.0 0.0 0.0 0.0 -999.9 -999.9 -999.9 -999.9 -999.9 SGB/CPRM_-_Guaporé_(525_m) -999.9 -999.9 -999.9 -999.9 -999.9 -999.9 -999.9 -999.9 Brasil SGB/CPRM -999.9 0.0 0.0 -999.9 0 0 0 0 0 0.08 0.08 0.08
-28.84444 -51.87916 02851044 2026-08-08_06:00 -999.9 -999.9 -999.9 -999.9 -999.9 -999.9 -999.9 -999.9 -999.9 -999.9 -999.9 -999.9 -999.9 -999.9 -999.9 -999.9 0.0 0.0 0.0 0.0 0.0 0.0 -999.9 -999.9 -999.9 -999.9 -999.9 SGB/CPRM_-_Guaporé_(525_m) -999.9 -999.9 -999.9 -999.9 -999.9 -999.9 -999.9 -999.9 Brasil SGB/CPRM -999.9 0.0 0.0 -999.9 0 0 0 0 0 0.08 0.08 0.08
-28.84444 -51.87916 02851044 2026-08-08_06:15 -999.9 -999.9 -999.9 -999.9 -999.9 -999.9 -999.9 -999.9 -999.9 -999.9 -999.9 -999.9 -999.9 -999.9 -999.9 -999.9 0.0 0.0 0.0 0.0 0.0 0.0 -999.9 -999.9 -999.9 -999.9 -999.9 SGB/CPRM_-_Guaporé_(525_m) -999.9 -999.9 -999.9 -999.9 -999.9 -999.9 -999.9 -999.9 Brasil SGB/CPRM -999.9 0.0 0.0 -999.9 0 0 0 0 0 0.08 0.08 0.08
-28.84444 -51.87916 02851044 2026-08-08_06:30 -999.9 -999.9 -999.9 -999.9 -999.9 -999.9 -999.9 -999.9 -999.9 -999.9 -999.9 -999.9 -999.9 -999.9 -999.9 -999.9 0.0 0.0 0.0 0.0 0.0 0.0 -999.9 -999.9 -999.9 -999.9 -999.9 SGB/CPRM_-_Guaporé_(525_m) -999.9 -999.9 -999.9 -999.9 -999.9 -999.9 -999.9 -999.9 Brasil SGB/CPRM -999.9 0.0 0.0 -999.9 0 0 0 0 0 0.08 0.08 0.08
-28.84444 -51.87916 02851044 2026-08-08_06:45 -999.9 -999.9 -999.9 -999.9 -999.9 -999.9 -999.9 -999.9 -999.9 -999.9 -999.9 -999.9 -999.9 -999.9 -999.9 -999.9 0.0 0.0 0.0 0.0 0.0 0.0 -999.9 -999.9 -999.9 -999.9 -999.9 SGB/CPRM_-_Guaporé_(525_m) -999.9 -999.9 -999.9 -999.9 -999.9 -999.9 -999.9 -999.9 Brasil SGB/CPRM -999.9 0.0 0.0 -999.9 0 0 0 0 0 0.08 0.08 0.08
-28.84444 -51.87916 02851044 2026-08-08_07:00 -999.9 -999.9 -999.9 -999.9 -999.9 -999.9 -999.9 -999.9 -999.9 -999.9 -999.9 -999.9 -999.9 -999.9 -999.9 -999.9 0.0 0.0 0.0 0.0 0.0 0.0 -999.9 -999.9 -999.9 -999.9 -999.9 SGB/CPRM_-_Guaporé_(525_m) -999.9 -999.9 -999.9 -999.9 -999.9 -999.9 -999.9 -999.9 Brasil SGB/CPRM -999.9 0.0 0.0 -999.9 0 0 0 0 0 0.08 0.08 0.08
-28.84444 -51.87916 02851044 2026-08-08_07:15 -999.9 -999.9 -999.9 -999.9 -999.9 -999.9 -999.9 -999.9 -999.9 -999.9 -999.9 -999.9 -999.9 -999.9 -999.9 -999.9 0.0 0.0 0.0 0.0 0.0 0.0 -999.9 -999.9 -999.9 -999.9 -999.9 SGB/CPRM_-_Guaporé_(525_m) -999.9 -999.9 -999.9 -999.9 -999.9 -999.9 -999.9 -999.9 Brasil SGB/CPRM -999.9 0.0 0.0 -999.9 0 0 0 0 0 0.08 0.08 0.08
-28.84444 -51.87916 02851044 2026-08-08_07:30 -999.9 -999.9 -999.9 -999.9 -999.9 -999.9 -999.9 -999.9 -999.9 -999.9 -999.9 -999.9 -999.9 -999.9 -999.9 -999.9 0.0 0.0 0.0 0.0 0.0 0.0 -999.9 -999.9 -999.9 -999.9 -999.9 SGB/CPRM_-_Guaporé_(525_m) -999.9 -999.9 -999.9 -999.9 -999.9 -999.9 -999.9 -999.9 Brasil SGB/CPRM -999.9 0.0 0.0 -999.9 0 0 0 0 0 0.08 0.08 0.08
-28.84444 -51.87916 02851044 2026-08-08_07:45 -999.9 -999.9 -999.9 -999.9 -999.9 -999.9 -999.9 -999.9 -999.9 -999.9 -999.9 -999.9 -999.9 -999.9 -999.9 -999.9 0.0 0.0 0.0 0.0 0.0 0.0 -999.9 -999.9 -999.9 -999.9 -999.9 SGB/CPRM_-_Guaporé_(525_m) -999.9 -999.9 -999.9 -999.9 -999.9 -999.9 -999.9 -999.9 Brasil SGB/CPRM -999.9 0.0 0.0 -999.9 0 0 0 0 0 0.08 0.08 0.08
-28.84444 -51.87916 02851044 2026-08-08_08:00 -999.9 -999.9 -999.9 -999.9 -999.9 -999.9 -999.9 -999.9 -999.9 -999.9 -999.9 -999.9 -999.9 -999.9 -999.9 -999.9 0.0 0.0 0.0 0.0 0.0 0.0 -999.9 -999.9 -999.9 -999.9 -999.9 SGB/CPRM_-_Guaporé_(525_m) -999.9 -999.9 -999.9 -999.9 -999.9 -999.9 -999.9 -999.9 Brasil SGB/CPRM -999.9 0.0 0.0 -999.9 0 0 0 0 0 0.08 0.08 0.08
-28.84444 -51.87916 02851044 2026-08-08_08:15 -999.9 -999.9 -999.9 -999.9 -999.9 -999.9 -999.9 -999.9 -999.9 -999.9 -999.9 -999.9 -999.9 -999.9 -999.9 -999.9 0.0 0.0 0.0 0.0 0.0 0.0 -999.9 -999.9 -999.9 -999.9 -999.9 SGB/CPRM_-_Guaporé_(525_m) -999.9 -999.9 -999.9 -999.9 -999.9 -999.9 -999.9 -999.9 Brasil SGB/CPRM -999.9 0.0 0.0 -999.9 0 0 0 0 0 0.08 0.08 0.08
-28.84444 -51.87916 02851044 2026-08-08_08:30 -999.9 -999.9 -999.9 -999.9 -999.9 -999.9 -999.9 -999.9 -999.9 -999.9 -999.9 -999.9 -999.9 -999.9 -999.9 -999.9 0.0 0.0 0.0 0.0 0.0 0.0 -999.9 -999.9 -999.9 -999.9 -999.9 SGB/CPRM_-_Guaporé_(525_m) -999.9 -999.9 -999.9 -999.9 -999.9 -999.9 -999.9 -999.9 Brasil SGB/CPRM -999.9 0.0 0.0 -999.9 0 0 0 0 0 0.08 0.08 0.08
-28.84444 -51.87916 02851044 2026-08-08_08:45 -999.9 -999.9 -999.9 -999.9 -999.9 -999.9 -999.9 -999.9 -999.9 -999.9 -999.9 -999.9 -999.9 -999.9 -999.9 -999.9 0.0 0.0 0.0 0.0 0.0 0.0 -999.9 -999.9 -999.9 -999.9 -999.9 SGB/CPRM_-_Guaporé_(525_m) -999.9 -999.9 -999.9 -999.9 -999.9 -999.9 -999.9 -999.9 Brasil SGB/CPRM -999.9 0.0 0.0 -999.9 0 0 0 0 0 0.08 0.08 0.08
-28.84444 -51.87916 02851044 2026-08-08_09:00 -999.9 -999.9 -999.9 -999.9 -999.9 -999.9 -999.9 -999.9 -999.9 -999.9 -999.9 -999.9 -999.9 -999.9 -999.9 -999.9 0.0 0.0 0.0 0.0 0.0 0.0 -999.9 -999.9 -999.9 -999.9 -999.9 SGB/CPRM_-_Guaporé_(525_m) -999.9 -999.9 -999.9 -999.9 -999.9 -999.9 -999.9 -999.9 Brasil SGB/CPRM -999.9 0.0 0.0 -999.9 0 0 0 0 0 0.08 0.08 0.08
-28.84444 -51.87916 02851044 2026-08-08_09:15 -999.9 -999.9 -999.9 -999.9 -999.9 -999.9 -999.9 -999.9 -999.9 -999.9 -999.9 -999.9 -999.9 -999.9 -999.9 -999.9 0.0 0.0 0.0 0.0 0.0 0.0 -999.9 -999.9 -999.9 -999.9 -999.9 SGB/CPRM_-_Guaporé_(525_m) -999.9 -999.9 -999.9 -999.9 -999.9 -999.9 -999.9 -999.9 Brasil SGB/CPRM -999.9 0.0 0.0 -999.9 0 0 0 0 0 0.08 0.08 0.08
-28.84444 -51.87916 02851044 2026-08-08_09:30 -999.9 -999.9 -999.9 -999.9 -999.9 -999.9 -999.9 -999.9 -999.9 -999.9 -999.9 -999.9 -999.9 -999.9 -999.9 -999.9 0.0 0.0 0.0 0.0 0.0 0.0 -999.9 -999.9 -999.9 -999.9 -999.9 SGB/CPRM_-_Guaporé_(525_m) -999.9 -999.9 -999.9 -999.9 -999.9 -999.9 -999.9 -999.9 Brasil SGB/CPRM -999.9 0.0 0.0 -999.9 0 0 0 0 0 0.08 0.08 0.08
-28.84444 -51.87916 02851044 2026-08-08_09:45 -999.9 -999.9 -999.9 -999.9 -999.9 -999.9 -999.9 -999.9 -999.9 -999.9 -999.9 -999.9 -999.9 -999.9 -999.9 -999.9 0.0 0.0 0.0 0.0 0.0 0.0 -999.9 -999.9 -999.9 -999.9 -999.9 SGB/CPRM_-_Guaporé_(525_m) -999.9 -999.9 -999.9 -999.9 -999.9 -999.9 -999.9 -999.9 Brasil SGB/CPRM -999.9 0.0 0.0 -999.9 0 0 0 0 0 0.08 0.08 0.08
-28.84444 -51.87916 02851044 2026-08-08_10:00 -999.9 -999.9 -999.9 -999.9 -999.9 -999.9 -999.9 -999.9 -999.9 -999.9 -999.9 -999.9 -999.9 -999.9 -999.9 -999.9 0.0 0.0 0.0 0.0 0.0 0.0 -999.9 -999.9 -999.9 -999.9 -999.9 SGB/CPRM_-_Guaporé_(525_m) -999.9 -999.9 -999.9 -999.9 -999.9 -999.9 -999.9 -999.9 Brasil SGB/CPRM -999.9 0.0 0.0 -999.9 0 0 0 0 0 0.08 0.08 0.08
-28.84444 -51.87916 02851044 2026-08-08_10:15 -999.9 -999.9 -999.9 -999.9 -999.9 -999.9 -999.9 -999.9 -999.9 -999.9 -999.9 -999.9 -999.9 -999.9 -999.9 -999.9 0.0 0.0 0.0 0.0 0.0 0.0 -999.9 -999.9 -999.9 -999.9 -999.9 SGB/CPRM_-_Guaporé_(525_m) -999.9 -999.9 -999.9 -999.9 -999.9 -999.9 -999.9 -999.9 Brasil SGB/CPRM -999.9 0.0 0.0 -999.9 0 0 0 0 0 0.08 0.08 0.08
-28.84444 -51.87916 02851044 2026-08-08_10:30 -999.9 -999.9 -999.9 -999.9 -999.9 -999.9 -999.9 -999.9 -999.9 -999.9 -999.9 -999.9 -999.9 -999.9 -999.9 -999.9 0.0 0.0 0.0 0.0 0.0 0.0 -999.9 -999.9 -999.9 -999.9 -999.9 SGB/CPRM_-_Guaporé_(525_m) -999.9 -999.9 -999.9 -999.9 -999.9 -999.9 -999.9 -999.9 Brasil SGB/CPRM -999.9 0.0 0.0 -999.9 0 0 0 0 0 0.08 0.08 0.08
-28.84444 -51.87916 02851044 2026-08-08_10:45 -999.9 -999.9 -999.9 -999.9 -999.9 -999.9 -999.9 -999.9 -999.9 -999.9 -999.9 -999.9 -999.9 -999.9 -999.9 -999.9 0.0 0.0 0.0 0.0 0.0 0.0 -999.9 -999.9 -999.9 -999.9 -999.9 SGB/CPRM_-_Guaporé_(525_m) -999.9 -999.9 -999.9 -999.9 -999.9 -999.9 -999.9 -999.9 Brasil SGB/CPRM -999.9 0.0 0.0 -999.9 0 0 0 0 0 0.08 0.08 0.08
-28.84444 -51.87916 02851044 2026-08-08_11:00 -999.9 -999.9 -999.9 -999.9 -999.9 -999.9 -999.9 -999.9 -999.9 -999.9 -999.9 -999.9 -999.9 -999.9 -999.9 -999.9 0.0 0.0 0.0 0.0 0.0 0.0 -999.9 -999.9 -999.9 -999.9 -999.9 SGB/CPRM_-_Guaporé_(525_m) -999.9 -999.9 -999.9 -999.9 -999.9 -999.9 -999.9 -999.9 Brasil SGB/CPRM -999.9 0.0 0.0 -999.9 0 0 0 0 0 0.08 0.08 0.08
-28.84444 -51.87916 02851044 2026-08-08_11:15 -999.9 -999.9 -999.9 -999.9 -999.9 -999.9 -999.9 -999.9 -999.9 -999.9 -999.9 -999.9 -999.9 -999.9 -999.9 -999.9 0.0 0.0 0.0 0.0 0.0 0.0 -999.9 -999.9 -999.9 -999.9 -999.9 SGB/CPRM_-_Guaporé_(525_m) -999.9 -999.9 -999.9 -999.9 -999.9 -999.9 -999.9 -999.9 Brasil SGB/CPRM -999.9 0.0 0.0 -999.9 0 0 0 0 0 0.08 0.08 0.08
-28.84444 -51.87916 02851044 2026-08-08_11:30 -999.9 -999.9 -999.9 -999.9 -999.9 -999.9 -999.9 -999.9 -999.9 -999.9 -999.9 -999.9 -999.9 -999.9 -999.9 -999.9 0.0 0.0 0.0 0.0 0.0 0.0 -999.9 -999.9 -999.9 -999.9 -999.9 SGB/CPRM_-_Guaporé_(525_m) -999.9 -999.9 -999.9 -999.9 -999.9 -999.9 -999.9 -999.9 Brasil SGB/CPRM -999.9 0.0 0.0 -999.9 0 0 0 0 0 0.08 0.08 0.08
-28.84444 -51.87916 02851044 2026-08-08_11:45 -999.9 -999.9 -999.9 -999.9 -999.9 -999.9 -999.9 -999.9 -999.9 -999.9 -999.9 -999.9 -999.9 -999.9 -999.9 -999.9 0.0 0.0 0.0 0.0 0.0 0.0 -999.9 -999.9 -999.9 -999.9 -999.9 SGB/CPRM_-_Guaporé_(525_m) -999.9 -999.9 -999.9 -999.9 -999.9 -999.9 -999.9 -999.9 Brasil SGB/CPRM -999.9 0.0 0.0 -999.9 0 0 0 0 0 0.08 0.08 0.08
-28.84444 -51.87916 02851044 2026-08-08_12:00 -999.9 -999.9 -999.9 -999.9 -999.9 -999.9 -999.9 -999.9 -999.9 -999.9 -999.9 -999.9 -999.9 -999.9 -999.9 -999.9 0.0 0.0 0.0 0.0 0.0 0.0 -999.9 -999.9 -999.9 -999.9 -999.9 SGB/CPRM_-_Guaporé_(525_m) -999.9 -999.9 -999.9 -999.9 -999.9 -999.9 -999.9 -999.9 Brasil SGB/CPRM -999.9 0.0 0.0 -999.9 0 0 0 0 0 0.08 0.08 0.08
-28.84444 -51.87916 02851044 2026-08-08_12:15 -999.9 -999.9 -999.9 -999.9 -999.9 -999.9 -999.9 -999.9 -999.9 -999.9 -999.9 -999.9 -999.9 -999.9 -999.9 -999.9 0.0 0.0 0.0 0.0 0.0 0.0 -999.9 -999.9 -999.9 -999.9 -999.9 SGB/CPRM_-_Guaporé_(525_m) -999.9 -999.9 -999.9 -999.9 -999.9 -999.9 -999.9 -999.9 Brasil SGB/CPRM -999.9 0.0 0.0 -999.9 0 0 0 0 0 0.08 0.08 0.08
-28.84444 -51.87916 02851044 2026-08-08_12:30 -999.9 -999.9 -999.9 -999.9 -999.9 -999.9 -999.9 -999.9 -999.9 -999.9 -999.9 -999.9 -999.9 -999.9 -999.9 -999.9 0.0 0.0 0.0 0.0 0.0 0.0 -999.9 -999.9 -999.9 -999.9 -999.9 SGB/CPRM_-_Guaporé_(525_m) -999.9 -999.9 -999.9 -999.9 -999.9 -999.9 -999.9 -999.9 Brasil SGB/CPRM -999.9 0.0 0.0 -999.9 0 0 0 0 0 0.08 0.08 0.08
-28.84444 -51.87916 02851044 2026-08-08_12:45 -999.9 -999.9 -999.9 -999.9 -999.9 -999.9 -999.9 -999.9 -999.9 -999.9 -999.9 -999.9 -999.9 -999.9 -999.9 -999.9 0.0 0.0 0.0 0.0 0.0 0.0 -999.9 -999.9 -999.9 -999.9 -999.9 SGB/CPRM_-_Guaporé_(525_m) -999.9 -999.9 -999.9 -999.9 -999.9 -999.9 -999.9 -999.9 Brasil SGB/CPRM -999.9 0.0 0.0 -999.9 0 0 0 0 0 0.08 0.08 0.08
-28.84444 -51.87916 02851044 2026-08-08_13:00 -999.9 -999.9 -999.9 -999.9 -999.9 -999.9 -999.9 -999.9 -999.9 -999.9 -999.9 -999.9 -999.9 -999.9 -999.9 -999.9 0.0 0.0 0.0 0.0 0.0 0.0 -999.9 -999.9 -999.9 -999.9 -999.9 SGB/CPRM_-_Guaporé_(525_m) -999.9 -999.9 -999.9 -999.9 -999.9 -999.9 -999.9 -999.9 Brasil SGB/CPRM -999.9 0.0 0.0 -999.9 0 0 0 0 0 0.08 0.08 0.08
-28.84444 -51.87916 02851044 2026-08-08_13:15 -999.9 -999.9 -999.9 -999.9 -999.9 -999.9 -999.9 -999.9 -999.9 -999.9 -999.9 -999.9 -999.9 -999.9 -999.9 -999.9 0.0 0.0 0.0 0.0 0.0 0.0 -999.9 -999.9 -999.9 -999.9 -999.9 SGB/CPRM_-_Guaporé_(525_m) -999.9 -999.9 -999.9 -999.9 -999.9 -999.9 -999.9 -999.9 Brasil SGB/CPRM -999.9 0.0 0.0 -999.9 0 0 0 0 0 0.08 0.08 0.08
-28.84444 -51.87916 02851044 2026-08-08_13:30 -999.9 -999.9 -999.9 -999.9 -999.9 -999.9 -999.9 -999.9 -999.9 -999.9 -999.9 -999.9 -999.9 -999.9 -999.9 -999.9 0.0 0.0 0.0 0.0 0.0 0.0 -999.9 -999.9 -999.9 -999.9 -999.9 SGB/CPRM_-_Guaporé_(525_m) -999.9 -999.9 -999.9 -999.9 -999.9 -999.9 -999.9 -999.9 Brasil SGB/CPRM -999.9 0.0 0.0 -999.9 0 0 0 0 0 0.08 0.08 0.08
-28.84444 -51.87916 02851044 2026-08-08_13:45 -999.9 -999.9 -999.9 -999.9 -999.9 -999.9 -999.9 -999.9 -999.9 -999.9 -999.9 -999.9 -999.9 -999.9 -999.9 -999.9 0.0 0.0 0.0 0.0 0.0 0.0 -999.9 -999.9 -999.9 -999.9 -999.9 SGB/CPRM_-_Guaporé_(525_m) -999.9 -999.9 -999.9 -999.9 -999.9 -999.9 -999.9 -999.9 Brasil SGB/CPRM -999.9 0.0 0.0 0 0 0 0 0 0 0.08 0.08 0.08
-28.84444 -51.87916 02851044 2026-08-08_14:00 -999.9 -999.9 -999.9 -999.9 -999.9 -999.9 -999.9 -999.9 -999.9 -999.9 -999.9 -999.9 -999.9 -999.9 -999.9 -999.9 0.0 0.0 0.0 0.0 0.0 0.0 -999.9 -999.9 -999.9 -999.9 -999.9 SGB/CPRM_-_Guaporé_(525_m) -999.9 -999.9 -999.9 -999.9 -999.9 -999.9 -999.9 -999.9 Brasil SGB/CPRM -999.9 0.0 0.0 0 0 0 0 0 0 0.08 0.08 0.08
-28.84444 -51.87916 02851044 2026-08-08_14:15 -999.9 -999.9 -999.9 -999.9 -999.9 -999.9 -999.9 -999.9 -999.9 -999.9 -999.9 -999.9 -999.9 -999.9 -999.9 -999.9 0.0 0.0 0.0 0.0 0.0 0.0 -999.9 -999.9 -999.9 -999.9 -999.9 SGB/CPRM_-_Guaporé_(525_m) -999.9 -999.9 -999.9 -999.9 -999.9 -999.9 -999.9 -999.9 Brasil SGB/CPRM -999.9 0.0 0.0 -999.9 0 0 0 0 0 0.08 0.08 0.08
-28.84444 -51.87916 02851044 2026-08-08_14:30 -999.9 -999.9 -999.9 -999.9 -999.9 -999.9 -999.9 -999.9 -999.9 -999.9 -999.9 -999.9 -999.9 -999.9 -999.9 -999.9 0.0 0.0 0.0 0.0 0.0 0.0 -999.9 -999.9 -999.9 -999.9 -999.9 SGB/CPRM_-_Guaporé_(525_m) -999.9 -999.9 -999.9 -999.9 -999.9 -999.9 -999.9 -999.9 Brasil SGB/CPRM -999.9 0.0 0.0 -999.9 0 0 0 0 0 0.08 0.08 0.08
-28.84444 -51.87916 02851044 2026-08-08_14:45 -999.9 -999.9 -999.9 -999.9 -999.9 -999.9 -999.9 -999.9 -999.9 -999.9 -999.9 -999.9 -999.9 -999.9 -999.9 -999.9 0.0 0.0 0.0 0.0 0.0 0.0 -999.9 -999.9 -999.9 -999.9 -999.9 SGB/CPRM_-_Guaporé_(525_m) -999.9 -999.9 -999.9 -999.9 -999.9 -999.9 -999.9 -999.9 Brasil SGB/CPRM -999.9 0.0 0.0 -999.9 0 0 0 0 0 0.08 0.08 0.08
-28.84444 -51.87916 02851044 2026-08-08_15:00 -999.9 -999.9 -999.9 -999.9 -999.9 -999.9 -999.9 -999.9 -999.9 -999.9 -999.9 -999.9 -999.9 -999.9 -999.9 -999.9 0.0 0.0 0.0 0.0 0.0 0.0 -999.9 -999.9 -999.9 -999.9 -999.9 SGB/CPRM_-_Guaporé_(525_m) -999.9 -999.9 -999.9 -999.9 -999.9 -999.9 -999.9 -999.9 Brasil SGB/CPRM -999.9 0.0 0.0 -999.9 0 0 0 0 0 0.08 0.08 0.08
-28.84444 -51.87916 02851044 2026-08-08_15:15 -999.9 -999.9 -999.9 -999.9 -999.9 -999.9 -999.9 -999.9 -999.9 -999.9 -999.9 -999.9 -999.9 -999.9 -999.9 -999.9 0.0 0.0 0.0 0.0 0.0 0.0 -999.9 -999.9 -999.9 -999.9 -999.9 SGB/CPRM_-_Guaporé_(525_m) -999.9 -999.9 -999.9 -999.9 -999.9 -999.9 -999.9 -999.9 Brasil SGB/CPRM -999.9 0.0 0.0 -999.9 0 0 0 0 0 0.08 0.08 0.08
-28.84444 -51.87916 02851044 2026-08-08_15:30 -999.9 -999.9 -999.9 -999.9 -999.9 -999.9 -999.9 -999.9 -999.9 -999.9 -999.9 -999.9 -999.9 -999.9 -999.9 -999.9 0.0 0.0 0.0 0.0 0.0 0.0 -999.9 -999.9 -999.9 -999.9 -999.9 SGB/CPRM_-_Guaporé_(525_m) -999.9 -999.9 -999.9 -999.9 -999.9 -999.9 -999.9 -999.9 Brasil SGB/CPRM -999.9 0.0 0.0 -999.9 0 0 0 0 0 0.08 0.08 0.08
-28.84444 -51.87916 02851044 2026-08-08_15:45 -999.9 -999.9 -999.9 -999.9 -999.9 -999.9 -999.9 -999.9 -999.9 -999.9 -999.9 -999.9 -999.9 -999.9 -999.9 -999.9 0.0 0.0 0.0 0.0 0.0 0.0 -999.9 -999.9 -999.9 -999.9 -999.9 SGB/CPRM_-_Guaporé_(525_m) -999.9 -999.9 -999.9 -999.9 -999.9 -999.9 -999.9 -999.9 Brasil SGB/CPRM -999.9 0.0 0.0 -999.9 0 0 0 0 0 0.08 0.08 0.08
-28.84444 -51.87916 02851044 2026-08-08_16:00 -999.9 -999.9 -999.9 -999.9 -999.9 -999.9 -999.9 -999.9 -999.9 -999.9 -999.9 -999.9 -999.9 -999.9 -999.9 -999.9 0.0 0.0 0.0 0.0 0.0 0.0 -999.9 -999.9 -999.9 -999.9 -999.9 SGB/CPRM_-_Guaporé_(525_m) -999.9 -999.9 -999.9 -999.9 -999.9 -999.9 -999.9 -999.9 Brasil SGB/CPRM -999.9 0.0 0.0 -999.9 0 0 0 0 0 0.08 0.08 0.08
-28.84444 -51.87916 02851044 2026-08-08_16:15 -999.9 -999.9 -999.9 -999.9 -999.9 -999.9 -999.9 -999.9 -999.9 -999.9 -999.9 -999.9 -999.9 -999.9 -999.9 -999.9 0.0 0.0 0.0 0.0 0.0 0.0 -999.9 -999.9 -999.9 -999.9 -999.9 SGB/CPRM_-_Guaporé_(525_m) -999.9 -999.9 -999.9 -999.9 -999.9 -999.9 -999.9 -999.9 Brasil SGB/CPRM -999.9 0.0 0.0 -999.9 0 0 0 0 0 0.08 0.08 0.08
-28.84444 -51.87916 02851044 2026-08-08_16:30 -999.9 -999.9 -999.9 -999.9 -999.9 -999.9 -999.9 -999.9 -999.9 -999.9 -999.9 -999.9 -999.9 -999.9 -999.9 -999.9 0.0 0.0 0.0 0.0 0.0 0.0 -999.9 -999.9 -999.9 -999.9 -999.9 SGB/CPRM_-_Guaporé_(525_m) -999.9 -999.9 -999.9 -999.9 -999.9 -999.9 -999.9 -999.9 Brasil SGB/CPRM -999.9 0.0 0.0 -999.9 0 0 0 0 0 0.08 0.08 0.08
-28.84444 -51.87916 02851044 2026-08-08_16:45 -999.9 -999.9 -999.9 -999.9 -999.9 -999.9 -999.9 -999.9 -999.9 -999.9 -999.9 -999.9 -999.9 -999.9 -999.9 -999.9 0.0 0.0 0.0 0.0 0.0 0.0 -999.9 -999.9 -999.9 -999.9 -999.9 SGB/CPRM_-_Guaporé_(525_m) -999.9 -999.9 -999.9 -999.9 -999.9 -999.9 -999.9 -999.9 Brasil SGB/CPRM -999.9 0.0 0.0 -999.9 0 0 0 0 0 0.08 0.08 0.08
-28.84444 -51.87916 02851044 2026-08-08_17:00 -999.9 -999.9 -999.9 -999.9 -999.9 -999.9 -999.9 -999.9 -999.9 -999.9 -999.9 -999.9 -999.9 -999.9 -999.9 -999.9 0.0 0.0 0.0 0.0 0.0 0.0 -999.9 -999.9 -999.9 -999.9 -999.9 SGB/CPRM_-_Guaporé_(525_m) -999.9 -999.9 -999.9 -999.9 -999.9 -999.9 -999.9 -999.9 Brasil SGB/CPRM -999.9 0.0 0.0 -999.9 0 0 0 0 0 0.08 0.08 0.08
-28.84444 -51.87916 02851044 2026-08-08_17:15 -999.9 -999.9 -999.9 -999.9 -999.9 -999.9 -999.9 -999.9 -999.9 -999.9 -999.9 -999.9 -999.9 -999.9 -999.9 -999.9 0.0 0.0 0.0 0.0 0.0 0.0 -999.9 -999.9 -999.9 -999.9 -999.9 SGB/CPRM_-_Guaporé_(525_m) -999.9 -999.9 -999.9 -999.9 -999.9 -999.9 -999.9 -999.9 Brasil SGB/CPRM -999.9 0.0 0.0 -999.9 0 0 0 0 0 0.08 0.08 0.08
-28.84444 -51.87916 02851044 2026-08-08_17:30 -999.9 -999.9 -999.9 -999.9 -999.9 -999.9 -999.9 -999.9 -999.9 -999.9 -999.9 -999.9 -999.9 -999.9 -999.9 -999.9 0.0 0.0 0.0 0.0 0.0 0.0 -999.9 -999.9 -999.9 -999.9 -999.9 SGB/CPRM_-_Guaporé_(525_m) -999.9 -999.9 -999.9 -999.9 -999.9 -999.9 -999.9 -999.9 Brasil SGB/CPRM -999.9 0.0 0.0 -999.9 0 0 0 0 0 0.08 0.08 0.08
-28.84444 -51.87916 02851044 2026-08-08_17:45 -999.9 -999.9 -999.9 -999.9 -999.9 -999.9 -999.9 -999.9 -999.9 -999.9 -999.9 -999.9 -999.9 -999.9 -999.9 -999.9 0.0 0.0 0.0 0.0 0.0 0.0 -999.9 -999.9 -999.9 -999.9 -999.9 SGB/CPRM_-_Guaporé_(525_m) -999.9 -999.9 -999.9 -999.9 -999.9 -999.9 -999.9 -999.9 Brasil SGB/CPRM -999.9 0.0 0.0 -999.9 0 0 0 0 0 0.08 0.08 0.08
-28.84444 -51.87916 02851044 2026-08-08_18:00 -999.9 -999.9 -999.9 -999.9 -999.9 -999.9 -999.9 -999.9 -999.9 -999.9 -999.9 -999.9 -999.9 -999.9 -999.9 -999.9 0.0 0.0 0.0 0.0 0.0 0.0 -999.9 -999.9 -999.9 -999.9 -999.9 SGB/CPRM_-_Guaporé_(525_m) -999.9 -999.9 -999.9 -999.9 -999.9 -999.9 -999.9 -999.9 Brasil SGB/CPRM -999.9 0.0 0.0 -999.9 0 0 0 0 0 0.08 0.08 0.08
-28.84444 -51.87916 02851044 2026-08-08_18:15 -999.9 -999.9 -999.9 -999.9 -999.9 -999.9 -999.9 -999.9 -999.9 -999.9 -999.9 -999.9 -999.9 -999.9 -999.9 -999.9 0.0 0.0 0.0 0.0 0.0 0.0 -999.9 -999.9 -999.9 -999.9 -999.9 SGB/CPRM_-_Guaporé_(525_m) -999.9 -999.9 -999.9 -999.9 -999.9 -999.9 -999.9 -999.9 Brasil SGB/CPRM -999.9 0.0 0.0 -999.9 0 0 0 0 0 0.08 0.08 0.08
-28.84444 -51.87916 02851044 2026-08-08_18:30 -999.9 -999.9 -999.9 -999.9 -999.9 -999.9 -999.9 -999.9 -999.9 -999.9 -999.9 -999.9 -999.9 -999.9 -999.9 -999.9 0.0 0.0 0.0 0.0 0.0 0.0 -999.9 -999.9 -999.9 -999.9 -999.9 SGB/CPRM_-_Guaporé_(525_m) -999.9 -999.9 -999.9 -999.9 -999.9 -999.9 -999.9 -999.9 Brasil SGB/CPRM -999.9 0.0 0.0 -999.9 0 0 0 0 0 0.08 0.08 0.08
-28.84444 -51.87916 02851044 2026-08-08_18:45 -999.9 -999.9 -999.9 -999.9 -999.9 -999.9 -999.9 -999.9 -999.9 -999.9 -999.9 -999.9 -999.9 -999.9 -999.9 -999.9 0.0 0.0 0.0 0.0 0.0 0.0 -999.9 -999.9 -999.9 -999.9 -999.9 SGB/CPRM_-_Guaporé_(525_m) -999.9 -999.9 -999.9 -999.9 -999.9 -999.9 -999.9 -999.9 Brasil SGB/CPRM -999.9 0.0 0.0 -999.9 0 0 0 0 0 0.08 0.08 0.08
-28.84444 -51.87916 02851044 2026-08-08_19:00 -999.9 -999.9 -999.9 -999.9 -999.9 -999.9 -999.9 -999.9 -999.9 -999.9 -999.9 -999.9 -999.9 -999.9 -999.9 -999.9 0.0 0.0 0.0 0.0 0.0 0.0 -999.9 -999.9 -999.9 -999.9 -999.9 SGB/CPRM_-_Guaporé_(525_m) -999.9 -999.9 -999.9 -999.9 -999.9 -999.9 -999.9 -999.9 Brasil SGB/CPRM -999.9 0.0 0.0 -999.9 0 0 0 0 0 0.08 0.08 0.08
-28.84444 -51.87916 02851044 2026-08-08_19:15 -999.9 -999.9 -999.9 -999.9 -999.9 -999.9 -999.9 -999.9 -999.9 -999.9 -999.9 -999.9 -999.9 -999.9 -999.9 -999.9 0.0 0.0 0.0 0.0 0.0 0.0 -999.9 -999.9 -999.9 -999.9 -999.9 SGB/CPRM_-_Guaporé_(525_m) -999.9 -999.9 -999.9 -999.9 -999.9 -999.9 -999.9 -999.9 Brasil SGB/CPRM -999.9 0.0 0.0 -999.9 0 0 0 0 0 0.08 0.08 0.08
-28.84444 -51.87916 02851044 2026-08-08_19:30 -999.9 -999.9 -999.9 -999.9 -999.9 -999.9 -999.9 -999.9 -999.9 -999.9 -999.9 -999.9 -999.9 -999.9 -999.9 -999.9 0.0 0.0 0.0 0.0 0.0 0.0 -999.9 -999.9 -999.9 -999.9 -999.9 SGB/CPRM_-_Guaporé_(525_m) -999.9 -999.9 -999.9 -999.9 -999.9 -999.9 -999.9 -999.9 Brasil SGB/CPRM -999.9 0.0 0.0 -999.9 0 0 0 0 0 0.08 0.08 0.08
-28.84444 -51.87916 02851044 2026-08-08_19:45 -999.9 -999.9 -999.9 -999.9 -999.9 -999.9 -999.9 -999.9 -999.9 -999.9 -999.9 -999.9 -999.9 -999.9 -999.9 -999.9 0.0 0.0 0.0 0.0 0.0 0.0 -999.9 -999.9 -999.9 -999.9 -999.9 SGB/CPRM_-_Guaporé_(525_m) -999.9 -999.9 -999.9 -999.9 -999.9 -999.9 -999.9 -999.9 Brasil SGB/CPRM -999.9 0.0 0.0 -999.9 0 0 0 0 0 0.08 0.08 0.08
-28.84444 -51.87916 02851044 2026-08-08_20:00 -999.9 -999.9 -999.9 -999.9 -999.9 -999.9 -999.9 -999.9 -999.9 -999.9 -999.9 -999.9 -999.9 -999.9 -999.9 -999.9 0.0 0.0 0.0 0.0 0.0 0.0 -999.9 -999.9 -999.9 -999.9 -999.9 SGB/CPRM_-_Guaporé_(525_m) -999.9 -999.9 -999.9 -999.9 -999.9 -999.9 -999.9 -999.9 Brasil SGB/CPRM -999.9 0.0 0.0 -999.9 0 0 0 0 0 0.08 0.08 0.08
-28.84444 -51.87916 02851044 2026-08-08_20:15 -999.9 -999.9 -999.9 -999.9 -999.9 -999.9 -999.9 -999.9 -999.9 -999.9 -999.9 -999.9 -999.9 -999.9 -999.9 -999.9 0.0 0.0 0.0 0.0 0.0 0.0 -999.9 -999.9 -999.9 -999.9 -999.9 SGB/CPRM_-_Guaporé_(525_m) -999.9 -999.9 -999.9 -999.9 -999.9 -999.9 -999.9 -999.9 Brasil SGB/CPRM -999.9 0.0 0.0 -999.9 0 0 0 0 0 0.08 0.08 0.08
-28.84444 -51.87916 02851044 2026-08-08_20:30 -999.9 -999.9 -999.9 -999.9 -999.9 -999.9 -999.9 -999.9 -999.9 -999.9 -999.9 -999.9 -999.9 -999.9 -999.9 -999.9 0.0 0.0 0.0 0.0 0.0 0.0 -999.9 -999.9 -999.9 -999.9 -999.9 SGB/CPRM_-_Guaporé_(525_m) -999.9 -999.9 -999.9 -999.9 -999.9 -999.9 -999.9 -999.9 Brasil SGB/CPRM -999.9 0.0 0.0 -999.9 0 0 0 0 0 0.08 0.08 0.08
-28.84444 -51.87916 02851044 2026-08-08_20:45 -999.9 -999.9 -999.9 -999.9 -999.9 -999.9 -999.9 -999.9 -999.9 -999.9 -999.9 -999.9 -999.9 -999.9 -999.9 -999.9 0.0 0.0 0.0 0.0 0.0 0.0 -999.9 -999.9 -999.9 -999.9 -999.9 SGB/CPRM_-_Guaporé_(525_m) -999.9 -999.9 -999.9 -999.9 -999.9 -999.9 -999.9 -999.9 Brasil SGB/CPRM -999.9 0.0 0.0 -999.9 0 0 0 0 0 0.08 0.08 0.08
-28.84444 -51.87916 02851044 2026-08-08_21:00 -999.9 -999.9 -999.9 -999.9 -999.9 -999.9 -999.9 -999.9 -999.9 -999.9 -999.9 -999.9 -999.9 -999.9 -999.9 -999.9 0.0 0.0 0.0 0.0 0.0 0.0 -999.9 -999.9 -999.9 -999.9 -999.9 SGB/CPRM_-_Guaporé_(525_m) -999.9 -999.9 -999.9 -999.9 -999.9 -999.9 -999.9 -999.9 Brasil SGB/CPRM -999.9 0.0 0.0 -999.9 0 0 0 0 0 0.08 0.08 0.08
-28.84444 -51.87916 02851044 2026-08-08_21:15 -999.9 -999.9 -999.9 -999.9 -999.9 -999.9 -999.9 -999.9 -999.9 -999.9 -999.9 -999.9 -999.9 -999.9 -999.9 -999.9 0.0 0.0 0.0 0.0 0.0 0.0 -999.9 -999.9 -999.9 -999.9 -999.9 SGB/CPRM_-_Guaporé_(525_m) -999.9 -999.9 -999.9 -999.9 -999.9 -999.9 -999.9 -999.9 Brasil SGB/CPRM -999.9 0.0 0.0 -999.9 0 0 0 0 0 0.08 0.08 0.08
-28.84444 -51.87916 02851044 2026-08-08_21:30 -999.9 -999.9 -999.9 -999.9 -999.9 -999.9 -999.9 -999.9 -999.9 -999.9 -999.9 -999.9 -999.9 -999.9 -999.9 -999.9 0.0 0.0 0.0 0.0 0.0 0.0 -999.9 -999.9 -999.9 -999.9 -999.9 SGB/CPRM_-_Guaporé_(525_m) -999.9 -999.9 -999.9 -999.9 -999.9 -999.9 -999.9 -999.9 Brasil SGB/CPRM -999.9 0.0 0.0 -999.9 0 0 0 0 0 0.08 0.08 0.08
-28.84444 -51.87916 02851044 2026-08-08_21:45 -999.9 -999.9 -999.9 -999.9 -999.9 -999.9 -999.9 -999.9 -999.9 -999.9 -999.9 -999.9 -999.9 -999.9 -999.9 -999.9 0.0 0.0 0.0 0.0 0.0 0.0 -999.9 -999.9 -999.9 -999.9 -999.9 SGB/CPRM_-_Guaporé_(525_m) -999.9 -999.9 -999.9 -999.9 -999.9 -999.9 -999.9 -999.9 Brasil SGB/CPRM -999.9 0.0 0.0 -999.9 0 0 0 0 0 0.08 0.08 0.08
-28.84444 -51.87916 02851044 2026-08-08_22:00 -999.9 -999.9 -999.9 -999.9 -999.9 -999.9 -999.9 -999.9 -999.9 -999.9 -999.9 -999.9 -999.9 -999.9 -999.9 -999.9 0.0 0.0 0.0 0.0 0.0 0.0 -999.9 -999.9 -999.9 -999.9 -999.9 SGB/CPRM_-_Guaporé_(525_m) -999.9 -999.9 -999.9 -999.9 -999.9 -999.9 -999.9 -999.9 Brasil SGB/CPRM -999.9 0.0 0.0 -999.9 0 0 0 0 0 0.08 0.08 0.08
-28.84444 -51.87916 02851044 2026-08-08_22:15 -999.9 -999.9 -999.9 -999.9 -999.9 -999.9 -999.9 -999.9 -999.9 -999.9 -999.9 -999.9 -999.9 -999.9 -999.9 -999.9 0.0 0.0 0.0 0.0 0.0 0.0 -999.9 -999.9 -999.9 -999.9 -999.9 SGB/CPRM_-_Guaporé_(525_m) -999.9 -999.9 -999.9 -999.9 -999.9 -999.9 -999.9 -999.9 Brasil SGB/CPRM -999.9 0.0 0.0 -999.9 0 0 0 0 0 0.08 0.08 0.08
-28.84444 -51.87916 02851044 2026-08-08_22:30 -999.9 -999.9 -999.9 -999.9 -999.9 -999.9 -999.9 -999.9 -999.9 -999.9 -999.9 -999.9 -999.9 -999.9 -999.9 -999.9 0.0 0.0 0.0 0.0 0.0 0.0 -999.9 -999.9 -999.9 -999.9 -999.9 SGB/CPRM_-_Guaporé_(525_m) -999.9 -999.9 -999.9 -999.9 -999.9 -999.9 -999.9 -999.9 Brasil SGB/CPRM -999.9 0.0 0.0 -999.9 0 0 0 0 0 0.08 0.08 0.08
-28.84444 -51.87916 02851044 2026-08-08_22:45 -999.9 -999.9 -999.9 -999.9 -999.9 -999.9 -999.9 -999.9 -999.9 -999.9 -999.9 -999.9 -999.9 -999.9 -999.9 -999.9 0.0 0.0 0.0 0.0 0.0 0.0 -999.9 -999.9 -999.9 -999.9 -999.9 SGB/CPRM_-_Guaporé_(525_m) -999.9 -999.9 -999.9 -999.9 -999.9 -999.9 -999.9 -999.9 Brasil SGB/CPRM -999.9 0.0 0.0 -999.9 0 0 0 0 0 0.08 0.08 0.08
-28.84444 -51.87916 02851044 2026-08-08_23:00 -999.9 -999.9 -999.9 -999.9 -999.9 -999.9 -999.9 -999.9 -999.9 -999.9 -999.9 -999.9 -999.9 -999.9 -999.9 -999.9 0.0 0.0 0.0 0.0 0.0 0.0 -999.9 -999.9 -999.9 -999.9 -999.9 SGB/CPRM_-_Guaporé_(525_m) -999.9 -999.9 -999.9 -999.9 -999.9 -999.9 -999.9 -999.9 Brasil SGB/CPRM -999.9 0.0 0.0 -999.9 0 0 0 0 0 0.08 0.08 0.08
-28.84444 -51.87916 02851044 2026-08-08_23:15 -999.9 -999.9 -999.9 -999.9 -999.9 -999.9 -999.9 -999.9 -999.9 -999.9 -999.9 -999.9 -999.9 -999.9 -999.9 -999.9 0.0 0.0 0.0 0.0 0.0 0.0 -999.9 -999.9 -999.9 -999.9 -999.9 SGB/CPRM_-_Guaporé_(525_m) -999.9 -999.9 -999.9 -999.9 -999.9 -999.9 -999.9 -999.9 Brasil SGB/CPRM -999.9 0.0 0.0 -999.9 0 0 0 0 0 0.08 0.08 0.08
-28.84444 -51.87916 02851044 2026-08-08_23:30 -999.9 -999.9 -999.9 -999.9 -999.9 -999.9 -999.9 -999.9 -999.9 -999.9 -999.9 -999.9 -999.9 -999.9 -999.9 -999.9 0.0 0.0 0.0 0.0 0.0 0.0 -999.9 -999.9 -999.9 -999.9 -999.9 SGB/CPRM_-_Guaporé_(525_m) -999.9 -999.9 -999.9 -999.9 -999.9 -999.9 -999.9 -999.9 Brasil SGB/CPRM -999.9 0.0 0.0 -999.9 0 0 0 0 0 0.08 0.08 0.08
-28.84444 -51.87916 02851044 2026-08-08_23:45 -999.9 -999.9 -999.9 -999.9 -999.9 -999.9 -999.9 -999.9 -999.9 -999.9 -999.9 -999.9 -999.9 -999.9 -999.9 -999.9 0.0 0.0 0.0 0.0 0.0 0.0 -999.9 -999.9 -999.9 -999.9 -999.9 SGB/CPRM_-_Guaporé_(525_m) -999.9 -999.9 -999.9 -999.9 -999.9 -999.9 -999.9 -999.9 Brasil SGB/CPRM -999.9 0.0 0.0 -999.9 0 0 0 0 0 0.08 0.08 0.08
