-28.71022 -51.92982 8928 2026-08-15_00:30 -999.9 -999.9 -999.9 -999.9 -999.9 -999.9 -999.9 -999.9 -999.9 -999.9 -999.9 -999.9 -999.9 -999.9 -999.9 -999.9 -999.9 0.0 14.8 67.2 70.4 125.8 -999.9 -999.9 -999.9 -999.9 -999.9 CEMADEN_-_Serafina_Corrêa_-_Centro_(527_m) -999.9 -999.9 -999.9 -999.9 -999.9 -999.9 -999.9 -999.9 Rio_Grande_do_Sul CEMADEN -999.9 0.0 -999.9
-28.71022 -51.92982 8928 2026-08-15_01:30 -999.9 -999.9 -999.9 -999.9 -999.9 -999.9 -999.9 -999.9 -999.9 -999.9 -999.9 -999.9 -999.9 -999.9 -999.9 -999.9 -999.9 0.0 14.4 66.6 70.4 125.8 -999.9 -999.9 -999.9 -999.9 -999.9 CEMADEN_-_Serafina_Corrêa_-_Centro_(527_m) -999.9 -999.9 -999.9 -999.9 -999.9 -999.9 -999.9 -999.9 Rio_Grande_do_Sul CEMADEN -999.9 0.0 -999.9
-28.71022 -51.92982 8928 2026-08-15_02:30 -999.9 -999.9 -999.9 -999.9 -999.9 -999.9 -999.9 -999.9 -999.9 -999.9 -999.9 -999.9 -999.9 -999.9 -999.9 -999.9 -999.9 0.0 14.2 65.8 70.4 125.8 -999.9 -999.9 -999.9 -999.9 -999.9 CEMADEN_-_Serafina_Corrêa_-_Centro_(527_m) -999.9 -999.9 -999.9 -999.9 -999.9 -999.9 -999.9 -999.9 Rio_Grande_do_Sul CEMADEN -999.9 0.0 -999.9
-28.71022 -51.92982 8928 2026-08-15_03:30 -999.9 -999.9 -999.9 -999.9 -999.9 -999.9 -999.9 -999.9 -999.9 -999.9 -999.9 -999.9 -999.9 -999.9 -999.9 -999.9 -999.9 0.0 13.6 61.6 70.4 125.8 -999.9 -999.9 -999.9 -999.9 -999.9 CEMADEN_-_Serafina_Corrêa_-_Centro_(527_m) -999.9 -999.9 -999.9 -999.9 -999.9 -999.9 -999.9 -999.9 Rio_Grande_do_Sul CEMADEN -999.9 0.0 -999.9
-28.71022 -51.92982 8928 2026-08-15_04:30 -999.9 -999.9 -999.9 -999.9 -999.9 -999.9 -999.9 -999.9 -999.9 -999.9 -999.9 -999.9 -999.9 -999.9 -999.9 -999.9 -999.9 0.0 13.6 57.0 70.4 125.8 -999.9 -999.9 -999.9 -999.9 -999.9 CEMADEN_-_Serafina_Corrêa_-_Centro_(527_m) -999.9 -999.9 -999.9 -999.9 -999.9 -999.9 -999.9 -999.9 Rio_Grande_do_Sul CEMADEN -999.9 0.0 -999.9
-28.71022 -51.92982 8928 2026-08-15_05:30 -999.9 -999.9 -999.9 -999.9 -999.9 -999.9 -999.9 -999.9 -999.9 -999.9 -999.9 -999.9 -999.9 -999.9 -999.9 -999.9 -999.9 0.0 10.8 54.2 70.4 125.8 -999.9 -999.9 -999.9 -999.9 -999.9 CEMADEN_-_Serafina_Corrêa_-_Centro_(527_m) -999.9 -999.9 -999.9 -999.9 -999.9 -999.9 -999.9 -999.9 Rio_Grande_do_Sul CEMADEN -999.9 0.0 -999.9
-28.71022 -51.92982 8928 2026-08-15_06:30 -999.9 -999.9 -999.9 -999.9 -999.9 -999.9 -999.9 -999.9 -999.9 -999.9 -999.9 -999.9 -999.9 -999.9 -999.9 -999.9 -999.9 0.0 10.8 48.4 70.4 125.8 -999.9 -999.9 -999.9 -999.9 -999.9 CEMADEN_-_Serafina_Corrêa_-_Centro_(527_m) -999.9 -999.9 -999.9 -999.9 -999.9 -999.9 -999.9 -999.9 Rio_Grande_do_Sul CEMADEN -999.9 0.0 -999.9
-28.71022 -51.92982 8928 2026-08-15_07:30 -999.9 -999.9 -999.9 -999.9 -999.9 -999.9 -999.9 -999.9 -999.9 -999.9 -999.9 -999.9 -999.9 -999.9 -999.9 -999.9 -999.9 0.0 1.0 43.6 70.4 125.8 -999.9 -999.9 -999.9 -999.9 -999.9 CEMADEN_-_Serafina_Corrêa_-_Centro_(527_m) -999.9 -999.9 -999.9 -999.9 -999.9 -999.9 -999.9 -999.9 Rio_Grande_do_Sul CEMADEN -999.9 0.0 -999.9
-28.71022 -51.92982 8928 2026-08-15_08:30 -999.9 -999.9 -999.9 -999.9 -999.9 -999.9 -999.9 -999.9 -999.9 -999.9 -999.9 -999.9 -999.9 -999.9 -999.9 -999.9 -999.9 0.0 0.8 35.0 70.4 125.8 -999.9 -999.9 -999.9 -999.9 -999.9 CEMADEN_-_Serafina_Corrêa_-_Centro_(527_m) -999.9 -999.9 -999.9 -999.9 -999.9 -999.9 -999.9 -999.9 Rio_Grande_do_Sul CEMADEN -999.9 0.0 -999.9
-28.71022 -51.92982 8928 2026-08-15_09:30 -999.9 -999.9 -999.9 -999.9 -999.9 -999.9 -999.9 -999.9 -999.9 -999.9 -999.9 -999.9 -999.9 -999.9 -999.9 -999.9 -999.9 0.0 0.8 31.4 70.4 125.8 -999.9 -999.9 -999.9 -999.9 -999.9 CEMADEN_-_Serafina_Corrêa_-_Centro_(527_m) -999.9 -999.9 -999.9 -999.9 -999.9 -999.9 -999.9 -999.9 Rio_Grande_do_Sul CEMADEN -999.9 0.0 -999.9
-28.71022 -51.92982 8928 2026-08-15_10:30 -999.9 -999.9 -999.9 -999.9 -999.9 -999.9 -999.9 -999.9 -999.9 -999.9 -999.9 -999.9 -999.9 -999.9 -999.9 -999.9 -999.9 0.0 0.8 26.6 70.4 125.8 -999.9 -999.9 -999.9 -999.9 -999.9 CEMADEN_-_Serafina_Corrêa_-_Centro_(527_m) -999.9 -999.9 -999.9 -999.9 -999.9 -999.9 -999.9 -999.9 Rio_Grande_do_Sul CEMADEN -999.9 0.0 -999.9
-28.71022 -51.92982 8928 2026-08-15_11:30 -999.9 -999.9 -999.9 -999.9 -999.9 -999.9 -999.9 -999.9 -999.9 -999.9 -999.9 -999.9 -999.9 -999.9 -999.9 -999.9 -999.9 0.0 0.8 23.2 70.4 125.8 -999.9 -999.9 -999.9 -999.9 -999.9 CEMADEN_-_Serafina_Corrêa_-_Centro_(527_m) -999.9 -999.9 -999.9 -999.9 -999.9 -999.9 -999.9 -999.9 Rio_Grande_do_Sul CEMADEN -999.9 0.0 -999.9
-28.71022 -51.92982 8928 2026-08-15_12:30 -999.9 -999.9 -999.9 -999.9 -999.9 -999.9 -999.9 -999.9 -999.9 -999.9 -999.9 -999.9 -999.9 -999.9 -999.9 -999.9 -999.9 -0.6 0.8 18.8 69.8 125.2 -999.9 -999.9 -999.9 -999.9 -999.9 CEMADEN_-_Serafina_Corrêa_-_Centro_(527_m) -999.9 -999.9 -999.9 -999.9 -999.9 -999.9 -999.9 -999.9 Rio_Grande_do_Sul CEMADEN -999.9 -0.6 -999.9
-28.71022 -51.92982 8928 2026-08-15_13:30 -999.9 -999.9 -999.9 -999.9 -999.9 -999.9 -999.9 -999.9 -999.9 -999.9 -999.9 -999.9 -999.9 -999.9 -999.9 -999.9 -999.9 -0.8 0.8 15.0 69.6 125.0 -999.9 -999.9 -999.9 -999.9 -999.9 CEMADEN_-_Serafina_Corrêa_-_Centro_(527_m) -999.9 -999.9 -999.9 -999.9 -999.9 -999.9 -999.9 -999.9 Rio_Grande_do_Sul CEMADEN -999.9 -0.2 -999.9
-28.71022 -51.92982 8928 2026-08-15_14:30 -999.9 -999.9 -999.9 -999.9 -999.9 -999.9 -999.9 -999.9 -999.9 -999.9 -999.9 -999.9 -999.9 -999.9 -999.9 -999.9 -999.9 -0.8 0.8 15.0 69.6 125.0 -999.9 -999.9 -999.9 -999.9 -999.9 CEMADEN_-_Serafina_Corrêa_-_Centro_(527_m) -999.9 -999.9 -999.9 -999.9 -999.9 -999.9 -999.9 -999.9 Rio_Grande_do_Sul CEMADEN -999.9 0.0 -999.9
-28.71022 -51.92982 8928 2026-08-15_15:30 -999.9 -999.9 -999.9 -999.9 -999.9 -999.9 -999.9 -999.9 -999.9 -999.9 -999.9 -999.9 -999.9 -999.9 -999.9 -999.9 -999.9 -0.8 0.8 15.0 69.6 125.0 -999.9 -999.9 -999.9 -999.9 -999.9 CEMADEN_-_Serafina_Corrêa_-_Centro_(527_m) -999.9 -999.9 -999.9 -999.9 -999.9 -999.9 -999.9 -999.9 Rio_Grande_do_Sul CEMADEN -999.9 0.0 -999.9
-28.71022 -51.92982 8928 2026-08-15_16:30 -999.9 -999.9 -999.9 -999.9 -999.9 -999.9 -999.9 -999.9 -999.9 -999.9 -999.9 -999.9 -999.9 -999.9 -999.9 -999.9 -999.9 -1.0 0.8 15.0 69.4 124.8 -999.9 -999.9 -999.9 -999.9 -999.9 CEMADEN_-_Serafina_Corrêa_-_Centro_(527_m) -999.9 -999.9 -999.9 -999.9 -999.9 -999.9 -999.9 -999.9 Rio_Grande_do_Sul CEMADEN -999.9 -0.2 -999.9
-28.71022 -51.92982 8928 2026-08-15_17:30 -999.9 -999.9 -999.9 -999.9 -999.9 -999.9 -999.9 -999.9 -999.9 -999.9 -999.9 -999.9 -999.9 -999.9 -999.9 -999.9 -999.9 -1.2 0.8 15.0 69.2 124.6 -999.9 -999.9 -999.9 -999.9 -999.9 CEMADEN_-_Serafina_Corrêa_-_Centro_(527_m) -999.9 -999.9 -999.9 -999.9 -999.9 -999.9 -999.9 -999.9 Rio_Grande_do_Sul CEMADEN -999.9 -0.2 -999.9
-28.71022 -51.92982 8928 2026-08-15_18:30 -999.9 -999.9 -999.9 -999.9 -999.9 -999.9 -999.9 -999.9 -999.9 -999.9 -999.9 -999.9 -999.9 -999.9 -999.9 -999.9 -999.9 -1.2 0.8 15.0 69.2 124.6 -999.9 -999.9 -999.9 -999.9 -999.9 CEMADEN_-_Serafina_Corrêa_-_Centro_(527_m) -999.9 -999.9 -999.9 -999.9 -999.9 -999.9 -999.9 -999.9 Rio_Grande_do_Sul CEMADEN -999.9 0.0 -999.9
-28.71022 -51.92982 8928 2026-08-15_19:30 -999.9 -999.9 -999.9 -999.9 -999.9 -999.9 -999.9 -999.9 -999.9 -999.9 -999.9 -999.9 -999.9 -999.9 -999.9 -999.9 -999.9 -1.4 0.8 15.0 69.0 124.4 -999.9 -999.9 -999.9 -999.9 -999.9 CEMADEN_-_Serafina_Corrêa_-_Centro_(527_m) -999.9 -999.9 -999.9 -999.9 -999.9 -999.9 -999.9 -999.9 Rio_Grande_do_Sul CEMADEN -999.9 -0.2 -999.9
-28.71022 -51.92982 8928 2026-08-15_20:30 -999.9 -999.9 -999.9 -999.9 -999.9 -999.9 -999.9 -999.9 -999.9 -999.9 -999.9 -999.9 -999.9 -999.9 -999.9 -999.9 -999.9 -1.6 0.8 15.0 68.8 124.2 -999.9 -999.9 -999.9 -999.9 -999.9 CEMADEN_-_Serafina_Corrêa_-_Centro_(527_m) -999.9 -999.9 -999.9 -999.9 -999.9 -999.9 -999.9 -999.9 Rio_Grande_do_Sul CEMADEN -999.9 -0.2 -999.9
-28.71022 -51.92982 8928 2026-08-15_21:30 -999.9 -999.9 -999.9 -999.9 -999.9 -999.9 -999.9 -999.9 -999.9 -999.9 -999.9 -999.9 -999.9 -999.9 -999.9 -999.9 -999.9 -2.0 0.8 15.0 68.4 123.8 -999.9 -999.9 -999.9 -999.9 -999.9 CEMADEN_-_Serafina_Corrêa_-_Centro_(527_m) -999.9 -999.9 -999.9 -999.9 -999.9 -999.9 -999.9 -999.9 Rio_Grande_do_Sul CEMADEN -999.9 -0.4 -999.9
-28.71022 -51.92982 8928 2026-08-15_22:30 -999.9 -999.9 -999.9 -999.9 -999.9 -999.9 -999.9 -999.9 -999.9 -999.9 -999.9 -999.9 -999.9 -999.9 -999.9 -999.9 -999.9 -2.2 0.8 15.0 68.2 123.6 -999.9 -999.9 -999.9 -999.9 -999.9 CEMADEN_-_Serafina_Corrêa_-_Centro_(527_m) -999.9 -999.9 -999.9 -999.9 -999.9 -999.9 -999.9 -999.9 Rio_Grande_do_Sul CEMADEN -999.9 -0.2 -999.9
-28.71022 -51.92982 8928 2026-08-15_23:30 -999.9 -999.9 -999.9 -999.9 -999.9 -999.9 -999.9 -999.9 -999.9 -999.9 -999.9 -999.9 -999.9 -999.9 -999.9 -999.9 -999.9 -2.2 0.8 15.0 68.2 123.6 -999.9 -999.9 -999.9 -999.9 -999.9 CEMADEN_-_Serafina_Corrêa_-_Centro_(527_m) -999.9 -999.9 -999.9 -999.9 -999.9 -999.9 -999.9 -999.9 Rio_Grande_do_Sul CEMADEN -999.9 0.0 -999.9
