-28.47552 -51.84657 17805 2026-09-05_00:10 -999.9 -999.9 -999.9 -999.9 -999.9 -999.9 -999.9 -999.9 -999.9 -999.9 -999.9 -999.9 -999.9 -999.9 -999.9 -999.9 -999.9 0.0 0.2 0.2 3.0 19.2 -999.9 -999.9 -999.9 -999.9 -999.9 CEMADEN_-_Vanini_-_G2-432255802A_(721_m) -999.9 -999.9 -999.9 -999.9 -999.9 -999.9 -999.9 -999.9 Rio_Grande_do_Sul CEMADEN -999.9 0.0 -999.9
-28.47552 -51.84657 17805 2026-09-05_01:10 -999.9 -999.9 -999.9 -999.9 -999.9 -999.9 -999.9 -999.9 -999.9 -999.9 -999.9 -999.9 -999.9 -999.9 -999.9 -999.9 -999.9 -0.2 0.2 0.2 2.8 19.0 -999.9 -999.9 -999.9 -999.9 -999.9 CEMADEN_-_Vanini_-_G2-432255802A_(721_m) -999.9 -999.9 -999.9 -999.9 -999.9 -999.9 -999.9 -999.9 Rio_Grande_do_Sul CEMADEN -999.9 -0.2 -999.9
-28.47552 -51.84657 17805 2026-09-05_02:10 -999.9 -999.9 -999.9 -999.9 -999.9 -999.9 -999.9 -999.9 -999.9 -999.9 -999.9 -999.9 -999.9 -999.9 -999.9 -999.9 -999.9 -1.0 0.2 0.2 2.0 18.2 -999.9 -999.9 -999.9 -999.9 -999.9 CEMADEN_-_Vanini_-_G2-432255802A_(721_m) -999.9 -999.9 -999.9 -999.9 -999.9 -999.9 -999.9 -999.9 Rio_Grande_do_Sul CEMADEN -999.9 -0.8 -999.9
-28.47552 -51.84657 17805 2026-09-05_03:10 -999.9 -999.9 -999.9 -999.9 -999.9 -999.9 -999.9 -999.9 -999.9 -999.9 -999.9 -999.9 -999.9 -999.9 -999.9 -999.9 -999.9 -1.0 0.2 0.2 2.0 18.2 -999.9 -999.9 -999.9 -999.9 -999.9 CEMADEN_-_Vanini_-_G2-432255802A_(721_m) -999.9 -999.9 -999.9 -999.9 -999.9 -999.9 -999.9 -999.9 Rio_Grande_do_Sul CEMADEN -999.9 0.0 -999.9
-28.47552 -51.84657 17805 2026-09-05_04:10 -999.9 -999.9 -999.9 -999.9 -999.9 -999.9 -999.9 -999.9 -999.9 -999.9 -999.9 -999.9 -999.9 -999.9 -999.9 -999.9 -999.9 -1.0 0.2 0.2 2.0 18.2 -999.9 -999.9 -999.9 -999.9 -999.9 CEMADEN_-_Vanini_-_G2-432255802A_(721_m) -999.9 -999.9 -999.9 -999.9 -999.9 -999.9 -999.9 -999.9 Rio_Grande_do_Sul CEMADEN -999.9 0.0 -999.9
-28.47552 -51.84657 17805 2026-09-05_05:10 -999.9 -999.9 -999.9 -999.9 -999.9 -999.9 -999.9 -999.9 -999.9 -999.9 -999.9 -999.9 -999.9 -999.9 -999.9 -999.9 -999.9 -1.0 0.2 0.2 2.0 18.2 -999.9 -999.9 -999.9 -999.9 -999.9 CEMADEN_-_Vanini_-_G2-432255802A_(721_m) -999.9 -999.9 -999.9 -999.9 -999.9 -999.9 -999.9 -999.9 Rio_Grande_do_Sul CEMADEN -999.9 0.0 -999.9
-28.47552 -51.84657 17805 2026-09-05_06:10 -999.9 -999.9 -999.9 -999.9 -999.9 -999.9 -999.9 -999.9 -999.9 -999.9 -999.9 -999.9 -999.9 -999.9 -999.9 -999.9 -999.9 -1.4 0.2 0.2 1.6 17.8 -999.9 -999.9 -999.9 -999.9 -999.9 CEMADEN_-_Vanini_-_G2-432255802A_(721_m) -999.9 -999.9 -999.9 -999.9 -999.9 -999.9 -999.9 -999.9 Rio_Grande_do_Sul CEMADEN -999.9 -0.4 -999.9
-28.47552 -51.84657 17805 2026-09-05_07:10 -999.9 -999.9 -999.9 -999.9 -999.9 -999.9 -999.9 -999.9 -999.9 -999.9 -999.9 -999.9 -999.9 -999.9 -999.9 -999.9 -999.9 -1.4 0.2 0.2 1.6 17.8 -999.9 -999.9 -999.9 -999.9 -999.9 CEMADEN_-_Vanini_-_G2-432255802A_(721_m) -999.9 -999.9 -999.9 -999.9 -999.9 -999.9 -999.9 -999.9 Rio_Grande_do_Sul CEMADEN -999.9 0.0 -999.9
-28.47552 -51.84657 17805 2026-09-05_08:10 -999.9 -999.9 -999.9 -999.9 -999.9 -999.9 -999.9 -999.9 -999.9 -999.9 -999.9 -999.9 -999.9 -999.9 -999.9 -999.9 -999.9 -2.2 0.2 0.2 0.8 17.0 -999.9 -999.9 -999.9 -999.9 -999.9 CEMADEN_-_Vanini_-_G2-432255802A_(721_m) -999.9 -999.9 -999.9 -999.9 -999.9 -999.9 -999.9 -999.9 Rio_Grande_do_Sul CEMADEN -999.9 -0.8 -999.9
-28.47552 -51.84657 17805 2026-09-05_09:10 -999.9 -999.9 -999.9 -999.9 -999.9 -999.9 -999.9 -999.9 -999.9 -999.9 -999.9 -999.9 -999.9 -999.9 -999.9 -999.9 -999.9 -2.6 0.2 0.2 0.4 16.6 -999.9 -999.9 -999.9 -999.9 -999.9 CEMADEN_-_Vanini_-_G2-432255802A_(721_m) -999.9 -999.9 -999.9 -999.9 -999.9 -999.9 -999.9 -999.9 Rio_Grande_do_Sul CEMADEN -999.9 -0.4 -999.9
-28.47552 -51.84657 17805 2026-09-05_10:10 -999.9 -999.9 -999.9 -999.9 -999.9 -999.9 -999.9 -999.9 -999.9 -999.9 -999.9 -999.9 -999.9 -999.9 -999.9 -999.9 -999.9 -2.8 0.2 0.2 0.2 16.4 -999.9 -999.9 -999.9 -999.9 -999.9 CEMADEN_-_Vanini_-_G2-432255802A_(721_m) -999.9 -999.9 -999.9 -999.9 -999.9 -999.9 -999.9 -999.9 Rio_Grande_do_Sul CEMADEN -999.9 -0.2 -999.9
-28.47552 -51.84657 17805 2026-09-05_11:10 -999.9 -999.9 -999.9 -999.9 -999.9 -999.9 -999.9 -999.9 -999.9 -999.9 -999.9 -999.9 -999.9 -999.9 -999.9 -999.9 -999.9 -2.8 0.2 0.2 0.2 16.4 -999.9 -999.9 -999.9 -999.9 -999.9 CEMADEN_-_Vanini_-_G2-432255802A_(721_m) -999.9 -999.9 -999.9 -999.9 -999.9 -999.9 -999.9 -999.9 Rio_Grande_do_Sul CEMADEN -999.9 0.0 -999.9
-28.47552 -51.84657 17805 2026-09-05_12:10 -999.9 -999.9 -999.9 -999.9 -999.9 -999.9 -999.9 -999.9 -999.9 -999.9 -999.9 -999.9 -999.9 -999.9 -999.9 -999.9 -999.9 -2.8 0.2 0.2 0.2 16.4 -999.9 -999.9 -999.9 -999.9 -999.9 CEMADEN_-_Vanini_-_G2-432255802A_(721_m) -999.9 -999.9 -999.9 -999.9 -999.9 -999.9 -999.9 -999.9 Rio_Grande_do_Sul CEMADEN -999.9 0.0 -999.9
-28.47552 -51.84657 17805 2026-09-05_13:10 -999.9 -999.9 -999.9 -999.9 -999.9 -999.9 -999.9 -999.9 -999.9 -999.9 -999.9 -999.9 -999.9 -999.9 -999.9 -999.9 -999.9 -2.8 0.2 0.2 0.2 16.4 -999.9 -999.9 -999.9 -999.9 -999.9 CEMADEN_-_Vanini_-_G2-432255802A_(721_m) -999.9 -999.9 -999.9 -999.9 -999.9 -999.9 -999.9 -999.9 Rio_Grande_do_Sul CEMADEN -999.9 0.0 -999.9
-28.47552 -51.84657 17805 2026-09-05_14:10 -999.9 -999.9 -999.9 -999.9 -999.9 -999.9 -999.9 -999.9 -999.9 -999.9 -999.9 -999.9 -999.9 -999.9 -999.9 -999.9 -999.9 -2.8 0.2 0.2 0.2 16.4 -999.9 -999.9 -999.9 -999.9 -999.9 CEMADEN_-_Vanini_-_G2-432255802A_(721_m) -999.9 -999.9 -999.9 -999.9 -999.9 -999.9 -999.9 -999.9 Rio_Grande_do_Sul CEMADEN -999.9 0.0 -999.9
-28.47552 -51.84657 17805 2026-09-05_15:10 -999.9 -999.9 -999.9 -999.9 -999.9 -999.9 -999.9 -999.9 -999.9 -999.9 -999.9 -999.9 -999.9 -999.9 -999.9 -999.9 -999.9 -2.8 0.2 0.2 0.2 16.4 -999.9 -999.9 -999.9 -999.9 -999.9 CEMADEN_-_Vanini_-_G2-432255802A_(721_m) -999.9 -999.9 -999.9 -999.9 -999.9 -999.9 -999.9 -999.9 Rio_Grande_do_Sul CEMADEN -999.9 0.0 -999.9
-28.47552 -51.84657 17805 2026-09-05_16:10 -999.9 -999.9 -999.9 -999.9 -999.9 -999.9 -999.9 -999.9 -999.9 -999.9 -999.9 -999.9 -999.9 -999.9 -999.9 -999.9 -999.9 -2.8 0.2 0.2 0.2 16.4 -999.9 -999.9 -999.9 -999.9 -999.9 CEMADEN_-_Vanini_-_G2-432255802A_(721_m) -999.9 -999.9 -999.9 -999.9 -999.9 -999.9 -999.9 -999.9 Rio_Grande_do_Sul CEMADEN -999.9 0.0 -999.9
-28.47552 -51.84657 17805 2026-09-05_17:10 -999.9 -999.9 -999.9 -999.9 -999.9 -999.9 -999.9 -999.9 -999.9 -999.9 -999.9 -999.9 -999.9 -999.9 -999.9 -999.9 -999.9 -2.8 0.2 0.2 0.2 16.4 -999.9 -999.9 -999.9 -999.9 -999.9 CEMADEN_-_Vanini_-_G2-432255802A_(721_m) -999.9 -999.9 -999.9 -999.9 -999.9 -999.9 -999.9 -999.9 Rio_Grande_do_Sul CEMADEN -999.9 0.0 -999.9
-28.47552 -51.84657 17805 2026-09-05_18:10 -999.9 -999.9 -999.9 -999.9 -999.9 -999.9 -999.9 -999.9 -999.9 -999.9 -999.9 -999.9 -999.9 -999.9 -999.9 -999.9 -999.9 -2.8 0.2 0.2 0.2 16.4 -999.9 -999.9 -999.9 -999.9 -999.9 CEMADEN_-_Vanini_-_G2-432255802A_(721_m) -999.9 -999.9 -999.9 -999.9 -999.9 -999.9 -999.9 -999.9 Rio_Grande_do_Sul CEMADEN -999.9 0.0 -999.9
-28.47552 -51.84657 17805 2026-09-05_19:10 -999.9 -999.9 -999.9 -999.9 -999.9 -999.9 -999.9 -999.9 -999.9 -999.9 -999.9 -999.9 -999.9 -999.9 -999.9 -999.9 -999.9 -2.8 0.2 0.2 0.2 16.4 -999.9 -999.9 -999.9 -999.9 -999.9 CEMADEN_-_Vanini_-_G2-432255802A_(721_m) -999.9 -999.9 -999.9 -999.9 -999.9 -999.9 -999.9 -999.9 Rio_Grande_do_Sul CEMADEN -999.9 0.0 -999.9
-28.47552 -51.84657 17805 2026-09-05_20:10 -999.9 -999.9 -999.9 -999.9 -999.9 -999.9 -999.9 -999.9 -999.9 -999.9 -999.9 -999.9 -999.9 -999.9 -999.9 -999.9 -999.9 -2.8 0.2 0.2 0.2 16.4 -999.9 -999.9 -999.9 -999.9 -999.9 CEMADEN_-_Vanini_-_G2-432255802A_(721_m) -999.9 -999.9 -999.9 -999.9 -999.9 -999.9 -999.9 -999.9 Rio_Grande_do_Sul CEMADEN -999.9 0.0 -999.9
-28.47552 -51.84657 17805 2026-09-05_21:10 -999.9 -999.9 -999.9 -999.9 -999.9 -999.9 -999.9 -999.9 -999.9 -999.9 -999.9 -999.9 -999.9 -999.9 -999.9 -999.9 -999.9 -2.8 0.2 0.2 0.2 16.4 -999.9 -999.9 -999.9 -999.9 -999.9 CEMADEN_-_Vanini_-_G2-432255802A_(721_m) -999.9 -999.9 -999.9 -999.9 -999.9 -999.9 -999.9 -999.9 Rio_Grande_do_Sul CEMADEN -999.9 0.0 -999.9
-28.47552 -51.84657 17805 2026-09-05_22:10 -999.9 -999.9 -999.9 -999.9 -999.9 -999.9 -999.9 -999.9 -999.9 -999.9 -999.9 -999.9 -999.9 -999.9 -999.9 -999.9 -999.9 -2.8 0.2 0.2 0.2 16.4 -999.9 -999.9 -999.9 -999.9 -999.9 CEMADEN_-_Vanini_-_G2-432255802A_(721_m) -999.9 -999.9 -999.9 -999.9 -999.9 -999.9 -999.9 -999.9 Rio_Grande_do_Sul CEMADEN -999.9 0.0 -999.9
-28.47552 -51.84657 17805 2026-09-05_23:10 -999.9 -999.9 -999.9 -999.9 -999.9 -999.9 -999.9 -999.9 -999.9 -999.9 -999.9 -999.9 -999.9 -999.9 -999.9 -999.9 -999.9 -2.8 0.2 0.2 0.2 16.4 -999.9 -999.9 -999.9 -999.9 -999.9 CEMADEN_-_Vanini_-_G2-432255802A_(721_m) -999.9 -999.9 -999.9 -999.9 -999.9 -999.9 -999.9 -999.9 Rio_Grande_do_Sul CEMADEN -999.9 0.0 -999.9
