-28.59865 -51.78069 17826 2026-09-02_00:10 -999.9 -999.9 -999.9 -999.9 -999.9 -999.9 -999.9 -999.9 -999.9 -999.9 -999.9 -999.9 -999.9 -999.9 -999.9 -999.9 -999.9 0.0 17.6 41.2 62.0 108.0 -999.9 -999.9 -999.9 -999.9 -999.9 CEMADEN_-_Paraí_-_G2-431400102A_(720_m) -999.9 -999.9 -999.9 -999.9 -999.9 -999.9 -999.9 -999.9 Rio_Grande_do_Sul CEMADEN -999.9 0.0 -999.9
-28.59865 -51.78069 17826 2026-09-02_01:10 -999.9 -999.9 -999.9 -999.9 -999.9 -999.9 -999.9 -999.9 -999.9 -999.9 -999.9 -999.9 -999.9 -999.9 -999.9 -999.9 -999.9 0.0 17.6 41.2 62.0 108.0 -999.9 -999.9 -999.9 -999.9 -999.9 CEMADEN_-_Paraí_-_G2-431400102A_(720_m) -999.9 -999.9 -999.9 -999.9 -999.9 -999.9 -999.9 -999.9 Rio_Grande_do_Sul CEMADEN -999.9 0.0 -999.9
-28.59865 -51.78069 17826 2026-09-02_02:10 -999.9 -999.9 -999.9 -999.9 -999.9 -999.9 -999.9 -999.9 -999.9 -999.9 -999.9 -999.9 -999.9 -999.9 -999.9 -999.9 -999.9 0.0 17.6 41.2 62.0 108.0 -999.9 -999.9 -999.9 -999.9 -999.9 CEMADEN_-_Paraí_-_G2-431400102A_(720_m) -999.9 -999.9 -999.9 -999.9 -999.9 -999.9 -999.9 -999.9 Rio_Grande_do_Sul CEMADEN -999.9 0.0 -999.9
-28.59865 -51.78069 17826 2026-09-02_03:10 -999.9 -999.9 -999.9 -999.9 -999.9 -999.9 -999.9 -999.9 -999.9 -999.9 -999.9 -999.9 -999.9 -999.9 -999.9 -999.9 -999.9 0.0 17.6 41.2 62.0 108.0 -999.9 -999.9 -999.9 -999.9 -999.9 CEMADEN_-_Paraí_-_G2-431400102A_(720_m) -999.9 -999.9 -999.9 -999.9 -999.9 -999.9 -999.9 -999.9 Rio_Grande_do_Sul CEMADEN -999.9 0.0 -999.9
-28.59865 -51.78069 17826 2026-09-02_04:10 -999.9 -999.9 -999.9 -999.9 -999.9 -999.9 -999.9 -999.9 -999.9 -999.9 -999.9 -999.9 -999.9 -999.9 -999.9 -999.9 -999.9 0.0 17.6 41.2 62.0 108.0 -999.9 -999.9 -999.9 -999.9 -999.9 CEMADEN_-_Paraí_-_G2-431400102A_(720_m) -999.9 -999.9 -999.9 -999.9 -999.9 -999.9 -999.9 -999.9 Rio_Grande_do_Sul CEMADEN -999.9 0.0 -999.9
-28.59865 -51.78069 17826 2026-09-02_05:10 -999.9 -999.9 -999.9 -999.9 -999.9 -999.9 -999.9 -999.9 -999.9 -999.9 -999.9 -999.9 -999.9 -999.9 -999.9 -999.9 -999.9 -3.4 17.6 41.2 58.6 104.6 -999.9 -999.9 -999.9 -999.9 -999.9 CEMADEN_-_Paraí_-_G2-431400102A_(720_m) -999.9 -999.9 -999.9 -999.9 -999.9 -999.9 -999.9 -999.9 Rio_Grande_do_Sul CEMADEN -999.9 -3.4 -999.9
-28.59865 -51.78069 17826 2026-09-02_06:10 -999.9 -999.9 -999.9 -999.9 -999.9 -999.9 -999.9 -999.9 -999.9 -999.9 -999.9 -999.9 -999.9 -999.9 -999.9 -999.9 -999.9 -8.4 17.6 41.2 53.6 99.6 -999.9 -999.9 -999.9 -999.9 -999.9 CEMADEN_-_Paraí_-_G2-431400102A_(720_m) -999.9 -999.9 -999.9 -999.9 -999.9 -999.9 -999.9 -999.9 Rio_Grande_do_Sul CEMADEN -999.9 -5.0 -999.9
-28.59865 -51.78069 17826 2026-09-02_06:20 -999.9 -999.9 -999.9 -999.9 -999.9 -999.9 -999.9 -999.9 -999.9 -999.9 -999.9 -999.9 -999.9 -999.9 -999.9 -999.9 0.2 -14.4 17.8 41.4 47.6 93.6 -999.9 -999.9 -999.9 -999.9 -999.9 CEMADEN_-_Paraí_-_G2-431400102A_(720_m) -999.9 -999.9 -999.9 -999.9 -999.9 -999.9 -999.9 -999.9 Rio_Grande_do_Sul CEMADEN -999.9 -6.0 -999.9
-28.59865 -51.78069 17826 2026-09-02_07:10 -999.9 -999.9 -999.9 -999.9 -999.9 -999.9 -999.9 -999.9 -999.9 -999.9 -999.9 -999.9 -999.9 -999.9 -999.9 -999.9 -999.9 -14.4 17.8 41.4 47.6 93.6 -999.9 -999.9 -999.9 -999.9 -999.9 CEMADEN_-_Paraí_-_G2-431400102A_(720_m) -999.9 -999.9 -999.9 -999.9 -999.9 -999.9 -999.9 -999.9 Rio_Grande_do_Sul CEMADEN -999.9 0.0 -999.9
-28.59865 -51.78069 17826 2026-09-02_08:10 -999.9 -999.9 -999.9 -999.9 -999.9 -999.9 -999.9 -999.9 -999.9 -999.9 -999.9 -999.9 -999.9 -999.9 -999.9 -999.9 -999.9 -16.2 17.8 41.4 45.8 91.8 -999.9 -999.9 -999.9 -999.9 -999.9 CEMADEN_-_Paraí_-_G2-431400102A_(720_m) -999.9 -999.9 -999.9 -999.9 -999.9 -999.9 -999.9 -999.9 Rio_Grande_do_Sul CEMADEN -999.9 -1.8 -999.9
-28.59865 -51.78069 17826 2026-09-02_09:10 -999.9 -999.9 -999.9 -999.9 -999.9 -999.9 -999.9 -999.9 -999.9 -999.9 -999.9 -999.9 -999.9 -999.9 -999.9 -999.9 -999.9 -16.2 17.8 41.4 45.8 91.8 -999.9 -999.9 -999.9 -999.9 -999.9 CEMADEN_-_Paraí_-_G2-431400102A_(720_m) -999.9 -999.9 -999.9 -999.9 -999.9 -999.9 -999.9 -999.9 Rio_Grande_do_Sul CEMADEN -999.9 0.0 -999.9
-28.59865 -51.78069 17826 2026-09-02_10:10 -999.9 -999.9 -999.9 -999.9 -999.9 -999.9 -999.9 -999.9 -999.9 -999.9 -999.9 -999.9 -999.9 -999.9 -999.9 -999.9 -999.9 -16.4 17.0 41.4 45.6 91.6 -999.9 -999.9 -999.9 -999.9 -999.9 CEMADEN_-_Paraí_-_G2-431400102A_(720_m) -999.9 -999.9 -999.9 -999.9 -999.9 -999.9 -999.9 -999.9 Rio_Grande_do_Sul CEMADEN -999.9 -0.2 -999.9
-28.59865 -51.78069 17826 2026-09-02_11:10 -999.9 -999.9 -999.9 -999.9 -999.9 -999.9 -999.9 -999.9 -999.9 -999.9 -999.9 -999.9 -999.9 -999.9 -999.9 -999.9 -999.9 -16.4 15.4 41.4 45.6 91.6 -999.9 -999.9 -999.9 -999.9 -999.9 CEMADEN_-_Paraí_-_G2-431400102A_(720_m) -999.9 -999.9 -999.9 -999.9 -999.9 -999.9 -999.9 -999.9 Rio_Grande_do_Sul CEMADEN -999.9 0.0 -999.9
-28.59865 -51.78069 17826 2026-09-02_12:10 -999.9 -999.9 -999.9 -999.9 -999.9 -999.9 -999.9 -999.9 -999.9 -999.9 -999.9 -999.9 -999.9 -999.9 -999.9 -999.9 -999.9 -18.0 14.6 41.4 44.0 90.0 -999.9 -999.9 -999.9 -999.9 -999.9 CEMADEN_-_Paraí_-_G2-431400102A_(720_m) -999.9 -999.9 -999.9 -999.9 -999.9 -999.9 -999.9 -999.9 Rio_Grande_do_Sul CEMADEN -999.9 -1.6 -999.9
-28.59865 -51.78069 17826 2026-09-02_13:10 -999.9 -999.9 -999.9 -999.9 -999.9 -999.9 -999.9 -999.9 -999.9 -999.9 -999.9 -999.9 -999.9 -999.9 -999.9 -999.9 -999.9 -18.0 12.0 41.4 44.0 90.0 -999.9 -999.9 -999.9 -999.9 -999.9 CEMADEN_-_Paraí_-_G2-431400102A_(720_m) -999.9 -999.9 -999.9 -999.9 -999.9 -999.9 -999.9 -999.9 Rio_Grande_do_Sul CEMADEN -999.9 0.0 -999.9
-28.59865 -51.78069 17826 2026-09-02_14:10 -999.9 -999.9 -999.9 -999.9 -999.9 -999.9 -999.9 -999.9 -999.9 -999.9 -999.9 -999.9 -999.9 -999.9 -999.9 -999.9 -999.9 -18.0 10.6 41.4 44.0 90.0 -999.9 -999.9 -999.9 -999.9 -999.9 CEMADEN_-_Paraí_-_G2-431400102A_(720_m) -999.9 -999.9 -999.9 -999.9 -999.9 -999.9 -999.9 -999.9 Rio_Grande_do_Sul CEMADEN -999.9 0.0 -999.9
-28.59865 -51.78069 17826 2026-09-02_15:10 -999.9 -999.9 -999.9 -999.9 -999.9 -999.9 -999.9 -999.9 -999.9 -999.9 -999.9 -999.9 -999.9 -999.9 -999.9 -999.9 -999.9 -18.0 9.0 41.2 44.0 90.0 -999.9 -999.9 -999.9 -999.9 -999.9 CEMADEN_-_Paraí_-_G2-431400102A_(720_m) -999.9 -999.9 -999.9 -999.9 -999.9 -999.9 -999.9 -999.9 Rio_Grande_do_Sul CEMADEN -999.9 0.0 -999.9
-28.59865 -51.78069 17826 2026-09-02_16:10 -999.9 -999.9 -999.9 -999.9 -999.9 -999.9 -999.9 -999.9 -999.9 -999.9 -999.9 -999.9 -999.9 -999.9 -999.9 -999.9 -999.9 -20.6 6.8 40.0 41.4 87.4 -999.9 -999.9 -999.9 -999.9 -999.9 CEMADEN_-_Paraí_-_G2-431400102A_(720_m) -999.9 -999.9 -999.9 -999.9 -999.9 -999.9 -999.9 -999.9 Rio_Grande_do_Sul CEMADEN -999.9 -2.6 -999.9
-28.59865 -51.78069 17826 2026-09-02_17:10 -999.9 -999.9 -999.9 -999.9 -999.9 -999.9 -999.9 -999.9 -999.9 -999.9 -999.9 -999.9 -999.9 -999.9 -999.9 -999.9 -999.9 -20.6 6.6 40.0 41.4 87.4 -999.9 -999.9 -999.9 -999.9 -999.9 CEMADEN_-_Paraí_-_G2-431400102A_(720_m) -999.9 -999.9 -999.9 -999.9 -999.9 -999.9 -999.9 -999.9 Rio_Grande_do_Sul CEMADEN -999.9 0.0 -999.9
-28.59865 -51.78069 17826 2026-09-02_18:10 -999.9 -999.9 -999.9 -999.9 -999.9 -999.9 -999.9 -999.9 -999.9 -999.9 -999.9 -999.9 -999.9 -999.9 -999.9 -999.9 -999.9 -20.6 6.6 38.0 41.4 87.4 -999.9 -999.9 -999.9 -999.9 -999.9 CEMADEN_-_Paraí_-_G2-431400102A_(720_m) -999.9 -999.9 -999.9 -999.9 -999.9 -999.9 -999.9 -999.9 Rio_Grande_do_Sul CEMADEN -999.9 0.0 -999.9
-28.59865 -51.78069 17826 2026-09-02_19:10 -999.9 -999.9 -999.9 -999.9 -999.9 -999.9 -999.9 -999.9 -999.9 -999.9 -999.9 -999.9 -999.9 -999.9 -999.9 -999.9 -999.9 -20.6 6.6 27.8 41.4 87.4 -999.9 -999.9 -999.9 -999.9 -999.9 CEMADEN_-_Paraí_-_G2-431400102A_(720_m) -999.9 -999.9 -999.9 -999.9 -999.9 -999.9 -999.9 -999.9 Rio_Grande_do_Sul CEMADEN -999.9 0.0 -999.9
-28.59865 -51.78069 17826 2026-09-02_20:10 -999.9 -999.9 -999.9 -999.9 -999.9 -999.9 -999.9 -999.9 -999.9 -999.9 -999.9 -999.9 -999.9 -999.9 -999.9 -999.9 -999.9 -20.6 6.6 27.0 41.4 87.4 -999.9 -999.9 -999.9 -999.9 -999.9 CEMADEN_-_Paraí_-_G2-431400102A_(720_m) -999.9 -999.9 -999.9 -999.9 -999.9 -999.9 -999.9 -999.9 Rio_Grande_do_Sul CEMADEN -999.9 0.0 -999.9
-28.59865 -51.78069 17826 2026-09-02_21:10 -999.9 -999.9 -999.9 -999.9 -999.9 -999.9 -999.9 -999.9 -999.9 -999.9 -999.9 -999.9 -999.9 -999.9 -999.9 -999.9 -999.9 -20.6 6.6 20.4 41.4 87.4 -999.9 -999.9 -999.9 -999.9 -999.9 CEMADEN_-_Paraí_-_G2-431400102A_(720_m) -999.9 -999.9 -999.9 -999.9 -999.9 -999.9 -999.9 -999.9 Rio_Grande_do_Sul CEMADEN -999.9 0.0 -999.9
-28.59865 -51.78069 17826 2026-09-02_22:10 -999.9 -999.9 -999.9 -999.9 -999.9 -999.9 -999.9 -999.9 -999.9 -999.9 -999.9 -999.9 -999.9 -999.9 -999.9 -999.9 -999.9 -20.6 6.6 17.8 41.4 87.4 -999.9 -999.9 -999.9 -999.9 -999.9 CEMADEN_-_Paraí_-_G2-431400102A_(720_m) -999.9 -999.9 -999.9 -999.9 -999.9 -999.9 -999.9 -999.9 Rio_Grande_do_Sul CEMADEN -999.9 0.0 -999.9
-28.59865 -51.78069 17826 2026-09-02_23:10 -999.9 -999.9 -999.9 -999.9 -999.9 -999.9 -999.9 -999.9 -999.9 -999.9 -999.9 -999.9 -999.9 -999.9 -999.9 -999.9 -999.9 -20.6 6.6 17.8 41.4 87.4 -999.9 -999.9 -999.9 -999.9 -999.9 CEMADEN_-_Paraí_-_G2-431400102A_(720_m) -999.9 -999.9 -999.9 -999.9 -999.9 -999.9 -999.9 -999.9 Rio_Grande_do_Sul CEMADEN -999.9 0.0 -999.9
