-28.768900 -49.998501 2f8e135d-b70d-426a-b4b0-7bf2d193291c 2026-09-20_00:03 14.4 -999.9 -999.9 97.0 -999.9 -999.9 13.9 -999.9 -999.9 554.3 -999.9 -999.9 8.0 42 25.7 -999.9 1.0 0.0 6.1 6.1 6.4 7.9 14.4 14.3 97.0 97.0 19.3 São_José_dos_Ausentes_(1175_m) -999.9 -999.9 554.3 554.3 554.3 13.9 13.9 -999.9 Rio_Grande_do_Sul DAVIS -999.9 0.0 0.0
-28.768900 -49.998501 2f8e135d-b70d-426a-b4b0-7bf2d193291c 2026-09-20_00:08 14.4 -999.9 -999.9 97.0 -999.9 -999.9 13.9 -999.9 -999.9 554.3 -999.9 -999.9 9.7 52 20.9 -999.9 1.0 0.0 6.1 6.1 6.4 7.9 14.4 14.3 97.0 97.0 19.3 São_José_dos_Ausentes_(1175_m) -999.9 -999.9 554.3 554.3 554.3 13.9 13.9 -999.9 Rio_Grande_do_Sul DAVIS -999.9 0.0 0.0
-28.768900 -49.998501 2f8e135d-b70d-426a-b4b0-7bf2d193291c 2026-09-20_00:12 14.4 -999.9 -999.9 97.0 -999.9 -999.9 13.9 -999.9 -999.9 554.3 -999.9 -999.9 16.1 65 22.5 -999.9 1.0 0.0 6.1 6.1 6.4 7.9 14.4 14.3 97.0 97.0 22.5 São_José_dos_Ausentes_(1175_m) -999.9 -999.9 554.3 554.3 554.3 13.9 13.9 -999.9 Rio_Grande_do_Sul DAVIS -999.9 0.0 0.0
-28.768900 -49.998501 2f8e135d-b70d-426a-b4b0-7bf2d193291c 2026-09-20_00:18 14.4 -999.9 -999.9 97.0 -999.9 -999.9 13.9 -999.9 -999.9 554.3 -999.9 -999.9 8.0 37 27.4 -999.9 1.5 0.5 6.6 6.6 6.9 8.4 14.4 14.3 97.0 97.0 27.4 São_José_dos_Ausentes_(1175_m) -999.9 -999.9 554.3 554.3 554.3 13.9 13.9 -999.9 Rio_Grande_do_Sul DAVIS -999.9 0.5 0.5
-28.768900 -49.998501 2f8e135d-b70d-426a-b4b0-7bf2d193291c 2026-09-20_00:28 14.4 -999.9 -999.9 97.0 -999.9 -999.9 13.9 -999.9 -999.9 554.3 -999.9 -999.9 3.2 46 25.7 -999.9 1.8 0.8 6.8 6.8 7.1 8.6 14.4 14.3 97.0 97.0 27.4 São_José_dos_Ausentes_(1175_m) -999.9 -999.9 554.3 554.3 554.3 13.9 13.9 -999.9 Rio_Grande_do_Sul DAVIS -999.9 0.3 0.8
-28.768900 -49.998501 2f8e135d-b70d-426a-b4b0-7bf2d193291c 2026-09-20_00:34 14.4 -999.9 -999.9 97.0 -999.9 -999.9 13.9 -999.9 -999.9 554.3 -999.9 -999.9 14.5 63 29.0 -999.9 2.0 1.0 7.1 7.1 7.4 8.9 14.4 14.3 97.0 97.0 29.0 São_José_dos_Ausentes_(1175_m) -999.9 -999.9 554.3 554.3 554.3 13.9 13.9 -999.9 Rio_Grande_do_Sul DAVIS -999.9 0.2 1.0
-28.768900 -49.998501 2f8e135d-b70d-426a-b4b0-7bf2d193291c 2026-09-20_00:39 14.4 -999.9 -999.9 97.0 -999.9 -999.9 13.9 -999.9 -999.9 554.3 -999.9 -999.9 12.9 10 29.0 -999.9 2.3 1.5 7.6 7.6 7.9 9.4 14.4 14.3 97.0 97.0 29.0 São_José_dos_Ausentes_(1175_m) -999.9 -999.9 554.3 554.3 554.3 13.9 13.9 -999.9 Rio_Grande_do_Sul DAVIS -999.9 0.5 1.5
-28.768900 -49.998501 2f8e135d-b70d-426a-b4b0-7bf2d193291c 2026-09-20_00:44 14.4 -999.9 -999.9 97.0 -999.9 -999.9 13.9 -999.9 -999.9 554.3 -999.9 -999.9 16.1 330 29.0 -999.9 2.5 2.0 8.1 8.1 8.4 9.9 14.4 14.3 97.0 97.0 29.0 São_José_dos_Ausentes_(1175_m) -999.9 -999.9 554.3 554.3 554.3 13.9 13.9 -999.9 Rio_Grande_do_Sul DAVIS -999.9 0.5 2.0
-28.768900 -49.998501 2f8e135d-b70d-426a-b4b0-7bf2d193291c 2026-09-20_00:49 14.4 -999.9 -999.9 97.0 -999.9 -999.9 13.9 -999.9 -999.9 554.3 -999.9 -999.9 9.7 360 22.5 -999.9 3.3 3.0 9.1 9.1 9.4 10.9 14.5 14.3 97.0 97.0 29.0 São_José_dos_Ausentes_(1175_m) -999.9 -999.9 554.3 554.3 554.3 13.9 13.9 -999.9 Rio_Grande_do_Sul DAVIS -999.9 1.0 3.0
-28.768900 -49.998501 2f8e135d-b70d-426a-b4b0-7bf2d193291c 2026-09-20_00:54 14.4 -999.9 -999.9 97.0 -999.9 -999.9 13.9 -999.9 -999.9 554.3 -999.9 -999.9 8.0 309 22.5 -999.9 3.8 3.8 9.9 9.9 10.2 11.7 14.5 14.3 97.0 97.0 29.0 São_José_dos_Ausentes_(1175_m) -999.9 -999.9 554.3 554.3 554.3 13.9 13.9 -999.9 Rio_Grande_do_Sul DAVIS -999.9 0.8 3.8
-28.768900 -49.998501 2f8e135d-b70d-426a-b4b0-7bf2d193291c 2026-09-20_00:58 14.3 -999.9 -999.9 97.0 -999.9 -999.9 13.9 -999.9 -999.9 554.3 -999.9 -999.9 8.0 26 24.1 -999.9 4.3 4.3 10.4 10.4 10.7 12.2 14.5 14.3 97.0 97.0 29.0 São_José_dos_Ausentes_(1175_m) -999.9 -999.9 554.3 554.3 554.3 13.9 13.9 -999.9 Rio_Grande_do_Sul DAVIS -999.9 0.5 4.3
-28.768900 -49.998501 2f8e135d-b70d-426a-b4b0-7bf2d193291c 2026-09-20_01:04 14.3 -999.9 -999.9 97.0 -999.9 -999.9 13.9 -999.9 -999.9 554.3 -999.9 -999.9 14.5 29 24.1 -999.9 5.3 5.3 11.4 11.4 11.7 13.2 14.5 14.3 97.0 97.0 29.0 São_José_dos_Ausentes_(1175_m) -999.9 -999.9 554.3 554.3 554.3 13.9 13.9 -999.9 Rio_Grande_do_Sul DAVIS -999.9 1.0 5.3
-28.768900 -49.998501 2f8e135d-b70d-426a-b4b0-7bf2d193291c 2026-09-20_01:09 14.2 -999.9 -999.9 97.0 -999.9 -999.9 13.9 -999.9 -999.9 554.3 -999.9 -999.9 8.0 39 24.1 -999.9 5.8 5.8 11.9 11.9 12.2 13.7 14.5 14.2 98.0 97.0 29.0 São_José_dos_Ausentes_(1175_m) -999.9 -999.9 554.3 554.3 554.3 13.9 13.9 -999.9 Rio_Grande_do_Sul DAVIS -999.9 0.5 5.8
-28.768900 -49.998501 2f8e135d-b70d-426a-b4b0-7bf2d193291c 2026-09-20_01:14 14.2 -999.9 -999.9 97.0 -999.9 -999.9 13.9 -999.9 -999.9 554.3 -999.9 -999.9 16.1 46 24.1 -999.9 5.8 6.1 12.2 12.2 12.5 14.0 14.5 14.2 98.0 97.0 29.0 São_José_dos_Ausentes_(1175_m) -999.9 -999.9 554.3 554.3 554.3 13.9 13.9 -999.9 Rio_Grande_do_Sul DAVIS -999.9 0.3 6.1
-28.768900 -49.998501 2f8e135d-b70d-426a-b4b0-7bf2d193291c 2026-09-20_01:19 14.2 -999.9 -999.9 97.0 -999.9 -999.9 13.9 -999.9 -999.9 554.3 -999.9 -999.9 17.7 30 24.1 -999.9 5.8 6.3 12.4 12.4 12.7 14.2 14.5 14.2 98.0 97.0 29.0 São_José_dos_Ausentes_(1175_m) -999.9 -999.9 554.3 554.3 554.3 13.9 13.9 -999.9 Rio_Grande_do_Sul DAVIS -999.9 0.2 6.3
-28.768900 -49.998501 2f8e135d-b70d-426a-b4b0-7bf2d193291c 2026-09-20_01:24 14.2 -999.9 -999.9 98.0 -999.9 -999.9 13.9 -999.9 -999.9 554.3 -999.9 -999.9 8.0 38 25.7 -999.9 6.1 6.9 12.9 12.9 13.2 14.7 14.5 14.2 98.0 97.0 29.0 São_José_dos_Ausentes_(1175_m) -999.9 -999.9 554.3 554.3 554.3 13.9 13.9 -999.9 Rio_Grande_do_Sul DAVIS -999.9 0.6 6.9
-28.768900 -49.998501 2f8e135d-b70d-426a-b4b0-7bf2d193291c 2026-09-20_01:28 14.3 -999.9 -999.9 98.0 -999.9 -999.9 13.9 -999.9 -999.9 554.3 -999.9 -999.9 8.0 39 25.7 -999.9 7.1 7.9 13.9 13.9 14.2 15.7 14.5 14.2 98.0 97.0 29.0 São_José_dos_Ausentes_(1175_m) -999.9 -999.9 554.3 554.3 554.3 13.9 13.9 -999.9 Rio_Grande_do_Sul DAVIS -999.9 1.0 7.9
-28.768900 -49.998501 2f8e135d-b70d-426a-b4b0-7bf2d193291c 2026-09-20_01:34 14.2 -999.9 -999.9 98.0 -999.9 -999.9 13.9 -999.9 -999.9 554.3 -999.9 -999.9 14.5 39 20.9 -999.9 7.1 8.4 14.5 14.5 14.8 16.3 14.5 14.2 98.0 97.0 29.0 São_José_dos_Ausentes_(1175_m) -999.9 -999.9 554.3 554.3 554.3 13.9 13.9 -999.9 Rio_Grande_do_Sul DAVIS -999.9 0.5 8.4
-28.768900 -49.998501 2f8e135d-b70d-426a-b4b0-7bf2d193291c 2026-09-20_01:38 14.2 -999.9 -999.9 98.0 -999.9 -999.9 13.9 -999.9 -999.9 554.3 -999.9 -999.9 9.7 31 25.7 -999.9 7.4 8.9 15.0 15.0 15.3 16.8 14.5 14.2 98.0 97.0 29.0 São_José_dos_Ausentes_(1175_m) -999.9 -999.9 554.3 554.3 554.3 13.9 13.9 -999.9 Rio_Grande_do_Sul DAVIS -999.9 0.5 8.9
-28.768900 -49.998501 2f8e135d-b70d-426a-b4b0-7bf2d193291c 2026-09-20_01:43 14.2 -999.9 -999.9 98.0 -999.9 -999.9 13.9 -999.9 -999.9 554.3 -999.9 -999.9 22.5 29 25.7 -999.9 7.6 9.7 15.7 15.7 16.0 17.5 14.5 14.2 98.0 97.0 29.0 São_José_dos_Ausentes_(1175_m) -999.9 -999.9 554.3 554.3 554.3 13.9 13.9 -999.9 Rio_Grande_do_Sul DAVIS -999.9 0.8 9.7
-28.768900 -49.998501 2f8e135d-b70d-426a-b4b0-7bf2d193291c 2026-09-20_01:49 14.2 -999.9 -999.9 98.0 -999.9 -999.9 13.9 -999.9 -999.9 554.3 -999.9 -999.9 19.3 20 27.4 -999.9 6.9 9.9 16.0 16.0 16.3 17.8 14.5 14.2 98.0 97.0 29.0 São_José_dos_Ausentes_(1175_m) -999.9 -999.9 554.3 554.3 554.3 13.9 13.9 -999.9 Rio_Grande_do_Sul DAVIS -999.9 0.2 9.9
-28.768900 -49.998501 2f8e135d-b70d-426a-b4b0-7bf2d193291c 2026-09-20_01:53 14.3 -999.9 -999.9 98.0 -999.9 -999.9 13.9 -999.9 -999.9 554.3 -999.9 -999.9 22.5 33 27.4 -999.9 6.6 10.4 16.5 16.5 16.8 18.3 14.5 14.2 98.0 97.0 29.0 São_José_dos_Ausentes_(1175_m) -999.9 -999.9 554.3 554.3 554.3 13.9 13.9 -999.9 Rio_Grande_do_Sul DAVIS -999.9 0.5 10.4
-28.768900 -49.998501 2f8e135d-b70d-426a-b4b0-7bf2d193291c 2026-09-20_01:58 14.3 -999.9 -999.9 98.0 -999.9 -999.9 13.9 -999.9 -999.9 554.3 -999.9 -999.9 19.3 38 29.0 -999.9 6.1 10.7 16.7 16.7 17.0 18.5 14.5 14.2 98.0 97.0 29.0 São_José_dos_Ausentes_(1175_m) -999.9 -999.9 554.3 554.3 554.3 13.9 13.9 -999.9 Rio_Grande_do_Sul DAVIS -999.9 0.3 10.7
-28.768900 -49.998501 2f8e135d-b70d-426a-b4b0-7bf2d193291c 2026-09-20_02:04 14.3 -999.9 -999.9 98.0 -999.9 -999.9 13.9 -999.9 -999.9 554.3 -999.9 -999.9 17.7 28 33.8 -999.9 5.6 10.9 17.0 17.0 17.3 18.8 14.5 14.2 98.0 97.0 33.8 São_José_dos_Ausentes_(1175_m) -999.9 -999.9 554.3 554.3 554.3 13.9 13.9 -999.9 Rio_Grande_do_Sul DAVIS -999.9 0.2 10.9
-28.768900 -49.998501 2f8e135d-b70d-426a-b4b0-7bf2d193291c 2026-09-20_02:13 14.3 -999.9 -999.9 98.0 -999.9 -999.9 13.9 -999.9 -999.9 554.3 -999.9 -999.9 19.3 297 30.6 -999.9 5.8 11.9 18.0 18.0 18.3 19.8 14.5 14.2 98.0 97.0 33.8 São_José_dos_Ausentes_(1175_m) -999.9 -999.9 554.3 554.3 554.3 13.9 13.9 -999.9 Rio_Grande_do_Sul DAVIS -999.9 1.0 11.9
-28.768900 -49.998501 2f8e135d-b70d-426a-b4b0-7bf2d193291c 2026-09-20_02:19 14.3 -999.9 -999.9 98.0 -999.9 -999.9 13.9 -999.9 -999.9 554.3 -999.9 -999.9 27.4 32 38.6 -999.9 6.3 12.7 18.8 18.8 19.1 20.6 14.5 14.2 98.0 97.0 38.6 São_José_dos_Ausentes_(1175_m) -999.9 -999.9 554.3 554.3 554.3 13.9 13.9 -999.9 Rio_Grande_do_Sul DAVIS -999.9 0.8 12.7
-28.768900 -49.998501 2f8e135d-b70d-426a-b4b0-7bf2d193291c 2026-09-20_02:23 14.3 -999.9 -999.9 98.0 -999.9 -999.9 13.9 -999.9 -999.9 554.3 -999.9 -999.9 30.6 24 38.6 -999.9 6.3 13.0 19.0 19.0 19.3 20.8 14.5 14.2 98.0 97.0 38.6 São_José_dos_Ausentes_(1175_m) -999.9 -999.9 554.3 554.3 554.3 13.9 13.9 -999.9 Rio_Grande_do_Sul DAVIS -999.9 0.3 13.0
-28.768900 -49.998501 2f8e135d-b70d-426a-b4b0-7bf2d193291c 2026-09-20_02:28 14.3 -999.9 -999.9 98.0 -999.9 -999.9 13.9 -999.9 -999.9 554.3 -999.9 -999.9 14.5 327 37.0 -999.9 5.6 13.5 19.5 19.5 19.8 21.3 14.5 14.2 98.0 97.0 38.6 São_José_dos_Ausentes_(1175_m) -999.9 -999.9 554.3 554.3 554.3 13.9 13.9 -999.9 Rio_Grande_do_Sul DAVIS -999.9 0.5 13.5
-28.768900 -49.998501 2f8e135d-b70d-426a-b4b0-7bf2d193291c 2026-09-20_02:34 14.3 -999.9 -999.9 98.0 -999.9 -999.9 13.9 -999.9 -999.9 554.3 -999.9 -999.9 27.4 300 37.0 -999.9 5.3 14.0 20.0 20.0 20.3 21.8 14.5 14.2 98.0 97.0 38.6 São_José_dos_Ausentes_(1175_m) -999.9 -999.9 554.3 554.3 554.3 13.9 13.9 -999.9 Rio_Grande_do_Sul DAVIS -999.9 0.5 14.0
-28.768900 -49.998501 2f8e135d-b70d-426a-b4b0-7bf2d193291c 2026-09-20_02:38 14.3 -999.9 -999.9 98.0 -999.9 -999.9 13.9 -999.9 -999.9 554.3 -999.9 -999.9 17.7 295 32.2 -999.9 6.6 15.5 21.6 21.6 21.9 23.4 14.5 14.2 98.0 97.0 38.6 São_José_dos_Ausentes_(1175_m) -999.9 -999.9 554.3 554.3 554.3 13.9 13.9 -999.9 Rio_Grande_do_Sul DAVIS -999.9 1.5 15.5
-28.768900 -49.998501 2f8e135d-b70d-426a-b4b0-7bf2d193291c 2026-09-20_02:43 14.3 -999.9 -999.9 98.0 -999.9 -999.9 13.9 -999.9 -999.9 554.3 -999.9 -999.9 25.7 280 32.2 -999.9 7.6 17.3 23.3 23.3 23.6 25.1 14.5 14.2 98.0 97.0 38.6 São_José_dos_Ausentes_(1175_m) -999.9 -999.9 554.3 554.3 554.3 13.9 13.9 -999.9 Rio_Grande_do_Sul DAVIS -999.9 1.8 17.3
-28.768900 -49.998501 2f8e135d-b70d-426a-b4b0-7bf2d193291c 2026-09-20_02:49 14.7 -999.9 -999.9 97.0 -999.9 -999.9 14.4 -999.9 -999.9 554.3 -999.9 -999.9 33.8 315 38.6 -999.9 8.9 18.8 24.9 24.9 25.2 26.7 14.7 14.2 98.0 97.0 38.6 São_José_dos_Ausentes_(1175_m) -999.9 -999.9 554.3 554.3 554.3 14.4 13.9 -999.9 Rio_Grande_do_Sul DAVIS -999.9 1.5 18.8
-28.768900 -49.998501 2f8e135d-b70d-426a-b4b0-7bf2d193291c 2026-09-20_02:53 14.9 -999.9 -999.9 96.0 -999.9 -999.9 14.4 -999.9 -999.9 554.3 -999.9 -999.9 8.0 338 41.8 -999.9 9.1 19.6 25.6 25.6 25.9 27.4 14.9 14.2 98.0 96.0 41.8 São_José_dos_Ausentes_(1175_m) -999.9 -999.9 554.3 554.3 554.3 14.4 13.9 -999.9 Rio_Grande_do_Sul DAVIS -999.9 0.8 19.6
-28.768900 -49.998501 2f8e135d-b70d-426a-b4b0-7bf2d193291c 2026-09-20_02:58 14.8 -999.9 -999.9 97.0 -999.9 -999.9 14.4 -999.9 -999.9 554.3 -999.9 -999.9 6.4 349 41.8 -999.9 9.1 20.1 26.1 26.1 26.4 27.9 14.9 14.2 98.0 96.0 41.8 São_José_dos_Ausentes_(1175_m) -999.9 -999.9 554.3 554.3 554.3 14.4 13.9 -999.9 Rio_Grande_do_Sul DAVIS -999.9 0.5 20.1
-28.768900 -49.998501 2f8e135d-b70d-426a-b4b0-7bf2d193291c 2026-09-20_03:04 14.6 -999.9 -999.9 97.0 -999.9 -999.9 13.9 -999.9 -999.9 554.3 -999.9 -999.9 16.1 80 30.6 -999.9 9.9 20.8 26.9 26.9 27.2 28.7 14.9 14.2 98.0 96.0 41.8 São_José_dos_Ausentes_(1175_m) -999.9 -999.9 554.3 554.3 554.3 14.4 13.9 -999.9 Rio_Grande_do_Sul DAVIS -999.9 0.7 20.8
-28.768900 -49.998501 2f8e135d-b70d-426a-b4b0-7bf2d193291c 2026-09-20_03:13 14.4 -999.9 -999.9 98.0 -999.9 -999.9 13.9 -999.9 -999.9 554.3 -999.9 -999.9 4.8 24 30.6 -999.9 9.7 21.6 27.7 27.7 28.0 29.5 14.9 14.2 98.0 96.0 41.8 São_José_dos_Ausentes_(1175_m) -999.9 -999.9 554.3 554.3 554.3 14.4 13.9 -999.9 Rio_Grande_do_Sul DAVIS -999.9 0.8 21.6
-28.768900 -49.998501 2f8e135d-b70d-426a-b4b0-7bf2d193291c 2026-09-20_03:19 14.3 -999.9 -999.9 98.0 -999.9 -999.9 13.9 -999.9 -999.9 554.3 -999.9 -999.9 17.7 34 22.5 -999.9 8.9 21.6 27.7 27.7 28.0 29.5 14.9 14.2 98.0 96.0 41.8 São_José_dos_Ausentes_(1175_m) -999.9 -999.9 554.3 554.3 554.3 14.4 13.9 -999.9 Rio_Grande_do_Sul DAVIS -999.9 0.0 21.6
-28.768900 -49.998501 2f8e135d-b70d-426a-b4b0-7bf2d193291c 2026-09-20_03:23 14.2 -999.9 -999.9 98.0 -999.9 -999.9 13.9 -999.9 -999.9 554.3 -999.9 -999.9 6.4 328 22.5 -999.9 8.9 21.8 27.9 27.9 28.2 29.7 14.9 14.2 98.0 96.0 41.8 São_José_dos_Ausentes_(1175_m) -999.9 -999.9 554.3 554.3 554.3 14.4 13.9 -999.9 Rio_Grande_do_Sul DAVIS -999.9 0.2 21.8
-28.768900 -49.998501 2f8e135d-b70d-426a-b4b0-7bf2d193291c 2026-09-20_03:28 14.2 -999.9 -999.9 98.0 -999.9 -999.9 13.9 -999.9 -999.9 554.3 -999.9 -999.9 12.9 319 25.7 -999.9 8.4 21.8 27.9 27.9 28.2 29.7 14.9 14.2 98.0 96.0 41.8 São_José_dos_Ausentes_(1175_m) -999.9 -999.9 554.3 554.3 554.3 14.4 13.9 -999.9 Rio_Grande_do_Sul DAVIS -999.9 0.0 21.8
-28.768900 -49.998501 2f8e135d-b70d-426a-b4b0-7bf2d193291c 2026-09-20_03:33 14.2 -999.9 -999.9 98.0 -999.9 -999.9 13.9 -999.9 -999.9 554.3 -999.9 -999.9 6.4 260 25.7 -999.9 7.9 21.8 27.9 27.9 28.2 29.7 14.9 14.2 98.0 96.0 41.8 São_José_dos_Ausentes_(1175_m) -999.9 -999.9 554.3 554.3 554.3 14.4 13.9 -999.9 Rio_Grande_do_Sul DAVIS -999.9 0.0 21.8
-28.768900 -49.998501 2f8e135d-b70d-426a-b4b0-7bf2d193291c 2026-09-20_03:38 14.1 -999.9 -999.9 98.0 -999.9 -999.9 13.9 -999.9 -999.9 554.3 -999.9 -999.9 8.0 355 22.5 -999.9 5.8 21.8 27.9 27.9 28.2 29.7 14.9 14.1 98.0 96.0 41.8 São_José_dos_Ausentes_(1175_m) -999.9 -999.9 554.3 554.3 554.3 14.4 13.9 -999.9 Rio_Grande_do_Sul DAVIS -999.9 0.0 21.8
-28.768900 -49.998501 2f8e135d-b70d-426a-b4b0-7bf2d193291c 2026-09-20_03:43 14.1 -999.9 -999.9 98.0 -999.9 -999.9 13.9 -999.9 -999.9 554.3 -999.9 -999.9 12.9 15 24.1 -999.9 4.3 21.8 27.9 27.9 28.2 29.7 14.9 14.1 98.0 96.0 41.8 São_José_dos_Ausentes_(1175_m) -999.9 -999.9 554.3 554.3 554.3 14.4 13.9 -999.9 Rio_Grande_do_Sul DAVIS -999.9 0.0 21.8
-28.768900 -49.998501 2f8e135d-b70d-426a-b4b0-7bf2d193291c 2026-09-20_03:49 14.1 -999.9 -999.9 98.0 -999.9 -999.9 13.9 -999.9 -999.9 554.3 -999.9 -999.9 19.3 54 27.4 -999.9 2.8 21.8 27.9 27.9 28.2 29.7 14.9 14.1 98.0 96.0 41.8 São_José_dos_Ausentes_(1175_m) -999.9 -999.9 554.3 554.3 554.3 14.4 13.9 -999.9 Rio_Grande_do_Sul DAVIS -999.9 0.0 21.8
-28.768900 -49.998501 2f8e135d-b70d-426a-b4b0-7bf2d193291c 2026-09-20_03:53 14.1 -999.9 -999.9 98.0 -999.9 -999.9 13.9 -999.9 -999.9 554.3 -999.9 -999.9 4.8 293 29.0 -999.9 2.3 21.8 27.9 27.9 28.2 29.7 14.9 14.1 98.0 96.0 41.8 São_José_dos_Ausentes_(1175_m) -999.9 -999.9 554.3 554.3 554.3 14.4 13.9 -999.9 Rio_Grande_do_Sul DAVIS -999.9 0.0 21.8
-28.768900 -49.998501 2f8e135d-b70d-426a-b4b0-7bf2d193291c 2026-09-20_03:58 14.1 -999.9 -999.9 98.0 -999.9 -999.9 13.9 -999.9 -999.9 554.3 -999.9 -999.9 19.3 292 29.0 -999.9 1.8 21.8 27.9 27.9 28.2 29.7 14.9 14.1 98.0 96.0 41.8 São_José_dos_Ausentes_(1175_m) -999.9 -999.9 554.3 554.3 554.3 14.4 13.9 -999.9 Rio_Grande_do_Sul DAVIS -999.9 0.0 21.8
-28.768900 -49.998501 2f8e135d-b70d-426a-b4b0-7bf2d193291c 2026-09-20_04:04 14.1 -999.9 -999.9 98.0 -999.9 -999.9 13.9 -999.9 -999.9 554.3 -999.9 -999.9 16.1 338 33.8 -999.9 0.8 21.8 27.9 27.9 28.2 29.7 14.9 14.1 98.0 96.0 41.8 São_José_dos_Ausentes_(1175_m) -999.9 -999.9 554.3 554.3 554.3 14.4 13.9 -999.9 Rio_Grande_do_Sul DAVIS -999.9 0.0 21.8
-28.768900 -49.998501 2f8e135d-b70d-426a-b4b0-7bf2d193291c 2026-09-20_04:08 14.1 -999.9 -999.9 98.0 -999.9 -999.9 13.9 -999.9 -999.9 554.3 -999.9 -999.9 24.1 23 35.4 -999.9 0.5 21.8 27.9 27.9 28.2 29.7 14.9 14.1 98.0 96.0 41.8 São_José_dos_Ausentes_(1175_m) -999.9 -999.9 554.3 554.3 554.3 14.4 13.9 -999.9 Rio_Grande_do_Sul DAVIS -999.9 0.0 21.8
-28.768900 -49.998501 2f8e135d-b70d-426a-b4b0-7bf2d193291c 2026-09-20_04:13 14.1 -999.9 -999.9 98.0 -999.9 -999.9 13.9 -999.9 -999.9 554.3 -999.9 -999.9 9.7 273 35.4 -999.9 0.3 21.8 27.9 27.9 28.2 29.7 14.9 14.1 98.0 96.0 41.8 São_José_dos_Ausentes_(1175_m) -999.9 -999.9 554.3 554.3 554.3 14.4 13.9 -999.9 Rio_Grande_do_Sul DAVIS -999.9 0.0 21.8
-28.768900 -49.998501 2f8e135d-b70d-426a-b4b0-7bf2d193291c 2026-09-20_04:19 14.1 -999.9 -999.9 98.0 -999.9 -999.9 13.9 -999.9 -999.9 554.3 -999.9 -999.9 6.4 242 35.4 -999.9 0.3 21.8 27.9 27.9 28.2 29.7 14.9 14.1 98.0 96.0 41.8 São_José_dos_Ausentes_(1175_m) -999.9 -999.9 554.3 554.3 554.3 14.4 13.9 -999.9 Rio_Grande_do_Sul DAVIS -999.9 0.0 21.8
-28.768900 -49.998501 2f8e135d-b70d-426a-b4b0-7bf2d193291c 2026-09-20_04:23 14.1 -999.9 -999.9 98.0 -999.9 -999.9 13.9 -999.9 -999.9 554.3 -999.9 -999.9 6.4 35 35.4 -999.9 0.0 21.8 27.9 27.9 28.2 29.7 14.9 14.1 98.0 96.0 41.8 São_José_dos_Ausentes_(1175_m) -999.9 -999.9 554.3 554.3 554.3 14.4 13.9 -999.9 Rio_Grande_do_Sul DAVIS -999.9 0.0 21.8
-28.768900 -49.998501 2f8e135d-b70d-426a-b4b0-7bf2d193291c 2026-09-20_04:28 14.1 -999.9 -999.9 98.0 -999.9 -999.9 13.9 -999.9 -999.9 554.3 -999.9 -999.9 12.9 329 27.4 -999.9 0.0 21.8 27.9 27.9 28.2 29.7 14.9 14.1 98.0 96.0 41.8 São_José_dos_Ausentes_(1175_m) -999.9 -999.9 554.3 554.3 554.3 14.4 13.9 -999.9 Rio_Grande_do_Sul DAVIS -999.9 0.0 21.8
-28.768900 -49.998501 2f8e135d-b70d-426a-b4b0-7bf2d193291c 2026-09-20_04:34 14.1 -999.9 -999.9 98.0 -999.9 -999.9 13.9 -999.9 -999.9 554.3 -999.9 -999.9 17.7 303 33.8 -999.9 0.0 21.8 27.9 27.9 28.2 29.7 14.9 14.1 98.0 96.0 41.8 São_José_dos_Ausentes_(1175_m) -999.9 -999.9 554.3 554.3 554.3 14.4 13.9 -999.9 Rio_Grande_do_Sul DAVIS -999.9 0.0 21.8
-28.768900 -49.998501 2f8e135d-b70d-426a-b4b0-7bf2d193291c 2026-09-20_04:38 14.1 -999.9 -999.9 98.0 -999.9 -999.9 13.9 -999.9 -999.9 554.3 -999.9 -999.9 17.7 321 33.8 -999.9 0.0 21.8 27.9 27.9 28.2 29.7 14.9 14.1 98.0 96.0 41.8 São_José_dos_Ausentes_(1175_m) -999.9 -999.9 554.3 554.3 554.3 14.4 13.9 -999.9 Rio_Grande_do_Sul DAVIS -999.9 0.0 21.8
-28.768900 -49.998501 2f8e135d-b70d-426a-b4b0-7bf2d193291c 2026-09-20_04:43 14.1 -999.9 -999.9 98.0 -999.9 -999.9 13.9 -999.9 -999.9 554.3 -999.9 -999.9 9.7 63 30.6 -999.9 0.0 21.8 27.9 27.9 28.2 29.7 14.9 14.1 98.0 96.0 41.8 São_José_dos_Ausentes_(1175_m) -999.9 -999.9 554.3 554.3 554.3 14.4 13.9 -999.9 Rio_Grande_do_Sul DAVIS -999.9 0.0 21.8
-28.768900 -49.998501 2f8e135d-b70d-426a-b4b0-7bf2d193291c 2026-09-20_04:49 14.1 -999.9 -999.9 98.0 -999.9 -999.9 13.9 -999.9 -999.9 554.3 -999.9 -999.9 14.5 32 29.0 -999.9 0.0 21.8 27.9 27.9 28.2 29.7 14.9 14.0 98.0 96.0 41.8 São_José_dos_Ausentes_(1175_m) -999.9 -999.9 554.3 554.3 554.3 14.4 13.9 -999.9 Rio_Grande_do_Sul DAVIS -999.9 0.0 21.8
-28.768900 -49.998501 2f8e135d-b70d-426a-b4b0-7bf2d193291c 2026-09-20_04:58 14.0 -999.9 -999.9 98.0 -999.9 -999.9 13.9 -999.9 -999.9 554.3 -999.9 -999.9 8.0 163 33.8 -999.9 0.0 21.8 27.9 27.9 28.2 29.7 14.9 14.0 98.0 96.0 41.8 São_José_dos_Ausentes_(1175_m) -999.9 -999.9 554.3 554.3 554.3 14.4 13.9 -999.9 Rio_Grande_do_Sul DAVIS -999.9 0.0 21.8
-28.768900 -49.998501 2f8e135d-b70d-426a-b4b0-7bf2d193291c 2026-09-20_05:04 14.0 -999.9 -999.9 98.0 -999.9 -999.9 13.9 -999.9 -999.9 554.3 -999.9 -999.9 8.0 69 29.0 -999.9 0.0 21.8 27.9 27.9 28.2 29.7 14.9 14.0 98.0 96.0 41.8 São_José_dos_Ausentes_(1175_m) -999.9 -999.9 554.3 554.3 554.3 14.4 13.9 -999.9 Rio_Grande_do_Sul DAVIS -999.9 0.0 21.8
-28.768900 -49.998501 2f8e135d-b70d-426a-b4b0-7bf2d193291c 2026-09-20_05:08 14.0 -999.9 -999.9 98.0 -999.9 -999.9 13.9 -999.9 -999.9 554.3 -999.9 -999.9 8.0 15 30.6 -999.9 0.0 21.8 27.9 27.9 28.2 29.7 14.9 13.9 98.0 96.0 41.8 São_José_dos_Ausentes_(1175_m) -999.9 -999.9 554.3 554.3 554.3 14.4 13.9 -999.9 Rio_Grande_do_Sul DAVIS -999.9 0.0 21.8
-28.768900 -49.998501 2f8e135d-b70d-426a-b4b0-7bf2d193291c 2026-09-20_05:13 13.9 -999.9 -999.9 98.0 -999.9 -999.9 13.9 -999.9 -999.9 554.3 -999.9 -999.9 14.5 360 30.6 -999.9 0.0 21.8 27.9 27.9 28.2 29.7 14.9 13.9 98.0 96.0 41.8 São_José_dos_Ausentes_(1175_m) -999.9 -999.9 554.3 554.3 554.3 14.4 13.9 -999.9 Rio_Grande_do_Sul DAVIS -999.9 0.0 21.8
-28.768900 -49.998501 2f8e135d-b70d-426a-b4b0-7bf2d193291c 2026-09-20_05:19 13.9 -999.9 -999.9 98.0 -999.9 -999.9 13.9 -999.9 -999.9 554.3 -999.9 -999.9 20.9 317 25.7 -999.9 0.0 21.8 27.9 27.9 28.2 29.7 14.9 13.9 98.0 96.0 41.8 São_José_dos_Ausentes_(1175_m) -999.9 -999.9 554.3 554.3 554.3 14.4 13.9 -999.9 Rio_Grande_do_Sul DAVIS -999.9 0.0 21.8
-28.768900 -49.998501 2f8e135d-b70d-426a-b4b0-7bf2d193291c 2026-09-20_05:23 13.9 -999.9 -999.9 97.0 -999.9 -999.9 13.3 -999.9 -999.9 554.3 -999.9 -999.9 3.2 17 25.7 -999.9 0.0 21.8 27.9 27.9 28.2 29.7 14.9 13.8 98.0 96.0 41.8 São_José_dos_Ausentes_(1175_m) -999.9 -999.9 554.3 554.3 554.3 14.4 13.3 -999.9 Rio_Grande_do_Sul DAVIS -999.9 0.0 21.8
-28.768900 -49.998501 2f8e135d-b70d-426a-b4b0-7bf2d193291c 2026-09-20_05:28 13.9 -999.9 -999.9 97.0 -999.9 -999.9 13.3 -999.9 -999.9 554.3 -999.9 -999.9 14.5 335 27.4 -999.9 0.0 21.8 27.9 27.9 28.2 29.7 14.9 13.8 98.0 96.0 41.8 São_José_dos_Ausentes_(1175_m) -999.9 -999.9 554.3 554.3 554.3 14.4 13.3 -999.9 Rio_Grande_do_Sul DAVIS -999.9 0.0 21.8
-28.768900 -49.998501 2f8e135d-b70d-426a-b4b0-7bf2d193291c 2026-09-20_05:34 13.9 -999.9 -999.9 98.0 -999.9 -999.9 13.9 -999.9 -999.9 554.3 -999.9 -999.9 22.5 348 32.2 -999.9 0.0 21.8 27.9 27.9 28.2 29.7 14.9 13.8 98.0 96.0 41.8 São_José_dos_Ausentes_(1175_m) -999.9 -999.9 554.3 554.3 554.3 14.4 13.3 -999.9 Rio_Grande_do_Sul DAVIS -999.9 0.0 21.8
-28.768900 -49.998501 2f8e135d-b70d-426a-b4b0-7bf2d193291c 2026-09-20_05:38 13.9 -999.9 -999.9 97.0 -999.9 -999.9 13.3 -999.9 -999.9 554.3 -999.9 -999.9 9.7 316 32.2 -999.9 0.0 21.8 27.9 27.9 28.2 29.7 14.9 13.8 98.0 96.0 41.8 São_José_dos_Ausentes_(1175_m) -999.9 -999.9 554.3 554.3 554.3 14.4 13.3 -999.9 Rio_Grande_do_Sul DAVIS -999.9 0.0 21.8
-28.768900 -49.998501 2f8e135d-b70d-426a-b4b0-7bf2d193291c 2026-09-20_05:43 13.9 -999.9 -999.9 97.0 -999.9 -999.9 13.3 -999.9 -999.9 554.3 -999.9 -999.9 12.9 285 32.2 -999.9 0.0 21.8 27.9 27.9 28.2 29.7 14.9 13.8 98.0 96.0 41.8 São_José_dos_Ausentes_(1175_m) -999.9 -999.9 554.3 554.3 554.3 14.4 13.3 -999.9 Rio_Grande_do_Sul DAVIS -999.9 0.0 21.8
-28.768900 -49.998501 2f8e135d-b70d-426a-b4b0-7bf2d193291c 2026-09-20_05:49 13.9 -999.9 -999.9 97.0 -999.9 -999.9 13.3 -999.9 -999.9 554.3 -999.9 -999.9 8.0 191 32.2 -999.9 0.0 21.8 27.9 27.9 28.2 29.7 14.9 13.8 98.0 96.0 41.8 São_José_dos_Ausentes_(1175_m) -999.9 -999.9 554.3 554.3 554.3 14.4 13.3 -999.9 Rio_Grande_do_Sul DAVIS -999.9 0.0 21.8
-28.768900 -49.998501 2f8e135d-b70d-426a-b4b0-7bf2d193291c 2026-09-20_05:53 13.9 -999.9 -999.9 97.0 -999.9 -999.9 13.3 -999.9 -999.9 554.3 -999.9 -999.9 12.9 348 32.2 -999.9 0.0 21.8 27.9 27.9 28.2 29.7 14.9 13.8 98.0 96.0 41.8 São_José_dos_Ausentes_(1175_m) -999.9 -999.9 554.3 554.3 554.3 14.4 13.3 -999.9 Rio_Grande_do_Sul DAVIS -999.9 0.0 21.8
-28.768900 -49.998501 2f8e135d-b70d-426a-b4b0-7bf2d193291c 2026-09-20_05:58 14.0 -999.9 -999.9 97.0 -999.9 -999.9 13.3 -999.9 -999.9 554.3 -999.9 -999.9 4.8 271 32.2 -999.9 0.0 21.8 27.9 27.9 28.2 29.7 14.9 13.8 98.0 96.0 41.8 São_José_dos_Ausentes_(1175_m) -999.9 -999.9 554.3 554.3 554.3 14.4 13.3 -999.9 Rio_Grande_do_Sul DAVIS -999.9 0.0 21.8
-28.768900 -49.998501 2f8e135d-b70d-426a-b4b0-7bf2d193291c 2026-09-20_06:04 14.0 -999.9 -999.9 97.0 -999.9 -999.9 13.3 -999.9 -999.9 554.3 -999.9 -999.9 8.0 313 32.2 -999.9 0.0 21.8 27.9 27.9 28.2 29.7 14.9 13.8 98.0 96.0 41.8 São_José_dos_Ausentes_(1175_m) -999.9 -999.9 554.3 554.3 554.3 14.4 13.3 -999.9 Rio_Grande_do_Sul DAVIS -999.9 0.0 21.8
-28.768900 -49.998501 2f8e135d-b70d-426a-b4b0-7bf2d193291c 2026-09-20_06:08 14.1 -999.9 -999.9 97.0 -999.9 -999.9 13.9 -999.9 -999.9 554.3 -999.9 -999.9 17.7 360 37.0 -999.9 0.0 21.8 27.9 27.9 28.2 29.7 14.9 13.8 98.0 96.0 41.8 São_José_dos_Ausentes_(1175_m) -999.9 -999.9 554.3 554.3 554.3 14.4 13.3 -999.9 Rio_Grande_do_Sul DAVIS -999.9 0.0 21.8
-28.768900 -49.998501 2f8e135d-b70d-426a-b4b0-7bf2d193291c 2026-09-20_06:13 14.1 -999.9 -999.9 97.0 -999.9 -999.9 13.9 -999.9 -999.9 554.3 -999.9 -999.9 19.3 257 41.8 -999.9 0.0 21.8 27.9 27.9 28.2 29.7 14.9 13.8 98.0 96.0 41.8 São_José_dos_Ausentes_(1175_m) -999.9 -999.9 554.3 554.3 554.3 14.4 13.3 -999.9 Rio_Grande_do_Sul DAVIS -999.9 0.0 21.8
-28.768900 -49.998501 2f8e135d-b70d-426a-b4b0-7bf2d193291c 2026-09-20_06:19 14.3 -999.9 -999.9 96.0 -999.9 -999.9 13.9 -999.9 -999.9 554.3 -999.9 -999.9 16.1 343 41.8 -999.9 0.0 21.8 27.9 27.9 28.2 29.7 14.9 13.8 98.0 96.0 41.8 São_José_dos_Ausentes_(1175_m) -999.9 -999.9 554.3 554.3 554.3 14.4 13.3 -999.9 Rio_Grande_do_Sul DAVIS -999.9 0.0 21.8
-28.768900 -49.998501 2f8e135d-b70d-426a-b4b0-7bf2d193291c 2026-09-20_06:23 14.3 -999.9 -999.9 96.0 -999.9 -999.9 13.9 -999.9 -999.9 554.3 -999.9 -999.9 19.3 338 35.4 -999.9 0.0 21.8 27.9 27.9 28.2 29.7 14.9 13.8 98.0 96.0 41.8 São_José_dos_Ausentes_(1175_m) -999.9 -999.9 554.3 554.3 554.3 14.4 13.3 -999.9 Rio_Grande_do_Sul DAVIS -999.9 0.0 21.8
-28.768900 -49.998501 2f8e135d-b70d-426a-b4b0-7bf2d193291c 2026-09-20_06:28 14.3 -999.9 -999.9 96.0 -999.9 -999.9 13.9 -999.9 -999.9 554.3 -999.9 -999.9 16.1 355 35.4 -999.9 0.0 21.8 27.9 27.9 28.2 29.7 14.9 13.8 98.0 96.0 41.8 São_José_dos_Ausentes_(1175_m) -999.9 -999.9 554.3 554.3 554.3 14.4 13.3 -999.9 Rio_Grande_do_Sul DAVIS -999.9 0.0 21.8
-28.768900 -49.998501 2f8e135d-b70d-426a-b4b0-7bf2d193291c 2026-09-20_06:34 14.3 -999.9 -999.9 96.0 -999.9 -999.9 13.9 -999.9 -999.9 554.3 -999.9 -999.9 22.5 22 33.8 -999.9 0.0 21.8 27.9 27.9 28.2 29.7 14.9 13.8 98.0 96.0 41.8 São_José_dos_Ausentes_(1175_m) -999.9 -999.9 554.3 554.3 554.3 14.4 13.3 -999.9 Rio_Grande_do_Sul DAVIS -999.9 0.0 21.8
-28.768900 -49.998501 2f8e135d-b70d-426a-b4b0-7bf2d193291c 2026-09-20_06:38 14.3 -999.9 -999.9 96.0 -999.9 -999.9 13.9 -999.9 -999.9 554.3 -999.9 -999.9 17.7 360 37.0 -999.9 0.0 21.8 27.9 27.9 28.2 29.7 14.9 13.8 98.0 96.0 41.8 São_José_dos_Ausentes_(1175_m) -999.9 -999.9 554.3 554.3 554.3 14.4 13.3 -999.9 Rio_Grande_do_Sul DAVIS -999.9 0.0 21.8
-28.768900 -49.998501 2f8e135d-b70d-426a-b4b0-7bf2d193291c 2026-09-20_06:43 14.3 -999.9 -999.9 96.0 -999.9 -999.9 13.9 -999.9 -999.9 554.3 -999.9 -999.9 19.3 59 37.0 -999.9 0.0 21.8 27.9 27.9 28.2 29.7 14.9 13.8 98.0 96.0 41.8 São_José_dos_Ausentes_(1175_m) -999.9 -999.9 554.3 554.3 554.3 14.4 13.3 -999.9 Rio_Grande_do_Sul DAVIS -999.9 0.0 21.8
-28.768900 -49.998501 2f8e135d-b70d-426a-b4b0-7bf2d193291c 2026-09-20_06:49 14.5 -999.9 -999.9 96.0 -999.9 -999.9 13.9 -999.9 -999.9 554.3 -999.9 -999.9 12.9 292 35.4 -999.9 0.0 21.8 27.9 27.9 28.2 29.7 14.9 13.8 98.0 96.0 41.8 São_José_dos_Ausentes_(1175_m) -999.9 -999.9 554.3 554.3 554.3 14.4 13.3 -999.9 Rio_Grande_do_Sul DAVIS -999.9 0.0 21.8
-28.768900 -49.998501 2f8e135d-b70d-426a-b4b0-7bf2d193291c 2026-09-20_06:53 14.6 -999.9 -999.9 96.0 -999.9 -999.9 13.9 -999.9 -999.9 1074.0 -999.9 -999.9 19.3 247 38.6 -999.9 0.0 21.8 27.9 27.9 28.2 29.7 14.9 13.8 98.0 96.0 41.8 São_José_dos_Ausentes_(1175_m) -999.9 -999.9 1074.0 554.3 1074.0 14.4 13.3 -999.9 Rio_Grande_do_Sul DAVIS -999.9 0.0 21.8
-28.768900 -49.998501 2f8e135d-b70d-426a-b4b0-7bf2d193291c 2026-09-20_06:58 14.6 -999.9 -999.9 96.0 -999.9 -999.9 13.9 -999.9 -999.9 1074.0 -999.9 -999.9 25.7 303 38.6 -999.9 0.0 21.8 27.9 27.9 28.2 29.7 14.9 13.8 98.0 96.0 41.8 São_José_dos_Ausentes_(1175_m) -999.9 -999.9 1074.0 554.3 1074.0 14.4 13.3 -999.9 Rio_Grande_do_Sul DAVIS -999.9 0.0 21.8
-28.768900 -49.998501 2f8e135d-b70d-426a-b4b0-7bf2d193291c 2026-09-20_07:03 14.7 -999.9 -999.9 96.0 -999.9 -999.9 13.9 -999.9 -999.9 1074.0 -999.9 -999.9 33.8 327 35.4 -999.9 0.0 21.8 27.9 27.9 28.2 29.7 14.9 13.8 98.0 96.0 41.8 São_José_dos_Ausentes_(1175_m) -999.9 -999.9 1074.0 554.3 1074.0 14.4 13.3 -999.9 Rio_Grande_do_Sul DAVIS -999.9 0.0 21.8
-28.768900 -49.998501 2f8e135d-b70d-426a-b4b0-7bf2d193291c 2026-09-20_07:13 14.9 -999.9 -999.9 96.0 -999.9 -999.9 14.4 -999.9 -999.9 1074.0 -999.9 -999.9 14.5 50 38.6 -999.9 0.0 21.8 27.9 27.9 28.2 29.7 14.9 13.8 98.0 96.0 41.8 São_José_dos_Ausentes_(1175_m) -999.9 -999.9 1074.0 554.3 1074.0 14.4 13.3 -999.9 Rio_Grande_do_Sul DAVIS -999.9 0.0 21.8
-28.768900 -49.998501 2f8e135d-b70d-426a-b4b0-7bf2d193291c 2026-09-20_07:19 15.0 -999.9 -999.9 96.0 -999.9 -999.9 14.4 -999.9 -999.9 1074.0 -999.9 -999.9 30.6 11 41.8 -999.9 0.0 21.8 27.9 27.9 28.2 29.7 15.1 13.8 98.0 96.0 41.8 São_José_dos_Ausentes_(1175_m) -999.9 -999.9 1074.0 554.3 1074.0 14.4 13.3 -999.9 Rio_Grande_do_Sul DAVIS -999.9 0.0 21.8
-28.768900 -49.998501 2f8e135d-b70d-426a-b4b0-7bf2d193291c 2026-09-20_07:23 15.0 -999.9 -999.9 96.0 -999.9 -999.9 14.4 -999.9 -999.9 1074.0 -999.9 -999.9 33.8 319 45.1 -999.9 0.0 21.8 27.9 27.9 28.2 29.7 15.1 13.8 98.0 96.0 41.8 São_José_dos_Ausentes_(1175_m) -999.9 -999.9 1074.0 554.3 1074.0 14.4 13.3 -999.9 Rio_Grande_do_Sul DAVIS -999.9 0.0 21.8
-28.768900 -49.998501 2f8e135d-b70d-426a-b4b0-7bf2d193291c 2026-09-20_07:28 15.0 -999.9 -999.9 96.0 -999.9 -999.9 14.4 -999.9 -999.9 1074.0 -999.9 -999.9 29.0 360 45.1 -999.9 0.0 21.8 27.9 27.9 28.2 29.7 15.1 13.8 98.0 96.0 45.1 São_José_dos_Ausentes_(1175_m) -999.9 -999.9 1074.0 554.3 1074.0 14.4 13.3 -999.9 Rio_Grande_do_Sul DAVIS -999.9 0.0 21.8
-28.768900 -49.998501 2f8e135d-b70d-426a-b4b0-7bf2d193291c 2026-09-20_07:34 15.2 -999.9 -999.9 96.0 -999.9 -999.9 14.4 -999.9 -999.9 1074.0 -999.9 -999.9 24.1 20 38.6 -999.9 0.0 21.8 27.9 27.9 28.2 29.7 15.2 13.8 98.0 96.0 45.1 São_José_dos_Ausentes_(1175_m) -999.9 -999.9 1074.0 554.3 1074.0 15.0 13.3 -999.9 Rio_Grande_do_Sul DAVIS -999.9 0.0 21.8
-28.768900 -49.998501 2f8e135d-b70d-426a-b4b0-7bf2d193291c 2026-09-20_07:38 15.3 -999.9 -999.9 96.0 -999.9 -999.9 15.0 -999.9 -999.9 1074.0 -999.9 -999.9 20.9 56 40.2 -999.9 0.0 21.8 27.9 27.9 28.2 29.7 15.3 13.8 98.0 96.0 45.1 São_José_dos_Ausentes_(1175_m) -999.9 -999.9 1074.0 554.3 1074.0 15.0 13.3 -999.9 Rio_Grande_do_Sul DAVIS -999.9 0.0 21.8
-28.768900 -49.998501 2f8e135d-b70d-426a-b4b0-7bf2d193291c 2026-09-20_07:43 15.5 -999.9 -999.9 96.0 -999.9 -999.9 15.0 -999.9 -999.9 1074.0 -999.9 -999.9 16.1 327 43.5 -999.9 0.0 21.8 27.9 27.9 28.2 29.7 15.6 13.8 98.0 96.0 45.1 São_José_dos_Ausentes_(1175_m) -999.9 -999.9 1074.0 554.3 1074.0 15.0 13.3 -999.9 Rio_Grande_do_Sul DAVIS -999.9 0.0 21.8
-28.768900 -49.998501 2f8e135d-b70d-426a-b4b0-7bf2d193291c 2026-09-20_07:48 15.5 -999.9 -999.9 96.0 -999.9 -999.9 15.0 -999.9 -999.9 1074.0 -999.9 -999.9 27.4 9 43.5 -999.9 0.0 21.8 27.9 27.9 28.2 29.7 15.6 13.8 98.0 96.0 45.1 São_José_dos_Ausentes_(1175_m) -999.9 -999.9 1074.0 554.3 1074.0 15.0 13.3 -999.9 Rio_Grande_do_Sul DAVIS -999.9 0.0 21.8
-28.768900 -49.998501 2f8e135d-b70d-426a-b4b0-7bf2d193291c 2026-09-20_07:53 15.6 -999.9 -999.9 96.0 -999.9 -999.9 15.0 -999.9 -999.9 1074.0 -999.9 -999.9 25.7 333 41.8 -999.9 0.0 21.8 27.9 27.9 28.2 29.7 15.6 13.8 98.0 96.0 45.1 São_José_dos_Ausentes_(1175_m) -999.9 -999.9 1074.0 554.3 1074.0 15.0 13.3 -999.9 Rio_Grande_do_Sul DAVIS -999.9 0.0 21.8
-28.768900 -49.998501 2f8e135d-b70d-426a-b4b0-7bf2d193291c 2026-09-20_07:58 15.7 -999.9 -999.9 96.0 -999.9 -999.9 15.0 -999.9 -999.9 1074.0 -999.9 -999.9 32.2 59 41.8 -999.9 0.0 21.8 27.9 27.9 28.2 29.7 15.7 13.8 98.0 96.0 45.1 São_José_dos_Ausentes_(1175_m) -999.9 -999.9 1074.0 554.3 1074.0 15.0 13.3 -999.9 Rio_Grande_do_Sul DAVIS -999.9 0.0 21.8
-28.768900 -49.998501 2f8e135d-b70d-426a-b4b0-7bf2d193291c 2026-09-20_08:04 15.9 -999.9 -999.9 97.0 -999.9 -999.9 15.6 -999.9 -999.9 1074.0 -999.9 -999.9 19.3 61 40.2 -999.9 0.0 21.8 27.9 27.9 28.2 29.7 15.9 13.8 98.0 96.0 45.1 São_José_dos_Ausentes_(1175_m) -999.9 -999.9 1074.0 554.3 1074.0 15.6 13.3 -999.9 Rio_Grande_do_Sul DAVIS -999.9 0.0 21.8
-28.768900 -49.998501 2f8e135d-b70d-426a-b4b0-7bf2d193291c 2026-09-20_08:08 16.1 -999.9 -999.9 96.0 -999.9 -999.9 15.6 -999.9 -999.9 1074.0 -999.9 -999.9 17.7 329 43.5 -999.9 0.0 21.8 27.9 27.9 28.2 29.7 16.1 13.8 98.0 96.0 45.1 São_José_dos_Ausentes_(1175_m) -999.9 -999.9 1074.0 554.3 1074.0 15.6 13.3 -999.9 Rio_Grande_do_Sul DAVIS -999.9 0.0 21.8
-28.768900 -49.998501 2f8e135d-b70d-426a-b4b0-7bf2d193291c 2026-09-20_08:13 16.3 -999.9 -999.9 96.0 -999.9 -999.9 15.6 -999.9 -999.9 1074.0 -999.9 -999.9 12.9 273 43.5 -999.9 0.0 21.8 27.9 27.9 28.2 29.7 16.3 13.8 98.0 96.0 45.1 São_José_dos_Ausentes_(1175_m) -999.9 -999.9 1074.0 554.3 1074.0 15.6 13.3 -999.9 Rio_Grande_do_Sul DAVIS -999.9 0.0 21.8
-28.768900 -49.998501 2f8e135d-b70d-426a-b4b0-7bf2d193291c 2026-09-20_08:18 16.5 -999.9 -999.9 96.0 -999.9 -999.9 16.1 -999.9 -999.9 1074.0 -999.9 -999.9 25.7 319 41.8 -999.9 0.0 21.8 27.9 27.9 28.2 29.7 16.5 13.8 98.0 96.0 45.1 São_José_dos_Ausentes_(1175_m) -999.9 -999.9 1074.0 554.3 1074.0 16.1 13.3 -999.9 Rio_Grande_do_Sul DAVIS -999.9 0.0 21.8
-28.768900 -49.998501 2f8e135d-b70d-426a-b4b0-7bf2d193291c 2026-09-20_08:23 16.6 -999.9 -999.9 96.0 -999.9 -999.9 16.1 -999.9 -999.9 1074.0 -999.9 -999.9 33.8 63 41.8 -999.9 0.0 21.8 27.9 27.9 28.2 29.7 16.6 13.8 98.0 95.0 45.1 São_José_dos_Ausentes_(1175_m) -999.9 -999.9 1074.0 554.3 1074.0 16.1 13.3 -999.9 Rio_Grande_do_Sul DAVIS -999.9 0.0 21.8
-28.768900 -49.998501 2f8e135d-b70d-426a-b4b0-7bf2d193291c 2026-09-20_08:28 17.1 -999.9 -999.9 95.0 -999.9 -999.9 16.1 -999.9 -999.9 1074.0 -999.9 -999.9 33.8 11 43.5 -999.9 0.0 21.8 27.9 27.9 28.2 29.7 17.1 13.8 98.0 94.0 48.3 São_José_dos_Ausentes_(1175_m) -999.9 -999.9 1074.0 554.3 1074.0 16.7 13.3 -999.9 Rio_Grande_do_Sul DAVIS -999.9 0.0 21.8
-28.768900 -49.998501 2f8e135d-b70d-426a-b4b0-7bf2d193291c 2026-09-20_08:33 16.9 -999.9 -999.9 95.0 -999.9 -999.9 16.1 -999.9 -999.9 1074.0 -999.9 -999.9 30.6 38 48.3 -999.9 0.0 21.8 27.9 27.9 28.2 29.7 17.1 13.8 98.0 94.0 48.3 São_José_dos_Ausentes_(1175_m) -999.9 -999.9 1074.0 554.3 1074.0 16.7 13.3 -999.9 Rio_Grande_do_Sul DAVIS -999.9 0.0 21.8
-28.768900 -49.998501 2f8e135d-b70d-426a-b4b0-7bf2d193291c 2026-09-20_08:38 17.0 -999.9 -999.9 95.0 -999.9 -999.9 16.1 -999.9 -999.9 1074.0 -999.9 -999.9 30.6 321 49.9 -999.9 0.0 21.8 27.9 27.9 28.2 29.7 17.1 13.8 98.0 94.0 49.9 São_José_dos_Ausentes_(1175_m) -999.9 -999.9 1074.0 554.3 1074.0 16.7 13.3 -999.9 Rio_Grande_do_Sul DAVIS -999.9 0.0 21.8
-28.768900 -49.998501 2f8e135d-b70d-426a-b4b0-7bf2d193291c 2026-09-20_08:43 17.1 -999.9 -999.9 96.0 -999.9 -999.9 16.7 -999.9 -999.9 1074.0 -999.9 -999.9 30.6 338 46.7 -999.9 0.0 21.8 27.9 27.9 28.2 29.7 17.1 13.8 98.0 94.0 49.9 São_José_dos_Ausentes_(1175_m) -999.9 -999.9 1074.0 554.3 1074.0 16.7 13.3 -999.9 Rio_Grande_do_Sul DAVIS -999.9 0.0 21.8
-28.768900 -49.998501 2f8e135d-b70d-426a-b4b0-7bf2d193291c 2026-09-20_08:48 17.2 -999.9 -999.9 95.0 -999.9 -999.9 16.7 -999.9 -999.9 1074.0 -999.9 -999.9 24.1 57 46.7 -999.9 0.0 21.8 27.9 27.9 28.2 29.7 17.2 13.8 98.0 94.0 49.9 São_José_dos_Ausentes_(1175_m) -999.9 -999.9 1074.0 554.3 1074.0 16.7 13.3 -999.9 Rio_Grande_do_Sul DAVIS -999.9 0.0 21.8
-28.768900 -49.998501 2f8e135d-b70d-426a-b4b0-7bf2d193291c 2026-09-20_08:53 17.2 -999.9 -999.9 95.0 -999.9 -999.9 16.7 -999.9 -999.9 1074.0 -999.9 -999.9 25.7 330 46.7 -999.9 0.0 21.8 27.9 27.9 28.2 29.7 17.2 13.8 98.0 94.0 49.9 São_José_dos_Ausentes_(1175_m) -999.9 -999.9 1074.0 554.3 1074.0 16.7 13.3 -999.9 Rio_Grande_do_Sul DAVIS -999.9 0.0 21.8
-28.768900 -49.998501 2f8e135d-b70d-426a-b4b0-7bf2d193291c 2026-09-20_08:58 17.0 -999.9 -999.9 95.0 -999.9 -999.9 16.1 -999.9 -999.9 1074.0 -999.9 -999.9 29.0 301 46.7 -999.9 0.0 21.8 27.9 27.9 28.2 29.7 17.2 13.8 98.0 94.0 49.9 São_José_dos_Ausentes_(1175_m) -999.9 -999.9 1074.0 554.3 1074.0 16.7 13.3 -999.9 Rio_Grande_do_Sul DAVIS -999.9 0.0 21.8
-28.768900 -49.998501 2f8e135d-b70d-426a-b4b0-7bf2d193291c 2026-09-20_09:04 17.1 -999.9 -999.9 95.0 -999.9 -999.9 16.1 -999.9 -999.9 1074.0 -999.9 -999.9 33.8 323 45.1 -999.9 0.0 21.8 27.9 27.9 28.2 29.7 17.2 13.8 98.0 94.0 49.9 São_José_dos_Ausentes_(1175_m) -999.9 -999.9 1074.0 554.3 1074.0 16.7 13.3 -999.9 Rio_Grande_do_Sul DAVIS -999.9 0.0 21.8
-28.768900 -49.998501 2f8e135d-b70d-426a-b4b0-7bf2d193291c 2026-09-20_09:13 17.4 -999.9 -999.9 96.0 -999.9 -999.9 16.7 -999.9 -999.9 1074.0 -999.9 -999.9 41.8 360 45.1 -999.9 0.0 21.8 27.9 27.9 28.2 29.7 17.4 13.8 98.0 94.0 49.9 São_José_dos_Ausentes_(1175_m) -999.9 -999.9 1074.0 554.3 1074.0 16.7 13.3 -999.9 Rio_Grande_do_Sul DAVIS -999.9 0.0 21.8
-28.768900 -49.998501 2f8e135d-b70d-426a-b4b0-7bf2d193291c 2026-09-20_09:18 17.4 -999.9 -999.9 95.0 -999.9 -999.9 16.7 -999.9 -999.9 1074.0 -999.9 -999.9 35.4 302 41.8 -999.9 0.0 21.8 27.9 27.9 28.2 29.7 17.5 13.8 98.0 94.0 49.9 São_José_dos_Ausentes_(1175_m) -999.9 -999.9 1074.0 554.3 1074.0 16.7 13.3 -999.9 Rio_Grande_do_Sul DAVIS -999.9 0.0 21.8
-28.768900 -49.998501 2f8e135d-b70d-426a-b4b0-7bf2d193291c 2026-09-20_09:28 17.6 -999.9 -999.9 95.0 -999.9 -999.9 16.7 -999.9 -999.9 1074.0 -999.9 -999.9 29.0 360 48.3 -999.9 0.0 21.8 27.9 27.9 28.2 29.7 17.6 13.8 98.0 94.0 49.9 São_José_dos_Ausentes_(1175_m) -999.9 -999.9 1074.0 554.3 1074.0 16.7 13.3 -999.9 Rio_Grande_do_Sul DAVIS -999.9 0.0 21.8
-28.768900 -49.998501 2f8e135d-b70d-426a-b4b0-7bf2d193291c 2026-09-20_09:33 17.7 -999.9 -999.9 95.0 -999.9 -999.9 17.2 -999.9 -999.9 1074.0 -999.9 -999.9 27.4 333 38.6 -999.9 0.0 21.8 27.9 27.9 28.2 29.7 17.7 13.8 98.0 94.0 49.9 São_José_dos_Ausentes_(1175_m) -999.9 -999.9 1074.0 554.3 1074.0 17.2 13.3 -999.9 Rio_Grande_do_Sul DAVIS -999.9 0.0 21.8
-28.768900 -49.998501 2f8e135d-b70d-426a-b4b0-7bf2d193291c 2026-09-20_09:43 17.6 -999.9 -999.9 95.0 -999.9 -999.9 16.7 -999.9 -999.9 1074.0 -999.9 -999.9 27.4 287 45.1 -999.9 0.0 21.8 27.9 27.9 28.2 29.7 17.7 13.8 98.0 94.0 49.9 São_José_dos_Ausentes_(1175_m) -999.9 -999.9 1074.0 554.3 1074.0 17.2 13.3 -999.9 Rio_Grande_do_Sul DAVIS -999.9 0.0 21.8
-28.768900 -49.998501 2f8e135d-b70d-426a-b4b0-7bf2d193291c 2026-09-20_09:53 17.9 -999.9 -999.9 95.0 -999.9 -999.9 17.2 -999.9 -999.9 1074.0 -999.9 -999.9 30.6 339 40.2 -999.9 0.0 21.8 27.9 27.9 28.2 29.7 17.9 13.8 98.0 94.0 49.9 São_José_dos_Ausentes_(1175_m) -999.9 -999.9 1074.0 554.3 1074.0 17.2 13.3 -999.9 Rio_Grande_do_Sul DAVIS -999.9 0.0 21.8
-28.768900 -49.998501 2f8e135d-b70d-426a-b4b0-7bf2d193291c 2026-09-20_09:59 18.2 -999.9 -999.9 95.0 -999.9 -999.9 17.2 -999.9 -999.9 1074.0 -999.9 -999.9 20.9 331 45.1 -999.9 0.0 21.8 27.9 27.9 28.2 29.7 18.2 13.8 98.0 94.0 49.9 São_José_dos_Ausentes_(1175_m) -999.9 -999.9 1074.0 554.3 1074.0 17.2 13.3 -999.9 Rio_Grande_do_Sul DAVIS -999.9 0.0 21.8
-28.768900 -49.998501 2f8e135d-b70d-426a-b4b0-7bf2d193291c 2026-09-20_10:04 18.4 -999.9 -999.9 93.0 -999.9 -999.9 17.2 -999.9 -999.9 1074.0 -999.9 -999.9 17.7 360 45.1 -999.9 0.0 21.8 27.9 27.9 28.2 29.7 18.6 13.8 98.0 93.0 49.9 São_José_dos_Ausentes_(1175_m) -999.9 -999.9 1074.0 554.3 1074.0 17.8 13.3 -999.9 Rio_Grande_do_Sul DAVIS -999.9 0.0 21.8
-28.768900 -49.998501 2f8e135d-b70d-426a-b4b0-7bf2d193291c 2026-09-20_10:09 18.4 -999.9 -999.9 95.0 -999.9 -999.9 17.8 -999.9 -999.9 1074.0 -999.9 -999.9 12.9 273 43.5 -999.9 0.0 21.8 27.9 27.9 28.2 29.7 18.6 13.8 98.0 93.0 49.9 São_José_dos_Ausentes_(1175_m) -999.9 -999.9 1074.0 554.3 1074.0 17.8 13.3 -999.9 Rio_Grande_do_Sul DAVIS -999.9 0.0 21.8
-28.768900 -49.998501 2f8e135d-b70d-426a-b4b0-7bf2d193291c 2026-09-20_10:14 18.2 -999.9 -999.9 93.0 -999.9 -999.9 17.2 -999.9 -999.9 1074.0 -999.9 -999.9 32.2 335 43.5 -999.9 0.0 21.8 27.9 27.9 28.2 29.7 18.6 13.8 98.0 93.0 49.9 São_José_dos_Ausentes_(1175_m) -999.9 -999.9 1074.0 554.3 1074.0 17.8 13.3 -999.9 Rio_Grande_do_Sul DAVIS -999.9 0.0 21.8
-28.768900 -49.998501 2f8e135d-b70d-426a-b4b0-7bf2d193291c 2026-09-20_10:19 18.3 -999.9 -999.9 94.0 -999.9 -999.9 17.2 -999.9 -999.9 1074.0 -999.9 -999.9 22.5 360 43.5 -999.9 0.0 21.8 27.9 27.9 28.2 29.7 18.6 13.8 98.0 93.0 49.9 São_José_dos_Ausentes_(1175_m) -999.9 -999.9 1074.0 554.3 1074.0 17.8 13.3 -999.9 Rio_Grande_do_Sul DAVIS -999.9 0.0 21.8
-28.768900 -49.998501 2f8e135d-b70d-426a-b4b0-7bf2d193291c 2026-09-20_10:29 18.9 -999.9 -999.9 94.0 -999.9 -999.9 17.8 -999.9 -999.9 1074.0 -999.9 -999.9 16.1 348 38.6 -999.9 0.0 21.8 27.9 27.9 28.2 29.7 19.0 13.8 98.0 93.0 49.9 São_José_dos_Ausentes_(1175_m) -999.9 -999.9 1074.0 554.3 1074.0 18.3 13.3 -999.9 Rio_Grande_do_Sul DAVIS -999.9 0.0 21.8
-28.768900 -49.998501 2f8e135d-b70d-426a-b4b0-7bf2d193291c 2026-09-20_10:34 19.2 -999.9 -999.9 92.0 -999.9 -999.9 17.8 -999.9 -999.9 1074.0 -999.9 -999.9 29.0 51 45.1 -999.9 0.0 21.8 27.9 27.9 28.2 29.7 19.2 13.8 98.0 92.0 49.9 São_José_dos_Ausentes_(1175_m) -999.9 -999.9 1074.0 554.3 1074.0 18.3 13.3 -999.9 Rio_Grande_do_Sul DAVIS -999.9 0.0 21.8
-28.768900 -49.998501 2f8e135d-b70d-426a-b4b0-7bf2d193291c 2026-09-20_10:39 19.0 -999.9 -999.9 92.0 -999.9 -999.9 17.8 -999.9 -999.9 1074.0 -999.9 -999.9 24.1 360 45.1 -999.9 0.0 21.8 27.9 27.9 28.2 29.7 19.3 13.8 98.0 92.0 49.9 São_José_dos_Ausentes_(1175_m) -999.9 -999.9 1074.0 554.3 1074.0 18.3 13.3 -999.9 Rio_Grande_do_Sul DAVIS -999.9 0.0 21.8
-28.768900 -49.998501 2f8e135d-b70d-426a-b4b0-7bf2d193291c 2026-09-20_10:44 18.9 -999.9 -999.9 93.0 -999.9 -999.9 17.8 -999.9 -999.9 1074.0 -999.9 -999.9 29.0 67 45.1 -999.9 0.0 21.8 27.9 27.9 28.2 29.7 19.3 13.8 98.0 92.0 49.9 São_José_dos_Ausentes_(1175_m) -999.9 -999.9 1074.0 554.3 1074.0 18.3 13.3 -999.9 Rio_Grande_do_Sul DAVIS -999.9 0.0 21.8
-28.768900 -49.998501 2f8e135d-b70d-426a-b4b0-7bf2d193291c 2026-09-20_10:48 19.2 -999.9 -999.9 94.0 -999.9 -999.9 18.3 -999.9 -999.9 1074.0 -999.9 -999.9 12.9 327 43.5 -999.9 0.0 21.8 27.9 27.9 28.2 29.7 19.3 13.8 98.0 92.0 49.9 São_José_dos_Ausentes_(1175_m) -999.9 -999.9 1074.0 554.3 1074.0 18.3 13.3 -999.9 Rio_Grande_do_Sul DAVIS -999.9 0.0 21.8
-28.768900 -49.998501 2f8e135d-b70d-426a-b4b0-7bf2d193291c 2026-09-20_10:54 19.2 -999.9 -999.9 91.0 -999.9 -999.9 17.8 -999.9 -999.9 1074.0 -999.9 -999.9 33.8 325 41.8 -999.9 0.0 21.8 27.9 27.9 28.2 29.7 19.3 13.8 98.0 91.0 49.9 São_José_dos_Ausentes_(1175_m) -999.9 -999.9 1074.0 554.3 1074.0 18.3 13.3 -999.9 Rio_Grande_do_Sul DAVIS -999.9 0.0 21.8
-28.768900 -49.998501 2f8e135d-b70d-426a-b4b0-7bf2d193291c 2026-09-20_10:58 19.2 -999.9 -999.9 92.0 -999.9 -999.9 17.8 -999.9 -999.9 1074.0 -999.9 -999.9 16.1 302 41.8 -999.9 0.0 21.8 27.9 27.9 28.2 29.7 19.3 13.8 98.0 91.0 49.9 São_José_dos_Ausentes_(1175_m) -999.9 -999.9 1074.0 554.3 1074.0 18.3 13.3 -999.9 Rio_Grande_do_Sul DAVIS -999.9 0.0 21.8
-28.768900 -49.998501 2f8e135d-b70d-426a-b4b0-7bf2d193291c 2026-09-20_11:04 19.6 -999.9 -999.9 92.0 -999.9 -999.9 18.3 -999.9 -999.9 1074.0 -999.9 -999.9 12.9 82 43.5 -999.9 0.0 21.8 27.9 27.9 28.2 29.7 19.6 13.8 98.0 91.0 49.9 São_José_dos_Ausentes_(1175_m) -999.9 -999.9 1074.0 554.3 1074.0 18.3 13.3 -999.9 Rio_Grande_do_Sul DAVIS -999.9 0.0 21.8
-28.768900 -49.998501 2f8e135d-b70d-426a-b4b0-7bf2d193291c 2026-09-20_11:13 19.7 -999.9 -999.9 92.0 -999.9 -999.9 18.3 -999.9 -999.9 1074.0 -999.9 -999.9 12.9 360 45.1 -999.9 0.0 21.8 27.9 27.9 28.2 29.7 19.8 13.8 98.0 91.0 49.9 São_José_dos_Ausentes_(1175_m) -999.9 -999.9 1074.0 554.3 1074.0 18.9 13.3 -999.9 Rio_Grande_do_Sul DAVIS -999.9 0.0 21.8
-28.768900 -49.998501 2f8e135d-b70d-426a-b4b0-7bf2d193291c 2026-09-20_11:19 19.8 -999.9 -999.9 91.0 -999.9 -999.9 18.3 -999.9 -999.9 1074.0 -999.9 -999.9 17.7 326 46.7 -999.9 0.0 21.8 27.9 27.9 28.2 29.7 19.8 13.8 98.0 91.0 49.9 São_José_dos_Ausentes_(1175_m) -999.9 -999.9 1074.0 554.3 1074.0 18.9 13.3 -999.9 Rio_Grande_do_Sul DAVIS -999.9 0.0 21.8
-28.768900 -49.998501 2f8e135d-b70d-426a-b4b0-7bf2d193291c 2026-09-20_11:23 19.8 -999.9 -999.9 92.0 -999.9 -999.9 18.3 -999.9 -999.9 1074.0 -999.9 -999.9 6.4 290 46.7 -999.9 0.0 21.8 27.9 27.9 28.2 29.7 19.8 13.8 98.0 91.0 49.9 São_José_dos_Ausentes_(1175_m) -999.9 -999.9 1074.0 554.3 1074.0 18.9 13.3 -999.9 Rio_Grande_do_Sul DAVIS -999.9 0.0 21.8
-28.768900 -49.998501 2f8e135d-b70d-426a-b4b0-7bf2d193291c 2026-09-20_11:28 19.7 -999.9 -999.9 91.0 -999.9 -999.9 18.3 -999.9 -999.9 1074.0 -999.9 -999.9 32.2 360 41.8 -999.9 0.0 21.8 27.9 27.9 28.2 29.7 19.9 13.8 98.0 90.0 49.9 São_José_dos_Ausentes_(1175_m) -999.9 -999.9 1074.0 554.3 1074.0 18.9 13.3 -999.9 Rio_Grande_do_Sul DAVIS -999.9 0.0 21.8
-28.768900 -49.998501 2f8e135d-b70d-426a-b4b0-7bf2d193291c 2026-09-20_11:34 19.9 -999.9 -999.9 91.0 -999.9 -999.9 18.3 -999.9 -999.9 1074.0 -999.9 -999.9 25.7 338 43.5 -999.9 0.0 21.8 27.9 27.9 28.2 29.7 19.9 13.8 98.0 90.0 49.9 São_José_dos_Ausentes_(1175_m) -999.9 -999.9 1074.0 554.3 1074.0 18.9 13.3 -999.9 Rio_Grande_do_Sul DAVIS -999.9 0.0 21.8
-28.768900 -49.998501 2f8e135d-b70d-426a-b4b0-7bf2d193291c 2026-09-20_11:38 19.8 -999.9 -999.9 90.0 -999.9 -999.9 18.3 -999.9 -999.9 1074.0 -999.9 -999.9 29.0 25 43.5 -999.9 0.0 21.8 27.9 27.9 28.2 29.7 19.9 13.8 98.0 90.0 49.9 São_José_dos_Ausentes_(1175_m) -999.9 -999.9 1074.0 554.3 1074.0 18.9 13.3 -999.9 Rio_Grande_do_Sul DAVIS -999.9 0.0 21.8
-28.768900 -49.998501 2f8e135d-b70d-426a-b4b0-7bf2d193291c 2026-09-20_11:43 19.9 -999.9 -999.9 91.0 -999.9 -999.9 18.3 -999.9 -999.9 1074.0 -999.9 -999.9 24.1 319 41.8 -999.9 0.0 21.8 27.9 27.9 28.2 29.7 19.9 13.8 98.0 90.0 49.9 São_José_dos_Ausentes_(1175_m) -999.9 -999.9 1074.0 554.3 1074.0 18.9 13.3 -999.9 Rio_Grande_do_Sul DAVIS -999.9 0.0 21.8
-28.768900 -49.998501 2f8e135d-b70d-426a-b4b0-7bf2d193291c 2026-09-20_11:49 20.3 -999.9 -999.9 91.0 -999.9 -999.9 18.9 -999.9 -999.9 1074.0 -999.9 -999.9 17.7 279 41.8 -999.9 0.0 21.8 27.9 27.9 28.2 29.7 20.3 13.8 98.0 89.0 49.9 São_José_dos_Ausentes_(1175_m) -999.9 -999.9 1074.0 554.3 1074.0 18.9 13.3 -999.9 Rio_Grande_do_Sul DAVIS -999.9 0.0 21.8
-28.768900 -49.998501 2f8e135d-b70d-426a-b4b0-7bf2d193291c 2026-09-20_11:53 20.6 -999.9 -999.9 89.0 -999.9 -999.9 18.9 -999.9 -999.9 1074.0 -999.9 -999.9 27.4 360 43.5 -999.9 0.0 21.8 27.9 27.9 28.2 29.7 20.6 13.8 98.0 89.0 49.9 São_José_dos_Ausentes_(1175_m) -999.9 -999.9 1074.0 554.3 1074.0 18.9 13.3 -999.9 Rio_Grande_do_Sul DAVIS -999.9 0.0 21.8
-28.768900 -49.998501 2f8e135d-b70d-426a-b4b0-7bf2d193291c 2026-09-20_11:58 20.6 -999.9 -999.9 89.0 -999.9 -999.9 18.9 -999.9 -999.9 1074.0 -999.9 -999.9 33.8 323 43.5 -999.9 0.0 21.8 27.9 27.9 28.2 29.7 20.6 13.8 98.0 89.0 49.9 São_José_dos_Ausentes_(1175_m) -999.9 -999.9 1074.0 554.3 1074.0 18.9 13.3 -999.9 Rio_Grande_do_Sul DAVIS -999.9 0.0 21.8
-28.768900 -49.998501 2f8e135d-b70d-426a-b4b0-7bf2d193291c 2026-09-20_12:04 20.6 -999.9 -999.9 88.0 -999.9 -999.9 18.3 -999.9 -999.9 1074.0 -999.9 -999.9 25.7 330 40.2 -999.9 0.0 21.8 27.9 27.9 28.2 29.7 20.7 13.8 98.0 88.0 49.9 São_José_dos_Ausentes_(1175_m) -999.9 -999.9 1074.0 554.3 1074.0 18.9 13.3 -999.9 Rio_Grande_do_Sul DAVIS -999.9 0.0 21.8
-28.768900 -49.998501 2f8e135d-b70d-426a-b4b0-7bf2d193291c 2026-09-20_12:13 20.7 -999.9 -999.9 88.0 -999.9 -999.9 18.9 -999.9 -999.9 1074.0 -999.9 -999.9 30.6 330 45.1 -999.9 0.0 21.8 27.9 27.9 28.2 29.7 20.7 13.8 98.0 88.0 49.9 São_José_dos_Ausentes_(1175_m) -999.9 -999.9 1074.0 554.3 1074.0 18.9 13.3 -999.9 Rio_Grande_do_Sul DAVIS -999.9 0.0 21.8
-28.768900 -49.998501 2f8e135d-b70d-426a-b4b0-7bf2d193291c 2026-09-20_12:19 20.9 -999.9 -999.9 89.0 -999.9 -999.9 18.9 -999.9 -999.9 1074.0 -999.9 -999.9 12.9 360 45.1 -999.9 0.0 21.8 27.9 27.9 28.2 29.7 20.9 13.8 98.0 88.0 49.9 São_José_dos_Ausentes_(1175_m) -999.9 -999.9 1074.0 554.3 1074.0 19.4 13.3 -999.9 Rio_Grande_do_Sul DAVIS -999.9 0.0 21.8
-28.768900 -49.998501 2f8e135d-b70d-426a-b4b0-7bf2d193291c 2026-09-20_12:28 20.3 -999.9 -999.9 88.0 -999.9 -999.9 18.3 -999.9 -999.9 1074.0 -999.9 -999.9 20.9 360 46.7 -999.9 0.0 21.8 27.9 27.9 28.2 29.7 20.9 13.8 98.0 86.0 49.9 São_José_dos_Ausentes_(1175_m) -999.9 -999.9 1074.0 554.3 1074.0 19.4 13.3 -999.9 Rio_Grande_do_Sul DAVIS -999.9 0.0 21.8
-28.768900 -49.998501 2f8e135d-b70d-426a-b4b0-7bf2d193291c 2026-09-20_12:34 20.6 -999.9 -999.9 88.0 -999.9 -999.9 18.9 -999.9 -999.9 1074.0 -999.9 -999.9 22.5 360 46.7 -999.9 0.0 21.8 27.9 27.9 28.2 29.7 20.9 13.8 98.0 86.0 49.9 São_José_dos_Ausentes_(1175_m) -999.9 -999.9 1074.0 554.3 1074.0 19.4 13.3 -999.9 Rio_Grande_do_Sul DAVIS -999.9 0.0 21.8
-28.768900 -49.998501 2f8e135d-b70d-426a-b4b0-7bf2d193291c 2026-09-20_12:38 21.1 -999.9 -999.9 88.0 -999.9 -999.9 18.9 -999.9 -999.9 1074.0 -999.9 -999.9 30.6 360 46.7 -999.9 0.0 21.8 27.9 27.9 28.2 29.7 21.1 13.8 98.0 86.0 49.9 São_José_dos_Ausentes_(1175_m) -999.9 -999.9 1074.0 554.3 1074.0 19.4 13.3 -999.9 Rio_Grande_do_Sul DAVIS -999.9 0.0 21.8
-28.768900 -49.998501 2f8e135d-b70d-426a-b4b0-7bf2d193291c 2026-09-20_12:43 21.1 -999.9 -999.9 87.0 -999.9 -999.9 18.9 -999.9 -999.9 1074.0 -999.9 -999.9 27.4 346 45.1 -999.9 0.0 21.8 27.9 27.9 28.2 29.7 21.2 13.8 98.0 86.0 49.9 São_José_dos_Ausentes_(1175_m) -999.9 -999.9 1074.0 554.3 1074.0 19.4 13.3 -999.9 Rio_Grande_do_Sul DAVIS -999.9 0.0 21.8
-28.768900 -49.998501 2f8e135d-b70d-426a-b4b0-7bf2d193291c 2026-09-20_12:49 20.9 -999.9 -999.9 89.0 -999.9 -999.9 18.9 -999.9 -999.9 1074.0 -999.9 -999.9 35.4 315 45.1 -999.9 0.0 21.8 27.9 27.9 28.2 29.7 21.2 13.8 98.0 86.0 49.9 São_José_dos_Ausentes_(1175_m) -999.9 -999.9 1074.0 554.3 1074.0 19.4 13.3 -999.9 Rio_Grande_do_Sul DAVIS -999.9 0.0 21.8
-28.768900 -49.998501 2f8e135d-b70d-426a-b4b0-7bf2d193291c 2026-09-20_12:53 21.2 -999.9 -999.9 89.0 -999.9 -999.9 19.4 -999.9 -999.9 1074.0 -999.9 -999.9 38.6 311 41.8 -999.9 0.0 21.8 27.9 27.9 28.2 29.7 21.2 13.8 98.0 86.0 49.9 São_José_dos_Ausentes_(1175_m) -999.9 -999.9 1074.0 554.3 1074.0 19.4 13.3 -999.9 Rio_Grande_do_Sul DAVIS -999.9 0.0 21.8
-28.768900 -49.998501 2f8e135d-b70d-426a-b4b0-7bf2d193291c 2026-09-20_12:58 21.3 -999.9 -999.9 89.0 -999.9 -999.9 19.4 -999.9 -999.9 1074.0 -999.9 -999.9 30.6 336 45.1 -999.9 0.0 21.8 27.9 27.9 28.2 29.7 21.3 13.8 98.0 86.0 49.9 São_José_dos_Ausentes_(1175_m) -999.9 -999.9 1074.0 554.3 1074.0 19.4 13.3 -999.9 Rio_Grande_do_Sul DAVIS -999.9 0.0 21.8
-28.768900 -49.998501 2f8e135d-b70d-426a-b4b0-7bf2d193291c 2026-09-20_13:04 20.9 -999.9 -999.9 87.0 -999.9 -999.9 18.9 -999.9 -999.9 1074.0 -999.9 -999.9 12.9 349 45.1 -999.9 0.0 21.8 27.9 27.9 28.2 29.7 21.4 13.8 98.0 86.0 49.9 São_José_dos_Ausentes_(1175_m) -999.9 -999.9 1074.0 554.3 1074.0 19.4 13.3 -999.9 Rio_Grande_do_Sul DAVIS -999.9 0.0 21.8
-28.768900 -49.998501 2f8e135d-b70d-426a-b4b0-7bf2d193291c 2026-09-20_13:13 20.7 -999.9 -999.9 88.0 -999.9 -999.9 18.9 -999.9 -999.9 1074.0 -999.9 -999.9 27.4 360 41.8 -999.9 0.0 21.8 27.9 27.9 28.2 29.7 21.4 13.8 98.0 86.0 49.9 São_José_dos_Ausentes_(1175_m) -999.9 -999.9 1074.0 554.3 1074.0 19.4 13.3 -999.9 Rio_Grande_do_Sul DAVIS -999.9 0.0 21.8
-28.768900 -49.998501 2f8e135d-b70d-426a-b4b0-7bf2d193291c 2026-09-20_13:19 20.7 -999.9 -999.9 90.0 -999.9 -999.9 18.9 -999.9 -999.9 1074.0 -999.9 -999.9 33.8 315 43.5 -999.9 0.0 21.8 27.9 27.9 28.2 29.7 21.4 13.8 98.0 86.0 49.9 São_José_dos_Ausentes_(1175_m) -999.9 -999.9 1074.0 554.3 1074.0 19.4 13.3 -999.9 Rio_Grande_do_Sul DAVIS -999.9 0.0 21.8
-28.768900 -49.998501 2f8e135d-b70d-426a-b4b0-7bf2d193291c 2026-09-20_13:28 20.8 -999.9 -999.9 89.0 -999.9 -999.9 18.9 -999.9 -999.9 1074.0 -999.9 -999.9 35.4 337 43.5 -999.9 0.0 21.8 27.9 27.9 28.2 29.7 21.4 13.8 98.0 86.0 49.9 São_José_dos_Ausentes_(1175_m) -999.9 -999.9 1074.0 554.3 1074.0 19.4 13.3 -999.9 Rio_Grande_do_Sul DAVIS -999.9 0.0 21.8
-28.768900 -49.998501 2f8e135d-b70d-426a-b4b0-7bf2d193291c 2026-09-20_13:34 21.2 -999.9 -999.9 88.0 -999.9 -999.9 19.4 -999.9 -999.9 1074.0 -999.9 -999.9 30.6 360 40.2 -999.9 0.0 21.8 27.9 27.9 28.2 29.7 21.4 13.8 98.0 86.0 49.9 São_José_dos_Ausentes_(1175_m) -999.9 -999.9 1074.0 554.3 1074.0 19.4 13.3 -999.9 Rio_Grande_do_Sul DAVIS -999.9 0.0 21.8
-28.768900 -49.998501 2f8e135d-b70d-426a-b4b0-7bf2d193291c 2026-09-20_13:38 21.5 -999.9 -999.9 86.0 -999.9 -999.9 18.9 -999.9 -999.9 1074.0 -999.9 -999.9 33.8 298 43.5 -999.9 0.0 21.8 27.9 27.9 28.2 29.7 21.5 13.8 98.0 86.0 49.9 São_José_dos_Ausentes_(1175_m) -999.9 -999.9 1074.0 554.3 1074.0 19.4 13.3 -999.9 Rio_Grande_do_Sul DAVIS -999.9 0.0 21.8
-28.768900 -49.998501 2f8e135d-b70d-426a-b4b0-7bf2d193291c 2026-09-20_13:43 21.6 -999.9 -999.9 85.0 -999.9 -999.9 18.9 -999.9 -999.9 1074.0 -999.9 -999.9 38.6 319 43.5 -999.9 0.0 21.8 27.9 27.9 28.2 29.7 21.7 13.8 98.0 85.0 49.9 São_José_dos_Ausentes_(1175_m) -999.9 -999.9 1074.0 554.3 1074.0 19.4 13.3 -999.9 Rio_Grande_do_Sul DAVIS -999.9 0.0 21.8
-28.768900 -49.998501 2f8e135d-b70d-426a-b4b0-7bf2d193291c 2026-09-20_13:49 21.6 -999.9 -999.9 84.0 -999.9 -999.9 18.9 -999.9 -999.9 1074.0 -999.9 -999.9 35.4 360 45.1 -999.9 0.0 21.8 27.9 27.9 28.2 29.7 21.8 13.8 98.0 84.0 49.9 São_José_dos_Ausentes_(1175_m) -999.9 -999.9 1074.0 554.3 1074.0 19.4 13.3 -999.9 Rio_Grande_do_Sul DAVIS -999.9 0.0 21.8
-28.768900 -49.998501 2f8e135d-b70d-426a-b4b0-7bf2d193291c 2026-09-20_13:53 21.4 -999.9 -999.9 85.0 -999.9 -999.9 18.9 -999.9 -999.9 1074.0 -999.9 -999.9 25.7 302 45.1 -999.9 0.0 21.8 27.9 27.9 28.2 29.7 21.8 13.8 98.0 84.0 49.9 São_José_dos_Ausentes_(1175_m) -999.9 -999.9 1074.0 554.3 1074.0 19.4 13.3 -999.9 Rio_Grande_do_Sul DAVIS -999.9 0.0 21.8
-28.768900 -49.998501 2f8e135d-b70d-426a-b4b0-7bf2d193291c 2026-09-20_13:58 21.6 -999.9 -999.9 87.0 -999.9 -999.9 19.4 -999.9 -999.9 1074.0 -999.9 -999.9 14.5 360 45.1 -999.9 0.0 21.8 27.9 27.9 28.2 29.7 21.8 13.8 98.0 84.0 49.9 São_José_dos_Ausentes_(1175_m) -999.9 -999.9 1074.0 554.3 1074.0 19.4 13.3 -999.9 Rio_Grande_do_Sul DAVIS -999.9 0.0 21.8
-28.768900 -49.998501 2f8e135d-b70d-426a-b4b0-7bf2d193291c 2026-09-20_14:04 22.1 -999.9 -999.9 86.0 -999.9 -999.9 20.0 -999.9 -999.9 1074.0 -999.9 -999.9 29.0 360 41.8 -999.9 0.0 21.8 27.9 27.9 28.2 29.7 22.1 13.8 98.0 84.0 49.9 São_José_dos_Ausentes_(1175_m) -999.9 -999.9 1074.0 554.3 1074.0 20.0 13.3 -999.9 Rio_Grande_do_Sul DAVIS -999.9 0.0 21.8
-28.768900 -49.998501 2f8e135d-b70d-426a-b4b0-7bf2d193291c 2026-09-20_14:13 22.3 -999.9 -999.9 84.0 -999.9 -999.9 19.4 -999.9 -999.9 1074.0 -999.9 -999.9 40.2 326 46.7 -999.9 0.0 21.8 27.9 27.9 28.2 29.7 22.3 13.8 98.0 83.0 49.9 São_José_dos_Ausentes_(1175_m) -999.9 -999.9 1074.0 554.3 1074.0 20.0 13.3 -999.9 Rio_Grande_do_Sul DAVIS -999.9 0.0 21.8
-28.768900 -49.998501 2f8e135d-b70d-426a-b4b0-7bf2d193291c 2026-09-20_14:19 21.7 -999.9 -999.9 85.0 -999.9 -999.9 18.9 -999.9 -999.9 1074.0 -999.9 -999.9 27.4 360 46.7 -999.9 0.0 21.8 27.9 27.9 28.2 29.7 22.3 13.8 98.0 82.0 49.9 São_José_dos_Ausentes_(1175_m) -999.9 -999.9 1074.0 554.3 1074.0 20.0 13.3 -999.9 Rio_Grande_do_Sul DAVIS -999.9 0.0 21.8
-28.768900 -49.998501 2f8e135d-b70d-426a-b4b0-7bf2d193291c 2026-09-20_14:28 22.1 -999.9 -999.9 84.0 -999.9 -999.9 19.4 -999.9 -999.9 1074.0 -999.9 -999.9 33.8 290 43.5 -999.9 0.0 21.8 27.9 27.9 28.2 29.7 22.3 13.8 98.0 82.0 49.9 São_José_dos_Ausentes_(1175_m) -999.9 -999.9 1074.0 554.3 1074.0 20.0 13.3 -999.9 Rio_Grande_do_Sul DAVIS -999.9 0.0 21.8
-28.768900 -49.998501 2f8e135d-b70d-426a-b4b0-7bf2d193291c 2026-09-20_14:34 21.8 -999.9 -999.9 82.0 -999.9 -999.9 18.9 -999.9 -999.9 1074.0 -999.9 -999.9 30.6 360 46.7 -999.9 0.0 21.8 27.9 27.9 28.2 29.7 22.3 13.8 98.0 82.0 49.9 São_José_dos_Ausentes_(1175_m) -999.9 -999.9 1074.0 554.3 1074.0 20.0 13.3 -999.9 Rio_Grande_do_Sul DAVIS -999.9 0.0 21.8
-28.768900 -49.998501 2f8e135d-b70d-426a-b4b0-7bf2d193291c 2026-09-20_14:38 21.8 -999.9 -999.9 85.0 -999.9 -999.9 19.4 -999.9 -999.9 1074.0 -999.9 -999.9 29.0 329 46.7 -999.9 0.0 21.8 27.9 27.9 28.2 29.7 22.3 13.8 98.0 82.0 49.9 São_José_dos_Ausentes_(1175_m) -999.9 -999.9 1074.0 554.3 1074.0 20.0 13.3 -999.9 Rio_Grande_do_Sul DAVIS -999.9 0.0 21.8
-28.768900 -49.998501 2f8e135d-b70d-426a-b4b0-7bf2d193291c 2026-09-20_14:43 22.1 -999.9 -999.9 83.0 -999.9 -999.9 18.9 -999.9 -999.9 1074.0 -999.9 -999.9 17.7 323 41.8 -999.9 0.0 21.8 27.9 27.9 28.2 29.7 22.3 13.8 98.0 82.0 49.9 São_José_dos_Ausentes_(1175_m) -999.9 -999.9 1074.0 554.3 1074.0 20.0 13.3 -999.9 Rio_Grande_do_Sul DAVIS -999.9 0.0 21.8
-28.768900 -49.998501 2f8e135d-b70d-426a-b4b0-7bf2d193291c 2026-09-20_14:49 21.9 -999.9 -999.9 83.0 -999.9 -999.9 18.9 -999.9 -999.9 1074.0 -999.9 -999.9 17.7 334 45.1 -999.9 0.0 21.8 27.9 27.9 28.2 29.7 22.3 13.8 98.0 82.0 49.9 São_José_dos_Ausentes_(1175_m) -999.9 -999.9 1074.0 554.3 1074.0 20.0 13.3 -999.9 Rio_Grande_do_Sul DAVIS -999.9 0.0 21.8
-28.768900 -49.998501 2f8e135d-b70d-426a-b4b0-7bf2d193291c 2026-09-20_14:53 22.1 -999.9 -999.9 85.0 -999.9 -999.9 19.4 -999.9 -999.9 1074.0 -999.9 -999.9 25.7 319 45.1 -999.9 0.0 21.8 27.9 27.9 28.2 29.7 22.3 13.8 98.0 82.0 49.9 São_José_dos_Ausentes_(1175_m) -999.9 -999.9 1074.0 554.3 1074.0 20.0 13.3 -999.9 Rio_Grande_do_Sul DAVIS -999.9 0.0 21.8
-28.768900 -49.998501 2f8e135d-b70d-426a-b4b0-7bf2d193291c 2026-09-20_14:58 22.1 -999.9 -999.9 84.0 -999.9 -999.9 19.4 -999.9 -999.9 1074.0 -999.9 -999.9 25.7 360 45.1 -999.9 0.0 21.8 27.9 27.9 28.2 29.7 22.3 13.8 98.0 82.0 49.9 São_José_dos_Ausentes_(1175_m) -999.9 -999.9 1074.0 554.3 1074.0 20.0 13.3 -999.9 Rio_Grande_do_Sul DAVIS -999.9 0.0 21.8
-28.768900 -49.998501 2f8e135d-b70d-426a-b4b0-7bf2d193291c 2026-09-20_15:04 21.8 -999.9 -999.9 85.0 -999.9 -999.9 19.4 -999.9 -999.9 1074.0 -999.9 -999.9 24.1 360 45.1 -999.9 0.0 21.8 27.9 27.9 28.2 29.7 22.3 13.8 98.0 82.0 49.9 São_José_dos_Ausentes_(1175_m) -999.9 -999.9 1074.0 554.3 1074.0 20.0 13.3 -999.9 Rio_Grande_do_Sul DAVIS -999.9 0.0 21.8
-28.768900 -49.998501 2f8e135d-b70d-426a-b4b0-7bf2d193291c 2026-09-20_15:13 21.7 -999.9 -999.9 83.0 -999.9 -999.9 18.9 -999.9 -999.9 1074.0 -999.9 -999.9 30.6 333 46.7 -999.9 0.0 21.8 27.9 27.9 28.2 29.7 22.3 13.8 98.0 82.0 49.9 São_José_dos_Ausentes_(1175_m) -999.9 -999.9 1074.0 554.3 1074.0 20.0 13.3 -999.9 Rio_Grande_do_Sul DAVIS -999.9 0.0 21.8
-28.768900 -49.998501 2f8e135d-b70d-426a-b4b0-7bf2d193291c 2026-09-20_15:19 21.9 -999.9 -999.9 84.0 -999.9 -999.9 18.9 -999.9 -999.9 1074.0 -999.9 -999.9 30.6 360 48.3 -999.9 0.0 21.8 27.9 27.9 28.2 29.7 22.3 13.8 98.0 82.0 49.9 São_José_dos_Ausentes_(1175_m) -999.9 -999.9 1074.0 554.3 1074.0 20.0 13.3 -999.9 Rio_Grande_do_Sul DAVIS -999.9 0.0 21.8
-28.768900 -49.998501 2f8e135d-b70d-426a-b4b0-7bf2d193291c 2026-09-20_15:28 21.9 -999.9 -999.9 83.0 -999.9 -999.9 18.9 -999.9 -999.9 1074.0 -999.9 -999.9 37.0 360 43.5 -999.9 0.0 21.8 27.9 27.9 28.2 29.7 22.3 13.8 98.0 82.0 49.9 São_José_dos_Ausentes_(1175_m) -999.9 -999.9 1074.0 554.3 1074.0 20.0 13.3 -999.9 Rio_Grande_do_Sul DAVIS -999.9 0.0 21.8
-28.768900 -49.998501 2f8e135d-b70d-426a-b4b0-7bf2d193291c 2026-09-20_15:34 22.1 -999.9 -999.9 84.0 -999.9 -999.9 19.4 -999.9 -999.9 1074.0 -999.9 -999.9 25.7 326 45.1 -999.9 0.0 21.8 27.9 27.9 28.2 29.7 22.3 13.8 98.0 82.0 49.9 São_José_dos_Ausentes_(1175_m) -999.9 -999.9 1074.0 554.3 1074.0 20.0 13.3 -999.9 Rio_Grande_do_Sul DAVIS -999.9 0.0 21.8
-28.768900 -49.998501 2f8e135d-b70d-426a-b4b0-7bf2d193291c 2026-09-20_15:43 21.6 -999.9 -999.9 83.0 -999.9 -999.9 18.9 -999.9 -999.9 1074.0 -999.9 -999.9 22.5 325 48.3 -999.9 0.0 21.8 27.9 27.9 28.2 29.7 22.3 13.8 98.0 81.0 49.9 São_José_dos_Ausentes_(1175_m) -999.9 -999.9 1074.0 554.3 1074.0 20.0 13.3 -999.9 Rio_Grande_do_Sul DAVIS -999.9 0.0 21.8
-28.768900 -49.998501 2f8e135d-b70d-426a-b4b0-7bf2d193291c 2026-09-20_15:49 21.2 -999.9 -999.9 86.0 -999.9 -999.9 18.9 -999.9 -999.9 1074.0 -999.9 -999.9 35.4 360 40.2 -999.9 0.0 21.8 27.9 27.9 28.2 29.7 22.3 13.8 98.0 81.0 49.9 São_José_dos_Ausentes_(1175_m) -999.9 -999.9 1074.0 554.3 1074.0 20.0 13.3 -999.9 Rio_Grande_do_Sul DAVIS -999.9 0.0 21.8
-28.768900 -49.998501 2f8e135d-b70d-426a-b4b0-7bf2d193291c 2026-09-20_15:53 21.4 -999.9 -999.9 84.0 -999.9 -999.9 18.9 -999.9 -999.9 1074.0 -999.9 -999.9 29.0 360 40.2 -999.9 0.0 21.8 27.9 27.9 28.2 29.7 22.3 13.8 98.0 81.0 49.9 São_José_dos_Ausentes_(1175_m) -999.9 -999.9 1074.0 554.3 1074.0 20.0 13.3 -999.9 Rio_Grande_do_Sul DAVIS -999.9 0.0 21.8
-28.768900 -49.998501 2f8e135d-b70d-426a-b4b0-7bf2d193291c 2026-09-20_15:58 21.2 -999.9 -999.9 86.0 -999.9 -999.9 18.9 -999.9 -999.9 1074.0 -999.9 -999.9 20.9 302 40.2 -999.9 0.0 21.8 27.9 27.9 28.2 29.7 22.3 13.8 98.0 81.0 49.9 São_José_dos_Ausentes_(1175_m) -999.9 -999.9 1074.0 554.3 1074.0 20.0 13.3 -999.9 Rio_Grande_do_Sul DAVIS -999.9 0.0 21.8
-28.768900 -49.998501 2f8e135d-b70d-426a-b4b0-7bf2d193291c 2026-09-20_16:04 21.1 -999.9 -999.9 86.0 -999.9 -999.9 18.9 -999.9 -999.9 1074.0 -999.9 -999.9 33.8 333 38.6 -999.9 0.0 21.8 27.9 27.9 28.2 29.7 22.3 13.8 98.0 81.0 49.9 São_José_dos_Ausentes_(1175_m) -999.9 -999.9 1074.0 554.3 1074.0 20.0 13.3 -999.9 Rio_Grande_do_Sul DAVIS -999.9 0.0 21.8
-28.768900 -49.998501 2f8e135d-b70d-426a-b4b0-7bf2d193291c 2026-09-20_16:13 21.5 -999.9 -999.9 86.0 -999.9 -999.9 18.9 -999.9 -999.9 1074.0 -999.9 -999.9 20.9 344 40.2 -999.9 0.0 21.8 27.9 27.9 28.2 29.7 22.3 13.8 98.0 81.0 49.9 São_José_dos_Ausentes_(1175_m) -999.9 -999.9 1074.0 554.3 1074.0 20.0 13.3 -999.9 Rio_Grande_do_Sul DAVIS -999.9 0.0 21.8
-28.768900 -49.998501 2f8e135d-b70d-426a-b4b0-7bf2d193291c 2026-09-20_16:18 21.8 -999.9 -999.9 85.0 -999.9 -999.9 19.4 -999.9 -999.9 1074.0 -999.9 -999.9 29.0 302 40.2 -999.9 0.0 21.8 27.9 27.9 28.2 29.7 22.3 13.8 98.0 81.0 49.9 São_José_dos_Ausentes_(1175_m) -999.9 -999.9 1074.0 554.3 1074.0 20.0 13.3 -999.9 Rio_Grande_do_Sul DAVIS -999.9 0.0 21.8
-28.768900 -49.998501 2f8e135d-b70d-426a-b4b0-7bf2d193291c 2026-09-20_16:23 21.9 -999.9 -999.9 84.0 -999.9 -999.9 19.4 -999.9 -999.9 1074.0 -999.9 -999.9 20.9 360 38.6 -999.9 0.0 21.8 27.9 27.9 28.2 29.7 22.3 13.8 98.0 81.0 49.9 São_José_dos_Ausentes_(1175_m) -999.9 -999.9 1074.0 554.3 1074.0 20.0 13.3 -999.9 Rio_Grande_do_Sul DAVIS -999.9 0.0 21.8
-28.768900 -49.998501 2f8e135d-b70d-426a-b4b0-7bf2d193291c 2026-09-20_16:28 21.7 -999.9 -999.9 84.0 -999.9 -999.9 18.9 -999.9 -999.9 1074.0 -999.9 -999.9 35.4 360 37.0 -999.9 0.0 21.8 27.9 27.9 28.2 29.7 22.3 13.8 98.0 81.0 49.9 São_José_dos_Ausentes_(1175_m) -999.9 -999.9 1074.0 554.3 1074.0 20.0 13.3 -999.9 Rio_Grande_do_Sul DAVIS -999.9 0.0 21.8
-28.768900 -49.998501 2f8e135d-b70d-426a-b4b0-7bf2d193291c 2026-09-20_16:33 21.4 -999.9 -999.9 84.0 -999.9 -999.9 18.9 -999.9 -999.9 1074.0 -999.9 -999.9 33.8 360 38.6 -999.9 0.0 21.8 27.9 27.9 28.2 29.7 22.3 13.8 98.0 81.0 49.9 São_José_dos_Ausentes_(1175_m) -999.9 -999.9 1074.0 554.3 1074.0 20.0 13.3 -999.9 Rio_Grande_do_Sul DAVIS -999.9 0.0 21.8
-28.768900 -49.998501 2f8e135d-b70d-426a-b4b0-7bf2d193291c 2026-09-20_16:38 21.2 -999.9 -999.9 86.0 -999.9 -999.9 18.9 -999.9 -999.9 1074.0 -999.9 -999.9 25.7 310 38.6 -999.9 0.0 21.8 27.9 27.9 28.2 29.7 22.3 13.8 98.0 81.0 49.9 São_José_dos_Ausentes_(1175_m) -999.9 -999.9 1074.0 554.3 1074.0 20.0 13.3 -999.9 Rio_Grande_do_Sul DAVIS -999.9 0.0 21.8
-28.768900 -49.998501 2f8e135d-b70d-426a-b4b0-7bf2d193291c 2026-09-20_16:43 21.3 -999.9 -999.9 86.0 -999.9 -999.9 18.9 -999.9 -999.9 1074.0 -999.9 -999.9 22.5 330 38.6 -999.9 0.0 21.8 27.9 27.9 28.2 29.7 22.3 13.8 98.0 81.0 49.9 São_José_dos_Ausentes_(1175_m) -999.9 -999.9 1074.0 554.3 1074.0 20.0 13.3 -999.9 Rio_Grande_do_Sul DAVIS -999.9 0.0 21.8
-28.768900 -49.998501 2f8e135d-b70d-426a-b4b0-7bf2d193291c 2026-09-20_16:48 21.4 -999.9 -999.9 85.0 -999.9 -999.9 18.9 -999.9 -999.9 1074.0 -999.9 -999.9 33.8 360 38.6 -999.9 0.0 21.8 27.9 27.9 28.2 29.7 22.3 13.8 98.0 81.0 49.9 São_José_dos_Ausentes_(1175_m) -999.9 -999.9 1074.0 554.3 1074.0 20.0 13.3 -999.9 Rio_Grande_do_Sul DAVIS -999.9 0.0 21.8
-28.768900 -49.998501 2f8e135d-b70d-426a-b4b0-7bf2d193291c 2026-09-20_16:53 21.4 -999.9 -999.9 86.0 -999.9 -999.9 18.9 -999.9 -999.9 1074.0 -999.9 -999.9 29.0 317 38.6 -999.9 0.0 21.8 27.9 27.9 28.2 29.7 22.3 13.8 98.0 81.0 49.9 São_José_dos_Ausentes_(1175_m) -999.9 -999.9 1074.0 554.3 1074.0 20.0 13.3 -999.9 Rio_Grande_do_Sul DAVIS -999.9 0.0 21.8
-28.768900 -49.998501 2f8e135d-b70d-426a-b4b0-7bf2d193291c 2026-09-20_16:58 21.3 -999.9 -999.9 86.0 -999.9 -999.9 18.9 -999.9 -999.9 1074.0 -999.9 -999.9 29.0 340 43.5 -999.9 0.0 21.8 27.9 27.9 28.2 29.7 22.3 13.8 98.0 81.0 49.9 São_José_dos_Ausentes_(1175_m) -999.9 -999.9 1074.0 554.3 1074.0 20.0 13.3 -999.9 Rio_Grande_do_Sul DAVIS -999.9 0.0 21.8
-28.768900 -49.998501 2f8e135d-b70d-426a-b4b0-7bf2d193291c 2026-09-20_17:04 21.3 -999.9 -999.9 86.0 -999.9 -999.9 18.9 -999.9 -999.9 1074.0 -999.9 -999.9 16.1 360 37.0 -999.9 0.0 21.8 27.9 27.9 28.2 29.7 22.3 13.8 98.0 81.0 49.9 São_José_dos_Ausentes_(1175_m) -999.9 -999.9 1074.0 554.3 1074.0 20.0 13.3 -999.9 Rio_Grande_do_Sul DAVIS -999.9 0.0 21.8
-28.768900 -49.998501 2f8e135d-b70d-426a-b4b0-7bf2d193291c 2026-09-20_17:13 21.2 -999.9 -999.9 87.0 -999.9 -999.9 18.9 -999.9 -999.9 1074.0 -999.9 -999.9 14.5 305 37.0 -999.9 0.0 21.8 27.9 27.9 28.2 29.7 22.3 13.8 98.0 81.0 49.9 São_José_dos_Ausentes_(1175_m) -999.9 -999.9 1074.0 554.3 1074.0 20.0 13.3 -999.9 Rio_Grande_do_Sul DAVIS -999.9 0.0 21.8
-28.768900 -49.998501 2f8e135d-b70d-426a-b4b0-7bf2d193291c 2026-09-20_17:18 21.1 -999.9 -999.9 87.0 -999.9 -999.9 18.9 -999.9 -999.9 1074.0 -999.9 -999.9 12.9 312 33.8 -999.9 0.0 21.8 27.9 27.9 28.2 29.7 22.3 13.8 98.0 81.0 49.9 São_José_dos_Ausentes_(1175_m) -999.9 -999.9 1074.0 554.3 1074.0 20.0 13.3 -999.9 Rio_Grande_do_Sul DAVIS -999.9 0.0 21.8
-28.768900 -49.998501 2f8e135d-b70d-426a-b4b0-7bf2d193291c 2026-09-20_17:23 21.1 -999.9 -999.9 86.0 -999.9 -999.9 18.9 -999.9 -999.9 1074.0 -999.9 -999.9 16.1 360 38.6 -999.9 0.0 21.8 27.9 27.9 28.2 29.7 22.3 13.8 98.0 81.0 49.9 São_José_dos_Ausentes_(1175_m) -999.9 -999.9 1074.0 554.3 1074.0 20.0 13.3 -999.9 Rio_Grande_do_Sul DAVIS -999.9 0.0 21.8
-28.768900 -49.998501 2f8e135d-b70d-426a-b4b0-7bf2d193291c 2026-09-20_17:28 21.0 -999.9 -999.9 87.0 -999.9 -999.9 18.9 -999.9 -999.9 1074.0 -999.9 -999.9 27.4 360 38.6 -999.9 0.0 21.8 27.9 27.9 28.2 29.7 22.3 13.8 98.0 81.0 49.9 São_José_dos_Ausentes_(1175_m) -999.9 -999.9 1074.0 554.3 1074.0 20.0 13.3 -999.9 Rio_Grande_do_Sul DAVIS -999.9 0.0 21.8
-28.768900 -49.998501 2f8e135d-b70d-426a-b4b0-7bf2d193291c 2026-09-20_17:33 20.9 -999.9 -999.9 87.0 -999.9 -999.9 18.9 -999.9 -999.9 1074.0 -999.9 -999.9 17.7 360 33.8 -999.9 0.0 21.8 27.9 27.9 28.2 29.7 22.3 13.8 98.0 81.0 49.9 São_José_dos_Ausentes_(1175_m) -999.9 -999.9 1074.0 554.3 1074.0 20.0 13.3 -999.9 Rio_Grande_do_Sul DAVIS -999.9 0.0 21.8
-28.768900 -49.998501 2f8e135d-b70d-426a-b4b0-7bf2d193291c 2026-09-20_17:38 20.9 -999.9 -999.9 87.0 -999.9 -999.9 18.9 -999.9 -999.9 1074.0 -999.9 -999.9 16.1 360 30.6 -999.9 0.0 21.8 27.9 27.9 28.2 29.7 22.3 13.8 98.0 81.0 49.9 São_José_dos_Ausentes_(1175_m) -999.9 -999.9 1074.0 554.3 1074.0 20.0 13.3 -999.9 Rio_Grande_do_Sul DAVIS -999.9 0.0 21.8
-28.768900 -49.998501 2f8e135d-b70d-426a-b4b0-7bf2d193291c 2026-09-20_17:43 20.7 -999.9 -999.9 87.0 -999.9 -999.9 18.3 -999.9 -999.9 1074.0 -999.9 -999.9 16.1 360 27.4 -999.9 0.0 21.8 27.9 27.9 28.2 29.7 22.3 13.8 98.0 81.0 49.9 São_José_dos_Ausentes_(1175_m) -999.9 -999.9 1074.0 554.3 1074.0 20.0 13.3 -999.9 Rio_Grande_do_Sul DAVIS -999.9 0.0 21.8
-28.768900 -49.998501 2f8e135d-b70d-426a-b4b0-7bf2d193291c 2026-09-20_17:48 20.4 -999.9 -999.9 88.0 -999.9 -999.9 18.3 -999.9 -999.9 1074.0 -999.9 -999.9 9.7 333 29.0 -999.9 0.0 21.8 27.9 27.9 28.2 29.7 22.3 13.8 98.0 81.0 49.9 São_José_dos_Ausentes_(1175_m) -999.9 -999.9 1074.0 554.3 1074.0 20.0 13.3 -999.9 Rio_Grande_do_Sul DAVIS -999.9 0.0 21.8
-28.768900 -49.998501 2f8e135d-b70d-426a-b4b0-7bf2d193291c 2026-09-20_17:53 20.4 -999.9 -999.9 88.0 -999.9 -999.9 18.3 -999.9 -999.9 1074.0 -999.9 -999.9 14.5 17 30.6 -999.9 0.0 21.8 27.9 27.9 28.2 29.7 22.3 13.8 98.0 81.0 49.9 São_José_dos_Ausentes_(1175_m) -999.9 -999.9 1074.0 554.3 1074.0 20.0 13.3 -999.9 Rio_Grande_do_Sul DAVIS -999.9 0.0 21.8
-28.768900 -49.998501 2f8e135d-b70d-426a-b4b0-7bf2d193291c 2026-09-20_17:58 20.2 -999.9 -999.9 89.0 -999.9 -999.9 18.3 -999.9 -999.9 1074.0 -999.9 -999.9 19.3 360 30.6 -999.9 0.0 21.8 27.9 27.9 28.2 29.7 22.3 13.8 98.0 81.0 49.9 São_José_dos_Ausentes_(1175_m) -999.9 -999.9 1074.0 554.3 1074.0 20.0 13.3 -999.9 Rio_Grande_do_Sul DAVIS -999.9 0.0 21.8
-28.768900 -49.998501 2f8e135d-b70d-426a-b4b0-7bf2d193291c 2026-09-20_18:04 20.0 -999.9 -999.9 90.0 -999.9 -999.9 18.3 -999.9 -999.9 1074.0 -999.9 -999.9 16.1 315 30.6 -999.9 0.0 21.8 27.9 27.9 28.2 29.7 22.3 13.8 98.0 81.0 49.9 São_José_dos_Ausentes_(1175_m) -999.9 -999.9 1074.0 554.3 1074.0 20.0 13.3 -999.9 Rio_Grande_do_Sul DAVIS -999.9 0.0 21.8
-28.768900 -49.998501 2f8e135d-b70d-426a-b4b0-7bf2d193291c 2026-09-20_18:13 19.8 -999.9 -999.9 91.0 -999.9 -999.9 18.3 -999.9 -999.9 1074.0 -999.9 -999.9 24.1 360 29.0 -999.9 0.0 21.8 27.9 27.9 28.2 29.7 22.3 13.8 98.0 81.0 49.9 São_José_dos_Ausentes_(1175_m) -999.9 -999.9 1074.0 554.3 1074.0 20.0 13.3 -999.9 Rio_Grande_do_Sul DAVIS -999.9 0.0 21.8
-28.768900 -49.998501 2f8e135d-b70d-426a-b4b0-7bf2d193291c 2026-09-20_18:18 19.6 -999.9 -999.9 91.0 -999.9 -999.9 18.3 -999.9 -999.9 1074.0 -999.9 -999.9 16.1 314 30.6 -999.9 0.0 21.8 27.9 27.9 28.2 29.7 22.3 13.8 98.0 81.0 49.9 São_José_dos_Ausentes_(1175_m) -999.9 -999.9 1074.0 554.3 1074.0 20.0 13.3 -999.9 Rio_Grande_do_Sul DAVIS -999.9 0.0 21.8
-28.768900 -49.998501 2f8e135d-b70d-426a-b4b0-7bf2d193291c 2026-09-20_18:23 19.4 -999.9 -999.9 92.0 -999.9 -999.9 18.3 -999.9 -999.9 1074.0 -999.9 -999.9 8.0 19 27.4 -999.9 0.0 21.8 27.9 27.9 28.2 29.7 22.3 13.8 98.0 81.0 49.9 São_José_dos_Ausentes_(1175_m) -999.9 -999.9 1074.0 554.3 1074.0 20.0 13.3 -999.9 Rio_Grande_do_Sul DAVIS -999.9 0.0 21.8
-28.768900 -49.998501 2f8e135d-b70d-426a-b4b0-7bf2d193291c 2026-09-20_18:28 19.2 -999.9 -999.9 93.0 -999.9 -999.9 18.3 -999.9 -999.9 1074.0 -999.9 -999.9 17.7 330 29.0 -999.9 0.0 21.8 27.9 27.9 28.2 29.7 22.3 13.8 98.0 81.0 49.9 São_José_dos_Ausentes_(1175_m) -999.9 -999.9 1074.0 554.3 1074.0 20.0 13.3 -999.9 Rio_Grande_do_Sul DAVIS -999.9 0.0 21.8
-28.768900 -49.998501 2f8e135d-b70d-426a-b4b0-7bf2d193291c 2026-09-20_18:33 19.1 -999.9 -999.9 93.0 -999.9 -999.9 17.8 -999.9 -999.9 1074.0 -999.9 -999.9 14.5 339 29.0 -999.9 0.0 21.8 27.9 27.9 28.2 29.7 22.3 13.8 98.0 81.0 49.9 São_José_dos_Ausentes_(1175_m) -999.9 -999.9 1074.0 554.3 1074.0 20.0 13.3 -999.9 Rio_Grande_do_Sul DAVIS -999.9 0.0 21.8
-28.768900 -49.998501 2f8e135d-b70d-426a-b4b0-7bf2d193291c 2026-09-20_18:38 18.9 -999.9 -999.9 94.0 -999.9 -999.9 17.8 -999.9 -999.9 1074.0 -999.9 -999.9 12.9 23 25.7 -999.9 0.0 21.8 27.9 27.9 28.2 29.7 22.3 13.8 98.0 81.0 49.9 São_José_dos_Ausentes_(1175_m) -999.9 -999.9 1074.0 554.3 1074.0 20.0 13.3 -999.9 Rio_Grande_do_Sul DAVIS -999.9 0.0 21.8
-28.768900 -49.998501 2f8e135d-b70d-426a-b4b0-7bf2d193291c 2026-09-20_18:43 18.9 -999.9 -999.9 94.0 -999.9 -999.9 17.8 -999.9 -999.9 1074.0 -999.9 -999.9 12.9 331 24.1 -999.9 0.0 21.8 27.9 27.9 28.2 29.7 22.3 13.8 98.0 81.0 49.9 São_José_dos_Ausentes_(1175_m) -999.9 -999.9 1074.0 554.3 1074.0 20.0 13.3 -999.9 Rio_Grande_do_Sul DAVIS -999.9 0.0 21.8
-28.768900 -49.998501 2f8e135d-b70d-426a-b4b0-7bf2d193291c 2026-09-20_18:48 18.8 -999.9 -999.9 94.0 -999.9 -999.9 17.8 -999.9 -999.9 1074.0 -999.9 -999.9 20.9 315 25.7 -999.9 0.0 21.8 27.9 27.9 28.2 29.7 22.3 13.8 98.0 81.0 49.9 São_José_dos_Ausentes_(1175_m) -999.9 -999.9 1074.0 554.3 1074.0 20.0 13.3 -999.9 Rio_Grande_do_Sul DAVIS -999.9 0.0 21.8
-28.768900 -49.998501 2f8e135d-b70d-426a-b4b0-7bf2d193291c 2026-09-20_18:53 18.8 -999.9 -999.9 94.0 -999.9 -999.9 17.8 -999.9 -999.9 1074.0 -999.9 -999.9 19.3 282 25.7 -999.9 0.0 21.8 27.9 27.9 28.2 29.7 22.3 13.8 98.0 81.0 49.9 São_José_dos_Ausentes_(1175_m) -999.9 -999.9 1074.0 554.3 1074.0 20.0 13.3 -999.9 Rio_Grande_do_Sul DAVIS -999.9 0.0 21.8
-28.768900 -49.998501 2f8e135d-b70d-426a-b4b0-7bf2d193291c 2026-09-20_18:58 18.7 -999.9 -999.9 94.0 -999.9 -999.9 17.8 -999.9 -999.9 1074.0 -999.9 -999.9 12.9 314 27.4 -999.9 0.0 21.8 27.9 27.9 28.2 29.7 22.3 13.8 98.0 81.0 49.9 São_José_dos_Ausentes_(1175_m) -999.9 -999.9 1074.0 554.3 1074.0 20.0 13.3 -999.9 Rio_Grande_do_Sul DAVIS -999.9 0.0 21.8
-28.768900 -49.998501 2f8e135d-b70d-426a-b4b0-7bf2d193291c 2026-09-20_19:04 18.7 -999.9 -999.9 95.0 -999.9 -999.9 17.8 -999.9 -999.9 1074.0 -999.9 -999.9 14.5 337 27.4 -999.9 0.0 21.8 27.9 27.9 28.2 29.7 22.3 13.8 98.0 81.0 49.9 São_José_dos_Ausentes_(1175_m) -999.9 -999.9 1074.0 554.3 1074.0 20.0 13.3 -999.9 Rio_Grande_do_Sul DAVIS -999.9 0.0 21.8
-28.768900 -49.998501 2f8e135d-b70d-426a-b4b0-7bf2d193291c 2026-09-20_19:13 18.6 -999.9 -999.9 95.0 -999.9 -999.9 17.8 -999.9 -999.9 1074.0 -999.9 -999.9 22.5 323 25.7 -999.9 0.0 21.8 27.9 27.9 28.2 29.7 22.3 13.8 98.0 81.0 49.9 São_José_dos_Ausentes_(1175_m) -999.9 -999.9 1074.0 554.3 1074.0 20.0 13.3 -999.9 Rio_Grande_do_Sul DAVIS -999.9 0.0 21.8
-28.768900 -49.998501 2f8e135d-b70d-426a-b4b0-7bf2d193291c 2026-09-20_19:18 18.6 -999.9 -999.9 95.0 -999.9 -999.9 17.8 -999.9 -999.9 1074.0 -999.9 -999.9 16.1 336 29.0 -999.9 0.0 21.8 27.9 27.9 28.2 29.7 22.3 13.8 98.0 81.0 49.9 São_José_dos_Ausentes_(1175_m) -999.9 -999.9 1074.0 554.3 1074.0 20.0 13.3 -999.9 Rio_Grande_do_Sul DAVIS -999.9 0.0 21.8
-28.768900 -49.998501 2f8e135d-b70d-426a-b4b0-7bf2d193291c 2026-09-20_19:23 18.5 -999.9 -999.9 95.0 -999.9 -999.9 17.8 -999.9 -999.9 1074.0 -999.9 -999.9 9.7 340 29.0 -999.9 0.0 21.8 27.9 27.9 28.2 29.7 22.3 13.8 98.0 81.0 49.9 São_José_dos_Ausentes_(1175_m) -999.9 -999.9 1074.0 554.3 1074.0 20.0 13.3 -999.9 Rio_Grande_do_Sul DAVIS -999.9 0.0 21.8
-28.768900 -49.998501 2f8e135d-b70d-426a-b4b0-7bf2d193291c 2026-09-20_19:28 18.5 -999.9 -999.9 95.0 -999.9 -999.9 17.8 -999.9 -999.9 1074.0 -999.9 -999.9 14.5 23 24.1 -999.9 0.0 21.8 27.9 27.9 28.2 29.7 22.3 13.8 98.0 81.0 49.9 São_José_dos_Ausentes_(1175_m) -999.9 -999.9 1074.0 554.3 1074.0 20.0 13.3 -999.9 Rio_Grande_do_Sul DAVIS -999.9 0.0 21.8
-28.768900 -49.998501 2f8e135d-b70d-426a-b4b0-7bf2d193291c 2026-09-20_19:33 18.4 -999.9 -999.9 96.0 -999.9 -999.9 17.8 -999.9 -999.9 1074.0 -999.9 -999.9 17.7 360 29.0 -999.9 0.0 21.8 27.9 27.9 28.2 29.7 22.3 13.8 98.0 81.0 49.9 São_José_dos_Ausentes_(1175_m) -999.9 -999.9 1074.0 554.3 1074.0 20.0 13.3 -999.9 Rio_Grande_do_Sul DAVIS -999.9 0.0 21.8
-28.768900 -49.998501 2f8e135d-b70d-426a-b4b0-7bf2d193291c 2026-09-20_19:38 18.4 -999.9 -999.9 95.0 -999.9 -999.9 17.8 -999.9 -999.9 1074.0 -999.9 -999.9 4.8 49 29.0 -999.9 0.0 21.8 27.9 27.9 28.2 29.7 22.3 13.8 98.0 81.0 49.9 São_José_dos_Ausentes_(1175_m) -999.9 -999.9 1074.0 554.3 1074.0 20.0 13.3 -999.9 Rio_Grande_do_Sul DAVIS -999.9 0.0 21.8
-28.768900 -49.998501 2f8e135d-b70d-426a-b4b0-7bf2d193291c 2026-09-20_19:43 18.4 -999.9 -999.9 95.0 -999.9 -999.9 17.8 -999.9 -999.9 1074.0 -999.9 -999.9 20.9 310 27.4 -999.9 0.0 21.8 27.9 27.9 28.2 29.7 22.3 13.8 98.0 81.0 49.9 São_José_dos_Ausentes_(1175_m) -999.9 -999.9 1074.0 554.3 1074.0 20.0 13.3 -999.9 Rio_Grande_do_Sul DAVIS -999.9 0.0 21.8
-28.768900 -49.998501 2f8e135d-b70d-426a-b4b0-7bf2d193291c 2026-09-20_19:48 18.3 -999.9 -999.9 96.0 -999.9 -999.9 17.8 -999.9 -999.9 1074.0 -999.9 -999.9 12.9 342 29.0 -999.9 0.0 21.8 27.9 27.9 28.2 29.7 22.3 13.8 98.0 81.0 49.9 São_José_dos_Ausentes_(1175_m) -999.9 -999.9 1074.0 554.3 1074.0 20.0 13.3 -999.9 Rio_Grande_do_Sul DAVIS -999.9 0.0 21.8
-28.768900 -49.998501 2f8e135d-b70d-426a-b4b0-7bf2d193291c 2026-09-20_19:53 18.2 -999.9 -999.9 96.0 -999.9 -999.9 17.8 -999.9 -999.9 1074.0 -999.9 -999.9 9.7 347 29.0 -999.9 0.0 21.8 27.9 27.9 28.2 29.7 22.3 13.8 98.0 81.0 49.9 São_José_dos_Ausentes_(1175_m) -999.9 -999.9 1074.0 554.3 1074.0 20.0 13.3 -999.9 Rio_Grande_do_Sul DAVIS -999.9 0.0 21.8
-28.768900 -49.998501 2f8e135d-b70d-426a-b4b0-7bf2d193291c 2026-09-20_19:58 18.2 -999.9 -999.9 96.0 -999.9 -999.9 17.8 -999.9 -999.9 1074.0 -999.9 -999.9 8.0 344 22.5 -999.9 0.0 21.8 27.9 27.9 28.2 29.7 22.3 13.8 98.0 81.0 49.9 São_José_dos_Ausentes_(1175_m) -999.9 -999.9 1074.0 554.3 1074.0 20.0 13.3 -999.9 Rio_Grande_do_Sul DAVIS -999.9 0.0 21.8
-28.768900 -49.998501 2f8e135d-b70d-426a-b4b0-7bf2d193291c 2026-09-20_20:03 18.2 -999.9 -999.9 96.0 -999.9 -999.9 17.8 -999.9 -999.9 1074.0 -999.9 -999.9 12.9 360 24.1 -999.9 0.0 21.8 27.9 27.9 28.2 29.7 22.3 13.8 98.0 81.0 49.9 São_José_dos_Ausentes_(1175_m) -999.9 -999.9 1074.0 554.3 1074.0 20.0 13.3 -999.9 Rio_Grande_do_Sul DAVIS -999.9 0.0 21.8
-28.768900 -49.998501 2f8e135d-b70d-426a-b4b0-7bf2d193291c 2026-09-20_20:08 18.2 -999.9 -999.9 96.0 -999.9 -999.9 17.8 -999.9 -999.9 1074.0 -999.9 -999.9 11.3 9 24.1 -999.9 0.0 21.8 27.9 27.9 28.2 29.7 22.3 13.8 98.0 81.0 49.9 São_José_dos_Ausentes_(1175_m) -999.9 -999.9 1074.0 554.3 1074.0 20.0 13.3 -999.9 Rio_Grande_do_Sul DAVIS -999.9 0.0 21.8
-28.768900 -49.998501 2f8e135d-b70d-426a-b4b0-7bf2d193291c 2026-09-20_20:13 18.2 -999.9 -999.9 96.0 -999.9 -999.9 17.8 -999.9 -999.9 1074.0 -999.9 -999.9 4.8 105 24.1 -999.9 0.0 21.8 27.9 27.9 28.2 29.7 22.3 13.8 98.0 81.0 49.9 São_José_dos_Ausentes_(1175_m) -999.9 -999.9 1074.0 554.3 1074.0 20.0 13.3 -999.9 Rio_Grande_do_Sul DAVIS -999.9 0.0 21.8
-28.768900 -49.998501 2f8e135d-b70d-426a-b4b0-7bf2d193291c 2026-09-20_20:18 18.3 -999.9 -999.9 96.0 -999.9 -999.9 17.8 -999.9 -999.9 1074.0 -999.9 -999.9 12.9 34 24.1 -999.9 0.0 21.8 27.9 27.9 28.2 29.7 22.3 13.8 98.0 81.0 49.9 São_José_dos_Ausentes_(1175_m) -999.9 -999.9 1074.0 554.3 1074.0 20.0 13.3 -999.9 Rio_Grande_do_Sul DAVIS -999.9 0.0 21.8
-28.768900 -49.998501 2f8e135d-b70d-426a-b4b0-7bf2d193291c 2026-09-20_20:23 18.3 -999.9 -999.9 96.0 -999.9 -999.9 17.8 -999.9 -999.9 1074.0 -999.9 -999.9 4.8 305 20.9 -999.9 0.0 21.8 27.9 27.9 28.2 29.7 22.3 13.8 98.0 81.0 49.9 São_José_dos_Ausentes_(1175_m) -999.9 -999.9 1074.0 554.3 1074.0 20.0 13.3 -999.9 Rio_Grande_do_Sul DAVIS -999.9 0.0 21.8
-28.768900 -49.998501 2f8e135d-b70d-426a-b4b0-7bf2d193291c 2026-09-20_20:28 18.2 -999.9 -999.9 96.0 -999.9 -999.9 17.8 -999.9 -999.9 1074.0 -999.9 -999.9 17.7 306 22.5 -999.9 0.0 21.8 27.9 27.9 28.2 29.7 22.3 13.8 98.0 81.0 49.9 São_José_dos_Ausentes_(1175_m) -999.9 -999.9 1074.0 554.3 1074.0 20.0 13.3 -999.9 Rio_Grande_do_Sul DAVIS -999.9 0.0 21.8
-28.768900 -49.998501 2f8e135d-b70d-426a-b4b0-7bf2d193291c 2026-09-20_20:34 18.1 -999.9 -999.9 96.0 -999.9 -999.9 17.8 -999.9 -999.9 1074.0 -999.9 -999.9 9.7 346 22.5 -999.9 0.0 21.8 27.9 27.9 28.2 29.7 22.3 13.8 98.0 81.0 49.9 São_José_dos_Ausentes_(1175_m) -999.9 -999.9 1074.0 554.3 1074.0 20.0 13.3 -999.9 Rio_Grande_do_Sul DAVIS -999.9 0.0 21.8
-28.768900 -49.998501 2f8e135d-b70d-426a-b4b0-7bf2d193291c 2026-09-20_20:43 17.9 -999.9 -999.9 96.0 -999.9 -999.9 17.2 -999.9 -999.9 1074.0 -999.9 -999.9 19.3 284 24.1 -999.9 0.0 21.8 27.9 27.9 28.2 29.7 22.3 13.8 98.0 81.0 49.9 São_José_dos_Ausentes_(1175_m) -999.9 -999.9 1074.0 554.3 1074.0 20.0 13.3 -999.9 Rio_Grande_do_Sul DAVIS -999.9 0.0 21.8
-28.768900 -49.998501 2f8e135d-b70d-426a-b4b0-7bf2d193291c 2026-09-20_20:48 17.9 -999.9 -999.9 96.0 -999.9 -999.9 17.2 -999.9 -999.9 1074.0 -999.9 -999.9 8.0 312 24.1 -999.9 0.0 21.8 27.9 27.9 28.2 29.7 22.3 13.8 98.0 81.0 49.9 São_José_dos_Ausentes_(1175_m) -999.9 -999.9 1074.0 554.3 1074.0 20.0 13.3 -999.9 Rio_Grande_do_Sul DAVIS -999.9 0.0 21.8
-28.768900 -49.998501 2f8e135d-b70d-426a-b4b0-7bf2d193291c 2026-09-20_20:58 17.9 -999.9 -999.9 96.0 -999.9 -999.9 17.2 -999.9 -999.9 1074.0 -999.9 -999.9 6.4 282 24.1 -999.9 0.0 21.8 27.9 27.9 28.2 29.7 22.3 13.8 98.0 81.0 49.9 São_José_dos_Ausentes_(1175_m) -999.9 -999.9 1074.0 554.3 1074.0 20.0 13.3 -999.9 Rio_Grande_do_Sul DAVIS -999.9 0.0 21.8
-28.768900 -49.998501 2f8e135d-b70d-426a-b4b0-7bf2d193291c 2026-09-20_21:04 18.1 -999.9 -999.9 96.0 -999.9 -999.9 17.2 -999.9 -999.9 1074.0 -999.9 -999.9 12.9 73 24.1 -999.9 0.0 21.8 27.9 27.9 28.2 29.7 22.3 13.8 98.0 81.0 49.9 São_José_dos_Ausentes_(1175_m) -999.9 -999.9 1074.0 554.3 1074.0 20.0 13.3 -999.9 Rio_Grande_do_Sul DAVIS -999.9 0.0 21.8
-28.768900 -49.998501 2f8e135d-b70d-426a-b4b0-7bf2d193291c 2026-09-20_21:13 18.2 -999.9 -999.9 96.0 -999.9 -999.9 17.8 -999.9 -999.9 1074.0 -999.9 -999.9 14.5 11 24.1 -999.9 0.0 21.8 27.9 27.9 28.2 29.7 22.3 13.8 98.0 81.0 49.9 São_José_dos_Ausentes_(1175_m) -999.9 -999.9 1074.0 554.3 1074.0 20.0 13.3 -999.9 Rio_Grande_do_Sul DAVIS -999.9 0.0 21.8
-28.768900 -49.998501 2f8e135d-b70d-426a-b4b0-7bf2d193291c 2026-09-20_21:19 18.2 -999.9 -999.9 96.0 -999.9 -999.9 17.8 -999.9 -999.9 1074.0 -999.9 -999.9 20.9 15 27.4 -999.9 0.0 21.8 27.9 27.9 28.2 29.7 22.3 13.8 98.0 81.0 49.9 São_José_dos_Ausentes_(1175_m) -999.9 -999.9 1074.0 554.3 1074.0 20.0 13.3 -999.9 Rio_Grande_do_Sul DAVIS -999.9 0.0 21.8
-28.768900 -49.998501 2f8e135d-b70d-426a-b4b0-7bf2d193291c 2026-09-20_21:28 18.2 -999.9 -999.9 96.0 -999.9 -999.9 17.8 -999.9 -999.9 1074.0 -999.9 -999.9 14.5 139 25.7 -999.9 0.0 21.8 27.9 27.9 28.2 29.7 22.3 13.8 98.0 81.0 49.9 São_José_dos_Ausentes_(1175_m) -999.9 -999.9 1074.0 554.3 1074.0 20.0 13.3 -999.9 Rio_Grande_do_Sul DAVIS -999.9 0.0 21.8
-28.768900 -49.998501 2f8e135d-b70d-426a-b4b0-7bf2d193291c 2026-09-20_21:33 18.2 -999.9 -999.9 96.0 -999.9 -999.9 17.8 -999.9 -999.9 1074.0 -999.9 -999.9 3.2 179 25.7 -999.9 0.0 21.8 27.9 27.9 28.2 29.7 22.3 13.8 98.0 81.0 49.9 São_José_dos_Ausentes_(1175_m) -999.9 -999.9 1074.0 554.3 1074.0 20.0 13.3 -999.9 Rio_Grande_do_Sul DAVIS -999.9 0.0 21.8
-28.768900 -49.998501 2f8e135d-b70d-426a-b4b0-7bf2d193291c 2026-09-20_21:38 18.1 -999.9 -999.9 96.0 -999.9 -999.9 17.8 -999.9 -999.9 1074.0 -999.9 -999.9 9.7 315 25.7 -999.9 0.0 21.8 27.9 27.9 28.2 29.7 22.3 13.8 98.0 81.0 49.9 São_José_dos_Ausentes_(1175_m) -999.9 -999.9 1074.0 554.3 1074.0 20.0 13.3 -999.9 Rio_Grande_do_Sul DAVIS -999.9 0.0 21.8
-28.768900 -49.998501 2f8e135d-b70d-426a-b4b0-7bf2d193291c 2026-09-20_21:43 18.1 -999.9 -999.9 96.0 -999.9 -999.9 17.2 -999.9 -999.9 1074.0 -999.9 -999.9 9.7 285 25.7 -999.9 0.0 21.8 27.9 27.9 28.2 29.7 22.3 13.8 98.0 81.0 49.9 São_José_dos_Ausentes_(1175_m) -999.9 -999.9 1074.0 554.3 1074.0 20.0 13.3 -999.9 Rio_Grande_do_Sul DAVIS -999.9 0.0 21.8
-28.768900 -49.998501 2f8e135d-b70d-426a-b4b0-7bf2d193291c 2026-09-20_21:48 18.1 -999.9 -999.9 96.0 -999.9 -999.9 17.2 -999.9 -999.9 1074.0 -999.9 -999.9 14.5 300 22.5 -999.9 0.0 21.8 27.9 27.9 28.2 29.7 22.3 13.8 98.0 81.0 49.9 São_José_dos_Ausentes_(1175_m) -999.9 -999.9 1074.0 554.3 1074.0 20.0 13.3 -999.9 Rio_Grande_do_Sul DAVIS -999.9 0.0 21.8
-28.768900 -49.998501 2f8e135d-b70d-426a-b4b0-7bf2d193291c 2026-09-20_21:53 18.1 -999.9 -999.9 96.0 -999.9 -999.9 17.8 -999.9 -999.9 1074.0 -999.9 -999.9 8.0 315 22.5 -999.9 0.0 21.8 27.9 27.9 28.2 29.7 22.3 13.8 98.0 81.0 49.9 São_José_dos_Ausentes_(1175_m) -999.9 -999.9 1074.0 554.3 1074.0 20.0 13.3 -999.9 Rio_Grande_do_Sul DAVIS -999.9 0.0 21.8
-28.768900 -49.998501 2f8e135d-b70d-426a-b4b0-7bf2d193291c 2026-09-20_21:58 18.1 -999.9 -999.9 96.0 -999.9 -999.9 17.2 -999.9 -999.9 1074.0 -999.9 -999.9 8.0 360 22.5 -999.9 0.0 21.8 27.9 27.9 28.2 29.7 22.3 13.8 98.0 81.0 49.9 São_José_dos_Ausentes_(1175_m) -999.9 -999.9 1074.0 554.3 1074.0 20.0 13.3 -999.9 Rio_Grande_do_Sul DAVIS -999.9 0.0 21.8
-28.768900 -49.998501 2f8e135d-b70d-426a-b4b0-7bf2d193291c 2026-09-20_22:03 18.1 -999.9 -999.9 96.0 -999.9 -999.9 17.2 -999.9 -999.9 1074.0 -999.9 -999.9 9.7 337 20.9 -999.9 0.0 21.8 27.9 27.9 28.2 29.7 22.3 13.8 98.0 81.0 49.9 São_José_dos_Ausentes_(1175_m) -999.9 -999.9 1074.0 554.3 1074.0 20.0 13.3 -999.9 Rio_Grande_do_Sul DAVIS -999.9 0.0 21.8
-28.768900 -49.998501 2f8e135d-b70d-426a-b4b0-7bf2d193291c 2026-09-20_22:08 18.1 -999.9 -999.9 96.0 -999.9 -999.9 17.2 -999.9 -999.9 1074.0 -999.9 -999.9 12.9 325 20.9 -999.9 0.0 21.8 27.9 27.9 28.2 29.7 22.3 13.8 98.0 81.0 49.9 São_José_dos_Ausentes_(1175_m) -999.9 -999.9 1074.0 554.3 1074.0 20.0 13.3 -999.9 Rio_Grande_do_Sul DAVIS -999.9 0.0 21.8
-28.768900 -49.998501 2f8e135d-b70d-426a-b4b0-7bf2d193291c 2026-09-20_22:13 18.1 -999.9 -999.9 96.0 -999.9 -999.9 17.2 -999.9 -999.9 1074.0 -999.9 -999.9 12.9 288 20.9 -999.9 0.0 21.8 27.9 27.9 28.2 29.7 22.3 13.8 98.0 81.0 49.9 São_José_dos_Ausentes_(1175_m) -999.9 -999.9 1074.0 554.3 1074.0 20.0 13.3 -999.9 Rio_Grande_do_Sul DAVIS -999.9 0.0 21.8
-28.768900 -49.998501 2f8e135d-b70d-426a-b4b0-7bf2d193291c 2026-09-20_22:18 18.1 -999.9 -999.9 96.0 -999.9 -999.9 17.8 -999.9 -999.9 1074.0 -999.9 -999.9 6.4 244 25.7 -999.9 0.0 21.8 27.9 27.9 28.2 29.7 22.3 13.8 98.0 81.0 49.9 São_José_dos_Ausentes_(1175_m) -999.9 -999.9 1074.0 554.3 1074.0 20.0 13.3 -999.9 Rio_Grande_do_Sul DAVIS -999.9 0.0 21.8
-28.768900 -49.998501 2f8e135d-b70d-426a-b4b0-7bf2d193291c 2026-09-20_22:23 18.2 -999.9 -999.9 96.0 -999.9 -999.9 17.8 -999.9 -999.9 1074.0 -999.9 -999.9 14.5 287 25.7 -999.9 0.0 21.8 27.9 27.9 28.2 29.7 22.3 13.8 98.0 81.0 49.9 São_José_dos_Ausentes_(1175_m) -999.9 -999.9 1074.0 554.3 1074.0 20.0 13.3 -999.9 Rio_Grande_do_Sul DAVIS -999.9 0.0 21.8
-28.768900 -49.998501 2f8e135d-b70d-426a-b4b0-7bf2d193291c 2026-09-20_22:28 18.2 -999.9 -999.9 95.0 -999.9 -999.9 17.2 -999.9 -999.9 1074.0 -999.9 -999.9 6.4 342 22.5 -999.9 0.0 21.8 27.9 27.9 28.2 29.7 22.3 13.8 98.0 81.0 49.9 São_José_dos_Ausentes_(1175_m) -999.9 -999.9 1074.0 554.3 1074.0 20.0 13.3 -999.9 Rio_Grande_do_Sul DAVIS -999.9 0.0 21.8
-28.768900 -49.998501 2f8e135d-b70d-426a-b4b0-7bf2d193291c 2026-09-20_22:33 18.2 -999.9 -999.9 95.0 -999.9 -999.9 17.2 -999.9 -999.9 1074.0 -999.9 -999.9 8.0 360 20.9 -999.9 0.0 21.8 27.9 27.9 28.2 29.7 22.3 13.8 98.0 81.0 49.9 São_José_dos_Ausentes_(1175_m) -999.9 -999.9 1074.0 554.3 1074.0 20.0 13.3 -999.9 Rio_Grande_do_Sul DAVIS -999.9 0.0 21.8
-28.768900 -49.998501 2f8e135d-b70d-426a-b4b0-7bf2d193291c 2026-09-20_22:38 18.3 -999.9 -999.9 95.0 -999.9 -999.9 17.8 -999.9 -999.9 1074.0 -999.9 -999.9 9.7 311 22.5 -999.9 0.0 21.8 27.9 27.9 28.2 29.7 22.3 13.8 98.0 81.0 49.9 São_José_dos_Ausentes_(1175_m) -999.9 -999.9 1074.0 554.3 1074.0 20.0 13.3 -999.9 Rio_Grande_do_Sul DAVIS -999.9 0.0 21.8
-28.768900 -49.998501 2f8e135d-b70d-426a-b4b0-7bf2d193291c 2026-09-20_22:43 18.3 -999.9 -999.9 95.0 -999.9 -999.9 17.8 -999.9 -999.9 1074.0 -999.9 -999.9 19.3 10 24.1 -999.9 0.0 21.8 27.9 27.9 28.2 29.7 22.3 13.8 98.0 81.0 49.9 São_José_dos_Ausentes_(1175_m) -999.9 -999.9 1074.0 554.3 1074.0 20.0 13.3 -999.9 Rio_Grande_do_Sul DAVIS -999.9 0.0 21.8
-28.768900 -49.998501 2f8e135d-b70d-426a-b4b0-7bf2d193291c 2026-09-20_22:48 18.3 -999.9 -999.9 95.0 -999.9 -999.9 17.8 -999.9 -999.9 1074.0 -999.9 -999.9 16.1 342 25.7 -999.9 0.0 21.8 27.9 27.9 28.2 29.7 22.3 13.8 98.0 81.0 49.9 São_José_dos_Ausentes_(1175_m) -999.9 -999.9 1074.0 554.3 1074.0 20.0 13.3 -999.9 Rio_Grande_do_Sul DAVIS -999.9 0.0 21.8
-28.768900 -49.998501 2f8e135d-b70d-426a-b4b0-7bf2d193291c 2026-09-20_22:53 18.3 -999.9 -999.9 95.0 -999.9 -999.9 17.8 -999.9 -999.9 1074.0 -999.9 -999.9 19.3 306 25.7 -999.9 0.0 21.8 27.9 27.9 28.2 29.7 22.3 13.8 98.0 81.0 49.9 São_José_dos_Ausentes_(1175_m) -999.9 -999.9 1074.0 554.3 1074.0 20.0 13.3 -999.9 Rio_Grande_do_Sul DAVIS -999.9 0.0 21.8
-28.768900 -49.998501 2f8e135d-b70d-426a-b4b0-7bf2d193291c 2026-09-20_22:58 18.3 -999.9 -999.9 95.0 -999.9 -999.9 17.8 -999.9 -999.9 1074.0 -999.9 -999.9 19.3 355 25.7 -999.9 0.0 21.8 27.9 27.9 28.2 29.7 22.3 13.8 98.0 81.0 49.9 São_José_dos_Ausentes_(1175_m) -999.9 -999.9 1074.0 554.3 1074.0 20.0 13.3 -999.9 Rio_Grande_do_Sul DAVIS -999.9 0.0 21.8
-28.768900 -49.998501 2f8e135d-b70d-426a-b4b0-7bf2d193291c 2026-09-20_23:03 18.3 -999.9 -999.9 95.0 -999.9 -999.9 17.8 -999.9 -999.9 1074.0 -999.9 -999.9 9.7 101 25.7 -999.9 0.0 21.8 27.9 27.9 28.2 29.7 22.3 13.8 98.0 81.0 49.9 São_José_dos_Ausentes_(1175_m) -999.9 -999.9 1074.0 554.3 1074.0 20.0 13.3 -999.9 Rio_Grande_do_Sul DAVIS -999.9 0.0 21.8
-28.768900 -49.998501 2f8e135d-b70d-426a-b4b0-7bf2d193291c 2026-09-20_23:08 18.3 -999.9 -999.9 95.0 -999.9 -999.9 17.8 -999.9 -999.9 1074.0 -999.9 -999.9 8.0 30 25.7 -999.9 0.0 21.8 27.9 27.9 28.2 29.7 22.3 13.8 98.0 81.0 49.9 São_José_dos_Ausentes_(1175_m) -999.9 -999.9 1074.0 554.3 1074.0 20.0 13.3 -999.9 Rio_Grande_do_Sul DAVIS -999.9 0.0 21.8
-28.768900 -49.998501 2f8e135d-b70d-426a-b4b0-7bf2d193291c 2026-09-20_23:13 18.3 -999.9 -999.9 95.0 -999.9 -999.9 17.8 -999.9 -999.9 1074.0 -999.9 -999.9 17.7 315 25.7 -999.9 0.0 21.8 27.9 27.9 28.2 29.7 22.3 13.8 98.0 81.0 49.9 São_José_dos_Ausentes_(1175_m) -999.9 -999.9 1074.0 554.3 1074.0 20.0 13.3 -999.9 Rio_Grande_do_Sul DAVIS -999.9 0.0 21.8
-28.768900 -49.998501 2f8e135d-b70d-426a-b4b0-7bf2d193291c 2026-09-20_23:18 18.3 -999.9 -999.9 95.0 -999.9 -999.9 17.8 -999.9 -999.9 1074.0 -999.9 -999.9 3.2 5 25.7 -999.9 0.0 21.8 27.9 27.9 28.2 29.7 22.3 13.8 98.0 81.0 49.9 São_José_dos_Ausentes_(1175_m) -999.9 -999.9 1074.0 554.3 1074.0 20.0 13.3 -999.9 Rio_Grande_do_Sul DAVIS -999.9 0.0 21.8
-28.768900 -49.998501 2f8e135d-b70d-426a-b4b0-7bf2d193291c 2026-09-20_23:23 18.4 -999.9 -999.9 95.0 -999.9 -999.9 17.8 -999.9 -999.9 1074.0 -999.9 -999.9 11.3 309 32.2 -999.9 0.0 21.8 27.9 27.9 28.2 29.7 22.3 13.8 98.0 81.0 49.9 São_José_dos_Ausentes_(1175_m) -999.9 -999.9 1074.0 554.3 1074.0 20.0 13.3 -999.9 Rio_Grande_do_Sul DAVIS -999.9 0.0 21.8
-28.768900 -49.998501 2f8e135d-b70d-426a-b4b0-7bf2d193291c 2026-09-20_23:28 18.5 -999.9 -999.9 95.0 -999.9 -999.9 17.8 -999.9 -999.9 1074.0 -999.9 -999.9 24.1 360 32.2 -999.9 0.0 21.8 27.9 27.9 28.2 29.7 22.3 13.8 98.0 81.0 49.9 São_José_dos_Ausentes_(1175_m) -999.9 -999.9 1074.0 554.3 1074.0 20.0 13.3 -999.9 Rio_Grande_do_Sul DAVIS -999.9 0.0 21.8
-28.768900 -49.998501 2f8e135d-b70d-426a-b4b0-7bf2d193291c 2026-09-20_23:33 18.6 -999.9 -999.9 95.0 -999.9 -999.9 17.8 -999.9 -999.9 1074.0 -999.9 -999.9 6.4 11 35.4 -999.9 0.0 21.8 27.9 27.9 28.2 29.7 22.3 13.8 98.0 81.0 49.9 São_José_dos_Ausentes_(1175_m) -999.9 -999.9 1074.0 554.3 1074.0 20.0 13.3 -999.9 Rio_Grande_do_Sul DAVIS -999.9 0.0 21.8
-28.768900 -49.998501 2f8e135d-b70d-426a-b4b0-7bf2d193291c 2026-09-20_23:38 18.6 -999.9 -999.9 95.0 -999.9 -999.9 17.8 -999.9 -999.9 1074.0 -999.9 -999.9 22.5 42 37.0 -999.9 0.0 21.8 27.9 27.9 28.2 29.7 22.3 13.8 98.0 81.0 49.9 São_José_dos_Ausentes_(1175_m) -999.9 -999.9 1074.0 554.3 1074.0 20.0 13.3 -999.9 Rio_Grande_do_Sul DAVIS -999.9 0.0 21.8
-28.768900 -49.998501 2f8e135d-b70d-426a-b4b0-7bf2d193291c 2026-09-20_23:43 18.7 -999.9 -999.9 95.0 -999.9 -999.9 17.8 -999.9 -999.9 1074.0 -999.9 -999.9 20.9 70 37.0 -999.9 0.0 21.8 27.9 27.9 28.2 29.7 22.3 13.8 98.0 81.0 49.9 São_José_dos_Ausentes_(1175_m) -999.9 -999.9 1074.0 554.3 1074.0 20.0 13.3 -999.9 Rio_Grande_do_Sul DAVIS -999.9 0.0 21.8
-28.768900 -49.998501 2f8e135d-b70d-426a-b4b0-7bf2d193291c 2026-09-20_23:48 18.8 -999.9 -999.9 94.0 -999.9 -999.9 17.8 -999.9 -999.9 1074.0 -999.9 -999.9 3.2 78 37.0 -999.9 0.0 21.8 27.9 27.9 28.2 29.7 22.3 13.8 98.0 81.0 49.9 São_José_dos_Ausentes_(1175_m) -999.9 -999.9 1074.0 554.3 1074.0 20.0 13.3 -999.9 Rio_Grande_do_Sul DAVIS -999.9 0.0 21.8
-28.768900 -49.998501 2f8e135d-b70d-426a-b4b0-7bf2d193291c 2026-09-20_23:53 18.8 -999.9 -999.9 94.0 -999.9 -999.9 17.8 -999.9 -999.9 1074.0 -999.9 -999.9 19.3 32 37.0 -999.9 0.0 21.8 27.9 27.9 28.2 29.7 22.3 13.8 98.0 81.0 49.9 São_José_dos_Ausentes_(1175_m) -999.9 -999.9 1074.0 554.3 1074.0 20.0 13.3 -999.9 Rio_Grande_do_Sul DAVIS -999.9 0.0 21.8
