-28.8831 -51.4175 16929 2026-08-21_00:10 -999.9 -999.9 -999.9 -999.9 -999.9 -999.9 -999.9 -999.9 -999.9 -999.9 -999.9 -999.9 -999.9 -999.9 -999.9 -999.9 -999.9 0.0 0.8 1.4 2.0 3.8 -999.9 -999.9 -999.9 -999.9 -999.9 CEMADEN_-_Antônio_Prado_-_G2-430080201A_(688_m) -999.9 -999.9 -999.9 -999.9 -999.9 -999.9 -999.9 -999.9 Rio_Grande_do_Sul CEMADEN -999.9 0.0 -999.9
-28.8831 -51.4175 16929 2026-08-21_01:10 -999.9 -999.9 -999.9 -999.9 -999.9 -999.9 -999.9 -999.9 -999.9 -999.9 -999.9 -999.9 -999.9 -999.9 -999.9 -999.9 -999.9 0.2 1.0 1.6 2.2 4.0 -999.9 -999.9 -999.9 -999.9 -999.9 CEMADEN_-_Antônio_Prado_-_G2-430080201A_(688_m) -999.9 -999.9 -999.9 -999.9 -999.9 -999.9 -999.9 -999.9 Rio_Grande_do_Sul CEMADEN -999.9 0.2 -999.9
-28.8831 -51.4175 16929 2026-08-21_03:10 -999.9 -999.9 -999.9 -999.9 -999.9 -999.9 -999.9 -999.9 -999.9 -999.9 -999.9 -999.9 -999.9 -999.9 -999.9 -999.9 -999.9 0.2 1.0 1.6 2.2 4.0 -999.9 -999.9 -999.9 -999.9 -999.9 CEMADEN_-_Antônio_Prado_-_G2-430080201A_(688_m) -999.9 -999.9 -999.9 -999.9 -999.9 -999.9 -999.9 -999.9 Rio_Grande_do_Sul CEMADEN -999.9 0.0 -999.9
-28.8831 -51.4175 16929 2026-08-21_04:10 -999.9 -999.9 -999.9 -999.9 -999.9 -999.9 -999.9 -999.9 -999.9 -999.9 -999.9 -999.9 -999.9 -999.9 -999.9 -999.9 -999.9 0.0 1.0 1.6 2.0 3.8 -999.9 -999.9 -999.9 -999.9 -999.9 CEMADEN_-_Antônio_Prado_-_G2-430080201A_(688_m) -999.9 -999.9 -999.9 -999.9 -999.9 -999.9 -999.9 -999.9 Rio_Grande_do_Sul CEMADEN -999.9 -0.2 -999.9
-28.8831 -51.4175 16929 2026-08-21_05:10 -999.9 -999.9 -999.9 -999.9 -999.9 -999.9 -999.9 -999.9 -999.9 -999.9 -999.9 -999.9 -999.9 -999.9 -999.9 -999.9 -999.9 0.0 1.0 1.4 2.0 3.8 -999.9 -999.9 -999.9 -999.9 -999.9 CEMADEN_-_Antônio_Prado_-_G2-430080201A_(688_m) -999.9 -999.9 -999.9 -999.9 -999.9 -999.9 -999.9 -999.9 Rio_Grande_do_Sul CEMADEN -999.9 0.0 -999.9
-28.8831 -51.4175 16929 2026-08-21_06:10 -999.9 -999.9 -999.9 -999.9 -999.9 -999.9 -999.9 -999.9 -999.9 -999.9 -999.9 -999.9 -999.9 -999.9 -999.9 -999.9 -999.9 0.0 1.0 1.4 2.0 3.8 -999.9 -999.9 -999.9 -999.9 -999.9 CEMADEN_-_Antônio_Prado_-_G2-430080201A_(688_m) -999.9 -999.9 -999.9 -999.9 -999.9 -999.9 -999.9 -999.9 Rio_Grande_do_Sul CEMADEN -999.9 0.0 -999.9
-28.8831 -51.4175 16929 2026-08-21_07:10 -999.9 -999.9 -999.9 -999.9 -999.9 -999.9 -999.9 -999.9 -999.9 -999.9 -999.9 -999.9 -999.9 -999.9 -999.9 -999.9 -999.9 0.0 1.0 1.4 2.0 3.8 -999.9 -999.9 -999.9 -999.9 -999.9 CEMADEN_-_Antônio_Prado_-_G2-430080201A_(688_m) -999.9 -999.9 -999.9 -999.9 -999.9 -999.9 -999.9 -999.9 Rio_Grande_do_Sul CEMADEN -999.9 0.0 -999.9
-28.8831 -51.4175 16929 2026-08-21_08:10 -999.9 -999.9 -999.9 -999.9 -999.9 -999.9 -999.9 -999.9 -999.9 -999.9 -999.9 -999.9 -999.9 -999.9 -999.9 -999.9 -999.9 0.0 0.8 1.4 2.0 3.8 -999.9 -999.9 -999.9 -999.9 -999.9 CEMADEN_-_Antônio_Prado_-_G2-430080201A_(688_m) -999.9 -999.9 -999.9 -999.9 -999.9 -999.9 -999.9 -999.9 Rio_Grande_do_Sul CEMADEN -999.9 0.0 -999.9
-28.8831 -51.4175 16929 2026-08-21_09:10 -999.9 -999.9 -999.9 -999.9 -999.9 -999.9 -999.9 -999.9 -999.9 -999.9 -999.9 -999.9 -999.9 -999.9 -999.9 -999.9 -999.9 0.0 0.8 1.4 2.0 3.8 -999.9 -999.9 -999.9 -999.9 -999.9 CEMADEN_-_Antônio_Prado_-_G2-430080201A_(688_m) -999.9 -999.9 -999.9 -999.9 -999.9 -999.9 -999.9 -999.9 Rio_Grande_do_Sul CEMADEN -999.9 0.0 -999.9
-28.8831 -51.4175 16929 2026-08-21_10:10 -999.9 -999.9 -999.9 -999.9 -999.9 -999.9 -999.9 -999.9 -999.9 -999.9 -999.9 -999.9 -999.9 -999.9 -999.9 -999.9 -999.9 0.0 0.8 1.4 2.0 3.8 -999.9 -999.9 -999.9 -999.9 -999.9 CEMADEN_-_Antônio_Prado_-_G2-430080201A_(688_m) -999.9 -999.9 -999.9 -999.9 -999.9 -999.9 -999.9 -999.9 Rio_Grande_do_Sul CEMADEN -999.9 0.0 -999.9
-28.8831 -51.4175 16929 2026-08-21_11:10 -999.9 -999.9 -999.9 -999.9 -999.9 -999.9 -999.9 -999.9 -999.9 -999.9 -999.9 -999.9 -999.9 -999.9 -999.9 -999.9 -999.9 0.0 0.8 1.4 2.0 3.8 -999.9 -999.9 -999.9 -999.9 -999.9 CEMADEN_-_Antônio_Prado_-_G2-430080201A_(688_m) -999.9 -999.9 -999.9 -999.9 -999.9 -999.9 -999.9 -999.9 Rio_Grande_do_Sul CEMADEN -999.9 0.0 -999.9
-28.8831 -51.4175 16929 2026-08-21_12:10 -999.9 -999.9 -999.9 -999.9 -999.9 -999.9 -999.9 -999.9 -999.9 -999.9 -999.9 -999.9 -999.9 -999.9 -999.9 -999.9 -999.9 0.0 0.8 1.4 2.0 3.8 -999.9 -999.9 -999.9 -999.9 -999.9 CEMADEN_-_Antônio_Prado_-_G2-430080201A_(688_m) -999.9 -999.9 -999.9 -999.9 -999.9 -999.9 -999.9 -999.9 Rio_Grande_do_Sul CEMADEN -999.9 0.0 -999.9
-28.8831 -51.4175 16929 2026-08-21_13:10 -999.9 -999.9 -999.9 -999.9 -999.9 -999.9 -999.9 -999.9 -999.9 -999.9 -999.9 -999.9 -999.9 -999.9 -999.9 -999.9 -999.9 -0.2 0.8 1.2 1.8 3.6 -999.9 -999.9 -999.9 -999.9 -999.9 CEMADEN_-_Antônio_Prado_-_G2-430080201A_(688_m) -999.9 -999.9 -999.9 -999.9 -999.9 -999.9 -999.9 -999.9 Rio_Grande_do_Sul CEMADEN -999.9 -0.2 -999.9
-28.8831 -51.4175 16929 2026-08-21_14:10 -999.9 -999.9 -999.9 -999.9 -999.9 -999.9 -999.9 -999.9 -999.9 -999.9 -999.9 -999.9 -999.9 -999.9 -999.9 -999.9 -999.9 -0.2 0.8 1.2 1.8 3.6 -999.9 -999.9 -999.9 -999.9 -999.9 CEMADEN_-_Antônio_Prado_-_G2-430080201A_(688_m) -999.9 -999.9 -999.9 -999.9 -999.9 -999.9 -999.9 -999.9 Rio_Grande_do_Sul CEMADEN -999.9 0.0 -999.9
-28.8831 -51.4175 16929 2026-08-21_14:30 -999.9 -999.9 -999.9 -999.9 -999.9 -999.9 -999.9 -999.9 -999.9 -999.9 -999.9 -999.9 -999.9 -999.9 -999.9 -999.9 0.2 0.0 1.0 1.4 2.0 3.8 -999.9 -999.9 -999.9 -999.9 -999.9 CEMADEN_-_Antônio_Prado_-_G2-430080201A_(688_m) -999.9 -999.9 -999.9 -999.9 -999.9 -999.9 -999.9 -999.9 Rio_Grande_do_Sul CEMADEN -999.9 0.2 -999.9
-28.8831 -51.4175 16929 2026-08-21_15:10 -999.9 -999.9 -999.9 -999.9 -999.9 -999.9 -999.9 -999.9 -999.9 -999.9 -999.9 -999.9 -999.9 -999.9 -999.9 -999.9 -999.9 0.0 1.0 1.4 2.0 3.8 -999.9 -999.9 -999.9 -999.9 -999.9 CEMADEN_-_Antônio_Prado_-_G2-430080201A_(688_m) -999.9 -999.9 -999.9 -999.9 -999.9 -999.9 -999.9 -999.9 Rio_Grande_do_Sul CEMADEN -999.9 0.0 -999.9
-28.8831 -51.4175 16929 2026-08-21_16:10 -999.9 -999.9 -999.9 -999.9 -999.9 -999.9 -999.9 -999.9 -999.9 -999.9 -999.9 -999.9 -999.9 -999.9 -999.9 -999.9 -999.9 0.0 1.0 1.4 2.0 3.8 -999.9 -999.9 -999.9 -999.9 -999.9 CEMADEN_-_Antônio_Prado_-_G2-430080201A_(688_m) -999.9 -999.9 -999.9 -999.9 -999.9 -999.9 -999.9 -999.9 Rio_Grande_do_Sul CEMADEN -999.9 0.0 -999.9
-28.8831 -51.4175 16929 2026-08-21_17:10 -999.9 -999.9 -999.9 -999.9 -999.9 -999.9 -999.9 -999.9 -999.9 -999.9 -999.9 -999.9 -999.9 -999.9 -999.9 -999.9 -999.9 0.0 0.8 1.4 2.0 3.8 -999.9 -999.9 -999.9 -999.9 -999.9 CEMADEN_-_Antônio_Prado_-_G2-430080201A_(688_m) -999.9 -999.9 -999.9 -999.9 -999.9 -999.9 -999.9 -999.9 Rio_Grande_do_Sul CEMADEN -999.9 0.0 -999.9
-28.8831 -51.4175 16929 2026-08-21_18:10 -999.9 -999.9 -999.9 -999.9 -999.9 -999.9 -999.9 -999.9 -999.9 -999.9 -999.9 -999.9 -999.9 -999.9 -999.9 -999.9 -999.9 0.0 0.8 1.4 2.0 3.8 -999.9 -999.9 -999.9 -999.9 -999.9 CEMADEN_-_Antônio_Prado_-_G2-430080201A_(688_m) -999.9 -999.9 -999.9 -999.9 -999.9 -999.9 -999.9 -999.9 Rio_Grande_do_Sul CEMADEN -999.9 0.0 -999.9
-28.8831 -51.4175 16929 2026-08-21_19:10 -999.9 -999.9 -999.9 -999.9 -999.9 -999.9 -999.9 -999.9 -999.9 -999.9 -999.9 -999.9 -999.9 -999.9 -999.9 -999.9 -999.9 0.0 0.8 1.4 2.0 3.8 -999.9 -999.9 -999.9 -999.9 -999.9 CEMADEN_-_Antônio_Prado_-_G2-430080201A_(688_m) -999.9 -999.9 -999.9 -999.9 -999.9 -999.9 -999.9 -999.9 Rio_Grande_do_Sul CEMADEN -999.9 0.0 -999.9
-28.8831 -51.4175 16929 2026-08-21_20:10 -999.9 -999.9 -999.9 -999.9 -999.9 -999.9 -999.9 -999.9 -999.9 -999.9 -999.9 -999.9 -999.9 -999.9 -999.9 -999.9 -999.9 -0.2 0.8 1.4 1.8 3.6 -999.9 -999.9 -999.9 -999.9 -999.9 CEMADEN_-_Antônio_Prado_-_G2-430080201A_(688_m) -999.9 -999.9 -999.9 -999.9 -999.9 -999.9 -999.9 -999.9 Rio_Grande_do_Sul CEMADEN -999.9 -0.2 -999.9
-28.8831 -51.4175 16929 2026-08-21_21:10 -999.9 -999.9 -999.9 -999.9 -999.9 -999.9 -999.9 -999.9 -999.9 -999.9 -999.9 -999.9 -999.9 -999.9 -999.9 -999.9 -999.9 -0.2 0.8 1.4 1.8 3.6 -999.9 -999.9 -999.9 -999.9 -999.9 CEMADEN_-_Antônio_Prado_-_G2-430080201A_(688_m) -999.9 -999.9 -999.9 -999.9 -999.9 -999.9 -999.9 -999.9 Rio_Grande_do_Sul CEMADEN -999.9 0.0 -999.9
-28.8831 -51.4175 16929 2026-08-21_22:10 -999.9 -999.9 -999.9 -999.9 -999.9 -999.9 -999.9 -999.9 -999.9 -999.9 -999.9 -999.9 -999.9 -999.9 -999.9 -999.9 -999.9 -0.2 0.8 1.2 1.8 3.6 -999.9 -999.9 -999.9 -999.9 -999.9 CEMADEN_-_Antônio_Prado_-_G2-430080201A_(688_m) -999.9 -999.9 -999.9 -999.9 -999.9 -999.9 -999.9 -999.9 Rio_Grande_do_Sul CEMADEN -999.9 0.0 -999.9
-28.8831 -51.4175 16929 2026-08-21_23:10 -999.9 -999.9 -999.9 -999.9 -999.9 -999.9 -999.9 -999.9 -999.9 -999.9 -999.9 -999.9 -999.9 -999.9 -999.9 -999.9 -999.9 -0.2 0.8 1.2 1.8 3.6 -999.9 -999.9 -999.9 -999.9 -999.9 CEMADEN_-_Antônio_Prado_-_G2-430080201A_(688_m) -999.9 -999.9 -999.9 -999.9 -999.9 -999.9 -999.9 -999.9 Rio_Grande_do_Sul CEMADEN -999.9 0.0 -999.9
