-29.14417 -51.70417 16936 2026-08-16_00:10 -999.9 -999.9 -999.9 -999.9 -999.9 -999.9 -999.9 -999.9 -999.9 -999.9 -999.9 -999.9 -999.9 -999.9 -999.9 -999.9 0.2 0.0 4.6 27.6 81.2 161.6 -999.9 -999.9 -999.9 -999.9 -999.9 CEMADEN_-_Santa_Tereza_-_G2-431725103A_(480_m) -999.9 -999.9 -999.9 -999.9 -999.9 -999.9 -999.9 -999.9 Rio_Grande_do_Sul CEMADEN -999.9 0.0 -999.9
-29.14417 -51.70417 16936 2026-08-16_01:10 -999.9 -999.9 -999.9 -999.9 -999.9 -999.9 -999.9 -999.9 -999.9 -999.9 -999.9 -999.9 -999.9 -999.9 -999.9 -999.9 -999.9 -0.6 4.6 27.6 80.6 161.0 -999.9 -999.9 -999.9 -999.9 -999.9 CEMADEN_-_Santa_Tereza_-_G2-431725103A_(480_m) -999.9 -999.9 -999.9 -999.9 -999.9 -999.9 -999.9 -999.9 Rio_Grande_do_Sul CEMADEN -999.9 -0.6 -999.9
-29.14417 -51.70417 16936 2026-08-16_02:10 -999.9 -999.9 -999.9 -999.9 -999.9 -999.9 -999.9 -999.9 -999.9 -999.9 -999.9 -999.9 -999.9 -999.9 -999.9 -999.9 -999.9 -1.0 4.6 20.4 80.2 160.6 -999.9 -999.9 -999.9 -999.9 -999.9 CEMADEN_-_Santa_Tereza_-_G2-431725103A_(480_m) -999.9 -999.9 -999.9 -999.9 -999.9 -999.9 -999.9 -999.9 Rio_Grande_do_Sul CEMADEN -999.9 -0.4 -999.9
-29.14417 -51.70417 16936 2026-08-16_03:10 -999.9 -999.9 -999.9 -999.9 -999.9 -999.9 -999.9 -999.9 -999.9 -999.9 -999.9 -999.9 -999.9 -999.9 -999.9 -999.9 -999.9 -2.0 4.6 19.2 79.2 159.6 -999.9 -999.9 -999.9 -999.9 -999.9 CEMADEN_-_Santa_Tereza_-_G2-431725103A_(480_m) -999.9 -999.9 -999.9 -999.9 -999.9 -999.9 -999.9 -999.9 Rio_Grande_do_Sul CEMADEN -999.9 -1.0 -999.9
-29.14417 -51.70417 16936 2026-08-16_04:10 -999.9 -999.9 -999.9 -999.9 -999.9 -999.9 -999.9 -999.9 -999.9 -999.9 -999.9 -999.9 -999.9 -999.9 -999.9 -999.9 -999.9 -5.2 4.6 18.6 76.0 156.4 -999.9 -999.9 -999.9 -999.9 -999.9 CEMADEN_-_Santa_Tereza_-_G2-431725103A_(480_m) -999.9 -999.9 -999.9 -999.9 -999.9 -999.9 -999.9 -999.9 Rio_Grande_do_Sul CEMADEN -999.9 -3.2 -999.9
-29.14417 -51.70417 16936 2026-08-16_05:10 -999.9 -999.9 -999.9 -999.9 -999.9 -999.9 -999.9 -999.9 -999.9 -999.9 -999.9 -999.9 -999.9 -999.9 -999.9 -999.9 -999.9 -8.6 4.6 15.6 72.6 153.0 -999.9 -999.9 -999.9 -999.9 -999.9 CEMADEN_-_Santa_Tereza_-_G2-431725103A_(480_m) -999.9 -999.9 -999.9 -999.9 -999.9 -999.9 -999.9 -999.9 Rio_Grande_do_Sul CEMADEN -999.9 -3.4 -999.9
-29.14417 -51.70417 16936 2026-08-16_06:10 -999.9 -999.9 -999.9 -999.9 -999.9 -999.9 -999.9 -999.9 -999.9 -999.9 -999.9 -999.9 -999.9 -999.9 -999.9 -999.9 -999.9 -14.6 4.6 14.6 66.6 147.0 -999.9 -999.9 -999.9 -999.9 -999.9 CEMADEN_-_Santa_Tereza_-_G2-431725103A_(480_m) -999.9 -999.9 -999.9 -999.9 -999.9 -999.9 -999.9 -999.9 Rio_Grande_do_Sul CEMADEN -999.9 -6.0 -999.9
-29.14417 -51.70417 16936 2026-08-16_07:10 -999.9 -999.9 -999.9 -999.9 -999.9 -999.9 -999.9 -999.9 -999.9 -999.9 -999.9 -999.9 -999.9 -999.9 -999.9 -999.9 -999.9 -18.8 4.6 10.8 62.4 142.8 -999.9 -999.9 -999.9 -999.9 -999.9 CEMADEN_-_Santa_Tereza_-_G2-431725103A_(480_m) -999.9 -999.9 -999.9 -999.9 -999.9 -999.9 -999.9 -999.9 Rio_Grande_do_Sul CEMADEN -999.9 -4.2 -999.9
-29.14417 -51.70417 16936 2026-08-16_08:10 -999.9 -999.9 -999.9 -999.9 -999.9 -999.9 -999.9 -999.9 -999.9 -999.9 -999.9 -999.9 -999.9 -999.9 -999.9 -999.9 -999.9 -25.0 4.6 9.2 56.2 136.6 -999.9 -999.9 -999.9 -999.9 -999.9 CEMADEN_-_Santa_Tereza_-_G2-431725103A_(480_m) -999.9 -999.9 -999.9 -999.9 -999.9 -999.9 -999.9 -999.9 Rio_Grande_do_Sul CEMADEN -999.9 -6.2 -999.9
-29.14417 -51.70417 16936 2026-08-16_09:10 -999.9 -999.9 -999.9 -999.9 -999.9 -999.9 -999.9 -999.9 -999.9 -999.9 -999.9 -999.9 -999.9 -999.9 -999.9 -999.9 -999.9 -29.8 4.6 5.2 51.4 131.8 -999.9 -999.9 -999.9 -999.9 -999.9 CEMADEN_-_Santa_Tereza_-_G2-431725103A_(480_m) -999.9 -999.9 -999.9 -999.9 -999.9 -999.9 -999.9 -999.9 Rio_Grande_do_Sul CEMADEN -999.9 -4.8 -999.9
-29.14417 -51.70417 16936 2026-08-16_10:10 -999.9 -999.9 -999.9 -999.9 -999.9 -999.9 -999.9 -999.9 -999.9 -999.9 -999.9 -999.9 -999.9 -999.9 -999.9 -999.9 -999.9 -32.2 4.6 5.2 49.0 129.4 -999.9 -999.9 -999.9 -999.9 -999.9 CEMADEN_-_Santa_Tereza_-_G2-431725103A_(480_m) -999.9 -999.9 -999.9 -999.9 -999.9 -999.9 -999.9 -999.9 Rio_Grande_do_Sul CEMADEN -999.9 -2.4 -999.9
-29.14417 -51.70417 16936 2026-08-16_11:10 -999.9 -999.9 -999.9 -999.9 -999.9 -999.9 -999.9 -999.9 -999.9 -999.9 -999.9 -999.9 -999.9 -999.9 -999.9 -999.9 -999.9 -34.6 4.6 5.0 46.6 127.0 -999.9 -999.9 -999.9 -999.9 -999.9 CEMADEN_-_Santa_Tereza_-_G2-431725103A_(480_m) -999.9 -999.9 -999.9 -999.9 -999.9 -999.9 -999.9 -999.9 Rio_Grande_do_Sul CEMADEN -999.9 -2.4 -999.9
-29.14417 -51.70417 16936 2026-08-16_12:10 -999.9 -999.9 -999.9 -999.9 -999.9 -999.9 -999.9 -999.9 -999.9 -999.9 -999.9 -999.9 -999.9 -999.9 -999.9 -999.9 -999.9 -38.4 4.4 5.0 42.8 123.2 -999.9 -999.9 -999.9 -999.9 -999.9 CEMADEN_-_Santa_Tereza_-_G2-431725103A_(480_m) -999.9 -999.9 -999.9 -999.9 -999.9 -999.9 -999.9 -999.9 Rio_Grande_do_Sul CEMADEN -999.9 -3.8 -999.9
-29.14417 -51.70417 16936 2026-08-16_13:10 -999.9 -999.9 -999.9 -999.9 -999.9 -999.9 -999.9 -999.9 -999.9 -999.9 -999.9 -999.9 -999.9 -999.9 -999.9 -999.9 -999.9 -39.8 4.4 5.0 41.4 121.8 -999.9 -999.9 -999.9 -999.9 -999.9 CEMADEN_-_Santa_Tereza_-_G2-431725103A_(480_m) -999.9 -999.9 -999.9 -999.9 -999.9 -999.9 -999.9 -999.9 Rio_Grande_do_Sul CEMADEN -999.9 -1.4 -999.9
-29.14417 -51.70417 16936 2026-08-16_14:10 -999.9 -999.9 -999.9 -999.9 -999.9 -999.9 -999.9 -999.9 -999.9 -999.9 -999.9 -999.9 -999.9 -999.9 -999.9 -999.9 -999.9 -40.2 4.4 5.0 41.0 121.4 -999.9 -999.9 -999.9 -999.9 -999.9 CEMADEN_-_Santa_Tereza_-_G2-431725103A_(480_m) -999.9 -999.9 -999.9 -999.9 -999.9 -999.9 -999.9 -999.9 Rio_Grande_do_Sul CEMADEN -999.9 -0.4 -999.9
-29.14417 -51.70417 16936 2026-08-16_15:10 -999.9 -999.9 -999.9 -999.9 -999.9 -999.9 -999.9 -999.9 -999.9 -999.9 -999.9 -999.9 -999.9 -999.9 -999.9 -999.9 -999.9 -40.6 4.4 5.0 40.6 121.0 -999.9 -999.9 -999.9 -999.9 -999.9 CEMADEN_-_Santa_Tereza_-_G2-431725103A_(480_m) -999.9 -999.9 -999.9 -999.9 -999.9 -999.9 -999.9 -999.9 Rio_Grande_do_Sul CEMADEN -999.9 -0.4 -999.9
-29.14417 -51.70417 16936 2026-08-16_16:10 -999.9 -999.9 -999.9 -999.9 -999.9 -999.9 -999.9 -999.9 -999.9 -999.9 -999.9 -999.9 -999.9 -999.9 -999.9 -999.9 -999.9 -40.6 4.4 5.0 40.6 121.0 -999.9 -999.9 -999.9 -999.9 -999.9 CEMADEN_-_Santa_Tereza_-_G2-431725103A_(480_m) -999.9 -999.9 -999.9 -999.9 -999.9 -999.9 -999.9 -999.9 Rio_Grande_do_Sul CEMADEN -999.9 0.0 -999.9
-29.14417 -51.70417 16936 2026-08-16_17:10 -999.9 -999.9 -999.9 -999.9 -999.9 -999.9 -999.9 -999.9 -999.9 -999.9 -999.9 -999.9 -999.9 -999.9 -999.9 -999.9 -999.9 -40.6 4.4 5.0 40.6 121.0 -999.9 -999.9 -999.9 -999.9 -999.9 CEMADEN_-_Santa_Tereza_-_G2-431725103A_(480_m) -999.9 -999.9 -999.9 -999.9 -999.9 -999.9 -999.9 -999.9 Rio_Grande_do_Sul CEMADEN -999.9 0.0 -999.9
-29.14417 -51.70417 16936 2026-08-16_18:10 -999.9 -999.9 -999.9 -999.9 -999.9 -999.9 -999.9 -999.9 -999.9 -999.9 -999.9 -999.9 -999.9 -999.9 -999.9 -999.9 -999.9 -40.6 4.4 5.0 40.6 121.0 -999.9 -999.9 -999.9 -999.9 -999.9 CEMADEN_-_Santa_Tereza_-_G2-431725103A_(480_m) -999.9 -999.9 -999.9 -999.9 -999.9 -999.9 -999.9 -999.9 Rio_Grande_do_Sul CEMADEN -999.9 0.0 -999.9
-29.14417 -51.70417 16936 2026-08-16_19:10 -999.9 -999.9 -999.9 -999.9 -999.9 -999.9 -999.9 -999.9 -999.9 -999.9 -999.9 -999.9 -999.9 -999.9 -999.9 -999.9 -999.9 -40.6 4.4 5.0 40.6 121.0 -999.9 -999.9 -999.9 -999.9 -999.9 CEMADEN_-_Santa_Tereza_-_G2-431725103A_(480_m) -999.9 -999.9 -999.9 -999.9 -999.9 -999.9 -999.9 -999.9 Rio_Grande_do_Sul CEMADEN -999.9 0.0 -999.9
-29.14417 -51.70417 16936 2026-08-16_20:10 -999.9 -999.9 -999.9 -999.9 -999.9 -999.9 -999.9 -999.9 -999.9 -999.9 -999.9 -999.9 -999.9 -999.9 -999.9 -999.9 -999.9 -40.6 4.4 5.0 40.6 121.0 -999.9 -999.9 -999.9 -999.9 -999.9 CEMADEN_-_Santa_Tereza_-_G2-431725103A_(480_m) -999.9 -999.9 -999.9 -999.9 -999.9 -999.9 -999.9 -999.9 Rio_Grande_do_Sul CEMADEN -999.9 0.0 -999.9
-29.14417 -51.70417 16936 2026-08-16_21:10 -999.9 -999.9 -999.9 -999.9 -999.9 -999.9 -999.9 -999.9 -999.9 -999.9 -999.9 -999.9 -999.9 -999.9 -999.9 -999.9 -999.9 -40.6 4.4 5.0 40.6 121.0 -999.9 -999.9 -999.9 -999.9 -999.9 CEMADEN_-_Santa_Tereza_-_G2-431725103A_(480_m) -999.9 -999.9 -999.9 -999.9 -999.9 -999.9 -999.9 -999.9 Rio_Grande_do_Sul CEMADEN -999.9 0.0 -999.9
-29.14417 -51.70417 16936 2026-08-16_22:10 -999.9 -999.9 -999.9 -999.9 -999.9 -999.9 -999.9 -999.9 -999.9 -999.9 -999.9 -999.9 -999.9 -999.9 -999.9 -999.9 -999.9 -49.6 4.4 4.6 31.6 112.0 -999.9 -999.9 -999.9 -999.9 -999.9 CEMADEN_-_Santa_Tereza_-_G2-431725103A_(480_m) -999.9 -999.9 -999.9 -999.9 -999.9 -999.9 -999.9 -999.9 Rio_Grande_do_Sul CEMADEN -999.9 -9.0 -999.9
-29.14417 -51.70417 16936 2026-08-16_23:10 -999.9 -999.9 -999.9 -999.9 -999.9 -999.9 -999.9 -999.9 -999.9 -999.9 -999.9 -999.9 -999.9 -999.9 -999.9 -999.9 -999.9 -51.4 4.4 4.6 29.8 110.2 -999.9 -999.9 -999.9 -999.9 -999.9 CEMADEN_-_Santa_Tereza_-_G2-431725103A_(480_m) -999.9 -999.9 -999.9 -999.9 -999.9 -999.9 -999.9 -999.9 Rio_Grande_do_Sul CEMADEN -999.9 -1.8 -999.9
