-28.84888 -51.8325 86500000 2026-09-09_00:00 -999.9 -999.9 -999.9 -999.9 -999.9 -999.9 -999.9 -999.9 -999.9 -999.9 -999.9 -999.9 -999.9 -999.9 -999.9 -999.9 0.0 0.0 0.0 0.0 0.0 0.0 -999.9 -999.9 -999.9 -999.9 -999.9 SGB/CPRM_-_Passo_Carreiro_(259_m) -999.9 -999.9 -999.9 -999.9 -999.9 -999.9 -999.9 -999.9 Brasil SGB/CPRM -999.9 0.0 0.0 1.7 1.7 1.7 1 0.01 1.71 1.75 1.75 2.21
-28.84888 -51.8325 86500000 2026-09-09_00:15 -999.9 -999.9 -999.9 -999.9 -999.9 -999.9 -999.9 -999.9 -999.9 -999.9 -999.9 -999.9 -999.9 -999.9 -999.9 -999.9 0.0 0.0 0.0 0.0 0.0 0.0 -999.9 -999.9 -999.9 -999.9 -999.9 SGB/CPRM_-_Passo_Carreiro_(259_m) -999.9 -999.9 -999.9 -999.9 -999.9 -999.9 -999.9 -999.9 Brasil SGB/CPRM -999.9 0.0 0.0 1.69 1.7 1.69 0 0 1.71 1.75 1.75 2.21
-28.84888 -51.8325 86500000 2026-09-09_00:30 -999.9 -999.9 -999.9 -999.9 -999.9 -999.9 -999.9 -999.9 -999.9 -999.9 -999.9 -999.9 -999.9 -999.9 -999.9 -999.9 0.0 0.0 0.0 0.0 0.0 0.0 -999.9 -999.9 -999.9 -999.9 -999.9 SGB/CPRM_-_Passo_Carreiro_(259_m) -999.9 -999.9 -999.9 -999.9 -999.9 -999.9 -999.9 -999.9 Brasil SGB/CPRM -999.9 0.0 0.0 1.69 1.7 1.69 0 -0.01 1.71 1.75 1.75 2.21
-28.84888 -51.8325 86500000 2026-09-09_00:45 -999.9 -999.9 -999.9 -999.9 -999.9 -999.9 -999.9 -999.9 -999.9 -999.9 -999.9 -999.9 -999.9 -999.9 -999.9 -999.9 0.0 0.0 0.0 0.0 0.0 0.0 -999.9 -999.9 -999.9 -999.9 -999.9 SGB/CPRM_-_Passo_Carreiro_(259_m) -999.9 -999.9 -999.9 -999.9 -999.9 -999.9 -999.9 -999.9 Brasil SGB/CPRM -999.9 0.0 0.0 1.69 1.7 1.69 -1 -0.01 1.71 1.75 1.75 2.21
-28.84888 -51.8325 86500000 2026-09-09_01:00 -999.9 -999.9 -999.9 -999.9 -999.9 -999.9 -999.9 -999.9 -999.9 -999.9 -999.9 -999.9 -999.9 -999.9 -999.9 -999.9 0.0 0.0 0.0 0.0 0.0 0.0 -999.9 -999.9 -999.9 -999.9 -999.9 SGB/CPRM_-_Passo_Carreiro_(259_m) -999.9 -999.9 -999.9 -999.9 -999.9 -999.9 -999.9 -999.9 Brasil SGB/CPRM -999.9 0.0 0.0 1.69 1.7 1.69 -1 -0.01 1.71 1.75 1.75 2.21
-28.84888 -51.8325 86500000 2026-09-09_01:15 -999.9 -999.9 -999.9 -999.9 -999.9 -999.9 -999.9 -999.9 -999.9 -999.9 -999.9 -999.9 -999.9 -999.9 -999.9 -999.9 0.0 0.0 0.0 0.0 0.0 0.0 -999.9 -999.9 -999.9 -999.9 -999.9 SGB/CPRM_-_Passo_Carreiro_(259_m) -999.9 -999.9 -999.9 -999.9 -999.9 -999.9 -999.9 -999.9 Brasil SGB/CPRM -999.9 0.0 0.0 1.69 1.7 1.69 0 0 1.71 1.75 1.75 2.21
-28.84888 -51.8325 86500000 2026-09-09_01:30 -999.9 -999.9 -999.9 -999.9 -999.9 -999.9 -999.9 -999.9 -999.9 -999.9 -999.9 -999.9 -999.9 -999.9 -999.9 -999.9 0.0 0.0 0.0 0.0 0.0 0.0 -999.9 -999.9 -999.9 -999.9 -999.9 SGB/CPRM_-_Passo_Carreiro_(259_m) -999.9 -999.9 -999.9 -999.9 -999.9 -999.9 -999.9 -999.9 Brasil SGB/CPRM -999.9 0.0 0.0 1.69 1.7 1.69 0 0 1.71 1.75 1.75 2.21
-28.84888 -51.8325 86500000 2026-09-09_01:45 -999.9 -999.9 -999.9 -999.9 -999.9 -999.9 -999.9 -999.9 -999.9 -999.9 -999.9 -999.9 -999.9 -999.9 -999.9 -999.9 0.0 0.0 0.0 0.0 0.0 0.0 -999.9 -999.9 -999.9 -999.9 -999.9 SGB/CPRM_-_Passo_Carreiro_(259_m) -999.9 -999.9 -999.9 -999.9 -999.9 -999.9 -999.9 -999.9 Brasil SGB/CPRM -999.9 0.0 0.0 1.69 1.7 1.69 0 0 1.71 1.75 1.75 2.21
-28.84888 -51.8325 86500000 2026-09-09_02:00 -999.9 -999.9 -999.9 -999.9 -999.9 -999.9 -999.9 -999.9 -999.9 -999.9 -999.9 -999.9 -999.9 -999.9 -999.9 -999.9 0.0 0.0 0.0 0.0 0.0 0.0 -999.9 -999.9 -999.9 -999.9 -999.9 SGB/CPRM_-_Passo_Carreiro_(259_m) -999.9 -999.9 -999.9 -999.9 -999.9 -999.9 -999.9 -999.9 Brasil SGB/CPRM -999.9 0.0 0.0 1.64 1.7 1.64 -1 -0.05 1.71 1.75 1.75 2.21
-28.84888 -51.8325 86500000 2026-09-09_02:15 -999.9 -999.9 -999.9 -999.9 -999.9 -999.9 -999.9 -999.9 -999.9 -999.9 -999.9 -999.9 -999.9 -999.9 -999.9 -999.9 0.0 0.0 0.0 0.0 0.0 0.0 -999.9 -999.9 -999.9 -999.9 -999.9 SGB/CPRM_-_Passo_Carreiro_(259_m) -999.9 -999.9 -999.9 -999.9 -999.9 -999.9 -999.9 -999.9 Brasil SGB/CPRM -999.9 0.0 0.0 1.5 1.7 1.5 -1 -0.19 1.71 1.75 1.75 2.21
-28.84888 -51.8325 86500000 2026-09-09_02:30 -999.9 -999.9 -999.9 -999.9 -999.9 -999.9 -999.9 -999.9 -999.9 -999.9 -999.9 -999.9 -999.9 -999.9 -999.9 -999.9 0.0 0.0 0.0 0.0 0.0 0.0 -999.9 -999.9 -999.9 -999.9 -999.9 SGB/CPRM_-_Passo_Carreiro_(259_m) -999.9 -999.9 -999.9 -999.9 -999.9 -999.9 -999.9 -999.9 Brasil SGB/CPRM -999.9 0.0 0.0 1.41 1.7 1.41 -1 -0.28 1.71 1.75 1.75 2.21
-28.84888 -51.8325 86500000 2026-09-09_02:45 -999.9 -999.9 -999.9 -999.9 -999.9 -999.9 -999.9 -999.9 -999.9 -999.9 -999.9 -999.9 -999.9 -999.9 -999.9 -999.9 0.0 0.0 0.0 0.0 0.0 0.0 -999.9 -999.9 -999.9 -999.9 -999.9 SGB/CPRM_-_Passo_Carreiro_(259_m) -999.9 -999.9 -999.9 -999.9 -999.9 -999.9 -999.9 -999.9 Brasil SGB/CPRM -999.9 0.0 0.0 1.37 1.7 1.37 -1 -0.32 1.71 1.75 1.75 2.21
-28.84888 -51.8325 86500000 2026-09-09_03:00 -999.9 -999.9 -999.9 -999.9 -999.9 -999.9 -999.9 -999.9 -999.9 -999.9 -999.9 -999.9 -999.9 -999.9 -999.9 -999.9 0.0 0.0 0.0 0.0 0.0 0.0 -999.9 -999.9 -999.9 -999.9 -999.9 SGB/CPRM_-_Passo_Carreiro_(259_m) -999.9 -999.9 -999.9 -999.9 -999.9 -999.9 -999.9 -999.9 Brasil SGB/CPRM -999.9 0.0 0.0 1.35 1.7 1.35 -1 -0.29 1.71 1.75 1.75 2.21
-28.84888 -51.8325 86500000 2026-09-09_03:15 -999.9 -999.9 -999.9 -999.9 -999.9 -999.9 -999.9 -999.9 -999.9 -999.9 -999.9 -999.9 -999.9 -999.9 -999.9 -999.9 0.0 0.0 0.0 0.0 0.0 0.0 -999.9 -999.9 -999.9 -999.9 -999.9 SGB/CPRM_-_Passo_Carreiro_(259_m) -999.9 -999.9 -999.9 -999.9 -999.9 -999.9 -999.9 -999.9 Brasil SGB/CPRM -999.9 0.0 0.0 1.34 1.7 1.34 -1 -0.16 1.71 1.75 1.75 2.21
-28.84888 -51.8325 86500000 2026-09-09_03:30 -999.9 -999.9 -999.9 -999.9 -999.9 -999.9 -999.9 -999.9 -999.9 -999.9 -999.9 -999.9 -999.9 -999.9 -999.9 -999.9 0.0 0.0 0.0 0.0 0.0 0.0 -999.9 -999.9 -999.9 -999.9 -999.9 SGB/CPRM_-_Passo_Carreiro_(259_m) -999.9 -999.9 -999.9 -999.9 -999.9 -999.9 -999.9 -999.9 Brasil SGB/CPRM -999.9 0.0 0.0 1.34 1.7 1.34 -1 -0.07 1.71 1.75 1.75 2.21
-28.84888 -51.8325 86500000 2026-09-09_03:45 -999.9 -999.9 -999.9 -999.9 -999.9 -999.9 -999.9 -999.9 -999.9 -999.9 -999.9 -999.9 -999.9 -999.9 -999.9 -999.9 0.0 0.0 0.0 0.0 0.0 0.0 -999.9 -999.9 -999.9 -999.9 -999.9 SGB/CPRM_-_Passo_Carreiro_(259_m) -999.9 -999.9 -999.9 -999.9 -999.9 -999.9 -999.9 -999.9 Brasil SGB/CPRM -999.9 0.0 0.0 1.33 1.7 1.33 -1 -0.04 1.71 1.75 1.75 2.21
-28.84888 -51.8325 86500000 2026-09-09_04:00 -999.9 -999.9 -999.9 -999.9 -999.9 -999.9 -999.9 -999.9 -999.9 -999.9 -999.9 -999.9 -999.9 -999.9 -999.9 -999.9 0.0 0.0 0.0 0.0 0.0 0.0 -999.9 -999.9 -999.9 -999.9 -999.9 SGB/CPRM_-_Passo_Carreiro_(259_m) -999.9 -999.9 -999.9 -999.9 -999.9 -999.9 -999.9 -999.9 Brasil SGB/CPRM -999.9 0.0 0.0 1.33 1.7 1.33 -1 -0.02 1.71 1.75 1.75 2.21
-28.84888 -51.8325 86500000 2026-09-09_04:15 -999.9 -999.9 -999.9 -999.9 -999.9 -999.9 -999.9 -999.9 -999.9 -999.9 -999.9 -999.9 -999.9 -999.9 -999.9 -999.9 0.0 0.0 0.0 0.0 0.0 0.0 -999.9 -999.9 -999.9 -999.9 -999.9 SGB/CPRM_-_Passo_Carreiro_(259_m) -999.9 -999.9 -999.9 -999.9 -999.9 -999.9 -999.9 -999.9 Brasil SGB/CPRM -999.9 0.0 0.0 1.33 1.7 1.33 -1 -0.01 1.71 1.75 1.75 2.21
-28.84888 -51.8325 86500000 2026-09-09_04:30 -999.9 -999.9 -999.9 -999.9 -999.9 -999.9 -999.9 -999.9 -999.9 -999.9 -999.9 -999.9 -999.9 -999.9 -999.9 -999.9 0.0 0.0 0.0 0.0 0.0 0.0 -999.9 -999.9 -999.9 -999.9 -999.9 SGB/CPRM_-_Passo_Carreiro_(259_m) -999.9 -999.9 -999.9 -999.9 -999.9 -999.9 -999.9 -999.9 Brasil SGB/CPRM -999.9 0.0 0.0 1.34 1.7 1.33 0 0 1.71 1.75 1.75 2.21
-28.84888 -51.8325 86500000 2026-09-09_04:45 -999.9 -999.9 -999.9 -999.9 -999.9 -999.9 -999.9 -999.9 -999.9 -999.9 -999.9 -999.9 -999.9 -999.9 -999.9 -999.9 0.0 0.0 0.0 0.0 0.0 0.0 -999.9 -999.9 -999.9 -999.9 -999.9 SGB/CPRM_-_Passo_Carreiro_(259_m) -999.9 -999.9 -999.9 -999.9 -999.9 -999.9 -999.9 -999.9 Brasil SGB/CPRM -999.9 0.0 0.0 1.34 1.7 1.33 0 0.01 1.71 1.75 1.75 2.21
-28.84888 -51.8325 86500000 2026-09-09_05:00 -999.9 -999.9 -999.9 -999.9 -999.9 -999.9 -999.9 -999.9 -999.9 -999.9 -999.9 -999.9 -999.9 -999.9 -999.9 -999.9 0.0 0.0 0.0 0.0 0.0 0.0 -999.9 -999.9 -999.9 -999.9 -999.9 SGB/CPRM_-_Passo_Carreiro_(259_m) -999.9 -999.9 -999.9 -999.9 -999.9 -999.9 -999.9 -999.9 Brasil SGB/CPRM -999.9 0.0 0.0 1.34 1.7 1.33 1 0.01 1.71 1.75 1.75 2.21
-28.84888 -51.8325 86500000 2026-09-09_05:15 -999.9 -999.9 -999.9 -999.9 -999.9 -999.9 -999.9 -999.9 -999.9 -999.9 -999.9 -999.9 -999.9 -999.9 -999.9 -999.9 0.0 0.0 0.0 0.0 0.0 0.0 -999.9 -999.9 -999.9 -999.9 -999.9 SGB/CPRM_-_Passo_Carreiro_(259_m) -999.9 -999.9 -999.9 -999.9 -999.9 -999.9 -999.9 -999.9 Brasil SGB/CPRM -999.9 0.0 0.0 1.33 1.7 1.33 0 0 1.71 1.75 1.75 2.21
-28.84888 -51.8325 86500000 2026-09-09_05:30 -999.9 -999.9 -999.9 -999.9 -999.9 -999.9 -999.9 -999.9 -999.9 -999.9 -999.9 -999.9 -999.9 -999.9 -999.9 -999.9 0.0 0.0 0.0 0.0 0.0 0.0 -999.9 -999.9 -999.9 -999.9 -999.9 SGB/CPRM_-_Passo_Carreiro_(259_m) -999.9 -999.9 -999.9 -999.9 -999.9 -999.9 -999.9 -999.9 Brasil SGB/CPRM -999.9 0.0 0.0 1.34 1.7 1.33 0 0 1.71 1.75 1.75 2.21
-28.84888 -51.8325 86500000 2026-09-09_05:45 -999.9 -999.9 -999.9 -999.9 -999.9 -999.9 -999.9 -999.9 -999.9 -999.9 -999.9 -999.9 -999.9 -999.9 -999.9 -999.9 0.0 0.0 0.0 0.0 0.0 0.0 -999.9 -999.9 -999.9 -999.9 -999.9 SGB/CPRM_-_Passo_Carreiro_(259_m) -999.9 -999.9 -999.9 -999.9 -999.9 -999.9 -999.9 -999.9 Brasil SGB/CPRM -999.9 0.0 0.0 1.34 1.7 1.33 0 0 1.71 1.75 1.75 2.21
-28.84888 -51.8325 86500000 2026-09-09_06:00 -999.9 -999.9 -999.9 -999.9 -999.9 -999.9 -999.9 -999.9 -999.9 -999.9 -999.9 -999.9 -999.9 -999.9 -999.9 -999.9 0.0 0.0 0.0 0.0 0.0 0.0 -999.9 -999.9 -999.9 -999.9 -999.9 SGB/CPRM_-_Passo_Carreiro_(259_m) -999.9 -999.9 -999.9 -999.9 -999.9 -999.9 -999.9 -999.9 Brasil SGB/CPRM -999.9 0.0 0.0 1.34 1.7 1.33 0 0 1.71 1.75 1.75 2.21
-28.84888 -51.8325 86500000 2026-09-09_06:15 -999.9 -999.9 -999.9 -999.9 -999.9 -999.9 -999.9 -999.9 -999.9 -999.9 -999.9 -999.9 -999.9 -999.9 -999.9 -999.9 0.0 0.0 0.0 0.0 0.0 0.0 -999.9 -999.9 -999.9 -999.9 -999.9 SGB/CPRM_-_Passo_Carreiro_(259_m) -999.9 -999.9 -999.9 -999.9 -999.9 -999.9 -999.9 -999.9 Brasil SGB/CPRM -999.9 0.0 0.0 1.34 1.7 1.33 1 0.01 1.71 1.75 1.75 2.21
-28.84888 -51.8325 86500000 2026-09-09_06:30 -999.9 -999.9 -999.9 -999.9 -999.9 -999.9 -999.9 -999.9 -999.9 -999.9 -999.9 -999.9 -999.9 -999.9 -999.9 -999.9 0.0 0.0 0.0 0.0 0.0 0.0 -999.9 -999.9 -999.9 -999.9 -999.9 SGB/CPRM_-_Passo_Carreiro_(259_m) -999.9 -999.9 -999.9 -999.9 -999.9 -999.9 -999.9 -999.9 Brasil SGB/CPRM -999.9 0.0 0.0 1.34 1.7 1.33 0 0 1.71 1.75 1.75 2.21
-28.84888 -51.8325 86500000 2026-09-09_06:45 -999.9 -999.9 -999.9 -999.9 -999.9 -999.9 -999.9 -999.9 -999.9 -999.9 -999.9 -999.9 -999.9 -999.9 -999.9 -999.9 0.0 0.0 0.0 0.0 0.0 0.0 -999.9 -999.9 -999.9 -999.9 -999.9 SGB/CPRM_-_Passo_Carreiro_(259_m) -999.9 -999.9 -999.9 -999.9 -999.9 -999.9 -999.9 -999.9 Brasil SGB/CPRM -999.9 0.0 0.0 1.32 1.7 1.32 0 -0.02 1.71 1.75 1.75 2.21
-28.84888 -51.8325 86500000 2026-09-09_07:00 -999.9 -999.9 -999.9 -999.9 -999.9 -999.9 -999.9 -999.9 -999.9 -999.9 -999.9 -999.9 -999.9 -999.9 -999.9 -999.9 0.0 0.0 0.0 0.0 0.0 0.0 -999.9 -999.9 -999.9 -999.9 -999.9 SGB/CPRM_-_Passo_Carreiro_(259_m) -999.9 -999.9 -999.9 -999.9 -999.9 -999.9 -999.9 -999.9 Brasil SGB/CPRM -999.9 0.0 0.0 1.19 1.7 1.19 -1 -0.15 1.71 1.75 1.75 2.21
-28.84888 -51.8325 86500000 2026-09-09_07:15 -999.9 -999.9 -999.9 -999.9 -999.9 -999.9 -999.9 -999.9 -999.9 -999.9 -999.9 -999.9 -999.9 -999.9 -999.9 -999.9 0.0 0.0 0.0 0.0 0.0 0.0 -999.9 -999.9 -999.9 -999.9 -999.9 SGB/CPRM_-_Passo_Carreiro_(259_m) -999.9 -999.9 -999.9 -999.9 -999.9 -999.9 -999.9 -999.9 Brasil SGB/CPRM -999.9 0.0 0.0 1.06 1.7 1.06 -1 -0.28 1.71 1.75 1.75 2.21
-28.84888 -51.8325 86500000 2026-09-09_07:30 -999.9 -999.9 -999.9 -999.9 -999.9 -999.9 -999.9 -999.9 -999.9 -999.9 -999.9 -999.9 -999.9 -999.9 -999.9 -999.9 0.0 0.0 0.0 0.0 0.0 0.0 -999.9 -999.9 -999.9 -999.9 -999.9 SGB/CPRM_-_Passo_Carreiro_(259_m) -999.9 -999.9 -999.9 -999.9 -999.9 -999.9 -999.9 -999.9 Brasil SGB/CPRM -999.9 0.0 0.0 0.96 1.7 0.96 -1 -0.38 1.71 1.75 1.75 2.21
-28.84888 -51.8325 86500000 2026-09-09_07:45 -999.9 -999.9 -999.9 -999.9 -999.9 -999.9 -999.9 -999.9 -999.9 -999.9 -999.9 -999.9 -999.9 -999.9 -999.9 -999.9 0.0 0.0 0.0 0.0 0.0 0.0 -999.9 -999.9 -999.9 -999.9 -999.9 SGB/CPRM_-_Passo_Carreiro_(259_m) -999.9 -999.9 -999.9 -999.9 -999.9 -999.9 -999.9 -999.9 Brasil SGB/CPRM -999.9 0.0 0.0 0.89 1.7 0.89 -1 -0.43 1.71 1.75 1.75 2.21
-28.84888 -51.8325 86500000 2026-09-09_08:00 -999.9 -999.9 -999.9 -999.9 -999.9 -999.9 -999.9 -999.9 -999.9 -999.9 -999.9 -999.9 -999.9 -999.9 -999.9 -999.9 0.0 0.0 0.0 0.0 0.0 0.0 -999.9 -999.9 -999.9 -999.9 -999.9 SGB/CPRM_-_Passo_Carreiro_(259_m) -999.9 -999.9 -999.9 -999.9 -999.9 -999.9 -999.9 -999.9 Brasil SGB/CPRM -999.9 0.0 0.0 0.84 1.7 0.84 -1 -0.35 1.71 1.75 1.75 2.21
-28.84888 -51.8325 86500000 2026-09-09_08:15 -999.9 -999.9 -999.9 -999.9 -999.9 -999.9 -999.9 -999.9 -999.9 -999.9 -999.9 -999.9 -999.9 -999.9 -999.9 -999.9 0.0 0.0 0.0 0.0 0.0 0.0 -999.9 -999.9 -999.9 -999.9 -999.9 SGB/CPRM_-_Passo_Carreiro_(259_m) -999.9 -999.9 -999.9 -999.9 -999.9 -999.9 -999.9 -999.9 Brasil SGB/CPRM -999.9 0.0 0.0 0.8 1.7 0.8 -1 -0.26 1.71 1.75 1.75 2.21
-28.84888 -51.8325 86500000 2026-09-09_08:30 -999.9 -999.9 -999.9 -999.9 -999.9 -999.9 -999.9 -999.9 -999.9 -999.9 -999.9 -999.9 -999.9 -999.9 -999.9 -999.9 0.0 0.0 0.0 0.0 0.0 0.0 -999.9 -999.9 -999.9 -999.9 -999.9 SGB/CPRM_-_Passo_Carreiro_(259_m) -999.9 -999.9 -999.9 -999.9 -999.9 -999.9 -999.9 -999.9 Brasil SGB/CPRM -999.9 0.0 0.0 0.77 1.7 0.77 -1 -0.19 1.71 1.75 1.75 2.21
-28.84888 -51.8325 86500000 2026-09-09_08:45 -999.9 -999.9 -999.9 -999.9 -999.9 -999.9 -999.9 -999.9 -999.9 -999.9 -999.9 -999.9 -999.9 -999.9 -999.9 -999.9 0.0 0.0 0.0 0.0 0.0 0.0 -999.9 -999.9 -999.9 -999.9 -999.9 SGB/CPRM_-_Passo_Carreiro_(259_m) -999.9 -999.9 -999.9 -999.9 -999.9 -999.9 -999.9 -999.9 Brasil SGB/CPRM -999.9 0.0 0.0 0.75 1.7 0.75 -1 -0.14 1.71 1.75 1.75 2.21
-28.84888 -51.8325 86500000 2026-09-09_09:00 -999.9 -999.9 -999.9 -999.9 -999.9 -999.9 -999.9 -999.9 -999.9 -999.9 -999.9 -999.9 -999.9 -999.9 -999.9 -999.9 0.0 0.0 0.0 0.0 0.0 0.0 -999.9 -999.9 -999.9 -999.9 -999.9 SGB/CPRM_-_Passo_Carreiro_(259_m) -999.9 -999.9 -999.9 -999.9 -999.9 -999.9 -999.9 -999.9 Brasil SGB/CPRM -999.9 0.0 0.0 0.74 1.7 0.74 -1 -0.1 1.71 1.75 1.75 2.21
-28.84888 -51.8325 86500000 2026-09-09_09:15 -999.9 -999.9 -999.9 -999.9 -999.9 -999.9 -999.9 -999.9 -999.9 -999.9 -999.9 -999.9 -999.9 -999.9 -999.9 -999.9 0.0 0.0 0.0 0.0 0.0 0.0 -999.9 -999.9 -999.9 -999.9 -999.9 SGB/CPRM_-_Passo_Carreiro_(259_m) -999.9 -999.9 -999.9 -999.9 -999.9 -999.9 -999.9 -999.9 Brasil SGB/CPRM -999.9 0.0 0.0 0.73 1.7 0.73 -1 -0.07 1.71 1.75 1.75 2.21
-28.84888 -51.8325 86500000 2026-09-09_09:30 -999.9 -999.9 -999.9 -999.9 -999.9 -999.9 -999.9 -999.9 -999.9 -999.9 -999.9 -999.9 -999.9 -999.9 -999.9 -999.9 0.0 0.0 0.0 0.0 0.0 0.0 -999.9 -999.9 -999.9 -999.9 -999.9 SGB/CPRM_-_Passo_Carreiro_(259_m) -999.9 -999.9 -999.9 -999.9 -999.9 -999.9 -999.9 -999.9 Brasil SGB/CPRM -999.9 0.0 0.0 0.72 1.7 0.72 -1 -0.05 1.71 1.75 1.75 2.21
-28.84888 -51.8325 86500000 2026-09-09_09:45 -999.9 -999.9 -999.9 -999.9 -999.9 -999.9 -999.9 -999.9 -999.9 -999.9 -999.9 -999.9 -999.9 -999.9 -999.9 -999.9 0.0 0.0 0.0 0.0 0.0 0.0 -999.9 -999.9 -999.9 -999.9 -999.9 SGB/CPRM_-_Passo_Carreiro_(259_m) -999.9 -999.9 -999.9 -999.9 -999.9 -999.9 -999.9 -999.9 Brasil SGB/CPRM -999.9 0.0 0.0 0.72 1.7 0.72 -1 -0.03 1.71 1.75 1.75 2.21
-28.84888 -51.8325 86500000 2026-09-09_10:00 -999.9 -999.9 -999.9 -999.9 -999.9 -999.9 -999.9 -999.9 -999.9 -999.9 -999.9 -999.9 -999.9 -999.9 -999.9 -999.9 0.0 0.0 0.0 0.0 0.0 0.0 -999.9 -999.9 -999.9 -999.9 -999.9 SGB/CPRM_-_Passo_Carreiro_(259_m) -999.9 -999.9 -999.9 -999.9 -999.9 -999.9 -999.9 -999.9 Brasil SGB/CPRM -999.9 0.0 0.0 0.71 1.7 0.71 -1 -0.03 1.71 1.75 1.75 2.21
-28.84888 -51.8325 86500000 2026-09-09_10:15 -999.9 -999.9 -999.9 -999.9 -999.9 -999.9 -999.9 -999.9 -999.9 -999.9 -999.9 -999.9 -999.9 -999.9 -999.9 -999.9 0.0 0.0 0.0 0.0 0.0 0.0 -999.9 -999.9 -999.9 -999.9 -999.9 SGB/CPRM_-_Passo_Carreiro_(259_m) -999.9 -999.9 -999.9 -999.9 -999.9 -999.9 -999.9 -999.9 Brasil SGB/CPRM -999.9 0.0 0.0 0.71 1.7 0.71 -1 -0.02 1.71 1.75 1.75 2.21
-28.84888 -51.8325 86500000 2026-09-09_10:30 -999.9 -999.9 -999.9 -999.9 -999.9 -999.9 -999.9 -999.9 -999.9 -999.9 -999.9 -999.9 -999.9 -999.9 -999.9 -999.9 0.0 0.0 0.0 0.0 0.0 0.0 -999.9 -999.9 -999.9 -999.9 -999.9 SGB/CPRM_-_Passo_Carreiro_(259_m) -999.9 -999.9 -999.9 -999.9 -999.9 -999.9 -999.9 -999.9 Brasil SGB/CPRM -999.9 0.0 0.0 0.71 1.7 0.71 -1 -0.01 1.71 1.75 1.75 2.21
-28.84888 -51.8325 86500000 2026-09-09_10:45 -999.9 -999.9 -999.9 -999.9 -999.9 -999.9 -999.9 -999.9 -999.9 -999.9 -999.9 -999.9 -999.9 -999.9 -999.9 -999.9 0.0 0.0 0.0 0.0 0.0 0.0 -999.9 -999.9 -999.9 -999.9 -999.9 SGB/CPRM_-_Passo_Carreiro_(259_m) -999.9 -999.9 -999.9 -999.9 -999.9 -999.9 -999.9 -999.9 Brasil SGB/CPRM -999.9 0.0 0.0 0.71 1.7 0.71 -1 -0.01 1.71 1.75 1.75 2.21
-28.84888 -51.8325 86500000 2026-09-09_11:00 -999.9 -999.9 -999.9 -999.9 -999.9 -999.9 -999.9 -999.9 -999.9 -999.9 -999.9 -999.9 -999.9 -999.9 -999.9 -999.9 0.0 0.0 0.0 0.0 0.0 0.0 -999.9 -999.9 -999.9 -999.9 -999.9 SGB/CPRM_-_Passo_Carreiro_(259_m) -999.9 -999.9 -999.9 -999.9 -999.9 -999.9 -999.9 -999.9 Brasil SGB/CPRM -999.9 0.0 0.0 0.71 1.7 0.71 0 0 1.71 1.75 1.75 2.21
-28.84888 -51.8325 86500000 2026-09-09_11:15 -999.9 -999.9 -999.9 -999.9 -999.9 -999.9 -999.9 -999.9 -999.9 -999.9 -999.9 -999.9 -999.9 -999.9 -999.9 -999.9 0.0 0.0 0.0 0.0 0.0 0.0 -999.9 -999.9 -999.9 -999.9 -999.9 SGB/CPRM_-_Passo_Carreiro_(259_m) -999.9 -999.9 -999.9 -999.9 -999.9 -999.9 -999.9 -999.9 Brasil SGB/CPRM -999.9 0.0 0.0 0.71 1.7 0.71 0 0 1.71 1.75 1.75 2.21
-28.84888 -51.8325 86500000 2026-09-09_11:30 -999.9 -999.9 -999.9 -999.9 -999.9 -999.9 -999.9 -999.9 -999.9 -999.9 -999.9 -999.9 -999.9 -999.9 -999.9 -999.9 0.0 0.0 0.0 0.0 0.0 0.0 -999.9 -999.9 -999.9 -999.9 -999.9 SGB/CPRM_-_Passo_Carreiro_(259_m) -999.9 -999.9 -999.9 -999.9 -999.9 -999.9 -999.9 -999.9 Brasil SGB/CPRM -999.9 0.0 0.0 0.71 1.7 0.71 0 0 1.71 1.75 1.75 2.21
-28.84888 -51.8325 86500000 2026-09-09_11:45 -999.9 -999.9 -999.9 -999.9 -999.9 -999.9 -999.9 -999.9 -999.9 -999.9 -999.9 -999.9 -999.9 -999.9 -999.9 -999.9 0.0 0.0 0.0 0.0 0.0 0.0 -999.9 -999.9 -999.9 -999.9 -999.9 SGB/CPRM_-_Passo_Carreiro_(259_m) -999.9 -999.9 -999.9 -999.9 -999.9 -999.9 -999.9 -999.9 Brasil SGB/CPRM -999.9 0.0 0.0 0.7 1.7 0.7 0 -0.01 1.71 1.75 1.75 2.21
-28.84888 -51.8325 86500000 2026-09-09_12:00 -999.9 -999.9 -999.9 -999.9 -999.9 -999.9 -999.9 -999.9 -999.9 -999.9 -999.9 -999.9 -999.9 -999.9 -999.9 -999.9 0.0 0.0 0.0 0.0 0.0 0.0 -999.9 -999.9 -999.9 -999.9 -999.9 SGB/CPRM_-_Passo_Carreiro_(259_m) -999.9 -999.9 -999.9 -999.9 -999.9 -999.9 -999.9 -999.9 Brasil SGB/CPRM -999.9 0.0 0.0 0.71 1.7 0.7 0 0 1.71 1.75 1.75 2.21
-28.84888 -51.8325 86500000 2026-09-09_12:15 -999.9 -999.9 -999.9 -999.9 -999.9 -999.9 -999.9 -999.9 -999.9 -999.9 -999.9 -999.9 -999.9 -999.9 -999.9 -999.9 0.0 0.0 0.0 0.0 0.0 0.0 -999.9 -999.9 -999.9 -999.9 -999.9 SGB/CPRM_-_Passo_Carreiro_(259_m) -999.9 -999.9 -999.9 -999.9 -999.9 -999.9 -999.9 -999.9 Brasil SGB/CPRM -999.9 0.0 0.0 0.71 1.7 0.7 0 0 1.71 1.75 1.75 2.21
-28.84888 -51.8325 86500000 2026-09-09_12:30 -999.9 -999.9 -999.9 -999.9 -999.9 -999.9 -999.9 -999.9 -999.9 -999.9 -999.9 -999.9 -999.9 -999.9 -999.9 -999.9 0.0 0.0 0.0 0.0 0.0 0.0 -999.9 -999.9 -999.9 -999.9 -999.9 SGB/CPRM_-_Passo_Carreiro_(259_m) -999.9 -999.9 -999.9 -999.9 -999.9 -999.9 -999.9 -999.9 Brasil SGB/CPRM -999.9 0.0 0.0 0.71 1.7 0.7 0 0 1.71 1.75 1.75 2.21
-28.84888 -51.8325 86500000 2026-09-09_12:45 -999.9 -999.9 -999.9 -999.9 -999.9 -999.9 -999.9 -999.9 -999.9 -999.9 -999.9 -999.9 -999.9 -999.9 -999.9 -999.9 0.0 0.0 0.0 0.0 0.0 0.0 -999.9 -999.9 -999.9 -999.9 -999.9 SGB/CPRM_-_Passo_Carreiro_(259_m) -999.9 -999.9 -999.9 -999.9 -999.9 -999.9 -999.9 -999.9 Brasil SGB/CPRM -999.9 0.0 0.0 0.71 1.7 0.7 1 0.01 1.71 1.75 1.75 2.21
-28.84888 -51.8325 86500000 2026-09-09_13:00 -999.9 -999.9 -999.9 -999.9 -999.9 -999.9 -999.9 -999.9 -999.9 -999.9 -999.9 -999.9 -999.9 -999.9 -999.9 -999.9 0.0 0.0 0.0 0.0 0.0 0.0 -999.9 -999.9 -999.9 -999.9 -999.9 SGB/CPRM_-_Passo_Carreiro_(259_m) -999.9 -999.9 -999.9 -999.9 -999.9 -999.9 -999.9 -999.9 Brasil SGB/CPRM -999.9 0.0 0.0 0.81 1.7 0.7 1 0.1 1.71 1.75 1.75 2.21
-28.84888 -51.8325 86500000 2026-09-09_13:15 -999.9 -999.9 -999.9 -999.9 -999.9 -999.9 -999.9 -999.9 -999.9 -999.9 -999.9 -999.9 -999.9 -999.9 -999.9 -999.9 0.0 0.0 0.0 0.0 0.0 0.0 -999.9 -999.9 -999.9 -999.9 -999.9 SGB/CPRM_-_Passo_Carreiro_(259_m) -999.9 -999.9 -999.9 -999.9 -999.9 -999.9 -999.9 -999.9 Brasil SGB/CPRM -999.9 0.0 0.0 1.07 1.7 0.7 1 0.36 1.71 1.75 1.75 2.21
-28.84888 -51.8325 86500000 2026-09-09_13:30 -999.9 -999.9 -999.9 -999.9 -999.9 -999.9 -999.9 -999.9 -999.9 -999.9 -999.9 -999.9 -999.9 -999.9 -999.9 -999.9 0.0 0.0 0.0 0.0 0.0 0.0 -999.9 -999.9 -999.9 -999.9 -999.9 SGB/CPRM_-_Passo_Carreiro_(259_m) -999.9 -999.9 -999.9 -999.9 -999.9 -999.9 -999.9 -999.9 Brasil SGB/CPRM -999.9 0.0 0.0 1.23 1.7 0.7 1 0.52 1.71 1.75 1.75 2.21
-28.84888 -51.8325 86500000 2026-09-09_13:45 -999.9 -999.9 -999.9 -999.9 -999.9 -999.9 -999.9 -999.9 -999.9 -999.9 -999.9 -999.9 -999.9 -999.9 -999.9 -999.9 0.0 0.0 0.0 0.0 0.0 0.0 -999.9 -999.9 -999.9 -999.9 -999.9 SGB/CPRM_-_Passo_Carreiro_(259_m) -999.9 -999.9 -999.9 -999.9 -999.9 -999.9 -999.9 -999.9 Brasil SGB/CPRM -999.9 0.0 0.0 1.37 1.7 0.7 1 0.66 1.71 1.75 1.75 2.21
-28.84888 -51.8325 86500000 2026-09-09_14:00 -999.9 -999.9 -999.9 -999.9 -999.9 -999.9 -999.9 -999.9 -999.9 -999.9 -999.9 -999.9 -999.9 -999.9 -999.9 -999.9 0.0 0.0 0.0 0.0 0.0 0.0 -999.9 -999.9 -999.9 -999.9 -999.9 SGB/CPRM_-_Passo_Carreiro_(259_m) -999.9 -999.9 -999.9 -999.9 -999.9 -999.9 -999.9 -999.9 Brasil SGB/CPRM -999.9 0.0 0.0 1.59 1.7 0.7 1 0.78 1.71 1.75 1.75 2.21
-28.84888 -51.8325 86500000 2026-09-09_14:15 -999.9 -999.9 -999.9 -999.9 -999.9 -999.9 -999.9 -999.9 -999.9 -999.9 -999.9 -999.9 -999.9 -999.9 -999.9 -999.9 0.0 0.0 0.0 0.0 0.0 0.0 -999.9 -999.9 -999.9 -999.9 -999.9 SGB/CPRM_-_Passo_Carreiro_(259_m) -999.9 -999.9 -999.9 -999.9 -999.9 -999.9 -999.9 -999.9 Brasil SGB/CPRM -999.9 0.0 0.0 1.67 1.7 0.7 1 0.6 1.71 1.75 1.75 2.21
-28.84888 -51.8325 86500000 2026-09-09_14:30 -999.9 -999.9 -999.9 -999.9 -999.9 -999.9 -999.9 -999.9 -999.9 -999.9 -999.9 -999.9 -999.9 -999.9 -999.9 -999.9 0.0 0.0 0.0 0.0 0.0 0.0 -999.9 -999.9 -999.9 -999.9 -999.9 SGB/CPRM_-_Passo_Carreiro_(259_m) -999.9 -999.9 -999.9 -999.9 -999.9 -999.9 -999.9 -999.9 Brasil SGB/CPRM -999.9 0.0 0.0 1.7 1.7 0.7 1 0.47 1.71 1.75 1.75 2.21
-28.84888 -51.8325 86500000 2026-09-09_14:45 -999.9 -999.9 -999.9 -999.9 -999.9 -999.9 -999.9 -999.9 -999.9 -999.9 -999.9 -999.9 -999.9 -999.9 -999.9 -999.9 0.0 0.0 0.0 0.0 0.0 0.0 -999.9 -999.9 -999.9 -999.9 -999.9 SGB/CPRM_-_Passo_Carreiro_(259_m) -999.9 -999.9 -999.9 -999.9 -999.9 -999.9 -999.9 -999.9 Brasil SGB/CPRM -999.9 0.0 0.0 1.71 1.71 0.7 1 0.34 1.71 1.75 1.75 2.21
-28.84888 -51.8325 86500000 2026-09-09_15:00 -999.9 -999.9 -999.9 -999.9 -999.9 -999.9 -999.9 -999.9 -999.9 -999.9 -999.9 -999.9 -999.9 -999.9 -999.9 -999.9 0.0 0.0 0.0 0.0 0.0 0.0 -999.9 -999.9 -999.9 -999.9 -999.9 SGB/CPRM_-_Passo_Carreiro_(259_m) -999.9 -999.9 -999.9 -999.9 -999.9 -999.9 -999.9 -999.9 Brasil SGB/CPRM -999.9 0.0 0.0 1.7 1.71 0.7 1 0.11 1.71 1.75 1.75 2.21
-28.84888 -51.8325 86500000 2026-09-09_15:15 -999.9 -999.9 -999.9 -999.9 -999.9 -999.9 -999.9 -999.9 -999.9 -999.9 -999.9 -999.9 -999.9 -999.9 -999.9 -999.9 0.0 0.0 0.0 0.0 0.0 0.0 -999.9 -999.9 -999.9 -999.9 -999.9 SGB/CPRM_-_Passo_Carreiro_(259_m) -999.9 -999.9 -999.9 -999.9 -999.9 -999.9 -999.9 -999.9 Brasil SGB/CPRM -999.9 0.0 0.0 1.7 1.71 0.7 1 0.03 1.71 1.75 1.75 2.21
-28.84888 -51.8325 86500000 2026-09-09_15:30 -999.9 -999.9 -999.9 -999.9 -999.9 -999.9 -999.9 -999.9 -999.9 -999.9 -999.9 -999.9 -999.9 -999.9 -999.9 -999.9 0.0 0.0 0.0 0.0 0.0 0.0 -999.9 -999.9 -999.9 -999.9 -999.9 SGB/CPRM_-_Passo_Carreiro_(259_m) -999.9 -999.9 -999.9 -999.9 -999.9 -999.9 -999.9 -999.9 Brasil SGB/CPRM -999.9 0.0 0.0 1.71 1.71 0.7 0 0.01 1.71 1.75 1.75 2.21
-28.84888 -51.8325 86500000 2026-09-09_15:45 -999.9 -999.9 -999.9 -999.9 -999.9 -999.9 -999.9 -999.9 -999.9 -999.9 -999.9 -999.9 -999.9 -999.9 -999.9 -999.9 0.0 0.0 0.0 0.0 0.0 0.0 -999.9 -999.9 -999.9 -999.9 -999.9 SGB/CPRM_-_Passo_Carreiro_(259_m) -999.9 -999.9 -999.9 -999.9 -999.9 -999.9 -999.9 -999.9 Brasil SGB/CPRM -999.9 0.0 0.0 1.73 1.73 0.7 0 0.02 1.73 1.75 1.75 2.21
-28.84888 -51.8325 86500000 2026-09-09_16:00 -999.9 -999.9 -999.9 -999.9 -999.9 -999.9 -999.9 -999.9 -999.9 -999.9 -999.9 -999.9 -999.9 -999.9 -999.9 -999.9 0.0 0.0 0.0 0.0 0.0 0.0 -999.9 -999.9 -999.9 -999.9 -999.9 SGB/CPRM_-_Passo_Carreiro_(259_m) -999.9 -999.9 -999.9 -999.9 -999.9 -999.9 -999.9 -999.9 Brasil SGB/CPRM -999.9 0.0 0.0 1.72 1.73 0.7 1 0.02 1.73 1.75 1.75 2.21
-28.84888 -51.8325 86500000 2026-09-09_16:15 -999.9 -999.9 -999.9 -999.9 -999.9 -999.9 -999.9 -999.9 -999.9 -999.9 -999.9 -999.9 -999.9 -999.9 -999.9 -999.9 0.0 0.0 0.0 0.0 0.0 0.0 -999.9 -999.9 -999.9 -999.9 -999.9 SGB/CPRM_-_Passo_Carreiro_(259_m) -999.9 -999.9 -999.9 -999.9 -999.9 -999.9 -999.9 -999.9 Brasil SGB/CPRM -999.9 0.0 0.0 1.71 1.73 0.7 1 0.01 1.73 1.75 1.75 2.21
-28.84888 -51.8325 86500000 2026-09-09_16:30 -999.9 -999.9 -999.9 -999.9 -999.9 -999.9 -999.9 -999.9 -999.9 -999.9 -999.9 -999.9 -999.9 -999.9 -999.9 -999.9 0.0 0.0 0.0 0.0 0.0 0.0 -999.9 -999.9 -999.9 -999.9 -999.9 SGB/CPRM_-_Passo_Carreiro_(259_m) -999.9 -999.9 -999.9 -999.9 -999.9 -999.9 -999.9 -999.9 Brasil SGB/CPRM -999.9 0.0 0.0 1.57 1.73 0.7 -1 -0.14 1.73 1.75 1.75 2.21
-28.84888 -51.8325 86500000 2026-09-09_16:45 -999.9 -999.9 -999.9 -999.9 -999.9 -999.9 -999.9 -999.9 -999.9 -999.9 -999.9 -999.9 -999.9 -999.9 -999.9 -999.9 0.0 0.0 0.0 0.0 0.0 0.0 -999.9 -999.9 -999.9 -999.9 -999.9 SGB/CPRM_-_Passo_Carreiro_(259_m) -999.9 -999.9 -999.9 -999.9 -999.9 -999.9 -999.9 -999.9 Brasil SGB/CPRM -999.9 0.0 0.0 1.46 1.73 0.7 -1 -0.27 1.73 1.75 1.75 2.21
-28.84888 -51.8325 86500000 2026-09-09_17:00 -999.9 -999.9 -999.9 -999.9 -999.9 -999.9 -999.9 -999.9 -999.9 -999.9 -999.9 -999.9 -999.9 -999.9 -999.9 -999.9 0.0 0.0 0.0 0.0 0.0 0.0 -999.9 -999.9 -999.9 -999.9 -999.9 SGB/CPRM_-_Passo_Carreiro_(259_m) -999.9 -999.9 -999.9 -999.9 -999.9 -999.9 -999.9 -999.9 Brasil SGB/CPRM -999.9 0.0 0.0 1.4 1.73 0.7 -1 -0.32 1.73 1.75 1.75 2.21
-28.84888 -51.8325 86500000 2026-09-09_17:15 -999.9 -999.9 -999.9 -999.9 -999.9 -999.9 -999.9 -999.9 -999.9 -999.9 -999.9 -999.9 -999.9 -999.9 -999.9 -999.9 0.0 0.0 0.0 0.0 0.0 0.0 -999.9 -999.9 -999.9 -999.9 -999.9 SGB/CPRM_-_Passo_Carreiro_(259_m) -999.9 -999.9 -999.9 -999.9 -999.9 -999.9 -999.9 -999.9 Brasil SGB/CPRM -999.9 0.0 0.0 1.38 1.73 0.7 -1 -0.33 1.73 1.75 1.75 2.21
-28.84888 -51.8325 86500000 2026-09-09_17:30 -999.9 -999.9 -999.9 -999.9 -999.9 -999.9 -999.9 -999.9 -999.9 -999.9 -999.9 -999.9 -999.9 -999.9 -999.9 -999.9 0.0 0.0 0.0 0.0 0.0 0.0 -999.9 -999.9 -999.9 -999.9 -999.9 SGB/CPRM_-_Passo_Carreiro_(259_m) -999.9 -999.9 -999.9 -999.9 -999.9 -999.9 -999.9 -999.9 Brasil SGB/CPRM -999.9 0.0 0.0 1.37 1.73 0.7 -1 -0.2 1.73 1.75 1.75 2.21
-28.84888 -51.8325 86500000 2026-09-09_17:45 -999.9 -999.9 -999.9 -999.9 -999.9 -999.9 -999.9 -999.9 -999.9 -999.9 -999.9 -999.9 -999.9 -999.9 -999.9 -999.9 0.4 0.4 0.4 0.4 0.4 0.4 -999.9 -999.9 -999.9 -999.9 -999.9 SGB/CPRM_-_Passo_Carreiro_(259_m) -999.9 -999.9 -999.9 -999.9 -999.9 -999.9 -999.9 -999.9 Brasil SGB/CPRM -999.9 0.4 0.4 1.36 1.73 0.7 -1 -0.1 1.73 1.75 1.75 2.21
-28.84888 -51.8325 86500000 2026-09-09_18:00 -999.9 -999.9 -999.9 -999.9 -999.9 -999.9 -999.9 -999.9 -999.9 -999.9 -999.9 -999.9 -999.9 -999.9 -999.9 -999.9 0.6 0.6 0.6 0.6 0.6 0.6 -999.9 -999.9 -999.9 -999.9 -999.9 SGB/CPRM_-_Passo_Carreiro_(259_m) -999.9 -999.9 -999.9 -999.9 -999.9 -999.9 -999.9 -999.9 Brasil SGB/CPRM -999.9 0.2 0.6 1.36 1.73 0.7 -1 -0.04 1.73 1.75 1.75 2.21
-28.84888 -51.8325 86500000 2026-09-09_18:15 -999.9 -999.9 -999.9 -999.9 -999.9 -999.9 -999.9 -999.9 -999.9 -999.9 -999.9 -999.9 -999.9 -999.9 -999.9 -999.9 0.6 0.6 0.6 0.6 0.6 0.6 -999.9 -999.9 -999.9 -999.9 -999.9 SGB/CPRM_-_Passo_Carreiro_(259_m) -999.9 -999.9 -999.9 -999.9 -999.9 -999.9 -999.9 -999.9 Brasil SGB/CPRM -999.9 0.0 0.6 1.36 1.73 0.7 -1 -0.02 1.73 1.75 1.75 2.21
-28.84888 -51.8325 86500000 2026-09-09_18:30 -999.9 -999.9 -999.9 -999.9 -999.9 -999.9 -999.9 -999.9 -999.9 -999.9 -999.9 -999.9 -999.9 -999.9 -999.9 -999.9 0.8 0.8 0.8 0.8 0.8 0.8 -999.9 -999.9 -999.9 -999.9 -999.9 SGB/CPRM_-_Passo_Carreiro_(259_m) -999.9 -999.9 -999.9 -999.9 -999.9 -999.9 -999.9 -999.9 Brasil SGB/CPRM -999.9 0.2 0.8 1.36 1.73 0.7 -1 -0.01 1.73 1.75 1.75 2.21
-28.84888 -51.8325 86500000 2026-09-09_18:45 -999.9 -999.9 -999.9 -999.9 -999.9 -999.9 -999.9 -999.9 -999.9 -999.9 -999.9 -999.9 -999.9 -999.9 -999.9 -999.9 0.6 1.0 1.0 1.0 1.0 1.0 -999.9 -999.9 -999.9 -999.9 -999.9 SGB/CPRM_-_Passo_Carreiro_(259_m) -999.9 -999.9 -999.9 -999.9 -999.9 -999.9 -999.9 -999.9 Brasil SGB/CPRM -999.9 0.2 1.0 1.36 1.73 0.7 0 0 1.73 1.75 1.75 2.21
-28.84888 -51.8325 86500000 2026-09-09_19:00 -999.9 -999.9 -999.9 -999.9 -999.9 -999.9 -999.9 -999.9 -999.9 -999.9 -999.9 -999.9 -999.9 -999.9 -999.9 -999.9 0.8 1.4 1.4 1.4 1.4 1.4 -999.9 -999.9 -999.9 -999.9 -999.9 SGB/CPRM_-_Passo_Carreiro_(259_m) -999.9 -999.9 -999.9 -999.9 -999.9 -999.9 -999.9 -999.9 Brasil SGB/CPRM -999.9 0.4 1.4 1.36 1.73 0.7 0 0 1.73 1.75 1.75 2.21
-28.84888 -51.8325 86500000 2026-09-09_19:15 -999.9 -999.9 -999.9 -999.9 -999.9 -999.9 -999.9 -999.9 -999.9 -999.9 -999.9 -999.9 -999.9 -999.9 -999.9 -999.9 1.0 1.6 1.6 1.6 1.6 1.6 -999.9 -999.9 -999.9 -999.9 -999.9 SGB/CPRM_-_Passo_Carreiro_(259_m) -999.9 -999.9 -999.9 -999.9 -999.9 -999.9 -999.9 -999.9 Brasil SGB/CPRM -999.9 0.2 1.6 1.36 1.73 0.7 0 0 1.73 1.75 1.75 2.21
-28.84888 -51.8325 86500000 2026-09-09_19:30 -999.9 -999.9 -999.9 -999.9 -999.9 -999.9 -999.9 -999.9 -999.9 -999.9 -999.9 -999.9 -999.9 -999.9 -999.9 -999.9 2.6 3.4 3.4 3.4 3.4 3.4 -999.9 -999.9 -999.9 -999.9 -999.9 SGB/CPRM_-_Passo_Carreiro_(259_m) -999.9 -999.9 -999.9 -999.9 -999.9 -999.9 -999.9 -999.9 Brasil SGB/CPRM -999.9 1.8 3.4 1.36 1.73 0.7 0 0 1.73 1.75 1.75 2.21
-28.84888 -51.8325 86500000 2026-09-09_19:45 -999.9 -999.9 -999.9 -999.9 -999.9 -999.9 -999.9 -999.9 -999.9 -999.9 -999.9 -999.9 -999.9 -999.9 -999.9 -999.9 3.2 4.2 4.2 4.2 4.2 4.2 -999.9 -999.9 -999.9 -999.9 -999.9 SGB/CPRM_-_Passo_Carreiro_(259_m) -999.9 -999.9 -999.9 -999.9 -999.9 -999.9 -999.9 -999.9 Brasil SGB/CPRM -999.9 0.8 4.2 1.36 1.73 0.7 0 0 1.73 1.75 1.75 2.21
-28.84888 -51.8325 86500000 2026-09-09_20:00 -999.9 -999.9 -999.9 -999.9 -999.9 -999.9 -999.9 -999.9 -999.9 -999.9 -999.9 -999.9 -999.9 -999.9 -999.9 -999.9 4.0 5.4 5.4 5.4 5.4 5.4 -999.9 -999.9 -999.9 -999.9 -999.9 SGB/CPRM_-_Passo_Carreiro_(259_m) -999.9 -999.9 -999.9 -999.9 -999.9 -999.9 -999.9 -999.9 Brasil SGB/CPRM -999.9 1.2 5.4 1.36 1.73 0.7 0 0 1.73 1.75 1.75 2.21
-28.84888 -51.8325 86500000 2026-09-09_20:15 -999.9 -999.9 -999.9 -999.9 -999.9 -999.9 -999.9 -999.9 -999.9 -999.9 -999.9 -999.9 -999.9 -999.9 -999.9 -999.9 4.2 5.8 5.8 5.8 5.8 5.8 -999.9 -999.9 -999.9 -999.9 -999.9 SGB/CPRM_-_Passo_Carreiro_(259_m) -999.9 -999.9 -999.9 -999.9 -999.9 -999.9 -999.9 -999.9 Brasil SGB/CPRM -999.9 0.4 5.8 1.36 1.73 0.7 0 0 1.73 1.75 1.75 2.21
-28.84888 -51.8325 86500000 2026-09-09_20:30 -999.9 -999.9 -999.9 -999.9 -999.9 -999.9 -999.9 -999.9 -999.9 -999.9 -999.9 -999.9 -999.9 -999.9 -999.9 -999.9 2.8 6.2 6.2 6.2 6.2 6.2 -999.9 -999.9 -999.9 -999.9 -999.9 SGB/CPRM_-_Passo_Carreiro_(259_m) -999.9 -999.9 -999.9 -999.9 -999.9 -999.9 -999.9 -999.9 Brasil SGB/CPRM -999.9 0.4 6.2 1.36 1.73 0.7 0 0 1.73 1.75 1.75 2.21
-28.84888 -51.8325 86500000 2026-09-09_20:45 -999.9 -999.9 -999.9 -999.9 -999.9 -999.9 -999.9 -999.9 -999.9 -999.9 -999.9 -999.9 -999.9 -999.9 -999.9 -999.9 2.4 6.6 6.6 6.6 6.6 6.6 -999.9 -999.9 -999.9 -999.9 -999.9 SGB/CPRM_-_Passo_Carreiro_(259_m) -999.9 -999.9 -999.9 -999.9 -999.9 -999.9 -999.9 -999.9 Brasil SGB/CPRM -999.9 0.4 6.6 1.45 1.73 0.7 1 0.09 1.73 1.75 1.75 2.21
-28.84888 -51.8325 86500000 2026-09-09_21:00 -999.9 -999.9 -999.9 -999.9 -999.9 -999.9 -999.9 -999.9 -999.9 -999.9 -999.9 -999.9 -999.9 -999.9 -999.9 -999.9 1.4 6.8 6.8 6.8 6.8 6.8 -999.9 -999.9 -999.9 -999.9 -999.9 SGB/CPRM_-_Passo_Carreiro_(259_m) -999.9 -999.9 -999.9 -999.9 -999.9 -999.9 -999.9 -999.9 Brasil SGB/CPRM -999.9 0.2 6.8 1.61 1.73 0.7 1 0.25 1.73 1.75 1.75 2.21
-28.84888 -51.8325 86500000 2026-09-09_21:15 -999.9 -999.9 -999.9 -999.9 -999.9 -999.9 -999.9 -999.9 -999.9 -999.9 -999.9 -999.9 -999.9 -999.9 -999.9 -999.9 1.2 7.0 7.0 7.0 7.0 7.0 -999.9 -999.9 -999.9 -999.9 -999.9 SGB/CPRM_-_Passo_Carreiro_(259_m) -999.9 -999.9 -999.9 -999.9 -999.9 -999.9 -999.9 -999.9 Brasil SGB/CPRM -999.9 0.2 7.0 1.67 1.73 0.7 1 0.31 1.73 1.75 1.75 2.21
-28.84888 -51.8325 86500000 2026-09-09_21:30 -999.9 -999.9 -999.9 -999.9 -999.9 -999.9 -999.9 -999.9 -999.9 -999.9 -999.9 -999.9 -999.9 -999.9 -999.9 -999.9 0.8 7.0 7.0 7.0 7.0 7.0 -999.9 -999.9 -999.9 -999.9 -999.9 SGB/CPRM_-_Passo_Carreiro_(259_m) -999.9 -999.9 -999.9 -999.9 -999.9 -999.9 -999.9 -999.9 Brasil SGB/CPRM -999.9 0.0 7.0 1.69 1.73 0.7 1 0.33 1.73 1.75 1.75 2.21
-28.84888 -51.8325 86500000 2026-09-09_21:45 -999.9 -999.9 -999.9 -999.9 -999.9 -999.9 -999.9 -999.9 -999.9 -999.9 -999.9 -999.9 -999.9 -999.9 -999.9 -999.9 0.4 7.0 7.0 7.0 7.0 7.0 -999.9 -999.9 -999.9 -999.9 -999.9 SGB/CPRM_-_Passo_Carreiro_(259_m) -999.9 -999.9 -999.9 -999.9 -999.9 -999.9 -999.9 -999.9 Brasil SGB/CPRM -999.9 0.0 7.0 1.7 1.73 0.7 1 0.25 1.73 1.75 1.75 2.21
-28.84888 -51.8325 86500000 2026-09-09_22:00 -999.9 -999.9 -999.9 -999.9 -999.9 -999.9 -999.9 -999.9 -999.9 -999.9 -999.9 -999.9 -999.9 -999.9 -999.9 -999.9 0.2 7.0 7.0 7.0 7.0 7.0 -999.9 -999.9 -999.9 -999.9 -999.9 SGB/CPRM_-_Passo_Carreiro_(259_m) -999.9 -999.9 -999.9 -999.9 -999.9 -999.9 -999.9 -999.9 Brasil SGB/CPRM -999.9 0.0 7.0 1.71 1.73 0.7 1 0.1 1.73 1.75 1.75 2.21
-28.84888 -51.8325 86500000 2026-09-09_22:15 -999.9 -999.9 -999.9 -999.9 -999.9 -999.9 -999.9 -999.9 -999.9 -999.9 -999.9 -999.9 -999.9 -999.9 -999.9 -999.9 0.0 7.0 7.0 7.0 7.0 7.0 -999.9 -999.9 -999.9 -999.9 -999.9 SGB/CPRM_-_Passo_Carreiro_(259_m) -999.9 -999.9 -999.9 -999.9 -999.9 -999.9 -999.9 -999.9 Brasil SGB/CPRM -999.9 0.0 7.0 1.71 1.73 0.7 1 0.04 1.73 1.75 1.75 2.21
-28.84888 -51.8325 86500000 2026-09-09_22:30 -999.9 -999.9 -999.9 -999.9 -999.9 -999.9 -999.9 -999.9 -999.9 -999.9 -999.9 -999.9 -999.9 -999.9 -999.9 -999.9 0.0 7.0 7.0 7.0 7.0 7.0 -999.9 -999.9 -999.9 -999.9 -999.9 SGB/CPRM_-_Passo_Carreiro_(259_m) -999.9 -999.9 -999.9 -999.9 -999.9 -999.9 -999.9 -999.9 Brasil SGB/CPRM -999.9 0.0 7.0 1.71 1.73 0.7 1 0.02 1.73 1.75 1.75 2.21
-28.84888 -51.8325 86500000 2026-09-09_22:45 -999.9 -999.9 -999.9 -999.9 -999.9 -999.9 -999.9 -999.9 -999.9 -999.9 -999.9 -999.9 -999.9 -999.9 -999.9 -999.9 0.0 7.0 7.0 7.0 7.0 7.0 -999.9 -999.9 -999.9 -999.9 -999.9 SGB/CPRM_-_Passo_Carreiro_(259_m) -999.9 -999.9 -999.9 -999.9 -999.9 -999.9 -999.9 -999.9 Brasil SGB/CPRM -999.9 0.0 7.0 1.71 1.73 0.7 1 0.01 1.73 1.75 1.75 2.21
-28.84888 -51.8325 86500000 2026-09-09_23:00 -999.9 -999.9 -999.9 -999.9 -999.9 -999.9 -999.9 -999.9 -999.9 -999.9 -999.9 -999.9 -999.9 -999.9 -999.9 -999.9 0.0 7.0 7.0 7.0 7.0 7.0 -999.9 -999.9 -999.9 -999.9 -999.9 SGB/CPRM_-_Passo_Carreiro_(259_m) -999.9 -999.9 -999.9 -999.9 -999.9 -999.9 -999.9 -999.9 Brasil SGB/CPRM -999.9 0.0 7.0 1.71 1.73 0.7 0 0 1.73 1.75 1.75 2.21
-28.84888 -51.8325 86500000 2026-09-09_23:15 -999.9 -999.9 -999.9 -999.9 -999.9 -999.9 -999.9 -999.9 -999.9 -999.9 -999.9 -999.9 -999.9 -999.9 -999.9 -999.9 0.0 7.0 7.0 7.0 7.0 7.0 -999.9 -999.9 -999.9 -999.9 -999.9 SGB/CPRM_-_Passo_Carreiro_(259_m) -999.9 -999.9 -999.9 -999.9 -999.9 -999.9 -999.9 -999.9 Brasil SGB/CPRM -999.9 0.0 7.0 1.71 1.73 0.7 0 0 1.73 1.75 1.75 2.21
-28.84888 -51.8325 86500000 2026-09-09_23:30 -999.9 -999.9 -999.9 -999.9 -999.9 -999.9 -999.9 -999.9 -999.9 -999.9 -999.9 -999.9 -999.9 -999.9 -999.9 -999.9 0.0 7.0 7.0 7.0 7.0 7.0 -999.9 -999.9 -999.9 -999.9 -999.9 SGB/CPRM_-_Passo_Carreiro_(259_m) -999.9 -999.9 -999.9 -999.9 -999.9 -999.9 -999.9 -999.9 Brasil SGB/CPRM -999.9 0.0 7.0 1.71 1.73 0.7 0 0 1.73 1.75 1.75 2.21
-28.84888 -51.8325 86500000 2026-09-09_23:45 -999.9 -999.9 -999.9 -999.9 -999.9 -999.9 -999.9 -999.9 -999.9 -999.9 -999.9 -999.9 -999.9 -999.9 -999.9 -999.9 0.0 7.0 7.0 7.0 7.0 7.0 -999.9 -999.9 -999.9 -999.9 -999.9 SGB/CPRM_-_Passo_Carreiro_(259_m) -999.9 -999.9 -999.9 -999.9 -999.9 -999.9 -999.9 -999.9 Brasil SGB/CPRM -999.9 0.0 7.0 1.71 1.73 0.7 0 0 1.73 1.75 1.75 2.21
