-28.748611 -50.057778 A829 2026-07-11_00:00 13 13 13 100 100 100 13.0 -999.9 -999.9 -999.9 -999.9 -999.9 12.2 122 15.8 -999.9 0.0 0.0 10.4 10.4 10.4 11.2 13.7 9.5 100.0 90.0 40.7 INMET_-_SAO_JOSE_DOS_AUSENTES_(1229_m) -999.9 -999.9 -999.9 -999.9 -999.9 -999.9 -999.9 -999.9 Rio_Grande_do_Sul INMET -999.9 -999.9 -999.9
-28.748611 -50.057778 A829 2026-07-11_01:00 12.9 13 10.8 100 100 99 12.9 -999.9 -999.9 -999.9 -999.9 -999.9 14.4 56 26.3 -999.9 0.0 0.0 10.4 10.4 10.4 11.2 13.7 9.5 100.0 90.0 40.7 INMET_-_SAO_JOSE_DOS_AUSENTES_(1229_m) -999.9 -999.9 -999.9 -999.9 -999.9 -999.9 -999.9 -999.9 Rio_Grande_do_Sul INMET -999.9 -999.9 -999.9
-28.748611 -50.057778 A829 2026-07-11_02:00 9.8 10.6 9.5 100 100 99 9.8 -999.9 -999.9 -999.9 -999.9 -999.9 11.5 34 14.0 -999.9 0.8 0.8 10.4 10.4 10.4 11.2 13.7 9.5 100.0 90.0 40.7 INMET_-_SAO_JOSE_DOS_AUSENTES_(1229_m) -999.9 -999.9 -999.9 -999.9 -999.9 -999.9 -999.9 -999.9 Rio_Grande_do_Sul INMET -999.9 -999.9 -999.9
-28.748611 -50.057778 A829 2026-07-11_03:00 10 10.9 9.5 100 100 100 10.0 -999.9 -999.9 -999.9 -999.9 -999.9 4.7 306 13.0 -999.9 0.0 0.8 10.4 10.4 10.4 11.2 13.7 9.5 100.0 90.0 40.7 INMET_-_SAO_JOSE_DOS_AUSENTES_(1229_m) -999.9 -999.9 -999.9 -999.9 -999.9 -999.9 -999.9 -999.9 Rio_Grande_do_Sul INMET -999.9 -999.9 -999.9
-28.748611 -50.057778 A829 2026-07-11_04:00 11.7 12.5 9.8 100 100 100 11.7 -999.9 -999.9 -999.9 -999.9 -999.9 19.1 333 24.8 -999.9 0.0 0.8 10.4 10.4 10.4 11.2 13.7 9.5 100.0 90.0 40.7 INMET_-_SAO_JOSE_DOS_AUSENTES_(1229_m) -999.9 -999.9 -999.9 -999.9 -999.9 -999.9 -999.9 -999.9 Rio_Grande_do_Sul INMET -999.9 -999.9 -999.9
-28.748611 -50.057778 A829 2026-07-11_05:00 12.4 12.5 12.4 100 100 100 12.4 -999.9 -999.9 -999.9 -999.9 -999.9 7.6 292 15.1 -999.9 0.0 0.8 10.4 10.4 10.4 11.2 13.7 9.5 100.0 90.0 40.7 INMET_-_SAO_JOSE_DOS_AUSENTES_(1229_m) -999.9 -999.9 -999.9 -999.9 -999.9 -999.9 -999.9 -999.9 Rio_Grande_do_Sul INMET -999.9 -999.9 -999.9
-28.748611 -50.057778 A829 2026-07-11_06:00 10.4 12.4 9.6 100 100 100 10.4 -999.9 -999.9 -999.9 -999.9 -999.9 8.3 44 11.5 -999.9 0.0 0.8 10.4 10.4 10.4 11.2 13.7 9.5 100.0 90.0 40.7 INMET_-_SAO_JOSE_DOS_AUSENTES_(1229_m) -999.9 -999.9 -999.9 -999.9 -999.9 -999.9 -999.9 -999.9 Rio_Grande_do_Sul INMET -999.9 -999.9 -999.9
-28.748611 -50.057778 A829 2026-07-11_07:00 10.9 11.6 10.3 100 100 100 10.9 -999.9 -999.9 -999.9 -999.9 -999.9 7.6 137 10.8 -999.9 0.0 0.8 10.4 10.4 10.4 11.2 13.7 9.5 100.0 90.0 40.7 INMET_-_SAO_JOSE_DOS_AUSENTES_(1229_m) -999.9 -999.9 -999.9 -999.9 -999.9 -999.9 -999.9 -999.9 Rio_Grande_do_Sul INMET -999.9 -999.9 -999.9
-28.748611 -50.057778 A829 2026-07-11_08:00 12.2 12.8 11.4 100 -999.9 100 12.2 -999.9 -999.9 -999.9 -999.9 -999.9 19.1 333 25.2 -999.9 0.0 0.8 10.4 10.4 10.4 11.2 13.7 9.5 100.0 90.0 40.7 INMET_-_SAO_JOSE_DOS_AUSENTES_(1229_m) -999.9 -999.9 -999.9 -999.9 -999.9 -999.9 -999.9 -999.9 Rio_Grande_do_Sul INMET -999.9 -999.9 -999.9
-28.748611 -50.057778 A829 2026-07-11_09:00 13 13 12.8 99 100 98 12.8 -999.9 -999.9 -999.9 -999.9 -999.9 23.0 327 29.5 -999.9 0.6 1.4 10.4 10.4 10.4 11.2 13.7 9.5 100.0 90.0 40.7 INMET_-_SAO_JOSE_DOS_AUSENTES_(1229_m) -999.9 -999.9 -999.9 -999.9 -999.9 -999.9 -999.9 -999.9 Rio_Grande_do_Sul INMET -999.9 -999.9 -999.9
-28.748611 -50.057778 A829 2026-07-11_10:00 13.1 13.2 13 98 99 97 12.8 -999.9 -999.9 -999.9 -999.9 -999.9 31.0 340 40.7 -999.9 0.4 1.8 10.4 10.4 10.4 11.2 13.7 9.5 100.0 90.0 40.7 INMET_-_SAO_JOSE_DOS_AUSENTES_(1229_m) -999.9 -999.9 -999.9 -999.9 -999.9 -999.9 -999.9 -999.9 Rio_Grande_do_Sul INMET -999.9 -999.9 -999.9
-28.748611 -50.057778 A829 2026-07-11_11:00 13.2 13.4 12.8 99 100 98 13.0 -999.9 -999.9 -999.9 -999.9 -999.9 14.4 300 20.9 -999.9 5.8 7.6 10.4 10.4 10.4 11.2 13.7 9.5 100.0 90.0 40.7 INMET_-_SAO_JOSE_DOS_AUSENTES_(1229_m) -999.9 -999.9 -999.9 -999.9 -999.9 -999.9 -999.9 -999.9 Rio_Grande_do_Sul INMET -999.9 -999.9 -999.9
-28.748611 -50.057778 A829 2026-07-11_12:00 11.6 13.3 9.8 99 100 90 11.4 -999.9 -999.9 -999.9 -999.9 -999.9 6.1 220 9.0 -999.9 1.2 8.8 10.4 10.4 10.4 11.2 13.7 9.5 100.0 90.0 40.7 INMET_-_SAO_JOSE_DOS_AUSENTES_(1229_m) -999.9 -999.9 -999.9 -999.9 -999.9 -999.9 -999.9 -999.9 Rio_Grande_do_Sul INMET -999.9 -999.9 -999.9
-28.748611 -50.057778 A829 2026-07-11_17:00 13.6 13.7 13.5 97 97 95 13.1 -999.9 -999.9 -999.9 -999.9 -999.9 13.3 335 15.5 -999.9 0.0 8.8 10.4 10.4 10.4 11.2 13.7 9.5 100.0 90.0 40.7 INMET_-_SAO_JOSE_DOS_AUSENTES_(1229_m) -999.9 -999.9 -999.9 -999.9 -999.9 -999.9 -999.9 -999.9 Rio_Grande_do_Sul INMET -999.9 -999.9 -999.9
-28.748611 -50.057778 A829 2026-07-11_19:00 12.4 12.6 12.2 100 100 99 12.4 -999.9 -999.9 -999.9 -999.9 -999.9 17.3 253 23.8 -999.9 0.0 8.8 10.4 10.4 10.4 11.2 13.7 9.5 100.0 90.0 40.7 INMET_-_SAO_JOSE_DOS_AUSENTES_(1229_m) -999.9 -999.9 -999.9 -999.9 -999.9 -999.9 -999.9 -999.9 Rio_Grande_do_Sul INMET -999.9 -999.9 -999.9
-28.748611 -50.057778 A829 2026-07-11_22:00 11.3 11.4 11.2 100 100 100 11.3 -999.9 -999.9 -999.9 -999.9 -999.9 23.0 307 30.2 -999.9 0.0 8.8 10.4 10.4 10.4 11.2 13.7 9.5 100.0 90.0 40.7 INMET_-_SAO_JOSE_DOS_AUSENTES_(1229_m) -999.9 -999.9 -999.9 -999.9 -999.9 -999.9 -999.9 -999.9 Rio_Grande_do_Sul INMET -999.9 -999.9 -999.9
-28.748611 -50.057778 A829 2026-07-11_23:00 11.1 11.2 11.1 100 100 100 11.1 -999.9 -999.9 -999.9 -999.9 -999.9 18.0 294 22.7 -999.9 0.0 8.8 10.4 10.4 10.4 11.2 13.7 9.5 100.0 90.0 40.7 INMET_-_SAO_JOSE_DOS_AUSENTES_(1229_m) -999.9 -999.9 -999.9 -999.9 -999.9 -999.9 -999.9 -999.9 Rio_Grande_do_Sul INMET -999.9 -999.9 -999.9
