-28.99433 -51.69655 16938 2026-09-10_00:10 -999.9 -999.9 -999.9 -999.9 -999.9 -999.9 -999.9 -999.9 -999.9 -999.9 -999.9 -999.9 -999.9 -999.9 -999.9 -999.9 -999.9 0.0 0.6 1.0 1.2 1.8 -999.9 -999.9 -999.9 -999.9 -999.9 CEMADEN_-_Cotiporã_-_G2-430595901A_(601_m) -999.9 -999.9 -999.9 -999.9 -999.9 -999.9 -999.9 -999.9 Rio_Grande_do_Sul CEMADEN -999.9 0.0 -999.9
-28.99433 -51.69655 16938 2026-09-10_09:10 -999.9 -999.9 -999.9 -999.9 -999.9 -999.9 -999.9 -999.9 -999.9 -999.9 -999.9 -999.9 -999.9 -999.9 -999.9 -999.9 -999.9 -0.2 0.4 1.0 1.0 1.6 -999.9 -999.9 -999.9 -999.9 -999.9 CEMADEN_-_Cotiporã_-_G2-430595901A_(601_m) -999.9 -999.9 -999.9 -999.9 -999.9 -999.9 -999.9 -999.9 Rio_Grande_do_Sul CEMADEN -999.9 -0.2 -999.9
-28.99433 -51.69655 16938 2026-09-10_10:10 -999.9 -999.9 -999.9 -999.9 -999.9 -999.9 -999.9 -999.9 -999.9 -999.9 -999.9 -999.9 -999.9 -999.9 -999.9 -999.9 -999.9 -0.2 0.4 1.0 1.0 1.6 -999.9 -999.9 -999.9 -999.9 -999.9 CEMADEN_-_Cotiporã_-_G2-430595901A_(601_m) -999.9 -999.9 -999.9 -999.9 -999.9 -999.9 -999.9 -999.9 Rio_Grande_do_Sul CEMADEN -999.9 0.0 -999.9
-28.99433 -51.69655 16938 2026-09-10_10:20 -999.9 -999.9 -999.9 -999.9 -999.9 -999.9 -999.9 -999.9 -999.9 -999.9 -999.9 -999.9 -999.9 -999.9 -999.9 -999.9 0.2 0.0 0.6 1.0 1.2 1.8 -999.9 -999.9 -999.9 -999.9 -999.9 CEMADEN_-_Cotiporã_-_G2-430595901A_(601_m) -999.9 -999.9 -999.9 -999.9 -999.9 -999.9 -999.9 -999.9 Rio_Grande_do_Sul CEMADEN -999.9 0.2 -999.9
-28.99433 -51.69655 16938 2026-09-10_11:10 -999.9 -999.9 -999.9 -999.9 -999.9 -999.9 -999.9 -999.9 -999.9 -999.9 -999.9 -999.9 -999.9 -999.9 -999.9 -999.9 -999.9 0.0 0.6 0.8 1.2 1.8 -999.9 -999.9 -999.9 -999.9 -999.9 CEMADEN_-_Cotiporã_-_G2-430595901A_(601_m) -999.9 -999.9 -999.9 -999.9 -999.9 -999.9 -999.9 -999.9 Rio_Grande_do_Sul CEMADEN -999.9 0.0 -999.9
-28.99433 -51.69655 16938 2026-09-10_12:10 -999.9 -999.9 -999.9 -999.9 -999.9 -999.9 -999.9 -999.9 -999.9 -999.9 -999.9 -999.9 -999.9 -999.9 -999.9 -999.9 -999.9 0.0 0.6 0.8 1.2 1.8 -999.9 -999.9 -999.9 -999.9 -999.9 CEMADEN_-_Cotiporã_-_G2-430595901A_(601_m) -999.9 -999.9 -999.9 -999.9 -999.9 -999.9 -999.9 -999.9 Rio_Grande_do_Sul CEMADEN -999.9 0.0 -999.9
-28.99433 -51.69655 16938 2026-09-10_13:10 -999.9 -999.9 -999.9 -999.9 -999.9 -999.9 -999.9 -999.9 -999.9 -999.9 -999.9 -999.9 -999.9 -999.9 -999.9 -999.9 -999.9 0.0 0.6 0.8 1.2 1.8 -999.9 -999.9 -999.9 -999.9 -999.9 CEMADEN_-_Cotiporã_-_G2-430595901A_(601_m) -999.9 -999.9 -999.9 -999.9 -999.9 -999.9 -999.9 -999.9 Rio_Grande_do_Sul CEMADEN -999.9 0.0 -999.9
-28.99433 -51.69655 16938 2026-09-10_14:10 -999.9 -999.9 -999.9 -999.9 -999.9 -999.9 -999.9 -999.9 -999.9 -999.9 -999.9 -999.9 -999.9 -999.9 -999.9 -999.9 -999.9 0.0 0.6 0.8 1.2 1.8 -999.9 -999.9 -999.9 -999.9 -999.9 CEMADEN_-_Cotiporã_-_G2-430595901A_(601_m) -999.9 -999.9 -999.9 -999.9 -999.9 -999.9 -999.9 -999.9 Rio_Grande_do_Sul CEMADEN -999.9 0.0 -999.9
-28.99433 -51.69655 16938 2026-09-10_15:10 -999.9 -999.9 -999.9 -999.9 -999.9 -999.9 -999.9 -999.9 -999.9 -999.9 -999.9 -999.9 -999.9 -999.9 -999.9 -999.9 -999.9 0.0 0.6 0.8 1.2 1.8 -999.9 -999.9 -999.9 -999.9 -999.9 CEMADEN_-_Cotiporã_-_G2-430595901A_(601_m) -999.9 -999.9 -999.9 -999.9 -999.9 -999.9 -999.9 -999.9 Rio_Grande_do_Sul CEMADEN -999.9 0.0 -999.9
-28.99433 -51.69655 16938 2026-09-10_16:10 -999.9 -999.9 -999.9 -999.9 -999.9 -999.9 -999.9 -999.9 -999.9 -999.9 -999.9 -999.9 -999.9 -999.9 -999.9 -999.9 -999.9 0.0 0.6 0.8 1.2 1.8 -999.9 -999.9 -999.9 -999.9 -999.9 CEMADEN_-_Cotiporã_-_G2-430595901A_(601_m) -999.9 -999.9 -999.9 -999.9 -999.9 -999.9 -999.9 -999.9 Rio_Grande_do_Sul CEMADEN -999.9 0.0 -999.9
-28.99433 -51.69655 16938 2026-09-10_17:10 -999.9 -999.9 -999.9 -999.9 -999.9 -999.9 -999.9 -999.9 -999.9 -999.9 -999.9 -999.9 -999.9 -999.9 -999.9 -999.9 -999.9 0.0 0.6 0.8 1.2 1.8 -999.9 -999.9 -999.9 -999.9 -999.9 CEMADEN_-_Cotiporã_-_G2-430595901A_(601_m) -999.9 -999.9 -999.9 -999.9 -999.9 -999.9 -999.9 -999.9 Rio_Grande_do_Sul CEMADEN -999.9 0.0 -999.9
-28.99433 -51.69655 16938 2026-09-10_18:10 -999.9 -999.9 -999.9 -999.9 -999.9 -999.9 -999.9 -999.9 -999.9 -999.9 -999.9 -999.9 -999.9 -999.9 -999.9 -999.9 -999.9 0.0 0.6 0.8 1.2 1.8 -999.9 -999.9 -999.9 -999.9 -999.9 CEMADEN_-_Cotiporã_-_G2-430595901A_(601_m) -999.9 -999.9 -999.9 -999.9 -999.9 -999.9 -999.9 -999.9 Rio_Grande_do_Sul CEMADEN -999.9 0.0 -999.9
-28.99433 -51.69655 16938 2026-09-10_19:10 -999.9 -999.9 -999.9 -999.9 -999.9 -999.9 -999.9 -999.9 -999.9 -999.9 -999.9 -999.9 -999.9 -999.9 -999.9 -999.9 -999.9 0.0 0.6 0.8 1.2 1.8 -999.9 -999.9 -999.9 -999.9 -999.9 CEMADEN_-_Cotiporã_-_G2-430595901A_(601_m) -999.9 -999.9 -999.9 -999.9 -999.9 -999.9 -999.9 -999.9 Rio_Grande_do_Sul CEMADEN -999.9 0.0 -999.9
-28.99433 -51.69655 16938 2026-09-10_20:10 -999.9 -999.9 -999.9 -999.9 -999.9 -999.9 -999.9 -999.9 -999.9 -999.9 -999.9 -999.9 -999.9 -999.9 -999.9 -999.9 -999.9 0.0 0.6 0.8 1.2 1.8 -999.9 -999.9 -999.9 -999.9 -999.9 CEMADEN_-_Cotiporã_-_G2-430595901A_(601_m) -999.9 -999.9 -999.9 -999.9 -999.9 -999.9 -999.9 -999.9 Rio_Grande_do_Sul CEMADEN -999.9 0.0 -999.9
-28.99433 -51.69655 16938 2026-09-10_22:20 -999.9 -999.9 -999.9 -999.9 -999.9 -999.9 -999.9 -999.9 -999.9 -999.9 -999.9 -999.9 -999.9 -999.9 -999.9 -999.9 -999.9 0.0 0.6 0.8 1.2 1.8 -999.9 -999.9 -999.9 -999.9 -999.9 CEMADEN_-_Cotiporã_-_G2-430595901A_(601_m) -999.9 -999.9 -999.9 -999.9 -999.9 -999.9 -999.9 -999.9 Rio_Grande_do_Sul CEMADEN -999.9 0.0 -999.9
-28.99433 -51.69655 16938 2026-09-10_23:10 -999.9 -999.9 -999.9 -999.9 -999.9 -999.9 -999.9 -999.9 -999.9 -999.9 -999.9 -999.9 -999.9 -999.9 -999.9 -999.9 -999.9 0.0 0.6 0.8 1.2 1.8 -999.9 -999.9 -999.9 -999.9 -999.9 CEMADEN_-_Cotiporã_-_G2-430595901A_(601_m) -999.9 -999.9 -999.9 -999.9 -999.9 -999.9 -999.9 -999.9 Rio_Grande_do_Sul CEMADEN -999.9 0.0 -999.9
