-23.530763 -46.528744 1000887 2026-09-21_14:25 29.5 -999.9 -999.9 44.2 -999.9 -999.9 16.1 -999.9 -999.9 915.8 -999.9 -999.9 4.7 157.5 -999.9 -999.9 -999.9 -999.9 -999.9 -999.9 -999.9 -999.9 30.0 18.4 100.0 43.3 11.5 CGE_-_Penha_(740_m) -999.9 -999.9 1218.2 674.5 915.8 -999.9 -999.9 -999.9 São_Paulo CGE -999.9 -999.9 -999.9
-23.407443 -46.753125 504 2026-09-21_14:20 28.2 -999.9 -999.9 54.0 -999.9 -999.9 18.0 -999.9 -999.9 925.3 -999.9 -999.9 10.8 337.5 -999.9 -999.9 -999.9 -999.9 -999.9 -999.9 -999.9 -999.9 29.5 16.6 100.0 45.6 32.5 CGE_-_Perus_(766_m) -999.9 -999.9 929.6 925.1 925.3 -999.9 -999.9 -999.9 São_Paulo CGE -999.9 -999.9 -999.9
-23.488366 -46.727476 515 2026-09-21_14:25 29.3 -999.9 -999.9 50.3 -999.9 -999.9 17.9 -999.9 -999.9 927.6 -999.9 -999.9 -999.9 -999.9 -999.9 -999.9 -999.9 -999.9 -999.9 -999.9 -999.9 -999.9 30.5 17.4 100.0 46.5 -999.9 CGE_-_Pirituba_(740_m) -999.9 -999.9 933.3 927.6 927.6 -999.9 -999.9 -999.9 São_Paulo CGE -999.9 -999.9 -999.9
-23.511047 -46.619591 510 2026-09-21_14:20 29.6 -999.9 -999.9 45.5 -999.9 -999.9 16.6 -999.9 -999.9 924.4 -999.9 -999.9 12.9 0.0 -999.9 -999.9 -999.9 -999.9 -999.9 -999.9 -999.9 -999.9 29.8 17.0 100.0 44.7 31.8 CGE_-_Santana/Tucuruvi_(735_m) -999.9 -999.9 928.9 924.4 924.4 -999.9 -999.9 -999.9 São_Paulo CGE -999.9 -999.9 -999.9
-23.459836 -46.585641 1000944 2026-09-21_14:25 29.5 -999.9 -999.9 50.5 -999.9 -999.9 18.2 -999.9 -999.9 931.1 -999.9 -999.9 0.0 180.0 -999.9 -999.9 -999.9 -999.9 -999.9 -999.9 -999.9 -999.9 29.9 17.5 100.0 49.0 8.8 CGE_-_Tremembé_(740_m) -999.9 -999.9 1239.6 796.6 931.1 -999.9 -999.9 -999.9 São_Paulo CGE -999.9 -999.9 -999.9
-23.49067 -46.43599 1000882 2026-09-21_14:15 29.8 -999.9 -999.9 58.2 -999.9 -999.9 20.7 -999.9 -999.9 929.4 -999.9 -999.9 0.0 0.0 -999.9 -999.9 -999.9 -999.9 -999.9 -999.9 -999.9 -999.9 30.0 16.6 100.0 58.2 -999.9 CGE_-_Itaim_Paulista_(732_m) -999.9 -999.9 934.8 929.2 929.4 -999.9 -999.9 -999.9 São_Paulo CGE -999.9 -999.9 -999.9
-23.594199 -46.465567 1000844 2026-09-21_14:15 29.4 -999.9 -999.9 69.4 -999.9 -999.9 23.2 -999.9 -999.9 925.7 -999.9 -999.9 14.1 315.0 -999.9 -999.9 -999.9 -999.9 -999.9 -999.9 -999.9 -999.9 29.6 16.1 100.0 69.4 20.8 CGE_-_São_Mateus_(757_m) -999.9 -999.9 932.7 924.4 925.7 -999.9 -999.9 -999.9 São_Paulo CGE -999.9 -999.9 -999.9
-23.553062 -46.656172 503 2026-09-21_14:25 30.0 -999.9 -999.9 43.0 -999.9 -999.9 16.1 -999.9 -999.9 915.7 -999.9 -999.9 17.6 270.0 -999.9 -999.9 -999.9 -999.9 -999.9 -999.9 -999.9 -999.9 30.1 18.0 96.3 42.0 25.0 CGE_-_Sé_(831_m) -999.9 -999.9 919.0 915.4 915.7 -999.9 -999.9 -999.9 São_Paulo CGE -999.9 -999.9 -999.9
-23.554516 -46.72657 1000842 2026-09-21_14:15 30.6 -999.9 -999.9 45.1 -999.9 -999.9 17.4 -999.9 -999.9 932.0 -999.9 -999.9 8.1 -999.9 -999.9 -999.9 -999.9 -999.9 -999.9 -999.9 -999.9 -999.9 31.0 16.8 100.0 42.3 11.5 CGE_-_Butantã_(722_m) -999.9 -999.9 935.1 929.4 932.0 -999.9 -999.9 -999.9 São_Paulo CGE -999.9 -999.9 -999.9
-23.633044 -46.583534 1000840 2026-09-21_14:15 30.2 -999.9 -999.9 50.1 -999.9 -999.9 18.7 -999.9 -999.9 923.2 -999.9 -999.9 14.9 225.0 -999.9 -999.9 -999.9 -999.9 -999.9 -999.9 -999.9 -999.9 30.2 17.5 100.0 50.1 30.5 CGE_-_Ipiranga_(740_m) -999.9 -999.9 926.4 923.2 923.2 -999.9 -999.9 -999.9 São_Paulo CGE -999.9 -999.9 -999.9
-23.67125 -46.727339 1000850 2026-09-21_14:25 29.5 -999.9 -999.9 47.7 -999.9 -999.9 17.3 -999.9 -999.9 930.2 -999.9 -999.9 14.7 0.0 -999.9 -999.9 -999.9 -999.9 -999.9 -999.9 -999.9 -999.9 29.8 17.6 100.0 46.3 42.9 CGE_-_M_Boi_Mirim_(741_m) -999.9 -999.9 934.8 930.1 930.2 -999.9 -999.9 -999.9 São_Paulo CGE -999.9 -999.9 -999.9
-23.667638 -46.674133 592 2026-09-21_14:15 30.5 -999.9 -999.9 43.5 -999.9 -999.9 16.7 -999.9 -999.9 925.5 -999.9 -999.9 7.4 112.5 -999.9 -999.9 -999.9 -999.9 -999.9 -999.9 -999.9 -999.9 30.9 17.2 100.0 41.7 25.7 CGE_-_Cidade_Ademar_(760_m) -999.9 -999.9 929.9 924.9 925.5 -999.9 -999.9 -999.9 São_Paulo CGE -999.9 -999.9 -999.9
-23.867778 -46.652222 507 2026-09-21_14:15 29.7 -999.9 -999.9 -999.9 -999.9 -999.9 -999.9 -999.9 -999.9 926.5 -999.9 -999.9 8.7 0.0 -999.9 -999.9 -999.9 -999.9 -999.9 -999.9 -999.9 -999.9 29.8 15.0 -999.9 -999.9 22.8 CGE_-_Barragem_Parelheiros_(785_m) -999.9 -999.9 930.8 926.5 926.5 -999.9 -999.9 -999.9 São_Paulo CGE -999.9 -999.9 -999.9
-23.916205 -46.72747 1000300 2026-09-21_14:15 28.9 -999.9 -999.9 45.7 -999.9 -999.9 16.0 -999.9 -999.9 929.9 -999.9 -999.9 22.1 0.0 -999.9 -999.9 -999.9 -999.9 -999.9 -999.9 -999.9 -999.9 29.4 16.3 100.0 45.7 36.8 CGE_-_Marsilac_(743_m) -999.9 -999.9 935.8 929.9 929.9 -999.9 -999.9 -999.9 São_Paulo CGE -999.9 -999.9 -999.9
-23.526065 -46.750634 1000848 2026-09-21_14:20 29.1 -999.9 -999.9 51.9 -999.9 -999.9 18.2 -999.9 -999.9 928.9 -999.9 -999.9 14.7 337.5 -999.9 -999.9 -999.9 -999.9 -999.9 -999.9 -999.9 -999.9 29.6 18.0 100.0 48.3 27.5 CGE_-_Lapa_(723_m) -999.9 -999.9 934.6 927.6 928.9 -999.9 -999.9 -999.9 São_Paulo CGE -999.9 -999.9 -999.9
-23.65833 -46.767648 1000854 2026-09-21_14:15 30.2 -999.9 -999.9 45.5 -999.9 -999.9 17.2 -999.9 -999.9 926.2 -999.9 -999.9 0.0 22.5 -999.9 -999.9 -999.9 -999.9 -999.9 -999.9 -999.9 -999.9 30.5 17.5 100.0 43.2 -999.9 CGE_-_Campo_Limpo_(753_m) -999.9 -999.9 930.8 926.2 926.2 -999.9 -999.9 -999.9 São_Paulo CGE -999.9 -999.9 -999.9
-23.723013 -46.69918 846 2026-09-21_14:15 30.2 -999.9 -999.9 43.4 -999.9 -999.9 16.4 -999.9 -999.9 925.6 -999.9 -999.9 10.2 292.5 -999.9 -999.9 -999.9 -999.9 -999.9 -999.9 -999.9 -999.9 30.4 17.4 100.0 43.1 17.6 CGE_-_Capela_do_Socorro_-_Subprefeitura_(767_m) -999.9 -999.9 930.7 925.1 925.6 -999.9 -999.9 -999.9 São_Paulo CGE -999.9 -999.9 -999.9
-23.78123 -46.725143 1000857 2026-09-21_14:15 29.0 -999.9 -999.9 46.1 -999.9 -999.9 16.3 -999.9 -999.9 929.5 -999.9 -999.9 2.7 315.0 -999.9 -999.9 -999.9 -999.9 -999.9 -999.9 -999.9 -999.9 29.0 15.4 100.0 46.1 14.7 CGE_-_Capela_do_Socorro_(741_m) -999.9 -999.9 933.7 929.5 929.5 -999.9 -999.9 -999.9 São_Paulo CGE -999.9 -999.9 -999.9
-23.530254 -46.59151 1000860 2026-09-21_14:25 30.9 -999.9 -999.9 49.8 -999.9 -999.9 19.2 -999.9 -999.9 927.6 -999.9 -999.9 -999.9 -999.9 -999.9 -999.9 -999.9 -999.9 -999.9 -999.9 -999.9 -999.9 31.4 17.2 100.0 48.2 -999.9 CGE_-_Móoca_(729_m) -999.9 -999.9 932.1 926.3 927.6 -999.9 -999.9 -999.9 São_Paulo CGE -999.9 -999.9 -999.9
-23.552329 -46.446209 1000864 2026-09-21_14:25 30.0 -999.9 -999.9 43.9 -999.9 -999.9 16.4 -999.9 -999.9 929.2 -999.9 -999.9 -999.9 -999.9 -999.9 -999.9 -999.9 -999.9 -999.9 -999.9 -999.9 -999.9 30.1 16.6 100.0 43.6 -999.9 CGE_-_Itaquera_(754_m) -999.9 -999.9 933.1 929.2 929.2 -999.9 -999.9 -999.9 São_Paulo CGE -999.9 -999.9 -999.9
-23.583664 -46.56121 524 2026-09-21_14:20 35.0 -999.9 -999.9 34.1 -999.9 -999.9 16.9 -999.9 -999.9 924.0 -999.9 -999.9 8.8 90.0 -999.9 -999.9 -999.9 -999.9 -999.9 -999.9 -999.9 -999.9 35.0 17.1 100.0 34.1 14.9 CGE_-_Vila_Prudente_(760_m) -999.9 -999.9 927.7 923.7 924.0 -999.9 -999.9 -999.9 São_Paulo CGE -999.9 -999.9 -999.9
-23.501611 -46.591534 540 2026-09-21_14:15 30.4 -999.9 -999.9 49.2 -999.9 -999.9 18.6 -999.9 -999.9 923.8 -999.9 -999.9 -999.9 -999.9 -999.9 -999.9 -999.9 -999.9 -999.9 -999.9 -999.9 -999.9 30.6 16.9 100.0 48.3 -999.9 CGE_-_Vila_Maria_/_Guilherme_(786_m) -999.9 -999.9 927.2 92.4 923.8 -999.9 -999.9 -999.9 São_Paulo CGE -999.9 -999.9 -999.9
-23.752079 -46.532528 400 2026-09-21_14:15 28.7 -999.9 -999.9 68.3 -999.9 -999.9 22.3 -999.9 -999.9 915.5 -999.9 -999.9 8.8 45.0 -999.9 -999.9 -999.9 -999.9 -999.9 -999.9 -999.9 -999.9 28.8 16.3 100.0 68.3 26.4 CGE_-_Riacho_Grande_(847_m) -999.9 -999.9 922.1 915.1 915.5 -999.9 -999.9 -999.9 São_Paulo CGE -999.9 -999.9 -999.9
-23.668383 -46.466539 1000876 2026-09-21_14:20 29.8 -999.9 -999.9 47.0 -999.9 -999.9 17.3 -999.9 -999.9 923.1 -999.9 -999.9 0.0 0.0 -999.9 -999.9 -999.9 -999.9 -999.9 -999.9 -999.9 -999.9 29.8 17.0 96.9 46.8 -999.9 CGE_-_Mauá_-_Paço_Municipal_(767_m) -999.9 -999.9 929.1 923.1 923.1 -999.9 -999.9 -999.9 São_Paulo CGE -999.9 -999.9 -999.9
-23.438147 -46.909503 1000880 2026-09-21_14:20 27.3 -999.9 -999.9 -999.9 -999.9 -999.9 -999.9 -999.9 -999.9 929.7 -999.9 -999.9 2.7 90.0 -999.9 -999.9 -999.9 -999.9 -999.9 -999.9 -999.9 -999.9 29.7 16.0 -999.9 -999.9 10.2 CGE_-_Santana_do_Parnaíba_(698_m) -999.9 -999.9 933.1 928.8 929.7 -999.9 -999.9 -999.9 São_Paulo CGE -999.9 -999.9 -999.9
-23.649949 -46.645029 634 2026-09-21_14:15 30.5 -999.9 -999.9 44.2 -999.9 -999.9 17.0 -999.9 -999.9 927.0 -999.9 -999.9 -999.9 -999.9 -999.9 -999.9 -999.9 -999.9 -999.9 -999.9 -999.9 -999.9 30.6 17.3 100.0 44.2 -999.9 CGE_-_Jabaquara_(772_m) -999.9 -999.9 931.4 926.4 927.0 -999.9 -999.9 -999.9 São_Paulo CGE -999.9 -999.9 -999.9
-23.55179 -46.695985 1000635 2026-09-21_14:15 30.3 -999.9 -999.9 44.6 -999.9 -999.9 16.9 -999.9 -999.9 926.9 -999.9 -999.9 -999.9 -999.9 -999.9 -999.9 -999.9 -999.9 -999.9 -999.9 -999.9 -999.9 30.5 16.1 100.0 42.4 -999.9 CGE_-_Pinheiros_(735_m) -999.9 -999.9 931.1 926.7 926.9 -999.9 -999.9 -999.9 São_Paulo CGE -999.9 -999.9 -999.9
