-29.697873 -52.438417 UNISC-3 2026-09-21_14:15 17.6 -999.9 -999.9 -999.9 -999.9 -999.9 -999.9 -999.9 -999.9 1001.7 -999.9 -999.9 6.7 205 -999.9 55.8 0.0 69.8 69.8 79.2 79.2 79.4 29.7 17.0 -999.9 -999.9 22.3 UNISC_-_Santa_Cruz_do_Sul_(47_m) -999.9 -999.9 1003.2 992.4 1001.7 -999.9 -999.9 133.6 Rio_Grande_do_Sul UNISC -999.9 -999.9 -999.9
-29.667046 -52.788169 UNISC-13 2026-09-21_14:15 17.1 -999.9 -999.9 99.3 -999.9 -999.9 17.0 -999.9 -999.9 1004.2 -999.9 -999.9 3.6 38 -999.9 60.6 0.0 87.0 87.2 95.60000000000001 95.60000000000001 95.80000000000001 29.3 16.0 100.0 70.1 18.0 UNISC_-_Candelária_(52_m) -999.9 -999.9 1006.1 994.2 1004.2 23.2 16.0 234.4 Rio_Grande_do_Sul UNISC -999.9 -999.9 -999.9
-29.262059 -52.640989 UNISC-16 2026-09-21_14:16 16.0 -999.9 -999.9 98.8 -999.9 -999.9 15.8 -999.9 -999.9 965.8 -999.9 -999.9 2.8 123 -999.9 248.8 2.8 90.0 91.8 104.39999999999999 104.6 104.6 25.9 15.7 99.2 74.3 25.5 UNISC_-_Gramado_Xavier_(364_m) -999.9 -999.9 968.7 960.5 965.8 21.2 15.5 248.8 Rio_Grande_do_Sul UNISC -999.9 -999.9 -999.9
-29.869516 -52.386466 UNISC-10 2026-09-21_14:16 16.5 -999.9 -999.9 97.8 -999.9 -999.9 16.1 -999.9 -999.9 997.1 -999.9 -999.9 0.1 17 -999.9 71.4 0.6 112.0 112.0 123.0 123.0 123.2 24.4 15.8 97.9 74.1 18.2 UNISC_-_Rio_Pardo_(93_m) -999.9 -999.9 998.3 988.1 997.1 21.3 15.5 187.8 Rio_Grande_do_Sul UNISC -999.9 -999.9 -999.9
-29.46917 -52.117268 UNISC-8 2026-09-21_14:15 16.8 -999.9 -999.9 98.0 -999.9 -999.9 16.4 -999.9 -999.9 995.5 -999.9 -999.9 1.9 113 -999.9 56.2 3.0 84.6 85.0 95.6 95.8 95.8 29.1 16.7 98.2 65.7 14.7 UNISC_-_Santa_Clara_do_Sul_(110_m) -999.9 -999.9 999.0 988.6 995.5 22.0 16.4 67.2 Rio_Grande_do_Sul UNISC -999.9 -999.9 -999.9
-29.370454 -52.508638 UNISC-9 2026-09-21_14:16 17.2 -999.9 -999.9 96.0 -999.9 -999.9 16.5 -999.9 -999.9 998.5 -999.9 -999.9 1.1 32 -999.9 83.2 0.0 75.8 76.0 86.8 87.0 87.0 28.8 16.2 98.0 68.8 29.7 UNISC_-_Sinimbu_(627_m) -999.9 -999.9 1001.8 990.5 998.5 22.5 15.9 114.0 Rio_Grande_do_Sul UNISC -999.9 -999.9 -999.9
-29.600549 -52.686975 UNISC-11 2026-09-21_14:15 17.9 -999.9 -999.9 -999.9 -999.9 -999.9 -999.9 -999.9 -999.9 999.3 -999.9 -999.9 0.4 285 -999.9 103.2 0.0 68.4 68.4 78.80000000000001 78.80000000000001 79.00000000000001 29.0 16.9 -999.9 -999.9 22.2 UNISC_-_Vale_do_Sol_(66_m) -999.9 -999.9 1001.8 989.9 999.3 -999.9 -999.9 182.0 Rio_Grande_do_Sul UNISC -999.9 -999.9 -999.9
-29.790081 -52.183019 UNISC-7 2026-09-21_14:15 16.6 -999.9 -999.9 98.6 -999.9 -999.9 16.4 -999.9 -999.9 996.8 -999.9 -999.9 5.8 294 -999.9 90.8 0.0 126.6 126.6 138.0 138.0 138.0 24.7 16.3 98.7 73.5 32.0 UNISC_-_Vale_Verde_(100_m) -999.9 -999.9 999.1 989.7 996.8 21.5 16.1 143.3 Rio_Grande_do_Sul UNISC -999.9 -999.9 -999.9
-29.630742 -52.1866 UNISC-12 2026-09-21_14:15 17.1 -999.9 -999.9 -999.9 -999.9 -999.9 -999.9 -999.9 -999.9 998.6 -999.9 -999.9 3.5 147 -999.9 42.0 0.0 88.4 88.60000000000001 98.4 98.4 98.4 28.5 16.5 -999.9 -999.9 26.3 UNISC_-_Venâncio_Aires_(65_m) -999.9 -999.9 1000.6 990.6 998.6 -999.9 -999.9 84.8 Rio_Grande_do_Sul UNISC -999.9 -999.9 -999.9
-29.474198 -52.266556 UNISC-4 2026-09-21_14:15 15.0 -999.9 -999.9 99.9 -999.9 -999.9 15.0 -999.9 -999.9 945.3 -999.9 -999.9 2.7 301 -999.9 77.8 0.0 0.0 0.0 0.0 0.0 0.0 24.4 11.3 99.9 74.9 7.6 UNISC_-_Venâncio_Aires_(481_m) -999.9 -999.9 947.0 0.0 945.3 24.4 7.0 77.8 Rio_Grande_do_Sul UNISC -999.9 -999.9 -999.9
-29.706287 -52.509167 UNISC-5 2026-09-21_14:15 16.5 -999.9 -999.9 99.9 -999.9 -999.9 16.5 -999.9 -999.9 991.9 -999.9 -999.9 1.7 252 -999.9 68.2 0.0 71.6 72.0 83.0 83.0 83.0 29.0 15.9 99.9 71.6 16.9 UNISC_-_Vera_Cruz_(117_m) -999.9 -999.9 993.0 983.0 991.9 23.8 15.8 119.0 Rio_Grande_do_Sul UNISC -999.9 -999.9 -999.9
